62.851551055908 -15.554774284363 274.23571777344
67.547706604004 3.9884111881256 271.38339233398
69.454795837402 5.006206035614 274.96969604492
71.504707336426 3.6633448600769 271.42874145508
62.538116455078 -14.927800178528 273.84539794922
62.445072174072 -14.179721832275 273.56057739258
62.419948577881 -13.412779808044 273.31378173828
62.430438995361 -12.639028549194 273.08786010742
62.463111877441 -11.862141609192 272.87530517578
62.523052215576 -11.082445144653 272.67950439453
62.595973968506 -10.30188369751 272.49172973633
62.685897827148 -9.5206260681152 272.31469726562
62.801982879639 -8.7391605377197 272.15447998047
62.938831329346 -7.9583849906921 272.00784301758
63.092910766602 -7.1787815093994 271.87265014648
63.276851654053 -6.4023904800415 271.75762939453
63.477405548096 -5.6285104751587 271.65405273438
63.701221466064 -4.8590149879456 271.56680297852
63.944797515869 -4.0940508842468 271.49368286133
64.204772949219 -3.3334579467773 271.43243408203
64.483352661133 -2.5784950256348 271.384765625
64.777412414551 -1.8287746906281 271.34869384766
65.089553833008 -1.0858734846115 271.32626342773
65.422584533691 -0.35176396369934 271.32000732422
65.764801025391 0.37813785672188 271.32086181641
66.100471496582 1.1110625267029 271.31665039062
66.434265136719 1.8448312282562 271.31094360352
66.777229309082 2.574375629425 271.31243896484
67.149711608887 3.2888703346252 271.33746337891
62.615970611572 -14.752094268799 274.03756713867
62.611106872559 -13.918895721436 273.82489013672
62.623920440674 -13.077723503113 273.64666748047
62.647155761719 -12.232813835144 273.48837280273
62.726726531982 -11.386752128601 273.3567199707
62.836421966553 -10.541922569275 273.23968505859
62.997386932373 -9.7014560699463 273.15484619141
63.17195892334 -8.8629245758057 273.07855224609
63.433132171631 -8.0443782806396 273.04299926758
63.706718444824 -7.2296566963196 273.01361083984
63.993961334229 -6.4191179275513 273.01724243164
64.287223815918 -5.6107773780823 273.02575683594
64.603942871094 -4.8116402626038 273.04937744141
64.919776916504 -4.0125465393066 273.08380126953
65.231491088867 -3.2149255275726 273.162109375
65.543388366699 -2.4173836708069 273.24038696289
65.91096496582 -1.6439199447632 273.31872558594
66.285987854004 -0.87406349182129 273.3971862793
66.625358581543 -0.09767784178257 273.54397583008
67.002227783203 0.66086822748184 273.69253540039
67.389808654785 1.4137204885483 273.84246826172
67.781761169434 2.1552481651306 274.0322265625
68.173728942871 2.896778345108 274.22192382812
68.595588684082 3.6103165149689 274.45080566406
69.026893615723 4.3150978088379 274.68905639648
62.88911819458 -14.795024871826 273.87524414062
62.92357635498 -14.015105247498 273.56042480469
63.014701843262 -13.215401649475 273.31396484375
63.128433227539 -12.410358428955 273.09591674805
63.249652862549 -11.600526809692 272.90084838867
63.376842498779 -10.788300514221 272.72006225586
63.561084747314 -9.9768943786621 272.59259033203
63.779933929443 -9.1730890274048 272.47186279297
64.053916931152 -8.3847064971924 272.36251831055
64.32795715332 -7.5963349342346 272.2532043457
64.634437561035 -6.8166470527649 272.1711730957
64.96662902832 -6.0455131530762 272.11141967773
65.317337036133 -5.2824664115906 272.05361938477
65.710182189941 -4.5398902893066 272.00045776367
66.10302734375 -3.7973194122314 271.947265625
66.495910644531 -3.0547678470612 271.89404296875
66.929504394531 -2.335789680481 271.8337097168
67.363540649414 -1.6170772314072 271.77334594727
67.820648193359 -0.91200488805771 271.7233581543
68.301712036133 -0.2223397642374 271.68453979492
68.791084289551 0.46175202727318 271.65124511719
69.30037689209 1.1316812038422 271.63153076172
69.838447570801 1.7773566246033 271.58511352539
70.390686035156 2.411679983139 271.54989624023
70.946617126465 3.0437200069427 271.54351806641
