58.823600769043 2.4856867790222 273.19287109375
68.145011901855 -4.2334198951721 271.35641479492
69.02335357666 -0.87576597929001 270.46710205078
68.779441833496 -1.8654392957687 273.97744750977
59.091972351074 2.1416020393372 273.08703613281
59.40881729126 1.8362591266632 272.99752807617
59.749557495117 1.5548883676529 272.91781616211
60.109375 1.2957252264023 272.84701538086
60.472915649414 1.0413080453873 272.77807617188
60.841636657715 0.79371577501297 272.71179199219
61.216594696045 0.55476117134094 272.64892578125
61.593475341797 0.31856483221054 272.58715820312
61.970268249512 0.082225851714611 272.52536010742
62.345878601074 -0.15580461919308 272.462890625
62.730323791504 -0.38064733147621 272.40548706055
63.104816436768 -0.62026804685593 272.34240722656
63.484035491943 -0.85305446386337 272.2819519043
63.859657287598 -1.0910567045212 272.2194519043
64.235740661621 -1.3284002542496 272.15719604492
64.604553222656 -1.5758745670319 272.09103393555
64.963905334473 -1.8356267213821 272.02001953125
65.332122802734 -2.0838868618011 271.95349121094
65.701484680176 -2.3306143283844 271.88757324219
66.047714233398 -2.6059319972992 271.81030273438
66.400466918945 -2.8737075328827 271.73608398438
66.742164611816 -3.1540465354919 271.65673828125
67.092803955078 -3.4242997169495 271.58151245117
67.440544128418 -3.6979174613953 271.50497436523
67.780914306641 -3.9797184467316 271.4250793457
59.215854644775 2.3677685260773 273.03732299805
59.608104705811 2.2498500347137 272.88177490234
60.018497467041 2.1431579589844 272.81115722656
60.445850372314 2.0469660758972 272.81991577148
60.873203277588 1.9507741928101 272.82870483398
61.296806335449 1.8396474123001 272.82809448242
61.71842956543 1.7206335067749 272.82250976562
62.140048980713 1.601619720459 272.81695556641
62.554969787598 1.4793064594269 272.76473999023
62.963527679443 1.3538616895676 272.66830444336
63.372085571289 1.228416800499 272.57183837891
63.778728485107 1.1013542413712 272.47030639648
64.176139831543 0.96651077270508 272.3444519043
64.573684692383 0.83175230026245 272.21899414062
64.985931396484 0.7065886259079 272.13934326172
65.39818572998 0.58142495155334 272.05969238281
65.80411529541 0.44504830241203 271.96823120117
66.205619812012 0.30080717802048 271.86846923828
66.563064575195 0.23893405497074 271.63412475586
66.939865112305 0.13430035114288 271.44393920898
67.337936401367 0.0029397231992334 271.35284423828
67.680221557617 -0.12576377391815 271.13415527344
68.049026489258 -0.35118108987808 271.07550048828
68.373565673828 -0.55098360776901 270.89038085938
68.71509552002 -0.74097138643265 270.74688720703
59.087074279785 2.2777829170227 273.47634887695
59.513580322266 2.1648292541504 273.46841430664
59.914970397949 1.9891828298569 273.43676757812
60.305633544922 1.7875751256943 273.40097045898
60.686595916748 1.5655199289322 273.38391113281
61.090633392334 1.3975603580475 273.37057495117
61.515232086182 1.2777895927429 273.36056518555
61.946990966797 1.1883261203766 273.34484863281
62.376113891602 1.0922105312347 273.32928466797
62.764301300049 0.88251876831055 273.32107543945
63.172203063965 0.71852046251297 273.32626342773
63.593460083008 0.58853775262833 273.33642578125
64.022117614746 0.48384377360344 273.34072875977
64.423957824707 0.31074783205986 273.38403320312
64.835594177246 0.1592410504818 273.41784667969
65.258308410645 0.038418013602495 273.45223999023
65.657005310059 -0.12630993127823 273.51187133789
66.052490234375 -0.29519185423851 273.56527709961
66.415786743164 -0.4765077829361 273.65258789062
66.803886413574 -0.61709958314896 273.70761108398
67.226936340332 -0.72977101802826 273.7301940918
67.601165771484 -0.9255878329277 273.78442382812
67.826835632324 -1.2404339313507 273.90908813477
68.234588623047 -1.3634444475174 273.89736938477
68.61986541748 -1.479034781456 273.86245727539
