56.254737854004 8.1373195648193 269.38638305664
69.910102844238 -6.1073536872864 269.83938598633
75.306655883789 -4.1069669723511 264.97869873047
75.496047973633 -2.8407182693481 273.04006958008
56.167465209961 7.3571701049805 269.50241088867
56.319786071777 6.5827674865723 269.59140014648
56.568141937256 5.8319835662842 269.66674804688
56.882427215576 5.105278968811 269.73162841797
57.248542785645 4.4024558067322 269.78753662109
57.654369354248 3.7212522029877 269.83618164062
58.101936340332 3.0661101341248 269.87670898438
58.572402954102 2.4269354343414 269.91256713867
59.06880569458 1.8074280023575 269.94296264648
59.599105834961 1.2163130044937 269.96572875977
60.15567779541 0.64964425563812 269.98226928711
60.735408782959 0.10651960968971 269.99313354492
61.320770263672 -0.43054777383804 270.00250244141
61.922309875488 -0.94950127601624 270.00759887695
62.529376983643 -1.461906671524 270.01126098633
63.174091339111 -1.9261059761047 270.00424194336
63.803085327148 -2.4114418029785 270.00180053711
64.439727783203 -2.8866698741913 269.99713134766
65.1005859375 -3.327469587326 269.98513793945
65.772560119629 -3.7510230541229 269.96957397461
66.432502746582 -4.193202495575 269.95785522461
67.113563537598 -4.6018538475037 269.93920898438
67.812232971191 -4.9792647361755 269.91448974609
68.504104614258 -5.3691473007202 269.89212036133
69.210166931152 -5.7323269844055 269.86465454102
56.589237213135 7.3765587806702 269.06326293945
57.091011047363 6.6346135139465 268.93646240234
57.702186584473 5.9672994613647 268.84747314453
58.337383270264 5.3168892860413 268.80169677734
58.998153686523 4.6940841674805 268.74957275391
59.683197021484 4.0974807739258 268.69137573242
60.368381500244 3.5061755180359 268.5986328125
61.053676605225 2.9187128543854 268.48089599609
61.786914825439 2.3938274383545 268.35791015625
62.529369354248 1.8826628923416 268.23428344727
63.306346893311 1.4253189563751 268.10876464844
64.083320617676 0.96797513961792 267.98327636719
64.884078979492 0.56698888540268 267.82159423828
65.686988830566 0.17109459638596 267.65664672852
66.460327148438 -0.24416536092758 267.41833496094
67.229202270508 -0.66141390800476 267.16732788086
68.04972076416 -1.0113884210587 266.98602294922
68.870132446289 -1.3616193532944 266.80474853516
69.683982849121 -1.726939201355 266.62365722656
70.497833251953 -2.0922591686249 266.44256591797
71.344032287598 -2.3751082420349 266.26513671875
72.193748474121 -2.6479914188385 266.08609008789
73.035438537598 -2.932195186615 265.88760375977
73.834739685059 -3.2743048667908 265.62054443359
74.604270935059 -3.6190085411072 265.27938842773
56.684967041016 7.5519547462463 269.78369140625
57.207389831543 6.8792495727539 269.97094726562
57.83016204834 6.2670903205872 270.11154174805
58.462413787842 5.6526608467102 270.20281982422
59.094669342041 5.0382318496704 270.29406738281
59.773193359375 4.4761757850647 270.36758422852
60.486328125 3.9532923698425 270.42782592773
61.199462890625 3.4304091930389 270.48803710938
61.921775817871 2.9268553256989 270.58245849609
62.66535949707 2.4580724239349 270.69198608398
63.419589996338 2.0061047077179 270.79806518555
64.151023864746 1.5314432382584 270.95425415039
64.929908752441 1.1197016239166 271.04309082031
65.728256225586 0.77125805616379 271.20590209961
66.530937194824 0.42191317677498 271.33117675781
67.327537536621 0.083532378077507 271.45761108398
68.122817993164 -0.23797382414341 271.5927734375
68.913734436035 -0.57940721511841 271.78378295898
69.722686767578 -0.9175546169281 271.91326904297
70.542388916016 -1.2284399271011 272.04183959961
71.372856140137 -1.5073475837708 272.17587280273
72.205635070801 -1.780245423317 272.30850219727
73.041694641113 -2.0499720573425 272.42544555664
73.871284484863 -2.2929520606995 272.60360717773
74.682304382324 -2.5405840873718 272.86019897461
