71.874649047852 -4.3742666244507 267.91848754883
78.842071533203 2.7956993579865 271.77261352539
81.053237915039 0.71336269378662 272.39422607422
80.28018951416 2.6797077655792 269.3020324707
71.908760070801 -4.0170044898987 268.14358520508
71.978706359863 -3.6649610996246 268.36810302734
72.119575500488 -3.3208312988281 268.57110595703
72.294120788574 -2.9915053844452 268.77200317383
72.499038696289 -2.6718742847443 268.95962524414
72.720611572266 -2.3574385643005 269.13690185547
72.964080810547 -2.0555276870728 269.30731201172
73.219886779785 -1.7602517604828 269.47103881836
73.483810424805 -1.4710438251495 269.63262939453
73.756912231445 -1.1875084638596 269.78900146484
74.03483581543 -0.9055290222168 269.9397277832
74.324150085449 -0.63496387004852 270.08987426758
74.620567321777 -0.3680879175663 270.23220825195
74.923980712891 -0.10449233651161 270.36608886719
75.231956481934 0.15619592368603 270.49514770508
75.541648864746 0.41497820615768 270.62390136719
75.856575012207 0.66689825057983 270.7536315918
76.174728393555 0.91618150472641 270.88040161133
76.496597290039 1.1626325845718 271.00341796875
76.818695068359 1.4105418920517 271.12283325195
77.142723083496 1.653184056282 271.24771118164
77.461242675781 1.9031831026077 271.37222290039
77.793762207031 2.1401839256287 271.48474121094
78.132461547852 2.3730614185333 271.58709716797
78.479736328125 2.5957682132721 271.68310546875
72.090797424316 -4.1605958938599 268.24145507812
72.353790283203 -3.8809859752655 268.46734619141
72.650482177734 -3.6374793052673 268.69390869141
72.95036315918 -3.3819551467896 268.90182495117
73.267013549805 -3.1166665554047 269.06924438477
73.583335876465 -2.8574061393738 269.24618530273
73.918609619141 -2.6217288970947 269.42129516602
74.249031066895 -2.3666317462921 269.57760620117
74.585006713867 -2.1142888069153 269.72613525391
74.937202453613 -1.8848296403885 269.8742980957
75.287559509277 -1.66685795784 270.04278564453
75.64835357666 -1.4530884027481 270.19372558594
76.009994506836 -1.2528369426727 270.36038208008
76.380767822266 -1.0552805662155 270.50918579102
76.748794555664 -0.87366485595703 270.68310546875
77.121658325195 -0.70075082778931 270.85562133789
77.501976013184 -0.53752434253693 271.02114868164
77.887763977051 -0.38037982583046 271.1796875
78.281494140625 -0.24749460816383 271.34091186523
78.675262451172 -0.097838781774044 271.48663330078
79.066825866699 0.048285312950611 271.64157104492
79.460342407227 0.17962840199471 271.80462646484
79.853164672852 0.30952709913254 271.97048950195
80.244430541992 0.43873336911201 272.14047241211
80.644996643066 0.57504171133041 272.28067016602
72.113227844238 -4.0172724723816 267.89068603516
72.367141723633 -3.6742985248566 267.94613647461
72.635208129883 -3.3510406017303 268.04019165039
72.911674499512 -3.0367641448975 268.14019775391
73.181114196777 -2.7207205295563 268.25296020508
73.469879150391 -2.4219319820404 268.36492919922
73.762023925781 -2.1259734630585 268.47564697266
74.069374084473 -1.8459136486053 268.58654785156
74.39372253418 -1.5843173265457 268.69412231445
74.717109680176 -1.3197642564774 268.79721069336
75.046752929688 -1.0583273172379 268.8876953125
75.385330200195 -0.80411624908447 268.96481323242
75.718872070312 -0.54072117805481 269.03244018555
76.061714172363 -0.2854737341404 269.08251953125
76.413581848145 -0.041263807564974 269.12438964844
76.756217956543 0.21664348244667 269.16021728516
77.111953735352 0.457484126091 269.18563842773
77.459411621094 0.70989835262299 269.21328735352
77.800132751465 0.97185057401657 269.23538208008
78.151062011719 1.220871925354 269.24163818359
78.505439758301 1.4648554325104 269.25119018555
78.860610961914 1.7076904773712 269.26077270508
79.211601257324 1.9566748142242 269.26452636719
79.563552856445 2.2034478187561 269.28536987305
79.919631958008 2.4447889328003 269.29824829102
