58.323665618896 -3.7253675460815 270.75637817383
72.693542480469 2.1541078090668 274.57626342773
74.159477233887 -1.9347267150879 278.94665527344
76.360641479492 -2.0594687461853 271.89431762695
58.470943450928 -3.1090824604034 270.78479003906
58.850143432617 -2.6077561378479 270.87887573242
59.308334350586 -2.1829791069031 270.99606323242
59.81330871582 -1.8195695877075 271.12725830078
60.338706970215 -1.4889439344406 271.26470947266
60.884117126465 -1.1953570842743 271.40832519531
61.441661834717 -0.92756360769272 271.55575561523
62.008319854736 -0.68140119314194 271.70614624023
62.577297210693 -0.4411159157753 271.85726928711
63.153335571289 -0.21986331045628 272.01065063477
63.73530960083 -0.01617469266057 272.16598510742
64.320198059082 0.17818915843964 272.32235717773
64.902946472168 0.37939113378525 272.47799682617
65.493301391602 0.55481070280075 272.63616943359
66.085784912109 0.72215986251831 272.79510498047
66.682571411133 0.87184071540833 272.95562744141
67.27783203125 1.0280046463013 273.11553955078
67.879234313965 1.1558208465576 273.27767944336
68.477210998535 1.3002161979675 273.43859863281
69.079978942871 1.4207359552383 273.60125732422
69.681930541992 1.5456638336182 273.76364135742
70.280265808105 1.6884061098099 273.92468261719
70.882751464844 1.8104829788208 274.08721923828
71.482345581055 1.9472711086273 274.2487487793
72.086990356445 2.0568189620972 274.41213989258
58.737228393555 -3.475976228714 271.24624633789
59.288402557373 -3.1694984436035 271.5544128418
59.881923675537 -2.9358770847321 271.8483581543
60.496891021729 -2.7264792919159 272.11483764648
61.128433227539 -2.5524640083313 272.36404418945
61.779735565186 -2.4243721961975 272.59353637695
62.438831329346 -2.3301379680634 272.81634521484
63.104175567627 -2.2711710929871 273.03283691406
63.76868057251 -2.2085280418396 273.25115966797
64.427139282227 -2.1421847343445 273.4856262207
65.073211669922 -2.0694513320923 273.75021362305
65.699142456055 -1.9651815891266 274.05035400391
66.328407287598 -1.9374299049377 274.34414672852
66.945495605469 -1.9281014204025 274.66680908203
67.564170837402 -1.8949555158615 274.99383544922
68.160903930664 -1.8400645256042 275.35244750977
68.761581420898 -1.8530079126358 275.69216918945
69.372459411621 -1.9015703201294 276.01876831055
69.952827453613 -1.8595879077911 276.41204833984
70.538848876953 -1.8452874422073 276.79861450195
71.123580932617 -1.8396325111389 277.18759155273
71.714179992676 -1.8417199850082 277.56677246094
72.325500488281 -1.8649716377258 277.91174316406
72.936828613281 -1.8882232904434 278.25671386719
73.548149108887 -1.9114750623703 278.60168457031
58.865516662598 -3.6138117313385 270.42446899414
59.536926269531 -3.3678193092346 270.39810180664
60.207958221436 -3.1246681213379 270.46517944336
60.881938934326 -2.8969724178314 270.54989624023
61.559288024902 -2.6869900226593 270.65484619141
62.241031646729 -2.5205929279327 270.78872680664
62.928394317627 -2.4100022315979 270.95962524414
63.618614196777 -2.3046426773071 271.12170410156
64.312431335449 -2.2058703899384 271.27261352539
65.008850097656 -2.1171469688416 271.41519165039
65.715744018555 -2.0688414573669 271.52416992188
66.422637939453 -2.0205357074738 271.63311767578
67.131820678711 -2.0412061214447 271.72772216797
67.842445373535 -2.0783874988556 271.81069946289
68.558792114258 -2.0695197582245 271.83679199219
69.272827148438 -2.0473163127899 271.88705444336
69.983749389648 -2.0070796012878 271.97003173828
70.694366455078 -1.9550611972809 272.0481262207
71.405311584473 -1.899284362793 272.11624145508
72.122192382812 -1.8997602462769 272.11679077148
72.821571350098 -1.9482666254044 272.02178955078
73.500991821289 -2.0515904426575 271.81777954102
74.215278625488 -2.0643701553345 271.84722900391
74.929840087891 -2.0632741451263 271.90231323242
75.644523620605 -2.0584919452667 271.92727661133
