125.43074035645 8.7937154769897 658.74755859375
135.46714782715 -3.7490737438202 641.52453613281
134.16163635254 -2.0635108947754 638.85754394531
138.19378662109 -1.6604162454605 641.05639648438
125.6329574585 7.9640831947327 658.40557861328
125.83736419678 7.1377673149109 658.05981445312
126.18432617188 6.5269441604614 657.46594238281
126.53128814697 5.916121006012 656.87213134766
126.91463470459 5.400942325592 656.21459960938
127.30163574219 4.895378112793 655.55072021484
127.70104217529 4.4309902191162 654.86492919922
128.10411071777 3.9787554740906 654.17272949219
128.51390075684 3.5519196987152 653.46881103516
128.9274597168 3.1393082141876 652.75823974609
129.34043884277 2.7243976593018 652.04876708984
129.75282287598 2.307181596756 651.34020996094
130.16325378418 1.8824542760849 650.63513183594
130.57051086426 1.4455258846283 649.935546875
130.97799682617 1.0094227790833 649.23565673828
131.38612365723 0.57571512460709 648.53460693359
131.79432678223 0.14228612184525 647.83343505859
132.20306396484 -0.28910517692566 647.13134765625
132.61178588867 -0.72049647569656 646.42919921875
133.01747131348 -1.1633241176605 645.73248291016
133.42961120605 -1.6053110361099 645.03997802734
133.83953857422 -2.0415489673615 644.34619140625
134.26072692871 -2.4924876689911 643.66473388672
134.66609191895 -2.9099149703979 642.95233154297
135.06852722168 -3.3286430835724 642.23901367188
125.4334564209 8.1603918075562 658.04888916016
125.6022567749 7.5100431442261 657.38720703125
125.92922973633 6.9906978607178 656.67108154297
126.2601776123 6.4753427505493 655.95397949219
126.64609527588 6.0296425819397 655.21783447266
127.04228210449 5.5981087684631 654.47875976562
127.42623138428 5.1939754486084 653.71801757812
127.80144500732 4.8090591430664 652.94305419922
128.18341064453 4.4229912757874 652.17199707031
128.58102416992 4.0343718528748 651.41021728516
128.97996520996 3.6458079814911 650.64910888672
129.38963317871 3.257675409317 649.89343261719
129.79931640625 2.8695461750031 649.13781738281
130.20361328125 2.4928710460663 648.37353515625
130.60124206543 2.130348443985 647.59899902344
130.99882507324 1.7678668498993 646.82440185547
131.40063476562 1.4392977952957 646.03698730469
131.78642272949 1.0906721353531 645.25012207031
132.13687133789 0.69318109750748 644.47003173828
132.51153564453 0.34649920463562 643.67700195312
132.88522338867 -0.0069672185927629 642.88647460938
133.24691772461 -0.39776960015297 642.10809326172
133.50471496582 -0.80485993623734 641.29742431641
133.73741149902 -1.1958302259445 640.47131347656
133.99433898926 -1.5764701366425 639.64758300781
126.04629516602 8.2066297531128 658.35272216797
126.56915283203 7.5791249275208 657.89190673828
127.04041290283 7.0784411430359 657.25433349609
127.47995758057 6.6439986228943 656.54895019531
127.93645477295 6.1967077255249 655.86267089844
128.39199829102 5.7602972984314 655.16876220703
128.84226989746 5.3532867431641 654.45391845703
129.31553649902 4.9622526168823 653.74499511719
129.8006439209 4.5798797607422 653.03930664062
130.24601745605 4.1991000175476 652.30712890625
130.68951416016 3.8184616565704 651.57373046875
131.14823913574 3.4417612552643 650.84765625
131.60659790039 3.0650844573975 650.12133789062
132.05451965332 2.6867063045502 649.38946533203
132.50241088867 2.3083534240723 648.65753173828
132.97113037109 1.9517724514008 647.927734375
133.45747375488 1.6032705307007 647.20556640625
133.974609375 1.2575310468674 646.50378417969
134.47396850586 0.90269958972931 645.79370117188
134.93017578125 0.52714902162552 645.06549072266
135.44868469238 0.17369332909584 644.36859130859
135.98924255371 -0.17053213715553 643.68389892578
136.55087280273 -0.50524187088013 643.01159667969
137.06260681152 -0.94953054189682 642.36340332031
137.59338378906 -1.3743768930435 641.71746826172
