103.34226989746 -18.676906585693 347.07022094727
50.222743988037 -28.77876663208 337.84957885742
38.267566680908 -25.964078903198 343.41970825195
40.135585784912 -23.993700027466 331.65802001953
101.34980010986 -19.283149719238 346.70489501953
99.317764282227 -19.734296798706 346.34490966797
97.265243530273 -20.09944152832 345.99224853516
95.205055236816 -20.425693511963 345.64602661133
93.14143371582 -20.733406066895 345.30294799805
91.07935333252 -21.049673080444 344.95843505859
89.021987915039 -21.390909194946 344.60974121094
86.966377258301 -21.741270065308 344.2594909668
84.904136657715 -22.056241989136 343.91516113281
82.839576721191 -22.358655929565 343.5729675293
80.780128479004 -22.688980102539 343.22610473633
78.719741821289 -23.014516830444 342.88003540039
76.666206359863 -23.374877929688 342.52816772461
74.611770629883 -23.731060028076 342.17694091797
72.542007446289 -24.000671386719 341.84036254883
70.465644836426 -24.226955413818 341.51126098633
68.384613037109 -24.416667938232 341.18859863281
66.312423706055 -24.671464920044 340.85455322266
64.243476867676 -24.947660446167 340.51678466797
62.184169769287 -25.2786693573 340.16983032227
60.15592956543 -25.747236251831 339.8005065918
58.147495269775 -26.287734985352 339.42004394531
56.152530670166 -26.871831893921 339.03298950195
54.150932312012 -27.434978485107 338.64907836914
52.171657562256 -28.065940856934 338.25512695312
100.74552154541 -19.036876678467 347.27932739258
98.11351776123 -19.09481048584 347.07382202148
95.490615844727 -19.299785614014 346.8742980957
92.871597290039 -19.462005615234 346.59872436523
90.252166748047 -19.559434890747 346.27923583984
87.634346008301 -19.675235748291 345.95593261719
85.028038024902 -19.914400100708 345.60525512695
82.420013427734 -20.100551605225 345.23709106445
79.808586120605 -20.236335754395 344.87594604492
77.189140319824 -20.319356918335 344.57833862305
74.57787322998 -20.623697280884 344.32995605469
71.964942932129 -20.909023284912 344.08114624023
69.34147644043 -21.073665618896 343.82952880859
66.718002319336 -21.238307952881 343.57791137695
64.088233947754 -21.420663833618 343.42639160156
61.457786560059 -21.604902267456 343.28549194336
58.831184387207 -21.776496887207 343.08456420898
56.208808898926 -21.934173583984 342.81753540039
53.584648132324 -22.179752349854 342.67269897461
50.979633331299 -22.570669174194 342.53323364258
48.402484893799 -23.011281967163 342.21920776367
45.834690093994 -23.371143341064 341.72848510742
43.325649261475 -23.840017318726 341.59768676758
41.892402648926 -25.121307373047 342.96829223633
39.660995483398 -25.034368515015 341.55892944336
100.87267303467 -18.653135299683 346.5110168457
98.403076171875 -18.629365921021 345.95181274414
95.927368164062 -18.634050369263 345.42065429688
93.448318481445 -18.654268264771 344.90484619141
90.959312438965 -18.726606369019 344.45562744141
88.456573486328 -18.870906829834 344.0983581543
85.953826904297 -19.015207290649 343.74111938477
83.464851379395 -19.167165756226 343.30133056641
80.977279663086 -19.32967376709 342.85711669922
78.489974975586 -19.529985427856 342.42654418945
76.004928588867 -19.711641311646 341.97915649414
73.530227661133 -19.789882659912 341.45010375977
71.027626037598 -19.880756378174 341.07470703125
68.525238037109 -19.971906661987 340.69827270508
66.063735961914 -20.117378234863 340.1220703125
63.602226257324 -20.262851715088 339.54586791992
61.150363922119 -20.407033920288 338.93005371094
58.701503753662 -20.550813674927 338.30187988281
56.286731719971 -20.790172576904 337.58251953125
53.883396148682 -21.061618804932 336.83251953125
51.458518981934 -21.201992034912 336.11709594727
49.077121734619 -21.371736526489 335.27996826172
46.804470062256 -21.759960174561 334.26510620117
44.526569366455 -22.269927978516 333.31350708008
42.196266174316 -22.953281402588 332.63754272461
