64.281120300293 1.0902763605118 280.66070556641
63.882011413574 -2.3309280872345 282.40124511719
72.107330322266 -4.8219909667969 281.30218505859
66.313339233398 -0.097160972654819 287.8528137207
64.143356323242 1.0025849342346 280.65054321289
64.01195526123 0.90849113464355 280.64672851562
63.909519195557 0.78365659713745 280.67251586914
63.81999206543 0.65148198604584 280.70794677734
63.740028381348 0.5150488615036 280.74981689453
63.670303344727 0.37514108419418 280.79806518555
63.60814666748 0.23325018584728 280.85070800781
63.559265136719 0.08898888528347 280.91033935547
63.512977600098 -0.055629950016737 280.97128295898
63.476184844971 -0.20099791884422 281.03671264648
63.450313568115 -0.34649565815926 281.10693359375
63.431861877441 -0.49166139960289 281.18011474609
63.420185089111 -0.63620966672897 281.25588989258
63.411026000977 -0.78044402599335 281.33258056641
63.420867919922 -0.92116016149521 281.41540527344
63.434497833252 -1.0609320402145 281.49935913086
63.462867736816 -1.1960787773132 281.58706665039
63.486713409424 -1.332798242569 281.67373657227
63.534214019775 -1.4598566293716 281.76513671875
63.558048248291 -1.5965864658356 281.85177612305
63.585121154785 -1.732231259346 281.9391784668
63.622722625732 -1.863800406456 282.02890014648
63.672096252441 -1.9900015592575 282.12057495117
63.735622406006 -2.1083269119263 282.21401977539
63.795799255371 -2.228698015213 282.30706787109
64.359184265137 0.68917214870453 280.57849121094
64.327156066895 0.27719765901566 280.65029907227
64.360908508301 -0.10884538292885 280.8046875
64.548767089844 -0.47425809502602 280.8935546875
64.752838134766 -0.8387143611908 280.93392944336
65.013618469238 -1.1676690578461 280.91018676758
65.266220092773 -1.498818397522 280.85177612305
65.523483276367 -1.8293741941452 280.81814575195
65.779449462891 -2.1617205142975 280.84771728516
66.057266235352 -2.476672410965 280.86248779297
66.319702148438 -2.8011567592621 280.81002807617
66.587211608887 -3.12096118927 280.76013183594
66.925704956055 -3.3661348819733 280.71670532227
67.30158996582 -3.5544662475586 280.7177734375
67.689056396484 -3.711541891098 280.76315307617
68.082374572754 -3.8600535392761 280.77554321289
68.473976135254 -4.0124158859253 280.79391479492
68.870399475098 -4.1492881774902 280.82580566406
69.274291992188 -4.2653856277466 280.84292602539
69.682113647461 -4.3588562011719 280.88571166992
70.089820861816 -4.4047112464905 280.97836303711
70.501235961914 -4.4401597976685 281.05828857422
70.910133361816 -4.5304236412048 281.09783935547
71.321784973145 -4.6116061210632 281.12731933594
71.734764099121 -4.6770915985107 281.17272949219
64.23592376709 1.0477486848831 280.97943115234
64.085838317871 0.85595881938934 281.1969909668
64.016845703125 0.60583019256592 281.39605712891
64.011520385742 0.35001549124718 281.599609375
64.055587768555 0.13421607017517 281.84072875977
64.06713104248 2.3758859242662e-05 282.13897705078
64.090759277344 -0.108846090734 282.44635009766
64.163719177246 -0.17020547389984 282.75909423828
64.173965454102 -0.20140095055103 283.0846862793
64.211967468262 -0.23707602918148 283.40771484375
64.243698120117 -0.31550440192223 283.72387695312
64.25617980957 -0.4031483232975 284.03897094727
64.275215148926 -0.48859703540802 284.35433959961
64.327667236328 -0.55297309160233 284.6708984375
64.426063537598 -0.61023753881454 284.97775268555
64.510665893555 -0.6254974603653 285.29354858398
64.629661560059 -0.63398790359497 285.59829711914
64.770401000977 -0.64561939239502 285.8935546875
64.931518554688 -0.63671451807022 286.17828369141
65.102798461914 -0.61530113220215 286.4563293457
65.30167388916 -0.55627059936523 286.70932006836
65.418334960938 -0.38663673400879 286.9621887207
65.604721069336 -0.29257038235664 287.21307373047
65.840240478516 -0.2592645585537 287.43743896484
66.097839355469 -0.20678509771824 287.63229370117
