137.33372497559 10.190787315369 643.89111328125
143.03332519531 -5.350998878479 649.26678466797
133.81562805176 -5.7489609718323 648.54803466797
139.77911376953 -6.1643538475037 640.48297119141
137.88232421875 10.207885742188 644.36419677734
138.40620422363 10.007261276245 644.81109619141
138.87673950195 9.6395702362061 645.21697998047
139.3180847168 9.2123899459839 645.60095214844
139.71112060547 8.7133598327637 645.94757080078
140.06842041016 8.1698312759399 646.26623535156
140.4065246582 7.6054749488831 646.56976318359
140.75166320801 7.0483913421631 646.87884521484
141.0750579834 6.4695291519165 647.17071533203
141.36274719238 5.8591623306274 647.43408203125
141.61264038086 5.2204427719116 647.66717529297
141.81405639648 4.5523600578308 647.86126708984
142.01829528809 3.8854315280914 648.05749511719
142.21063232422 3.2122435569763 648.244140625
142.38572692871 2.5306465625763 648.41668701172
142.46463012695 1.8174394369125 648.51043701172
142.52342224121 1.0994002819061 648.58776855469
142.5445098877 0.37668266892433 648.6337890625
142.54637145996 -0.3472615480423 648.66400146484
142.59977722168 -1.0660359859467 648.73681640625
142.61947631836 -1.7888923883438 648.78186035156
142.68133544922 -2.5063407421112 648.86163330078
142.75907897949 -3.2207388877869 648.95446777344
142.85069274902 -3.9319145679474 649.05871582031
142.90496826172 -4.6506853103638 649.13238525391
137.1462097168 9.9435787200928 644.49810791016
136.9176940918 9.5411424636841 644.99774169922
136.87756347656 9.0215358734131 645.4365234375
136.91371154785 8.4075345993042 645.73040771484
136.95065307617 7.792751789093 646.02258300781
136.98710632324 7.1775784492493 646.31384277344
136.97830200195 6.5270676612854 646.51739501953
136.95823669434 5.8684368133545 646.69195556641
136.92437744141 5.2015266418457 646.82897949219
136.87316894531 4.5357899665833 646.96630859375
136.81185913086 3.8708877563477 647.10321044922
136.65776062012 3.2095098495483 647.16259765625
136.50369262695 2.5492451190948 647.23303222656
136.35539245605 1.9052926301956 647.40045166016
136.19873046875 1.2531116008759 647.52209472656
136.01165771484 0.60791945457458 647.63793945312
135.81120300293 -0.028843600302935 647.77593994141
135.59094238281 -0.65432989597321 647.93383789062
135.39472961426 -1.2716590166092 648.14617919922
135.20179748535 -1.9179873466492 648.24475097656
135.00396728516 -2.5675978660583 648.30432128906
134.79205322266 -3.2095983028412 648.3916015625
134.5560760498 -3.844256401062 648.47033691406
134.30926513672 -4.4791598320007 648.49621582031
134.06243896484 -5.1140575408936 648.52215576172
137.84072875977 10.00671672821 643.4609375
138.29594421387 9.5965604782104 643.25311279297
138.72239685059 9.0608587265015 643.16870117188
139.11778259277 8.5095930099487 643.09387207031
139.27059936523 7.8368272781372 643.09375
139.42343139648 7.1640615463257 643.09362792969
139.58770751953 6.4943771362305 643.08654785156
139.77947998047 5.8320832252502 643.06292724609
139.96472167969 5.1685991287231 643.03833007812
140.02896118164 4.4830479621887 642.99517822266
140.0931854248 3.7974970340729 642.95202636719
140.1332244873 3.1172804832458 642.85089111328
140.16444396973 2.4390087127686 642.72869873047
140.17385864258 1.7614461183548 642.60070800781
140.16561889648 1.0844585895538 642.46807861328
140.18084716797 0.41326421499252 642.30993652344
140.20031738281 -0.25688076019287 642.14715576172
140.24896240234 -0.92827922105789 641.99633789062
140.25733947754 -1.5904134511948 641.80712890625
140.23806762695 -2.24769115448 641.5986328125
140.20329284668 -2.9046740531921 641.39099121094
140.15153503418 -3.5679800510406 641.20849609375
140.10104370117 -4.2257881164551 641.00836181641
140.04742431641 -4.873486995697 640.77868652344
139.89790344238 -5.5282011032104 640.62213134766
