3.499076128006 -9.6313161849976 -25.159986495972
-2.0008413791656 13.878843307495 -19.95859336853
-8.8194608688354 6.4066715240479 -27.577919006348
-6.4812898635864 3.9988725185394 -14.241483688354
4.12415599823 -8.7599773406982 -25.10453414917
4.6203994750977 -7.8121180534363 -25.013772964478
5.0671558380127 -6.8411588668823 -24.910587310791
5.4812994003296 -5.8566951751709 -24.799545288086
5.8194608688354 -4.8457360267639 -24.67107963562
6.1143708229065 -3.8225016593933 -24.533208847046
6.2942314147949 -2.7764103412628 -24.372108459473
6.4189472198486 -1.7237912416458 -24.200679779053
6.4957070350647 -0.66800719499588 -24.020734786987
6.4935956001282 0.38817149400711 -23.827642440796
6.4357919692993 1.4411998987198 -23.625904083252
6.317042350769 2.4873418807983 -23.415327072144
6.1263790130615 3.5207507610321 -23.195158004761
5.866623878479 4.5371551513672 -22.966646194458
5.5185794830322 5.5245018005371 -22.728813171387
5.1502161026001 6.5042042732239 -22.489009857178
4.6739168167114 7.4334015846252 -22.240539550781
4.1230497360229 8.3194742202759 -21.9875831604
3.5347609519958 9.1808567047119 -21.732938766479
2.8770368099213 9.9895620346069 -21.476404190063
2.1694574356079 10.755102157593 -21.219484329224
1.3852928876877 11.442074775696 -20.9642162323
0.56293749809265 12.084186553955 -20.710807800293
-0.26602345705032 12.718095779419 -20.457803726196
-1.1132171154022 13.327919006348 -20.206174850464
3.2291202545166 -8.9793672561646 -25.658855438232
3.1866776943207 -8.1660795211792 -25.954130172729
3.1805830001831 -7.3285617828369 -26.175470352173
3.1015882492065 -6.4822659492493 -26.343235015869
2.9794421195984 -5.6353921890259 -26.479318618774
2.8392477035522 -4.794469833374 -26.633689880371
2.6839907169342 -3.9576165676117 -26.795570373535
2.3908731937408 -3.1559309959412 -26.942893981934
2.0580296516418 -2.3727116584778 -27.105279922485
1.6693508625031 -1.6209009885788 -27.290214538574
1.2088664770126 -0.92536091804504 -27.523416519165
0.7260976433754 -0.2141430824995 -27.627378463745
0.098275005817413 0.36456966400146 -27.647882461548
-0.74653655290604 0.21217824518681 -27.746969223022
-1.5786454677582 0.446518689394 -27.755504608154
-2.2553796768188 0.98287737369537 -27.826086044312
-2.9311075210571 1.5220328569412 -27.883798599243
-3.6165256500244 2.0505211353302 -27.922103881836
-4.210280418396 2.6812541484833 -27.938425064087
-4.8072624206543 3.3086693286896 -27.91414642334
-5.4126205444336 3.9221112728119 -27.825765609741
-6.0196666717529 4.5335235595703 -27.734630584717
-6.632821559906 5.1376066207886 -27.635864257812
-7.332633972168 5.5653228759766 -27.361824035645
-8.0834217071533 5.9926376342773 -27.384380340576
3.4427020549774 -9.2382926940918 -24.40601348877
3.5738217830658 -8.5206851959229 -23.954238891602
3.7323565483093 -7.811550617218 -23.498859405518
3.7362167835236 -7.0639915466309 -23.077760696411
3.6762597560883 -6.3203754425049 -22.653844833374
3.6145162582397 -5.598518371582 -22.19409942627
3.4900629520416 -4.8888411521912 -21.728090286255
3.3616497516632 -4.194833278656 -21.240074157715
3.1019358634949 -3.5087242126465 -20.795085906982
2.8238356113434 -2.8835875988007 -20.27735710144
2.4889407157898 -2.3391709327698 -19.705076217651
2.1570470333099 -1.7284821271896 -19.202136993408
1.7116458415985 -1.104708313942 -18.817495346069
0.97131675481796 -1.3383982181549 -18.459533691406
0.17017574608326 -1.2420394420624 -18.173053741455
-0.40275034308434 -0.78038614988327 -17.731609344482
-0.94849026203156 -0.33455428481102 -17.243692398071
-1.6249022483826 -0.023944690823555 -16.817831039429
-2.2269928455353 0.43999570608139 -16.421070098877
-2.8366241455078 0.99930429458618 -16.19508934021
-3.3344297409058 1.6019006967545 -15.841229438782
-3.8804094791412 2.1484143733978 -15.467825889587
-4.4738597869873 2.6783311367035 -15.146573066711
-5.126371383667 3.1717822551727 -14.887711524963
-5.809100151062 3.6063675880432 -14.602555274963
