62.322238922119 3.6884291172028 272.13320922852
67.028114318848 -3.4218409061432 272.55191040039
68.111770629883 0.071390710771084 269.68182373047
68.793762207031 0.34553283452988 274.27590942383
62.352275848389 3.3569440841675 272.17318725586
62.450260162354 3.0378494262695 272.20413208008
62.582382202148 2.7308187484741 272.22991943359
62.719841003418 2.4260640144348 272.25479125977
62.858043670654 2.1216366291046 272.27954101562
62.997055053711 1.8175708055496 272.30419921875
63.146255493164 1.5182324647903 272.32711791992
63.295429229736 1.2188823223114 272.35003662109
63.450038909912 0.92222821712494 272.37197875977
63.609558105469 0.6281241774559 272.39309692383
63.771308898926 0.33521613478661 272.41381835938
63.950267791748 0.052277021110058 272.4313659668
64.128776550293 -0.23094253242016 272.44900512695
64.307159423828 -0.5142360329628 272.46667480469
64.50691986084 -0.78312468528748 272.48016357422
64.708641052246 -1.0505673885345 272.49322509766
64.924995422363 -1.3064502477646 272.50323486328
65.105140686035 -1.5886451005936 272.52059936523
65.302978515625 -1.8589369058609 272.53442382812
65.512626647949 -2.1202914714813 272.54586791992
65.725296020508 -2.3792195320129 272.556640625
65.96216583252 -2.6163873672485 272.56198120117
66.204238891602 -2.84827709198 272.5661315918
66.463645935059 -3.0606226921082 272.56576538086
66.741592407227 -3.2479889392853 272.56018066406
62.452980041504 3.5462818145752 271.91979980469
62.610317230225 3.3705739974976 271.77426147461
62.792541503906 3.1634585857391 271.69219970703
63.005470275879 2.9823606014252 271.62683105469
63.220352172852 2.8020298480988 271.56463623047
63.408740997314 2.5945472717285 271.49908447266
63.60778427124 2.3985030651093 271.4319152832
63.818817138672 2.2153358459473 271.3630065918
64.032447814941 2.037978887558 271.28970336914
64.262306213379 1.8969861268997 271.18908691406
64.492164611816 1.7559932470322 271.08847045898
64.714912414551 1.6131316423416 270.97567749023
64.93465423584 1.4694775342941 270.8576965332
65.158004760742 1.32752597332 270.74478149414
65.385841369629 1.1876884698868 270.63812255859
65.619071960449 1.0590059757233 270.53039550781
65.861793518066 0.94990664720535 270.42074584961
66.105850219727 0.84673148393631 270.30902099609
66.354675292969 0.76476246118546 270.18984985352
66.615089416504 0.7120406627655 270.09744262695
66.899711608887 0.71839249134064 270.0625
67.158470153809 0.60325425863266 270.01129150391
67.403442382812 0.46789434552193 269.94561767578
67.650497436523 0.35111665725708 269.85720825195
67.88468170166 0.20670156180859 269.78494262695
62.530200958252 3.5519964694977 272.31726074219
62.73819732666 3.4105477333069 272.49429321289
62.946716308594 3.1931645870209 272.56500244141
63.165077209473 2.9855275154114 272.63336181641
63.396682739258 2.7910034656525 272.69857788086
63.633926391602 2.6054050922394 272.76879882812
63.874298095703 2.4247672557831 272.84176635742
64.126136779785 2.263735294342 272.91897583008
64.386993408203 2.1181192398071 272.99954223633
64.635581970215 1.9830849170685 273.12213134766
64.880104064941 1.8515609502792 273.25866699219
65.126251220703 1.7276155948639 273.39923095703
65.376724243164 1.6098730564117 273.53576660156
65.660354614258 1.5255261659622 273.62615966797
65.939865112305 1.4329587221146 273.72085571289
66.216255187988 1.3341767787933 273.81875610352
66.480163574219 1.2166306972504 273.92950439453
66.765914916992 1.1522791385651 273.99197387695
67.075035095215 1.1446657180786 274.00308227539
67.347427368164 1.0286937952042 274.03079223633
67.603141784668 0.85919988155365 274.06704711914
67.866165161133 0.72048509120941 274.13067626953
68.093780517578 0.58330088853836 274.28561401367
68.329978942871 0.48440897464752 274.45751953125
68.560180664062 0.30074670910835 274.47381591797
