65.845756530762 4.4193606376648 281.05618286133
73.081901550293 -5.7076811790466 282.44104003906
74.669937133789 -0.92028999328613 278.7414855957
72.423248291016 -1.3093289136887 286.87994384766
65.852508544922 3.9207758903503 281.01937866211
65.943870544434 3.4293329715729 281.00860595703
66.099487304688 2.9542434215546 281.01831054688
66.285621643066 2.4905762672424 281.03811645508
66.471878051758 2.0269618034363 281.05798339844
66.674346923828 1.5704636573792 281.0832824707
66.89469909668 1.1226994991302 281.11456298828
67.110008239746 0.67237943410873 281.14419555664
67.357917785645 0.24006040394306 281.18499755859
67.597511291504 -0.19718611240387 281.22290039062
67.844635009766 -0.62998640537262 281.2633972168
68.12166595459 -1.0431026220322 281.31448364258
68.396903991699 -1.4575049877167 281.36486816406
68.684226989746 -1.8630654811859 281.41955566406
68.980110168457 -2.2619826793671 281.47738647461
69.281837463379 -2.6561796665192 281.53735351562
69.593154907227 -3.0422973632812 281.60076904297
69.937347412109 -3.3969888687134 281.67654418945
70.276382446289 -3.7570431232452 281.75033569336
70.640174865723 -4.0897789001465 281.83367919922
71.021797180176 -4.3999381065369 281.92413330078
71.418006896973 -4.6893110275269 282.02059936523
71.834190368652 -4.9458088874817 282.12557983398
72.261367797852 -5.1812705993652 282.23559570312
72.692451477051 -5.4083762168884 282.3473815918
66.16771697998 4.2218413352966 280.86410522461
66.351112365723 3.8354058265686 280.8298034668
66.57592010498 3.4735655784607 280.78512573242
66.88459777832 3.1802513599396 280.73123168945
67.210838317871 2.9067432880402 280.67645263672
67.551071166992 2.6514511108398 280.61938476562
67.877998352051 2.3886713981628 280.52810668945
68.204559326172 2.1282019615173 280.42935180664
68.523719787598 1.8692833185196 280.3053894043
68.842262268066 1.6121368408203 280.17642211914
69.174751281738 1.3582946062088 280.08010864258
69.495750427246 1.0951373577118 279.97076416016
69.798164367676 0.81887757778168 279.84237670898
70.112274169922 0.54500502347946 279.73947143555
70.430526733398 0.27007362246513 279.65347290039
70.760971069336 0.0062476261518896 279.57952880859
71.159873962402 -0.15061366558075 279.56121826172
71.543930053711 -0.20407615602016 279.37832641602
71.885246276855 -0.36746251583099 279.17565917969
72.234756469727 -0.52495551109314 278.98284912109
72.620155334473 -0.66237926483154 278.85311889648
73.001373291016 -0.82672786712646 278.74407958984
73.405258178711 -0.95805388689041 278.68197631836
73.823905944824 -1.0516653060913 278.69653320312
74.250274658203 -1.0080831050873 278.72055053711
66.035743713379 4.2150430679321 281.36499023438
66.229995727539 3.8553614616394 281.45950317383
66.525993347168 3.5788247585297 281.56448364258
66.754547119141 3.2778177261353 281.75109863281
66.985343933105 2.9788534641266 281.9382019043
67.21509552002 2.6806530952454 282.12777709961
67.442680358887 2.387687921524 282.3278503418
67.669624328613 2.100522518158 282.53680419922
67.905296325684 1.8247812986374 282.75143432617
68.147499084473 1.558203458786 282.97036743164
68.390533447266 1.2934427261353 283.19061279297
68.635543823242 1.0315725803375 283.41201782227
68.889625549316 0.7771555185318 283.63137817383
69.113090515137 0.48233869671822 283.83334350586
69.321510314941 0.18077509105206 284.04125976562
69.540138244629 -0.098254807293415 284.26748657227
69.8291015625 -0.28474679589272 284.50912475586
70.059028625488 -0.40867137908936 284.83978271484
70.272254943848 -0.57575768232346 285.16253662109
70.479484558105 -0.7796778678894 285.46759033203
70.725975036621 -0.96633315086365 285.75366210938
71.032539367676 -1.1102983951569 286.00451660156
71.35994720459 -1.233469247818 286.23962402344
71.703262329102 -1.3364211320877 286.46127319336
72.081199645996 -1.3771531581879 286.64315795898
