66.437980651855 3.2751700878143 269.2626953125
81.230598449707 -1.9267823696136 268.97512817383
83.501251220703 -0.017565790563822 266.32705688477
82.321922302246 0.22061717510223 271.60269165039
66.832496643066 2.8137083053589 269.23452758789
67.342185974121 2.4823031425476 269.21490478516
67.880386352539 2.1993808746338 269.19848632812
68.439651489258 1.9605079889297 269.18490600586
69.002265930176 1.7296299934387 269.171875
69.572853088379 1.5191277265549 269.16015625
70.14867401123 1.3233336210251 269.14944458008
70.727516174316 1.1366336345673 269.13922119141
71.309745788574 0.96073752641678 269.12976074219
71.893753051758 0.79082268476486 269.12066650391
72.480491638184 0.63053947687149 269.11215209961
73.070281982422 0.4818716943264 269.10443115234
73.660705566406 0.3356916308403 269.09686279297
74.251388549805 0.19056482613087 269.08935546875
74.839996337891 0.037294756621122 269.0813293457
75.430686950684 -0.10778560489416 269.07388305664
76.022178649902 -0.2495793402195 269.06658935547
76.611770629883 -0.39906665682793 269.05874633789
77.194206237793 -0.57427150011063 269.04931640625
77.772918701172 -0.76138818264008 269.03912353516
78.35001373291 -0.95340210199356 269.0285949707
78.924766540527 -1.1523116827011 269.01763916016
79.501152038574 -1.3464239835739 269.00698852539
80.07250213623 -1.5548787117004 268.9953918457
80.649559020996 -1.7469992637634 268.98489379883
67.020523071289 3.1812655925751 268.93795776367
67.664184570312 3.0191464424133 268.78753662109
68.307579040527 2.8320374488831 268.6672668457
68.953773498535 2.6417453289032 268.56881713867
69.60620880127 2.4676251411438 268.48303222656
70.266296386719 2.3182871341705 268.40872192383
70.92667388916 2.1702761650085 268.33444213867
71.588676452637 2.0295479297638 268.26037597656
72.251487731934 1.892663359642 268.18640136719
72.914291381836 1.7559057474136 268.11206054688
73.577041625977 1.6205208301544 268.03482055664
74.240577697754 1.4906923770905 267.95495605469
74.906021118164 1.3737595081329 267.87109375
75.57266998291 1.2677328586578 267.78253173828
76.241111755371 1.1752257347107 267.69226074219
76.907875061035 1.0847138166428 267.58865356445
77.57120513916 0.99248063564301 267.46618652344
78.234664916992 0.91487598419189 267.33459472656
78.897552490234 0.84610444307327 267.19567871094
79.553970336914 0.74087750911713 267.04885864258
80.210998535156 0.62356370687485 266.91436767578
80.868629455566 0.50156688690186 266.78720092773
81.527603149414 0.38115078210831 266.66561889648
82.182823181152 0.25393342971802 266.53134155273
82.840934753418 0.12037990987301 266.4192199707
66.93782043457 3.1338183879852 269.61163330078
67.528663635254 2.9523224830627 269.75103759766
68.129501342773 2.768741607666 269.82818603516
68.743476867676 2.6108410358429 269.8219909668
69.358039855957 2.45565366745 269.81900024414
69.977531433105 2.3232822418213 269.8440246582
70.59635925293 2.1911799907684 269.88311767578
71.213844299316 2.0560278892517 269.93188476562
71.832443237305 1.9263365268707 269.98126220703
72.453224182129 1.8068352937698 270.0290222168
73.074768066406 1.6906585693359 270.07504272461
73.689147949219 1.5423573255539 270.12478637695
74.305221557617 1.4057191610336 270.18572998047
74.926567077637 1.2996472120285 270.25344848633
75.546943664551 1.1953601837158 270.33206176758
76.158149719238 1.0581161975861 270.42913818359
76.770332336426 0.92480957508087 270.52606201172
77.395111083984 0.86991637945175 270.61502075195
78.009506225586 0.79371273517609 270.75012207031
78.621604919434 0.69395953416824 270.88143920898
79.236618041992 0.6006423830986 271.00375366211
79.855819702148 0.53944444656372 271.12454223633
80.47004699707 0.43795281648636 271.24243164062
81.089134216309 0.38681316375732 271.36553955078
81.701873779297 0.29148727655411 271.4938659668
