123.965675354 7.5072622299194 323.12115478516
113.85633850098 37.121398925781 330.62634277344
106.92568969727 25.297691345215 320.09976196289
107.86239624023 22.157648086548 336.38052368164
124.9200668335 8.5358972549438 323.31033325195
125.58209991455 9.7609605789185 323.56161499023
126.18814086914 11.013711929321 323.82247924805
126.64771270752 12.322816848755 324.10458374023
127.01265716553 13.658966064453 324.39819335938
127.29524993896 15.013006210327 324.70059204102
127.47611236572 16.382291793823 325.01208496094
127.58550262451 17.757913589478 325.32901000977
127.52153015137 19.134084701538 325.6555480957
127.32781982422 20.497127532959 325.98611450195
127.07471466064 21.850198745728 326.31756591797
126.7392578125 23.185163497925 326.64929199219
126.3023223877 24.490779876709 326.97970581055
125.76438903809 25.758972167969 327.30685424805
125.09362792969 26.964191436768 327.62649536133
124.29779052734 28.093788146973 327.9352722168
123.44137573242 29.180116653442 328.23718261719
122.54222106934 30.232921600342 328.53356933594
121.56800842285 31.220012664795 328.81866455078
120.54546356201 32.159519195557 329.09518432617
119.43660736084 33.001182556152 329.353515625
118.27058410645 33.766574859619 329.59704589844
117.09467315674 34.517589569092 329.83773803711
116.13220214844 35.515453338623 330.12466430664
115.02130126953 36.354499816895 330.38250732422
123.79307556152 8.4355335235596 322.60049438477
123.74468231201 9.4836196899414 322.35366821289
123.72369384766 10.555485725403 322.23883056641
123.60013580322 11.621845245361 322.13800048828
123.43286132812 12.68311882019 322.04711914062
123.21095275879 13.735378265381 321.96948242188
122.83721160889 14.746026039124 321.93716430664
122.46221160889 15.755247116089 321.87899780273
122.08882141113 16.762784957886 321.78970336914
121.59901428223 17.722618103027 321.8088684082
120.98252868652 18.60099029541 321.71020507812
120.02582550049 18.886875152588 321.326171875
119.02514648438 18.671316146851 321.00128173828
117.99188995361 18.868436813354 320.78042602539
117.05620574951 19.400363922119 320.72009277344
116.07369232178 19.841836929321 320.67202758789
115.09605407715 20.292667388916 320.61407470703
114.15272521973 20.81223487854 320.56759643555
113.28479766846 21.450773239136 320.55920410156
112.54930114746 22.2158203125 320.3717956543
111.67846679688 22.851476669312 320.37658691406
110.77182006836 23.433256149292 320.42095947266
109.84995269775 23.991458892822 320.38821411133
108.89073181152 24.483383178711 320.37002563477
107.86485290527 24.807085037231 320.29934692383
123.89263153076 7.8862881660461 324.15713500977
123.93883514404 8.8033037185669 324.78564453125
123.97802734375 9.7259206771851 325.40615844727
123.93439483643 10.701066970825 325.9401550293
123.8938369751 11.625105857849 326.55868530273
123.68607330322 12.572466850281 327.10403442383
123.39409637451 13.470896720886 327.69186401367
123.1014251709 14.368939399719 328.28002929688
122.68612670898 15.224196434021 328.85766601562
122.25058746338 16.071243286133 329.4328918457
121.64428710938 16.821578979492 329.98583984375
120.66358947754 16.758409500122 330.47018432617
119.63768005371 16.48447227478 330.78643798828
118.64844512939 16.568630218506 331.27893066406
117.66885375977 16.956624984741 331.63626098633
116.71267700195 17.345588684082 332.05084228516
115.80390167236 17.734575271606 332.55853271484
115.03785705566 18.246955871582 333.18112182617
114.2166519165 18.806550979614 333.68154907227
113.43264770508 19.405363082886 334.19570922852
112.72560119629 20.058433532715 334.75140380859
111.80794525146 20.574588775635 335.11087036133
110.82863616943 21.016254425049 335.40045166016
109.81743621826 21.402669906616 335.65765380859
108.7943572998 21.719354629517 335.95932006836
