66.73673248291 14.498068809509 334.05242919922
45.466766357422 13.075055122375 345.67111206055
45.384021759033 17.629692077637 340.60665893555
44.985198974609 9.6660461425781 339.44692993164
66.013870239258 14.425578117371 334.64068603516
65.207107543945 14.368042945862 335.10989379883
64.4287109375 14.304929733276 335.62353515625
63.591556549072 14.254391670227 336.03701782227
62.777286529541 14.198483467102 336.49325561523
61.947277069092 14.146199226379 336.92065429688
61.137508392334 14.089318275452 337.38467407227
60.302448272705 14.038257598877 337.80230712891
59.486846923828 13.982648849487 338.25619506836
58.66527557373 13.928380012512 338.69937133789
57.846214294434 13.873538970947 339.14712524414
57.011428833008 13.822415351868 339.56527709961
56.179615020752 13.770560264587 339.98922729492
55.342170715332 13.720101356506 340.40209960938
54.500949859619 13.670589447021 340.80737304688
53.666168212891 13.619460105896 341.22552490234
52.81876373291 13.5715675354 341.6178894043
51.991504669189 13.518617630005 342.0505065918
51.15650177002 13.467545509338 342.46826171875
50.318016052246 13.417342185974 342.87902832031
49.512100219727 13.359629631042 343.34967041016
48.699119567871 13.303446769714 343.80819702148
47.872119903564 13.250447273254 344.24124145508
47.092067718506 13.187568664551 344.75299072266
46.282196044922 13.130708694458 345.21688842773
66.339851379395 15.23611164093 334.31817626953
65.582168579102 15.624176025391 334.55847167969
64.755950927734 15.819778442383 334.81130981445
63.915222167969 15.924058914185 335.07141113281
63.069065093994 16.001373291016 335.32287597656
62.208644866943 16.049335479736 335.52969360352
61.347644805908 16.087131500244 335.73617553711
60.485958099365 16.104677200317 335.94250488281
59.627380371094 16.127058029175 336.16101074219
58.772117614746 16.154127120972 336.39163208008
57.916034698486 16.176822662354 336.61968994141
57.059326171875 16.196477890015 336.84564208984
56.200801849365 16.216073989868 337.06463623047
55.341136932373 16.236015319824 337.27905273438
54.482608795166 16.271074295044 337.49603271484
53.627334594727 16.337770462036 337.71838378906
52.779075622559 16.426795959473 337.95904541016
51.93913269043 16.539253234863 338.21835327148
51.095195770264 16.660913467407 338.45993041992
50.244655609131 16.801015853882 338.66564941406
49.419025421143 16.950595855713 338.95068359375
48.638973236084 17.106906890869 339.3408203125
47.790218353271 17.224308013916 339.5671081543
46.95588684082 17.344577789307 339.84060668945
46.180599212646 17.505451202393 340.23864746094
66.274971008301 13.747874259949 334.0563659668
65.535346984863 13.274306297302 334.21664428711
64.713768005371 12.988748550415 334.43637084961
63.859477996826 12.790432929993 334.62881469727
63.003242492676 12.636594772339 334.85211181641
62.151008605957 12.488916397095 335.09426879883
61.294364929199 12.353604316711 335.32772827148
60.432426452637 12.244833946228 335.55569458008
59.570404052734 12.15089225769 335.78985595703
58.706661224365 12.067277908325 336.02157592773
57.839977264404 11.975425720215 336.23876953125
56.975963592529 11.877009391785 336.46362304688
56.115196228027 11.775983810425 336.69931030273
55.261299133301 11.651612281799 336.94860839844
54.40486907959 11.518037796021 337.18399047852
53.542125701904 11.38911151886 337.39804077148
52.678405761719 11.263257980347 337.60980224609
51.82381439209 11.112638473511 337.84158325195
50.97497177124 10.942628860474 338.08090209961
50.117088317871 10.779264450073 338.2907409668
49.261177062988 10.581055641174 338.47717285156
48.417709350586 10.391986846924 338.72106933594
47.562999725342 10.18976020813 338.90908813477
46.709373474121 9.996753692627 339.11111450195
45.870803833008 9.7654666900635 339.33471679688
