67.812828063965 23.777782440186 331.44869995117
57.780982971191 37.16919708252 333.74960327148
43.946578979492 35.685157775879 326.93139648438
47.534385681152 34.039451599121 343.20486450195
68.096237182617 24.408842086792 331.4342956543
68.218307495117 25.088607788086 331.4485168457
68.077072143555 25.763557434082 331.50531005859
67.84481048584 26.411735534668 331.57550048828
67.618591308594 27.062055587769 331.64486694336
67.318145751953 27.680416107178 331.72470092773
67.01587677002 28.297857284546 331.80471801758
66.692604064941 28.904132843018 331.88760375977
66.308250427246 29.472473144531 331.97854614258
65.918075561523 30.036720275879 332.07019042969
65.524528503418 30.598522186279 332.16232299805
65.103157043457 31.139198303223 332.25784301758
64.691535949707 31.687400817871 332.35223388672
64.214920043945 32.178760528564 332.45425415039
63.773010253906 32.702297210693 332.55227661133
63.302467346191 33.199531555176 332.65365600586
62.794616699219 33.657752990723 332.75915527344
62.294811248779 34.124942779541 332.86370849609
61.773933410645 34.567974090576 332.97058105469
61.235382080078 34.988903045654 333.07916259766
60.648143768311 35.337329864502 333.19201660156
60.098930358887 35.743968963623 333.30163574219
59.533699035645 36.127632141113 333.41265869141
58.961940765381 36.501319885254 333.52429199219
58.409576416016 36.903591156006 333.63418579102
67.103034973145 24.480407714844 331.10864257812
66.470001220703 25.302255630493 330.92794799805
65.637626647949 25.929388046265 330.75741577148
64.788543701172 26.55278968811 330.67736816406
63.937713623047 27.173603057861 330.59658813477
63.064498901367 27.761251449585 330.50637817383
62.182727813721 28.33526802063 330.41326904297
61.266647338867 28.852499008179 330.31753540039
60.333492279053 29.338020324707 330.22024536133
59.399353027344 29.820468902588 330.11740112305
58.461479187012 30.291414260864 329.99694824219
57.508083343506 30.728969573975 329.87222290039
56.550872802734 31.156673431396 329.74337768555
55.606712341309 31.589130401611 329.54998779297
54.675064086914 32.022716522217 329.30529785156
53.717891693115 32.416851043701 329.09469604492
52.73917388916 32.772556304932 328.91708374023
51.768657684326 33.145729064941 328.7307434082
50.821765899658 33.56468963623 328.52133178711
49.873161315918 33.979824066162 328.31298828125
48.875156402588 34.27799987793 328.13677978516
47.877632141113 34.578159332275 327.96118164062
46.882186889648 34.8864402771 327.78796386719
45.8864402771 35.168277740479 327.57580566406
44.893531799316 35.41911315918 327.31674194336
67.352386474609 24.465227127075 332.00955200195
66.748222351074 25.157369613647 332.40533447266
66.088737487793 25.757928848267 332.85940551758
65.431205749512 26.36403465271 333.30612182617
64.648216247559 26.820404052734 333.73086547852
63.878562927246 27.298816680908 334.15567016602
63.130767822266 27.81113243103 334.580078125
62.381832122803 28.321840286255 335.00433349609
61.606029510498 28.795152664185 335.42364501953
60.807098388672 29.233392715454 335.83770751953
60.008155822754 29.671613693237 336.25177001953
59.208404541016 30.107398986816 336.66665649414
58.385192871094 30.471128463745 337.10461425781
57.561977386475 30.834857940674 337.54257202148
56.738922119141 31.198234558105 337.98107910156
55.930000305176 31.530242919922 338.46813964844
55.122543334961 31.859241485596 338.95962524414
54.315097808838 32.188236236572 339.45114135742
53.459384918213 32.480571746826 339.88018798828
52.596382141113 32.766708374023 340.29867553711
51.730239868164 33.048759460449 340.71343994141
50.871143341064 33.329536437988 341.14346313477
50.038005828857 33.609275817871 341.62237548828
49.200035095215 33.806987762451 342.13259887695
48.365497589111 34.003688812256 342.64895629883
