62.047435760498 3.4389479160309 281.17132568359
72.467468261719 -4.1892437934875 281.43704223633
76.241775512695 -1.2817796468735 278.24923706055
75.452178955078 -1.8602862358093 285.57110595703
62.228862762451 2.9659380912781 281.14428710938
62.509250640869 2.5432455539703 281.13125610352
62.819801330566 2.1420295238495 281.12295532227
63.145416259766 1.7528955936432 281.11721801758
63.488170623779 1.3787319660187 281.1145324707
63.844814300537 1.0177822113037 281.11431884766
64.223411560059 0.67993938922882 281.11828613281
64.604942321777 0.34542492032051 281.12289428711
64.994064331055 0.019805811345577 281.12908935547
65.397270202637 -0.28814154863358 281.13818359375
65.800224304199 -0.59641456604004 281.14721679688
66.206680297852 -0.9000369310379 281.15701293945
66.620246887207 -1.1938410997391 281.16833496094
67.040229797363 -1.4783005714417 281.18121337891
67.481414794922 -1.7283329963684 281.19924926758
67.919075012207 -1.9845563173294 281.21640014648
68.362442016602 -2.2306623458862 281.23501586914
68.807403564453 -2.4738328456879 281.25402832031
69.247940063477 -2.7250261306763 281.27191162109
69.694328308105 -2.9654612541199 281.29132080078
70.114837646484 -3.2491800785065 281.30426025391
70.588180541992 -3.4296655654907 281.33181762695
71.058738708496 -3.6177129745483 281.35833740234
71.527839660645 -3.8094248771667 281.38442993164
71.998352050781 -3.997572183609 281.41094970703
62.497623443604 3.2808082103729 280.83044433594
62.989154815674 2.9653131961823 280.72778320312
63.505283355713 2.6883041858673 280.63485717773
64.036247253418 2.4348120689392 280.55953979492
64.562309265137 2.1720294952393 280.48190307617
65.0966796875 1.927873134613 280.40029907227
65.640098571777 1.7004636526108 280.33099365234
66.184783935547 1.4715206623077 280.27993774414
66.724311828613 1.2449606657028 280.18304443359
67.266319274902 1.0141686201096 280.11364746094
67.812370300293 0.79106533527374 280.05242919922
68.371208190918 0.61237841844559 279.96520996094
68.923324584961 0.41606262326241 279.87307739258
69.474090576172 0.21832224726677 279.77606201172
70.02473449707 0.023594925180078 279.67263793945
70.585166931152 -0.14523409307003 279.57635498047
71.149055480957 -0.30371508002281 279.4826965332
71.714950561523 -0.45189565420151 279.38439941406
72.28141784668 -0.5941316485405 279.28100585938
72.849044799805 -0.7035129070282 279.14794921875
73.418273925781 -0.80693775415421 279.01705932617
73.986465454102 -0.9007083773613 278.87487792969
74.546112060547 -1.0037612915039 278.70742797852
75.107398986816 -1.1095036268234 278.54733276367
75.670265197754 -1.2177546024323 278.39462280273
62.43395614624 3.1732473373413 281.5182800293
62.889270782471 2.838570356369 281.67260742188
63.375389099121 2.5404095649719 281.80700683594
63.872222900391 2.2608509063721 281.94226074219
64.37442779541 1.9886589050293 282.07266235352
64.880302429199 1.7218172550201 282.19973754883
65.398796081543 1.4747802019119 282.31555175781
65.927192687988 1.2466659545898 282.42529296875
66.464447021484 1.0375307798386 282.52972412109
66.998100280762 0.83090662956238 282.65545654297
67.533531188965 0.62913101911545 282.78155517578
68.073204040527 0.43580335378647 282.90267944336
68.606491088867 0.23593634366989 283.04028320312
69.130256652832 0.027672065421939 283.20025634766
69.652862548828 -0.17573553323746 283.36999511719
70.174728393555 -0.37573462724686 283.5458984375
70.706832885742 -0.55989193916321 283.70791625977
71.243591308594 -0.73602938652039 283.86328125
71.760093688965 -0.91857779026031 284.07104492188
72.294677734375 -1.0078741312027 284.29364013672
72.82820892334 -1.0941034555435 284.5198059082
73.354568481445 -1.236230134964 284.734375
73.882431030273 -1.3778519630432 284.94555664062
74.407157897949 -1.5272936820984 285.1591796875
74.932968139648 -1.6825466156006 285.36587524414
