62.498603820801 -4.5151023864746 272.14633178711
68.504524230957 3.2073445320129 278.20608520508
70.871910095215 -2.1910622119904 279.07299804688
71.29598236084 1.3817498683929 273.74478149414
62.492408752441 -4.1348552703857 272.396484375
62.49666595459 -3.7554848194122 272.64767456055
62.584197998047 -3.3894762992859 272.90344238281
62.757637023926 -3.0515699386597 273.15432739258
62.911441802979 -2.7058289051056 273.4072265625
63.11328125 -2.3809533119202 273.6540222168
63.336002349854 -2.0669991970062 273.89697265625
63.545585632324 -1.7460156679153 274.14239501953
63.774211883545 -1.4353555440903 274.38409423828
63.999408721924 -1.1227893829346 274.62655639648
64.224494934082 -0.81012541055679 274.86898803711
64.457313537598 -0.50187408924103 275.10977172852
64.69026184082 -0.19368822872639 275.35052490234
64.930862426758 0.10996451973915 275.58947753906
65.184150695801 0.40567204356194 275.82525634766
65.438453674316 0.70075505971909 276.06076049805
65.680053710938 1.0037975311279 276.29949951172
65.926467895508 1.3038665056229 276.53704833984
66.197830200195 1.5873630046844 276.76766967773
66.485221862793 1.8590817451477 276.99301147461
66.774711608887 2.1291494369507 277.21762084961
67.086517333984 2.3807845115662 277.43362426758
67.409873962402 2.6219227313995 277.64456176758
67.752235412598 2.8441753387451 277.84603881836
68.118598937988 3.0389077663422 278.033203125
62.679630279541 -4.4066042900085 272.53521728516
62.793327331543 -4.0722332000732 272.79840087891
63.137439727783 -3.9734115600586 273.06225585938
63.39868927002 -3.7707889080048 273.36187744141
63.720123291016 -3.6154160499573 273.63049316406
64.027961730957 -3.4383969306946 273.90167236328
64.346771240234 -3.2648093700409 274.16213989258
64.681335449219 -3.1012227535248 274.4089050293
65.002807617188 -2.956032037735 274.68319702148
65.325645446777 -2.8148307800293 274.95718383789
65.689613342285 -2.7674973011017 275.21102905273
65.986679077148 -2.765501499176 275.5442199707
66.321197509766 -2.6840555667877 275.82894897461
66.631607055664 -2.5904140472412 276.13641357422
66.929374694824 -2.4855468273163 276.45257568359
67.247299194336 -2.4013001918793 276.75482177734
67.614631652832 -2.292533159256 276.98480224609
67.971145629883 -2.1748695373535 277.22689819336
68.280868530273 -2.0618331432343 277.52844238281
68.610122680664 -1.9506441354752 277.8092956543
68.945602416992 -1.8890438079834 278.09790039062
69.267440795898 -1.8906635046005 278.40774536133
69.662078857422 -1.9084498882294 278.61645507812
70.039176940918 -1.9863842725754 278.84292602539
70.454193115234 -2.0534517765045 278.99404907227
62.74292755127 -4.1719522476196 272.12524414062
62.927864074707 -3.833339214325 272.296875
63.228992462158 -3.5668942928314 272.42803955078
63.515739440918 -3.2841746807098 272.55737304688
63.822757720947 -3.0237760543823 272.68707275391
64.140815734863 -2.7717754840851 272.80633544922
64.469047546387 -2.5282456874847 272.91519165039
64.796081542969 -2.2791969776154 273.01477050781
65.129676818848 -2.0348002910614 273.10348510742
65.482650756836 -1.8130362033844 273.17501831055
65.849182128906 -1.6179373264313 273.25555419922
66.222038269043 -1.4304121732712 273.32415771484
66.59105682373 -1.2287846803665 273.36953735352
66.937614440918 -0.986392557621 273.37579345703
67.268562316895 -0.72302955389023 273.37301635742
67.602394104004 -0.46486169099808 273.40127563477
67.960845947266 -0.25353837013245 273.47698974609
68.326805114746 -0.077565401792526 273.59530639648
68.684043884277 0.12581647932529 273.69485473633
69.027053833008 0.36159345507622 273.76998901367
69.364875793457 0.60342854261398 273.84927368164
69.719268798828 0.83372068405151 273.86471557617
70.106971740723 1.0025728940964 273.85919189453
70.504730224609 1.1430996656418 273.82897949219
70.87629699707 1.336719751358 273.7717590332
