67.097427368164 -3.0025112628937 268.15676879883
80.149017333984 0.64323747158051 276.79150390625
83.389137268066 -6.9144277572632 275.4157409668
84.476943969727 4.5326137542725 270.34536743164
66.947326660156 -2.688236951828 268.72497558594
67.085479736328 -2.3878567218781 269.30697631836
67.313163757324 -2.1045966148376 269.86920166016
67.613739013672 -1.8403128385544 270.40603637695
67.95435333252 -1.588680267334 270.92459106445
68.352058410645 -1.3581556081772 271.41146850586
68.786460876465 -1.1435335874557 271.87371826172
69.24422454834 -0.94018280506134 272.31802368164
69.743782043457 -0.75946980714798 272.72564697266
70.276542663574 -0.59972906112671 273.09860229492
70.823135375977 -0.44970908761024 273.45523071289
71.379463195801 -0.30695310235023 273.7995300293
71.950271606445 -0.17575769126415 274.12423706055
72.531776428223 -0.053789917379618 274.43310546875
73.130355834961 0.052000656723976 274.71411132812
73.738761901855 0.14753116667271 274.97711181641
74.35636138916 0.23250710964203 275.2216796875
74.977897644043 0.31264358758926 275.4577331543
75.60831451416 0.38107272982597 275.67303466797
76.24560546875 0.43937006592751 275.87030029297
76.886909484863 0.49122035503387 276.05606079102
77.533027648926 0.53466963768005 276.22668457031
78.18514251709 0.56612086296082 276.37573242188
78.839546203613 0.59245932102203 276.51547241211
79.496170043945 0.61337339878082 276.64535522461
67.41535949707 -3.1124074459076 268.79351806641
67.805221557617 -2.9885210990906 269.37484741211
68.414817810059 -3.0732667446136 269.76019287109
68.985275268555 -3.1238310337067 270.20767211914
69.546333312988 -3.2145345211029 270.66018676758
70.135726928711 -3.342267036438 271.06585693359
70.714080810547 -3.510493516922 271.47268676758
71.299392700195 -3.707688331604 271.85556030273
71.916938781738 -3.9035429954529 272.18460083008
72.561920166016 -4.0849299430847 272.46649169922
73.195121765137 -4.2906746864319 272.75814819336
73.846664428711 -4.4676070213318 273.02722167969
74.518028259277 -4.6276803016663 273.25546264648
75.182807922363 -4.8085279464722 273.48742675781
75.857345581055 -4.9806542396545 273.69635009766
76.549545288086 -5.1296515464783 273.86090087891
77.249938964844 -5.2725262641907 273.99328613281
77.948013305664 -5.4180645942688 274.13400268555
78.635650634766 -5.5504670143127 274.32901000977
79.331550598145 -5.6919617652893 274.48422241211
80.028358459473 -5.7935543060303 274.6647644043
80.716773986816 -5.9225053787231 274.8591003418
81.395416259766 -6.1274971961975 275.01995849609
82.064956665039 -6.3726773262024 275.16171264648
82.732788085938 -6.6232943534851 275.30197143555
67.522888183594 -2.4774413108826 268.46719360352
67.865158081055 -2.1589777469635 269.03381347656
68.534774780273 -1.8892337083817 269.24630737305
69.120819091797 -1.4529169797897 269.44338989258
69.707008361816 -1.0281631946564 269.66290283203
70.327735900879 -0.62950849533081 269.82995605469
70.965393066406 -0.23473572731018 269.9299621582
71.62963104248 0.1186256930232 270.01174926758
72.303260803223 0.45747071504593 270.07623291016
72.987327575684 0.77754038572311 270.12493896484
73.676460266113 1.0894030332565 270.15029907227
74.372123718262 1.38658618927 270.17053222656
75.081184387207 1.6478896141052 270.21005249023
75.804969787598 1.8630814552307 270.26077270508
76.536499023438 2.0529806613922 270.30026245117
77.260887145996 2.2706680297852 270.32659912109
77.982231140137 2.4985153675079 270.34979248047
78.711067199707 2.7018804550171 270.36386108398
79.434310913086 2.9244697093964 270.35043334961
80.149299621582 3.172413110733 270.33963012695
80.856941223145 3.4407560825348 270.33172607422
81.570610046387 3.6925897598267 270.33740234375
82.294494628906 3.9112293720245 270.36920166016
83.023094177246 4.1153922080994 270.38543701172
83.75577545166 4.3034152984619 270.36013793945
