116.94355010986 15.0336561203 579.10809326172
115.99942779541 -12.236665725708 589.17657470703
119.93957519531 -13.091281890869 589.79949951172
115.65608978271 -11.302042007446 593.14489746094
117.07274627686 13.954091072083 578.81024169922
117.19867706299 12.835624694824 578.98358154297
117.32332611084 11.736880302429 579.24926757812
117.44745635986 10.64589881897 579.55126953125
117.61109924316 9.5546236038208 579.83166503906
117.78664398193 8.4632596969604 580.10546875
117.9146194458 7.3815932273865 580.42230224609
117.92864227295 6.3231587409973 580.84234619141
117.9426574707 5.264723777771 581.26232910156
117.92498779297 4.2627048492432 581.80310058594
117.90724945068 3.2608115673065 582.34417724609
117.8638458252 2.2558228969574 582.87780761719
117.81119537354 1.2497191429138 583.40869140625
117.74749755859 0.23990181088448 583.93035888672
117.63697052002 -0.78565782308578 584.41296386719
117.52644348145 -1.8112174272537 584.8955078125
117.41633605957 -2.8515005111694 585.34539794922
117.30773162842 -3.8917710781097 585.79571533203
117.20362854004 -4.9256114959717 586.26177978516
117.08338165283 -5.9622273445129 586.71673583984
116.92774200439 -7.0049324035645 587.14733886719
116.76921844482 -8.047477722168 587.57727050781
116.60578155518 -9.0897531509399 588.00598144531
116.41164398193 -10.133312225342 588.41802978516
116.1932220459 -11.1969871521 588.75872802734
117.47282409668 13.975455284119 579.09051513672
117.76031494141 12.837138175964 579.2490234375
118.06122589111 11.714047431946 579.47454833984
118.39087677002 10.640814781189 579.85284423828
118.75730133057 9.567666053772 580.19586181641
119.15989685059 8.4960308074951 580.49981689453
119.40110778809 7.3917417526245 580.85479736328
119.60849761963 6.2835631370544 581.21856689453
119.71468353271 5.1605343818665 581.58081054688
119.79989624023 4.0361971855164 581.94409179688
119.79725646973 2.9400777816772 582.39373779297
119.78367614746 1.848028421402 582.85290527344
119.69969940186 0.76420247554779 583.32403564453
119.6068649292 -0.31832495331764 583.79644775391
119.51555633545 -1.4017933607101 584.26702880859
119.44022369385 -2.4947137832642 584.71813964844
119.36493682861 -3.5876471996307 585.16925048828
119.32043457031 -4.6758184432983 585.6357421875
119.33793640137 -5.7516498565674 586.13165283203
119.35826873779 -6.8272838592529 586.6279296875
119.38446807861 -7.9024066925049 587.125
119.42306518555 -8.9841432571411 587.60668945312
119.52954864502 -10.096249580383 588.0009765625
119.63475799561 -11.20080280304 588.41638183594
119.7265625 -12.191492080688 589.05895996094
117.08589172363 13.912259101868 579.40020751953
117.27777862549 12.791024208069 579.66320800781
117.46968841553 11.669803619385 579.92620849609
117.68460083008 10.603324890137 580.34991455078
117.89992523193 9.538158416748 580.77673339844
118.11525726318 8.473014831543 581.20367431641
118.19940185547 7.426278591156 581.7138671875
118.28159332275 6.3798904418945 582.22521972656
118.34952545166 5.3379778862 582.74761962891
118.31036376953 4.337703704834 583.34844970703
118.27071380615 3.3376195430756 583.94958496094
118.18270111084 2.3352525234222 584.54174804688
118.05355834961 1.3344422578812 585.12896728516
117.89350891113 0.33602070808411 585.71264648438
117.69933319092 -0.66619169712067 586.27923583984
117.48845672607 -1.6698476076126 586.83721923828
117.37059783936 -2.6668257713318 587.43316650391
117.26927947998 -3.6618807315826 588.03546142578
117.13620758057 -4.6522908210754 588.63922119141
116.91506958008 -5.6259093284607 589.24438476562
116.6915512085 -6.5948448181152 589.85620117188
116.45651245117 -7.5288934707642 590.51605224609
116.23812103271 -8.4660873413086 591.17718505859
115.99285125732 -9.397481918335 591.83709716797
115.81656646729 -10.339295387268 592.50421142578
