154.294921875 11.136829376221 648.833984375
157.06465148926 -6.2620244026184 657.60308837891
151.74447631836 -7.535295009613 653.11779785156
159.90165710449 -7.0796322822571 651.36444091797
154.48954772949 11.224848747253 649.603515625
154.68489074707 11.020491600037 650.34155273438
154.86029052734 10.586966514587 650.97491455078
155.01162719727 10.009360313416 651.49768066406
155.14237976074 9.3534870147705 651.93109130859
155.25776672363 8.6548976898193 652.29949951172
155.36306762695 7.9336977005005 652.62585449219
155.46238708496 7.2009701728821 652.92755126953
155.55752563477 6.4608979225159 653.21215820312
155.64936828613 5.7153654098511 653.48321533203
155.73976135254 4.9674911499023 653.74835205078
155.83042907715 4.2200541496277 654.01458740234
155.92085266113 3.4722933769226 654.27990722656
156.00843811035 2.7201297283173 654.53350830078
156.10054016113 1.9749773740768 654.80560302734
156.18930053711 1.2246121168137 655.06414794922
156.27973937988 0.47683438658714 655.32952880859
156.37156677246 -0.26879677176476 655.60040283203
156.46389770508 -1.0135676860809 655.87347412109
156.56488037109 -1.761857509613 656.13208007812
156.67973327637 -2.5148758888245 656.37078857422
156.80741882324 -3.2638938426971 656.61596679688
156.86856079102 -4.0169038772583 656.87249755859
156.9133605957 -4.7746524810791 657.12054443359
157.03160095215 -5.5362510681152 657.30828857422
154.26986694336 10.874351501465 649.55426025391
154.23631286621 10.253203392029 649.99310302734
154.17755126953 9.5024280548096 650.13848876953
154.14277648926 8.7445592880249 650.25115966797
154.1441192627 7.9924058914185 650.40130615234
154.14546203613 7.2402415275574 650.55145263672
154.15263366699 6.4854321479797 650.68737792969
154.16011047363 5.7304916381836 650.82263183594
154.1651763916 4.9757080078125 650.95886230469
154.14372253418 4.2233581542969 651.10614013672
154.11891174316 3.471316576004 651.25482177734
154.06147766113 2.7136979103088 651.35662841797
153.99334716797 1.9552904367447 651.44860839844
153.88005065918 1.2117682695389 651.59454345703
153.75537109375 0.47206649184227 651.75451660156
153.61651611328 -0.2660531103611 651.90979003906
153.47059631348 -1.0033519268036 652.06268310547
153.29151916504 -1.7319326400757 652.22045898438
153.09367370605 -2.4553258419037 652.38116455078
152.89579772949 -3.1782946586609 652.54382324219
152.7008972168 -3.9016506671906 652.70825195312
152.47650146484 -4.5911903381348 652.94818115234
152.31146240234 -5.3122248649597 653.08996582031
152.18518066406 -6.0667552947998 653.12084960938
151.96716308594 -6.8017072677612 653.09637451172
154.7544708252 10.924948692322 649.39617919922
155.03517150879 10.309503555298 649.73333740234
155.18542480469 9.5685529708862 649.80035400391
155.31477355957 8.8234367370605 649.86492919922
155.44718933105 8.0797462463379 649.9384765625
155.59869384766 7.3448657989502 650.05291748047
155.75080871582 6.6104602813721 650.16918945312
155.91963195801 5.8890776634216 650.33410644531
156.0897064209 5.1684422492981 650.50085449219
156.24957275391 4.4367718696594 650.62414550781
156.40621948242 3.7030520439148 650.73907470703
156.55453491211 2.9645659923553 650.83258056641
156.7033996582 2.2260754108429 650.92462158203
156.87565612793 1.4875092506409 650.95538330078
157.04885864258 0.74916845560074 650.98577880859
157.25523376465 0.020664107054472 651.03814697266
157.50550842285 -0.69126099348068 651.11944580078
157.76473999023 -1.4020966291428 651.17944335938
158.03630065918 -2.1102676391602 651.20867919922
158.30513000488 -2.8194844722748 651.23767089844
158.56675720215 -3.5314178466797 651.26599121094
158.82675170898 -4.2439813613892 651.29351806641
159.06169128418 -4.9655575752258 651.30859375
159.30723571777 -5.6835904121399 651.32391357422
159.59469604492 -6.3858518600464 651.34112548828
