8.2771739959717 -42.379360198975 274.5212097168
44.806034088135 5.0629577636719 331.59753417969
49.06286239624 -14.889154434204 353.32498168945
71.776702880859 -7.7116584777832 332.83203125
6.8426885604858 -39.243824005127 274.05465698242
6.4481954574585 -35.858432769775 274.82220458984
6.4706063270569 -32.574600219727 276.01290893555
6.9213886260986 -29.49556350708 277.60266113281
7.6711039543152 -26.623212814331 279.4482421875
8.5720586776733 -23.877695083618 281.4153137207
9.6210317611694 -21.272174835205 283.49575805664
10.850431442261 -18.859495162964 285.70642089844
12.179343223572 -16.565351486206 287.98461914062
13.611161231995 -14.403715133667 290.32904052734
15.147158622742 -12.387641906738 292.73654174805
16.755439758301 -10.480239868164 295.18508911133
18.417593002319 -8.6583786010742 297.66256713867
20.167692184448 -6.985369682312 300.18411254883
21.995010375977 -5.4536290168762 302.7405090332
23.839698791504 -3.9552528858185 305.30413818359
25.743207931519 -2.5747203826904 307.89074707031
27.716726303101 -1.3449170589447 310.5009765625
29.722610473633 -0.1894523203373 313.12045288086
31.771894454956 0.86110252141953 315.75048828125
33.857635498047 1.8183810710907 318.38745117188
35.991077423096 2.6447978019714 321.0305480957
38.140056610107 3.4261267185211 323.67474365234
40.340793609619 4.0469374656677 326.31893920898
42.543876647949 4.6599493026733 328.96301269531
7.1556940078735 -39.253551483154 276.32284545898
6.9624471664429 -35.990341186523 278.24475097656
8.1629848480225 -33.95291519165 281.1823425293
9.4414548873901 -32.034187316895 284.20440673828
10.957479476929 -30.55647277832 287.30541992188
12.228670120239 -28.611066818237 290.28656005859
13.91602230072 -27.095720291138 293.33261108398
15.624391555786 -25.638059616089 296.39199829102
17.442312240601 -24.251968383789 299.40914916992
19.377479553223 -23.467838287354 302.5553894043
21.276874542236 -22.019443511963 305.51477050781
23.055171966553 -21.125106811523 308.74801635742
24.800437927246 -19.939586639404 311.89483642578
26.566436767578 -19.256353378296 315.19241333008
27.920022964478 -20.301120758057 318.1135559082
29.774795532227 -20.189395904541 321.27905273438
31.655866622925 -19.151138305664 324.4162902832
33.493629455566 -18.159967422485 327.59539794922
35.422924041748 -17.35585975647 330.76412963867
37.472431182861 -16.797416687012 333.91918945312
39.521934509277 -16.238975524902 337.07421875
41.385955810547 -15.936794281006 340.36865234375
43.179664611816 -15.720346450806 343.71496582031
45.028621673584 -15.24914264679 347.00524902344
46.889549255371 -14.996205329895 350.3115234375
8.2475605010986 -38.630020141602 274.63162231445
9.5288543701172 -35.483413696289 276.1328125
11.509670257568 -32.923973083496 278.16537475586
13.630362510681 -30.781337738037 280.47274780273
15.854525566101 -28.990724563599 283.01986694336
17.911417007446 -26.717824935913 285.28210449219
20.371866226196 -25.611474990845 287.83636474609
22.321533203125 -23.501258850098 290.34573364258
24.783958435059 -22.107595443726 292.81121826172
27.018737792969 -20.385202407837 295.35342407227
29.413932800293 -18.749094009399 297.82162475586
31.918867111206 -17.25860786438 300.30178833008
34.74182510376 -16.494205474854 302.56838989258
37.198333740234 -15.272995948792 305.23657226562
39.71752166748 -14.076236724854 307.85305786133
42.719791412354 -14.026585578918 309.65200805664
45.765182495117 -14.0919713974 311.44375610352
48.400161743164 -12.961224555969 313.97131347656
51.010108947754 -11.920808792114 316.56695556641
53.809017181396 -10.932860374451 318.98318481445
56.655673980713 -10.075416564941 321.39312744141
59.656749725342 -9.4365100860596 323.66876220703
62.719776153564 -8.8600311279297 325.888671875
65.740684509277 -8.2904977798462 328.16409301758
68.709007263184 -7.9767036437988 330.55889892578
