48.171714782715 -9.6229705810547 261.35601806641
80.578598022461 2.2114977836609 270.50790405273
83.710052490234 -0.56873792409897 270.83673095703
82.873092651367 3.5269787311554 267.51351928711
49.32861328125 -9.068883895874 261.84628295898
50.581951141357 -8.6214008331299 262.18756103516
51.834045410156 -8.172215461731 262.53112792969
53.096225738525 -7.7371435165405 262.85543823242
54.362010955811 -7.307324886322 263.17260742188
55.631931304932 -6.8836441040039 263.48141479492
56.901630401611 -6.4596514701843 263.79067993164
58.171424865723 -6.0357913970947 264.09976196289
59.434997558594 -5.6027550697327 264.42132568359
60.693786621094 -5.1628561019897 264.75225830078
61.950595855713 -4.7201690673828 265.08694458008
63.206855773926 -4.2767081260681 265.42266845703
64.459533691406 -3.8283154964447 265.76513671875
65.71208190918 -3.3797523975372 266.10787963867
66.96558380127 -2.9324989318848 266.44885253906
68.217323303223 -2.482816696167 266.79309082031
69.468818664551 -2.0328123569489 267.13778686523
70.713005065918 -1.5730872154236 267.4958190918
71.964065551758 -1.1225109100342 267.84136962891
73.209785461426 -0.66478228569031 268.19665527344
74.449775695801 -0.19960702955723 268.56216430664
75.682807922363 0.27434009313583 268.9397277832
76.916259765625 0.74772620201111 269.31665039062
78.124130249023 1.2511454820633 269.73516845703
79.333862304688 1.7524865865707 270.15081787109
49.603588104248 -9.5972328186035 261.64489746094
50.994701385498 -9.2593326568604 261.94055175781
52.378566741943 -8.8866233825684 262.22833251953
53.757675170898 -8.5042343139648 262.52606201172
55.136238098145 -8.1278972625732 262.83380126953
56.512729644775 -7.7833576202393 263.18505859375
57.8860206604 -7.4261465072632 263.53616333008
59.251720428467 -7.0404939651489 263.88677978516
60.616947174072 -6.6525802612305 264.23678588867
61.981433868408 -6.2612075805664 264.58581542969
63.342708587646 -5.8624863624573 264.93902587891
64.695411682129 -5.4444847106934 265.30270385742
66.059783935547 -5.0331697463989 265.62844848633
67.409423828125 -4.598512172699 265.98394775391
68.753593444824 -4.1580471992493 266.35272216797
70.111930847168 -3.7385313510895 266.69290161133
71.485618591309 -3.333167552948 266.98510742188
72.83179473877 -2.9391670227051 267.39666748047
74.198028564453 -2.5713829994202 267.76400756836
75.572616577148 -2.2037100791931 268.09884643555
76.937202453613 -1.8304206132889 268.466796875
78.304565429688 -1.4747439622879 268.84176635742
79.643951416016 -1.1287409067154 269.31408691406
81.037872314453 -0.93857508897781 269.71105957031
82.383407592773 -0.74837821722031 270.2497253418
49.517887115479 -9.0943212509155 261.45361328125
50.837226867676 -8.5514516830444 261.71084594727
52.180553436279 -8.0586853027344 261.94381713867
53.530986785889 -7.5818433761597 262.1686706543
54.888526916504 -7.1149263381958 262.37036132812
56.24955368042 -6.6532030105591 262.56008911133
57.595436096191 -6.1700592041016 262.79837036133
58.940414428711 -5.6888914108276 263.0456237793
60.288627624512 -5.2207527160645 263.30014038086
61.638862609863 -4.7571063041687 263.55209350586
63.005115509033 -4.3306355476379 263.78253173828
64.373542785645 -3.9121227264404 264.01461791992
65.744873046875 -3.5051600933075 264.24978637695
67.068733215332 -3.0049920082092 264.5641784668
68.39574432373 -2.5107486248016 264.87451171875
69.75959777832 -2.0898430347443 265.12799072266
71.079795837402 -1.5883903503418 265.45544433594
72.405090332031 -1.0788822174072 265.748046875
73.732078552246 -0.56719571352005 266.02893066406
75.060035705566 -0.056555964052677 266.30709838867
76.387138366699 0.46206846833229 266.57440185547
77.711311340332 0.99681329727173 266.82388305664
79.032096862793 1.5453245639801 267.06103515625
80.333755493164 2.1609933376312 267.22912597656
81.627891540527 2.8037791252136 267.3459777832
