148.537109375 -60.742317199707 335.18963623047
67.524169921875 39.023506164551 358.07089233398
42.922145843506 14.296482086182 329.88421630859
42.199817657471 4.2326340675354 371.3518371582
149.33456420898 -55.268753051758 336.46148681641
148.61131286621 -49.780002593994 337.73211669922
147.37127685547 -44.379154205322 338.9807434082
145.71789550781 -39.083992004395 340.20352172852
143.76484680176 -33.886520385742 341.40264892578
141.4828338623 -28.817539215088 342.57104492188
138.9252166748 -23.874807357788 343.70922851562
136.11349487305 -19.066699981689 344.82467651367
133.33207702637 -14.312260627747 346.20794677734
132.36033630371 -9.180061340332 347.74304199219
133.05111694336 -3.7544851303101 349.07238769531
134.02404785156 1.597482919693 350.6526184082
131.13328552246 6.2892718315125 351.66354370117
127.26588439941 10.370255470276 352.44552612305
123.16535186768 14.228922843933 353.17837524414
118.89120483398 17.915061950684 353.82061767578
114.52223205566 21.45069694519 354.64633178711
110.0158996582 24.809520721436 355.41885375977
105.27612304688 27.863821029663 356.09829711914
100.25772094727 30.475429534912 356.61358642578
95.091957092285 32.764488220215 357.0422668457
89.747406005859 34.662239074707 357.3659362793
84.285545349121 36.18607711792 357.7063293457
78.756698608398 37.393260955811 358.17553710938
73.150756835938 38.277786254883 358.28857421875
146.55218505859 -55.880718231201 335.38967895508
144.34533691406 -51.134475708008 335.85681152344
141.83491516113 -46.541889190674 336.32711791992
139.02766418457 -42.128173828125 336.83081054688
136.09782409668 -37.784202575684 337.232421875
132.7783203125 -33.725963592529 337.58834838867
129.45860290527 -29.671903610229 337.9875793457
126.24007415771 -25.5442237854 338.45513916016
122.03089904785 -22.399173736572 338.38180541992
118.27533721924 -18.736421585083 338.68881225586
114.06268310547 -15.597850799561 338.82006835938
109.98151397705 -12.300145149231 339.11056518555
105.40744018555 -9.7416334152222 338.73086547852
101.05158996582 -6.8061456680298 338.5735168457
96.630393981934 -3.975528717041 338.33947753906
91.97599029541 -1.5844480991364 337.85525512695
87.271537780762 0.71342420578003 337.40475463867
82.550819396973 2.8730773925781 336.58865356445
77.748680114746 4.8616251945496 335.81381225586
72.891052246094 6.7048897743225 335.02569580078
67.976280212402 8.3524599075317 334.16207885742
62.967178344727 9.6584215164185 333.25735473633
57.929374694824 10.723831176758 332.20825195312
52.913311004639 11.453629493713 330.82205200195
47.811912536621 12.374094963074 329.95999145508
146.36405944824 -56.502906799316 337.43405151367
144.41703796387 -51.880611419678 339.03997802734
142.08981323242 -47.432987213135 340.63314819336
139.25619506836 -43.262180328369 342.15267944336
136.31144714355 -39.13916015625 343.5895690918
133.07270812988 -35.289558410645 345.14660644531
129.66159057617 -31.537397384644 346.56793212891
125.82299804688 -28.16534614563 347.8430480957
121.95374298096 -24.818222045898 349.09252929688
118.08703613281 -21.494428634644 350.40957641602
114.0450668335 -18.368909835815 351.68295288086
109.74447631836 -15.546325683594 352.80807495117
105.68253326416 -12.49938583374 354.16232299805
100.88379669189 -10.693345069885 355.353515625
96.378692626953 -8.2937412261963 356.64526367188
91.751686096191 -6.307806968689 358.18768310547
87.00569152832 -4.4615111351013 359.52984619141
82.214538574219 -2.7611920833588 360.9030456543
77.350830078125 -1.362890124321 362.36065673828
72.479423522949 -0.010857415385544 363.83416748047
67.493614196777 0.88281965255737 365.27587890625
62.495384216309 1.75162088871 366.68899536133
57.408557891846 2.5550532341003 367.78775024414
52.316673278809 2.5484673976898 369.13198852539
47.173603057861 2.9469728469849 370.19250488281
