76.37296295166 -62.540229797363 295.27481079102
72.626136779785 5.2850317955017 326.22305297852
47.783050537109 -1.392789721489 335.54180908203
67.709625244141 -7.3859658241272 348.94180297852
78.146842956543 -60.673252105713 293.50021362305
79.61058807373 -58.129299163818 292.41616821289
80.776641845703 -55.278575897217 291.86486816406
81.642051696777 -52.272701263428 291.79306030273
82.140747070312 -49.218620300293 292.25271606445
82.283798217773 -46.235271453857 293.18325805664
82.005363464355 -43.473781585693 294.61944580078
81.366561889648 -41.027320861816 296.44046020508
80.351638793945 -39.023235321045 298.62017822266
79.446479797363 -36.870899200439 300.70251464844
78.781188964844 -34.441387176514 302.55426025391
78.255172729492 -31.872829437256 304.26373291016
77.818237304688 -29.226934432983 305.8779296875
77.322067260742 -26.631580352783 307.55587768555
76.818130493164 -24.043054580688 309.24206542969
76.354446411133 -21.419538497925 310.88513183594
75.928077697754 -18.764904022217 312.48785400391
75.450012207031 -16.153760910034 314.14645385742
74.973274230957 -13.541447639465 315.80358886719
74.527908325195 -10.902523994446 317.42697143555
74.073860168457 -8.2708873748779 319.05963134766
73.493499755859 -5.7528538703918 320.82604980469
73.050804138184 -3.1116909980774 322.44650268555
72.592124938965 -0.48393657803535 324.08419799805
72.265106201172 2.2439541816711 325.57568359375
74.637954711914 -60.397346496582 293.81768798828
73.90584564209 -57.340126037598 293.11947631836
72.832511901855 -54.354080200195 293.40985107422
71.351043701172 -51.61478805542 294.30221557617
70.036430358887 -48.930335998535 295.49325561523
68.547653198242 -46.284660339355 296.49752807617
66.769378662109 -44.19128036499 298.19912719727
64.956192016602 -42.495273590088 300.26916503906
63.160137176514 -40.487735748291 302.05722045898
61.976417541504 -38.381771087646 304.21560668945
60.814819335938 -36.042541503906 306.12655639648
59.669231414795 -33.68391418457 308.02740478516
58.558364868164 -31.397769927979 310.03601074219
57.447498321533 -29.111623764038 312.04458618164
56.311500549316 -26.88311958313 314.10263061523
55.164772033691 -24.679227828979 316.18176269531
54.052082061768 -22.490015029907 318.29388427734
52.983531951904 -20.31983757019 320.44873046875
51.987434387207 -18.072771072388 322.55703735352
51.03772354126 -15.768615722656 324.62640380859
50.090263366699 -13.377187728882 326.59573364258
49.111934661865 -10.878149032593 328.4091796875
48.791973114014 -8.5020141601562 330.5325012207
48.433769226074 -5.9603805541992 332.43060302734
48.852527618408 -4.3924407958984 334.94747924805
78.697860717773 -60.982452392578 296.65509033203
80.428108215332 -58.640571594238 297.86563110352
81.462936401367 -56.302761077881 299.76422119141
82.057807922363 -54.064205169678 301.95797729492
82.400016784668 -51.809120178223 304.19009399414
82.24715423584 -49.805992126465 306.67114257812
81.575492858887 -48.136920928955 309.29425048828
80.893379211426 -46.573101043701 311.98956298828
80.318542480469 -45.036808013916 314.72406005859
79.58699798584 -43.106586456299 317.15933227539
78.871246337891 -41.012367248535 319.45712280273
78.13752746582 -38.891754150391 321.72729492188
77.353210449219 -36.820919036865 324.02685546875
76.628875732422 -34.7555809021 326.35040283203
75.921882629395 -32.699115753174 328.68643188477
74.901885986328 -30.757520675659 331.00622558594
73.958869934082 -28.786409378052 333.33200073242
73.103080749512 -26.781860351562 335.66458129883
72.131896972656 -24.691926956177 337.87271118164
71.208564758301 -22.523057937622 340.0221862793
70.372505187988 -20.254953384399 342.10711669922
69.461738586426 -17.865770339966 344.01861572266
68.503913879395 -15.346140861511 345.72653198242
68.267845153809 -12.345379829407 346.7265625
66.636726379395 -9.9008626937866 347.29385375977
