59.842533111572 4.3711628913879 274.39819335938
68.478134155273 -5.1981897354126 273.58889770508
70.246742248535 -2.4747550487518 271.39898681641
70.406951904297 -2.8739750385284 276.07626342773
59.742198944092 3.8796148300171 274.36370849609
59.902477264404 3.3976933956146 274.32650756836
60.135929107666 2.9462847709656 274.29058837891
60.412651062012 2.5196914672852 274.25595092773
60.708183288574 2.1059036254883 274.2219543457
61.028175354004 1.7106148004532 274.18902587891
61.366733551025 1.3309794664383 274.15698242188
61.71586227417 0.96101009845734 274.12545776367
62.077911376953 0.60358053445816 274.0947265625
62.444519042969 0.25081288814545 274.06427001953
62.820178985596 -0.092338971793652 274.03436279297
63.207218170166 -0.42270070314407 274.00527954102
63.596168518066 -0.75081497430801 273.97631835938
63.98551940918 -1.0784393548965 273.94738769531
64.385856628418 -1.3926290273666 273.91934204102
64.774406433105 -1.721201300621 273.8903503418
65.173934936523 -2.0364167690277 273.86218261719
65.563133239746 -2.3641748428345 273.83322143555
65.925720214844 -2.7210638523102 273.80249023438
66.27938079834 -3.0867562294006 273.77127075195
66.629287719727 -3.4560270309448 273.73986816406
66.985786437988 -3.818966627121 273.70880126953
67.349502563477 -4.1747045516968 273.67813110352
67.723663330078 -4.5195116996765 273.6481628418
68.126258850098 -4.8307881355286 273.62026977539
59.987045288086 3.9984951019287 274.14706420898
60.347282409668 3.678802728653 274.03936767578
60.732460021973 3.3693866729736 273.93988037109
61.116874694824 3.0547027587891 273.85546875
61.510459899902 2.746444940567 273.78958129883
61.912826538086 2.4494957923889 273.72943115234
62.336353302002 2.1797833442688 273.68304443359
62.756187438965 1.9045507907867 273.63635253906
63.16926574707 1.6192307472229 273.5891418457
63.579723358154 1.3310931921005 273.53689575195
63.987506866455 1.0400804281235 273.47946166992
64.389373779297 0.75403892993927 273.38204956055
64.786010742188 0.4723938703537 273.2492980957
65.185096740723 0.20082385838032 273.10369873047
65.587173461914 -0.064187243580818 272.95465087891
66.004447937012 -0.30199816823006 272.8010559082
66.424057006836 -0.53428560495377 272.64587402344
66.853561401367 -0.74313110113144 272.48406982422
67.28849029541 -0.95225697755814 272.33850097656
67.720855712891 -1.1644222736359 272.19375610352
68.092544555664 -1.4053778648376 271.95281982422
68.504455566406 -1.6329441070557 271.78314208984
68.939918518066 -1.852666258812 271.65524291992
69.373680114746 -2.0620760917664 271.50765991211
69.805694580078 -2.2610068321228 271.34014892578
60.024047851562 3.9795336723328 274.6750793457
60.34338760376 3.6068410873413 274.71304321289
60.762619018555 3.3371474742889 274.76968383789
61.14107131958 2.993732213974 274.80908203125
61.521045684814 2.6503946781158 274.83459472656
61.916206359863 2.3245894908905 274.86059570312
62.320446014404 2.0105211734772 274.88061523438
62.743480682373 1.7207573652267 274.88821411133
63.160118103027 1.4217791557312 274.88778686523
63.577590942383 1.1241010427475 274.88891601562
64.008239746094 0.84675824642181 274.91342163086
64.425323486328 0.55358475446701 274.95193481445
64.808319091797 0.22064144909382 275.02572631836
65.196235656738 -0.0980364382267 275.12368774414
65.592323303223 -0.39300900697708 275.26181030273
65.988418579102 -0.68798154592514 275.39996337891
66.421646118164 -0.93325459957123 275.52191162109
66.858619689941 -1.1750613451004 275.63800048828
67.30054473877 -1.4155535697937 275.73721313477
67.727569580078 -1.669416308403 275.86282348633
68.154685974121 -1.9218686819077 275.98983764648
68.60905456543 -2.1433863639832 276.076171875
69.061790466309 -2.3698589801788 276.15808105469
69.513084411621 -2.5940823554993 276.25140380859
69.961791992188 -2.7921252250671 276.31732177734
