68.055633544922 -5.5916986465454 269.26983642578
76.994636535645 4.4014377593994 267.2048034668
82.33869934082 3.5174934864044 269.93853759766
82.164093017578 2.8845136165619 263.34335327148
67.992462158203 -5.0538024902344 269.21905517578
68.091430664062 -4.5223631858826 269.15100097656
68.255477905273 -4.007830619812 269.07757568359
68.449371337891 -3.5041449069977 269.001953125
68.680099487305 -3.0165643692017 268.92398071289
68.935920715332 -2.5419118404388 268.84463500977
69.22046661377 -2.0841071605682 268.76388549805
69.520919799805 -1.6366974115372 268.68249511719
69.838195800781 -1.2011730670929 268.60052490234
70.174057006836 -0.77992630004883 268.51800537109
70.528869628906 -0.37456899881363 268.43511962891
70.891258239746 0.023991130292416 268.35214233398
71.274726867676 0.40229830145836 268.26895141602
71.665855407715 0.77265024185181 268.18576049805
72.077293395996 1.1203747987747 268.10278320312
72.492721557617 1.463338136673 268.01986694336
72.91967010498 1.7919089794159 267.93719482422
73.352989196777 2.1120958328247 267.8547668457
73.779441833496 2.4412903785706 267.77206420898
74.223205566406 2.7469413280487 267.69000244141
74.673057556152 3.0436334609985 267.60821533203
75.116775512695 3.3493511676788 267.52615356445
75.567054748535 3.6453990936279 267.44436645508
76.02619934082 3.9276578426361 267.36312866211
76.503692626953 4.1780552864075 267.28329467773
68.404243469238 -5.0866203308105 269.50555419922
68.71418762207 -4.4974694252014 269.45495605469
69.107345581055 -3.9581913948059 269.42517089844
69.560745239258 -3.4689712524414 269.39450073242
70.070137023926 -3.0399398803711 269.33670043945
70.57869720459 -2.607855796814 269.29733276367
71.100486755371 -2.1916325092316 269.25952148438
71.620918273926 -1.7731431722641 269.23083496094
72.140357971191 -1.3526268005371 269.23333740234
72.689987182617 -0.97300487756729 269.22802734375
73.242660522461 -0.60470962524414 269.30413818359
73.805160522461 -0.2474721968174 269.35702514648
74.387519836426 0.078158818185329 269.39758300781
74.986694335938 0.37291744351387 269.42929077148
75.576301574707 0.68544912338257 269.46856689453
76.182075500488 0.96627604961395 269.50112915039
76.799797058105 1.22074842453 269.52554321289
77.41828918457 1.4736623764038 269.54608154297
78.028694152832 1.7441020011902 269.57992553711
78.627395629883 2.0351016521454 269.640625
79.247421264648 2.2840735912323 269.66329956055
79.873237609863 2.51824259758 269.68435668945
80.498115539551 2.7523593902588 269.72494506836
81.117805480957 2.9983355998993 269.77407836914
81.731552124023 3.2535746097565 269.84548950195
68.371368408203 -5.1594743728638 268.84344482422
68.80973815918 -4.6564559936523 268.67980957031
69.284027099609 -4.1921448707581 268.50219726562
69.756477355957 -3.7177963256836 268.34765625
70.216896057129 -3.2362260818481 268.17971801758
70.689338684082 -2.768835067749 268.00540161133
71.188034057617 -2.333845615387 267.82046508789
71.68724822998 -1.9015367031097 267.63076782227
72.18058013916 -1.473259806633 267.41802978516
72.69172668457 -1.080489397049 267.18045043945
73.231735229492 -0.74248921871185 266.92306518555
73.78050994873 -0.42284795641899 266.66079711914
74.336769104004 -0.11331050097942 266.40237426758
74.928215026855 0.14972050487995 266.17193603516
75.51252746582 0.41991350054741 265.93176269531
76.108131408691 0.67324429750443 265.70114135742
76.694267272949 0.93143421411514 265.45239257812
77.291931152344 1.1593979597092 265.20153808594
77.903388977051 1.3773741722107 264.97634887695
78.517486572266 1.602707028389 264.76608276367
79.132553100586 1.8204697370529 264.55068969727
79.755828857422 2.0117383003235 264.33380126953
80.370109558105 2.2206840515137 264.1076965332
80.97868347168 2.4219903945923 263.86026000977
81.578262329102 2.6316561698914 263.59826660156
