66.976387023926 1.2371318340302 268.49752807617
82.66487121582 -1.1491330862045 269.77520751953
85.419258117676 0.48415145277977 268.72253417969
84.529670715332 -0.50676369667053 271.71432495117
67.502906799316 0.92439860105515 268.43957519531
68.086708068848 0.73023909330368 268.44140625
68.683776855469 0.58378595113754 268.46591186523
69.287788391113 0.47395795583725 268.50735473633
69.894706726074 0.38661327958107 268.55892944336
70.502502441406 0.30830517411232 268.6145324707
71.110778808594 0.23586210608482 268.67276000977
71.718467712402 0.15630568563938 268.7278137207
72.326026916504 0.075488664209843 268.78237915039
72.93270111084 -0.014132198877633 268.83294677734
73.540542602539 -0.091925762593746 268.88876342773
74.148681640625 -0.16610053181648 268.94625854492
74.756912231445 -0.23912569880486 269.00424194336
75.364356994629 -0.32121497392654 269.05822753906
75.971992492676 -0.40136227011681 269.11297607422
76.580101013184 -0.47595053911209 269.17028808594
77.188003540039 -0.55300265550613 269.22647094727
77.79647064209 -0.62284123897552 269.2858581543
78.405227661133 -0.68845355510712 269.34713745117
79.014640808105 -0.74091070890427 269.41421508789
79.623565673828 -0.80375283956528 269.47671508789
80.232879638672 -0.85875713825226 269.5426940918
80.84228515625 -0.91032898426056 269.61010742188
81.449172973633 -0.99799180030823 269.66152954102
82.05590057373 -1.087008357048 269.71243286133
67.678520202637 1.2024689912796 268.38009643555
68.390083312988 1.1888922452927 268.34167480469
69.102806091309 1.1877323389053 268.34100341797
69.815116882324 1.1708495616913 268.3586730957
70.520980834961 1.1494195461273 268.45492553711
71.229385375977 1.0918744802475 268.50814819336
71.937759399414 1.0410064458847 268.56811523438
72.647529602051 0.99355900287628 268.61227416992
73.355941772461 0.9454699754715 268.6741027832
74.057342529297 0.88627368211746 268.78594970703
74.764976501465 0.82783806324005 268.84768676758
75.47534942627 0.77333456277847 268.86727905273
76.185417175293 0.71482390165329 268.88638305664
76.895294189453 0.65399050712585 268.90521240234
77.60570526123 0.60385715961456 268.93310546875
78.315505981445 0.59674102067947 268.99722290039
79.027565002441 0.58759844303131 269.02667236328
79.739822387695 0.57542288303375 269.00375366211
80.452514648438 0.57827877998352 269.01007080078
81.164688110352 0.59038609266281 269.03549194336
81.877296447754 0.59233433008194 269.04833984375
82.589027404785 0.57257157564163 269.01620483398
83.297523498535 0.52693331241608 268.95349121094
84.007133483887 0.47158795595169 268.91659545898
84.713394165039 0.47647172212601 268.82089233398
67.614105224609 1.0618917942047 268.70001220703
68.268768310547 0.95363414287567 268.89529418945
68.93123626709 0.89827001094818 269.08636474609
69.607353210449 0.84713417291641 269.22320556641
70.287719726562 0.77494841814041 269.32522583008
70.968162536621 0.70230531692505 269.42642211914
71.648979187012 0.62677866220474 269.52288818359
72.329833984375 0.55137008428574 269.61917114258
73.012626647949 0.48182678222656 269.70562744141
73.696517944336 0.41583359241486 269.78598022461
74.381149291992 0.34944179654121 269.85940551758
75.066421508789 0.28267529606819 269.92623901367
75.751617431641 0.21570174396038 269.99349975586
76.431030273438 0.13278688490391 270.09368896484
77.109687805176 0.048433396965265 270.19769287109
77.789215087891 -0.0051216534338892 270.31558227539
78.46866607666 -0.052633039653301 270.43640136719
79.141235351562 -0.089343369007111 270.59396362305
79.808181762695 -0.14649550616741 270.76840209961
80.475578308105 -0.20011425018311 270.94226074219
81.141632080078 -0.25366804003716 271.12121582031
81.808265686035 -0.31558865308762 271.29525756836
82.472595214844 -0.38436380028725 271.47540283203
83.155410766602 -0.44129386544228 271.57046508789
83.842826843262 -0.48291882872581 271.63558959961
