60.198631286621 10.511263847351 266.2785949707
81.725257873535 -2.5259811878204 269.99362182617
81.435211181641 0.13035069406033 268.39688110352
81.332061767578 0.23893041908741 271.24038696289
60.598209381104 9.6113004684448 266.42919921875
61.159286499023 8.8059701919556 266.58374023438
61.812564849854 8.0721578598022 266.73840332031
62.526515960693 7.3959441184998 266.8918762207
63.28536605835 6.769679069519 267.04348754883
64.076347351074 6.1833662986755 267.19329833984
64.89168548584 5.6308484077454 267.34127807617
65.726936340332 5.1081161499023 267.48751831055
66.570289611816 4.598325252533 267.63296508789
67.416549682617 4.0932960510254 267.7780456543
68.272201538086 3.604150056839 267.92211914062
69.132415771484 3.1227962970734 268.06564331055
69.996322631836 2.6480195522308 268.2087097168
70.868263244629 2.1879091262817 268.35076904297
71.749885559082 1.7461125850677 268.49151611328
72.641494750977 1.3242871761322 268.63070678711
73.539215087891 0.91533410549164 268.76892089844
74.44017791748 0.51337164640427 268.90658569336
75.344268798828 0.11830793321133 269.04370117188
76.25008392334 -0.27292528748512 269.18051147461
77.155731201172 -0.66451209783554 269.31741333008
78.061599731445 -1.0555979013443 269.45422363281
78.97240447998 -1.4353947639465 269.59008789062
79.888977050781 -1.8014758825302 269.72479248047
80.806983947754 -2.1640598773956 269.85925292969
60.673690795898 9.7363538742065 266.10437011719
61.367153167725 9.1234941482544 266.0612487793
62.096790313721 8.5527629852295 266.07443237305
62.876552581787 8.0563688278198 266.13714599609
63.679470062256 7.6083850860596 266.25143432617
64.460807800293 7.1215386390686 266.35583496094
65.269546508789 6.6896796226501 266.48956298828
66.073677062988 6.2394490242004 266.58499145508
66.892951965332 5.8259305953979 266.71237182617
67.724624633789 5.4523096084595 266.87725830078
68.549041748047 5.0534825325012 267.01773071289
69.37427520752 4.6482520103455 267.13278198242
70.207618713379 4.264075756073 267.26086425781
71.047248840332 3.9015483856201 267.40939331055
71.886894226074 3.5222294330597 267.50720214844
72.731582641602 3.1548709869385 267.60717773438
73.586761474609 2.8205933570862 267.73120117188
74.446235656738 2.4972400665283 267.85452270508
75.308723449707 2.1756482124329 267.96008300781
76.176742553711 1.8591628074646 268.02947998047
77.041976928711 1.534826874733 268.09762573242
77.905410766602 1.2057573795319 268.16583251953
78.771621704102 0.88304698467255 268.22903442383
79.656776428223 0.61013340950012 268.24819946289
80.551368713379 0.40764078497887 268.37854003906
60.811000823975 9.9401082992554 266.69018554688
61.48624420166 9.3380012512207 266.92007446289
62.194355010986 8.7727251052856 267.14453125
62.929710388184 8.2372236251831 267.35391235352
63.688579559326 7.7281427383423 267.5442199707
64.48641204834 7.2612037658691 267.67385864258
65.278686523438 6.7910957336426 267.82437133789
66.084571838379 6.3444118499756 267.97402954102
66.905395507812 5.9217085838318 268.11166381836
67.730445861816 5.5083823204041 268.25247192383
68.561416625977 5.1026644706726 268.37994384766
69.388771057129 4.6936774253845 268.51992797852
70.208076477051 4.2769131660461 268.68243408203
71.024391174316 3.8688848018646 268.87866210938
71.855056762695 3.4791672229767 269.05038452148
72.704666137695 3.1215324401855 269.19741821289
73.554061889648 2.7756476402283 269.3713684082
74.420875549316 2.4597854614258 269.51364135742
75.286270141602 2.1514940261841 269.67916870117
76.138198852539 1.8398557901382 269.89935302734
76.989051818848 1.5252778530121 270.11950683594
77.847145080566 1.234156370163 270.34375
78.721153259277 0.99173307418823 270.564453125
79.587265014648 0.73819953203201 270.80313110352
80.454917907715 0.47861671447754 271.02932739258
