73.012672424316 -3.2302417755127 269.22076416016
78.454437255859 1.0524961948395 271.45156860352
79.371925354004 -1.3339560031891 272.36422729492
80.048820495605 0.014717277139425 268.8210144043
73.115501403809 -2.9958963394165 269.34030151367
73.274620056152 -2.7882561683655 269.44711303711
73.440200805664 -2.5846993923187 269.55191040039
73.627288818359 -2.3966224193573 269.64923095703
73.82494354248 -2.2173743247986 269.7421875
74.035858154297 -2.0505907535553 269.82904052734
74.240142822266 -1.8773576021194 269.91903686523
74.447441101074 -1.7070194482803 270.00769042969
74.651229858398 -1.5333453416824 270.09796142578
74.862258911133 -1.366671204567 270.18475341797
75.07234954834 -1.1990585327148 270.27197265625
75.290809631348 -1.0402163267136 270.35498046875
75.508239746094 -0.88023918867111 270.4384765625
75.727325439453 -0.72206276655197 270.52111816406
75.948654174805 -0.56637984514236 270.60247802734
76.171806335449 -0.41281405091286 270.68286132812
76.400436401367 -0.26577258110046 270.76000976562
76.632827758789 -0.12349696457386 270.83477783203
76.855514526367 0.03056731633842 270.91537475586
77.053070068359 0.20991303026676 271.00839233398
77.284942626953 0.35239139199257 271.08331298828
77.507881164551 0.50624150037766 271.16375732422
77.746780395508 0.63962739706039 271.23413085938
77.981025695801 0.77948933839798 271.30770874023
78.216270446777 0.91799747943878 271.38064575195
73.192268371582 -3.1732141971588 269.43646240234
73.399795532227 -3.0376243591309 269.58117675781
73.644096374512 -2.9453430175781 269.70104980469
73.893653869629 -2.8444728851318 269.80166625977
74.149116516113 -2.7551896572113 269.89828491211
74.404281616211 -2.6527853012085 269.9817199707
74.669136047363 -2.5783252716064 270.06469726562
74.937576293945 -2.5157520771027 270.1457824707
75.199699401855 -2.4230625629425 270.21850585938
75.459899902344 -2.3263919353485 270.29290771484
75.719062805176 -2.2360846996307 270.37814331055
75.978134155273 -2.1500008106232 270.46789550781
76.240127563477 -2.0679125785828 270.55279541016
76.499633789062 -1.9889887571335 270.6477355957
76.754302978516 -1.9060908555984 270.75192260742
77.005195617676 -1.825031042099 270.8662109375
77.24983215332 -1.7541748285294 270.99926757812
77.481384277344 -1.7030851840973 271.16156005859
77.708274841309 -1.6153297424316 271.31454467773
77.93758392334 -1.5390800237656 271.47006225586
78.170127868652 -1.4887502193451 271.63122558594
78.403167724609 -1.4617589712143 271.79721069336
78.627838134766 -1.4212077856064 271.97174072266
78.848075866699 -1.3535809516907 272.14352416992
79.103973388672 -1.3044228553772 272.2646484375
73.210311889648 -3.0048146247864 269.16604614258
73.460952758789 -2.8315162658691 269.16577148438
73.70906829834 -2.6550996303558 269.15710449219
73.972206115723 -2.502158164978 269.17181396484
74.240989685059 -2.3611538410187 269.19885253906
74.515213012695 -2.2307476997375 269.22473144531
74.791412353516 -2.1045603752136 269.25042724609
75.066352844238 -1.9760758876801 269.27819824219
75.339996337891 -1.8460477590561 269.31066894531
75.623115539551 -1.7369426488876 269.3391418457
75.907852172852 -1.6316398382187 269.36578369141
76.193809509277 -1.5291496515274 269.39010620117
76.482780456543 -1.4338127374649 269.40676879883
76.772994995117 -1.3413203954697 269.41506958008
77.060791015625 -1.2425636053085 269.39828491211
77.340713500977 -1.1226459741592 269.38702392578
77.627151489258 -1.0190049409866 269.37783813477
77.917411804199 -0.92725938558578 269.36367797852
78.205497741699 -0.83192121982574 269.33560180664
78.49112701416 -0.73112064599991 269.3020324707
78.77709197998 -0.62580382823944 269.30065917969
79.02970123291 -0.46414241194725 269.24655151367
79.270332336426 -0.30067056417465 269.15582275391
79.498764038086 -0.15359798073769 269.0178527832
79.774703979492 -0.054510127753019 268.93478393555
