67.476043701172 -3.7131407260895 267.25564575195
78.39875793457 7.2923564910889 273.98132324219
83.354904174805 -3.2247376441956 275.8876953125
84.749114990234 1.8352094888687 265.57885742188
67.390144348145 -3.0868949890137 267.53240966797
67.442825317383 -2.4654276371002 267.82778930664
67.55982208252 -1.8549680709839 268.12762451172
67.740303039551 -1.2611175775528 268.42932128906
67.976463317871 -0.68676567077637 268.73031616211
68.239158630371 -0.12346724420786 269.03021240234
68.560935974121 0.41084218025208 269.32556152344
68.905853271484 0.93202817440033 269.61822509766
69.285598754883 1.4312918186188 269.9059753418
69.690658569336 1.9128142595291 270.18936157227
70.132957458496 2.3652892112732 270.46487426758
70.604125976562 2.7923634052277 270.73297119141
71.102073669434 3.1932513713837 270.99295043945
71.620697021484 3.5719347000122 271.24572753906
72.156387329102 3.9307188987732 271.49185180664
72.708625793457 4.2686033248901 271.73083496094
73.284645080566 4.5733327865601 271.9580078125
73.885231018066 4.8385682106018 272.17065429688
74.477439880371 5.1179914474487 272.38851928711
75.058326721191 5.4153418540955 272.61303710938
75.613594055176 5.7492814064026 272.8505859375
76.160980224609 6.0927028656006 273.09140014648
76.618270874023 6.5323162078857 273.36322021484
77.191902160645 6.8394865989685 273.59118652344
77.846565246582 6.95436668396 273.74234008789
67.625175476074 -3.8999993801117 267.96182250977
68.002388000488 -3.7727515697479 268.59292602539
68.409202575684 -3.5816051959991 269.1884765625
68.855133056641 -3.3116455078125 269.72232055664
69.315368652344 -2.9632112979889 270.19491577148
69.880500793457 -2.6621329784393 270.57797241211
70.483787536621 -2.3969585895538 270.92797851562
71.119590759277 -2.1458451747894 271.22708129883
71.778457641602 -1.9383889436722 271.50924682617
72.470230102539 -1.7970098257065 271.75061035156
73.162658691406 -1.6918300390244 272.00805664062
73.847328186035 -1.6116896867752 272.29373168945
74.543853759766 -1.5700113773346 272.55813598633
75.246307373047 -1.5523873567581 272.80917358398
75.937194824219 -1.6076065301895 273.08563232422
76.61351776123 -1.6986095905304 273.38745117188
77.266159057617 -1.8349219560623 273.72253417969
77.919075012207 -1.9445750713348 274.06677246094
78.570922851562 -2.0187020301819 274.42227172852
79.236671447754 -2.1211631298065 274.74337768555
79.905899047852 -2.2316319942474 275.05438232422
80.595886230469 -2.3668444156647 275.30429077148
81.28955078125 -2.5200731754303 275.53268432617
81.977760314941 -2.6972980499268 275.76019287109
82.664237976074 -2.9439704418182 275.91735839844
67.69499206543 -3.2667872905731 266.6930847168
68.163497924805 -2.8178403377533 266.32446289062
68.681632995605 -2.2749178409576 266.30078125
69.13818359375 -1.6799267530441 266.34509277344
69.662269592285 -1.1428657770157 266.38034057617
70.248725891113 -0.67601823806763 266.43060302734
70.885963439941 -0.28567889332771 266.50531005859
71.568557739258 0.010035291314125 266.61334228516
72.257202148438 0.29030910134315 266.72406005859
72.955383300781 0.54413324594498 266.83395385742
73.690223693848 0.69224095344543 266.88998413086
74.425971984863 0.8380880355835 266.93975830078
75.162841796875 0.98013865947723 266.97937011719
75.909957885742 1.047473192215 267.02548217773
76.654411315918 1.1491124629974 267.00970458984
77.389511108398 1.2768647670746 266.91989135742
78.111747741699 1.3985900878906 266.75088500977
78.84049987793 1.4763114452362 266.5837097168
79.57154083252 1.553326010704 266.42645263672
80.304100036621 1.6314829587936 266.27725219727
81.04500579834 1.6728410720825 266.15728759766
81.79027557373 1.686802983284 266.06008911133
82.536163330078 1.7172161340714 265.97171020508
83.281463623047 1.7441593408585 265.87750244141
84.024154663086 1.7592022418976 265.76254272461
