36.976291656494 14.440761566162 340.80328369141
20.810693740845 -2.3706459999084 334.52893066406
15.473393440247 0.63991540670395 341.73046875
15.527645111084 4.3573393821716 331.69158935547
36.954341888428 13.536637306213 340.49847412109
36.720699310303 12.662096977234 340.19546508789
36.407363891602 11.811137199402 339.89730834961
35.992858886719 11.001028060913 339.60900878906
35.500053405762 10.232028007507 339.33148193359
35.014865875244 9.4586515426636 339.05285644531
34.445640563965 8.7391958236694 338.78903198242
33.841068267822 8.0463161468506 338.53280639648
33.192276000977 7.3905687332153 338.28732299805
32.464378356934 6.8141756057739 338.06555175781
31.824754714966 6.1503176689148 337.81771850586
31.107334136963 5.562310218811 337.59246826172
30.362340927124 5.0058374404907 337.3766784668
29.600816726685 4.4697198867798 337.16714477539
28.871692657471 3.8947331905365 336.94573974609
28.137233734131 3.3258655071259 336.72619628906
27.411088943481 2.7475166320801 336.50375366211
26.701457977295 2.1510508060455 336.27593994141
25.983610153198 1.5634663105011 336.05078125
25.27352142334 0.96752268075943 335.82302856445
24.563943862915 0.37100809812546 335.59518432617
23.837097167969 -0.20655757188797 335.37301635742
23.103996276855 -0.77700930833817 335.15301513672
22.369438171387 -1.3457459211349 334.93347167969
21.580118179321 -1.8447060585022 334.73538208008
36.368740081787 13.7674036026 341.20010375977
35.70100402832 13.024862289429 341.17764282227
35.023319244385 12.303984642029 341.03479003906
34.324001312256 11.602029800415 340.90319824219
33.587173461914 10.935581207275 340.79217529297
32.839939117432 10.28157043457 340.6852722168
32.00358581543 9.7384281158447 340.615234375
31.167505264282 9.1946210861206 340.5478515625
30.334772109985 8.6424150466919 340.51608276367
29.49614906311 8.0989074707031 340.49481201172
28.624752044678 7.6090769767761 340.48452758789
27.743324279785 7.1375164985657 340.48245239258
26.843629837036 6.701940536499 340.4970703125
25.947256088257 6.2603011131287 340.52514648438
25.060905456543 5.8025155067444 340.59005737305
24.175716400146 5.3428964614868 340.65637207031
23.324058532715 4.8302311897278 340.76239013672
22.480152130127 4.3056402206421 340.87194824219
21.624717712402 3.796008348465 340.96081542969
20.761434555054 3.3002817630768 341.05233764648
19.882385253906 2.8301541805267 341.12716674805
18.977628707886 2.4064402580261 341.16284179688
18.062456130981 2.0050573348999 341.19009399414
17.147016525269 1.6101967096329 341.2639465332
16.258150100708 1.1946992874146 341.45541381836
36.372756958008 14.111808776855 340.08959960938
35.728843688965 13.512633323669 339.6262512207
35.171360015869 12.838283538818 339.15466308594
34.513172149658 12.194131851196 338.78002929688
33.771495819092 11.618347167969 338.4518737793
32.993511199951 11.082904815674 338.13986206055
32.219501495361 10.573384284973 337.77914428711
31.385173797607 10.142995834351 337.45022583008
30.536226272583 9.7327442169189 337.13333129883
29.664381027222 9.3539056777954 336.84024047852
28.782163619995 8.9850835800171 336.56607055664
27.886552810669 8.6303071975708 336.31793212891
26.990835189819 8.2759218215942 336.0696105957
26.092247009277 7.9329600334167 335.81579589844
25.18616104126 7.6240549087524 335.54537963867
24.284875869751 7.3228778839111 335.25122070312
23.389024734497 7.0309290885925 334.93225097656
22.49164390564 6.7808332443237 334.58346557617
21.584743499756 6.4965586662292 334.2897644043
20.699705123901 6.1976261138916 333.94784545898
19.828577041626 5.8953990936279 333.57455444336
18.957899093628 5.5483751296997 333.24130249023
18.114269256592 5.1432256698608 332.90414428711
17.244888305664 4.7920203208923 332.57196044922
16.432788848877 4.5763506889343 332.04040527344
