67.874618530273 -0.65178787708282 268.50967407227
77.616119384766 -3.1669027805328 272.38430786133
80.982528686523 -2.3706858158112 267.7834777832
79.59708404541 1.4360815286636 274.56762695312
67.944236755371 -0.94080013036728 268.81799316406
68.117027282715 -1.2151237726212 269.10531616211
68.366600036621 -1.4495266675949 269.36950683594
68.691078186035 -1.6284121274948 269.58837890625
69.046127319336 -1.7779437303543 269.78399658203
69.423721313477 -1.8992561101913 269.95822143555
69.801322937012 -2.0205686092377 270.13247680664
70.19637298584 -2.1141755580902 270.28228759766
70.59545135498 -2.2013928890228 270.42645263672
70.996475219727 -2.285947561264 270.56649780273
71.403038024902 -2.3628988265991 270.69470214844
71.809608459473 -2.4398498535156 270.82290649414
72.218421936035 -2.5097832679749 270.94778442383
72.628852844238 -2.5746641159058 271.07022094727
73.039283752441 -2.6395449638367 271.1926574707
73.454109191895 -2.6908001899719 271.3063659668
73.86922454834 -2.7411396503448 271.41949462891
74.285064697266 -2.7902255058289 271.53051757812
74.700965881348 -2.8391928672791 271.64135742188
75.111930847168 -2.9010238647461 271.76278686523
75.521438598633 -2.9688904285431 271.88607788086
75.939262390137 -3.025940656662 271.98519897461
76.363784790039 -3.0348770618439 272.07012939453
76.783584594727 -3.0608065128326 272.17227172852
77.200416564941 -3.1245737075806 272.27075195312
68.226196289062 -1.0098385810852 268.66162109375
68.611030578613 -1.2850495576859 268.87890625
69.110816955566 -1.4428306818008 268.85467529297
69.624366760254 -1.546098947525 268.8235168457
70.135375976562 -1.6479791402817 268.76132202148
70.642478942871 -1.7482713460922 268.67092895508
71.154396057129 -1.8320500850677 268.59155273438
71.667938232422 -1.9095747470856 268.51638793945
72.179794311523 -1.9667097330093 268.416015625
72.693794250488 -2.0185465812683 268.32388305664
73.211067199707 -2.0728685855865 268.25448608398
73.729789733887 -2.1424341201782 268.21780395508
74.248489379883 -2.191725730896 268.1565246582
74.76912689209 -2.2322254180908 268.10513305664
75.290725708008 -2.2682445049286 268.06024169922
75.811660766602 -2.3013195991516 268.00640869141
76.333847045898 -2.3155405521393 267.95721435547
76.85636138916 -2.3405623435974 267.9162902832
77.378082275391 -2.3866143226624 267.88513183594
77.900596618652 -2.4323887825012 267.87103271484
78.424858093262 -2.4457113742828 267.86486816406
78.949172973633 -2.4288074970245 267.8694152832
79.472358703613 -2.4049570560455 267.89944458008
79.987503051758 -2.4026730060577 267.9921875
80.505310058594 -2.3857355117798 267.98364257812
68.118179321289 -0.79324531555176 268.95169067383
68.503295898438 -0.94401961565018 269.26898193359
68.956954956055 -0.85094219446182 269.51470947266
69.407920837402 -0.74976110458374 269.76217651367
69.854804992676 -0.64450800418854 270.01525878906
70.291748046875 -0.52974724769592 270.28128051758
70.72924041748 -0.41305354237556 270.54550170898
71.170700073242 -0.28148007392883 270.79580688477
71.610298156738 -0.15484119951725 271.05184936523
72.04515838623 -0.038856942206621 271.32061767578
72.49291229248 0.11736803501844 271.54412841797
72.952995300293 0.25642144680023 271.75347900391
73.41837310791 0.38745868206024 271.95623779297
73.890258789062 0.50215101242065 272.15377807617
74.366584777832 0.60412210226059 272.34756469727
74.845001220703 0.69860887527466 272.54000854492
75.321586608887 0.80249345302582 272.73217773438
75.800369262695 0.90846717357635 272.91760253906
76.282371520996 1.0048439502716 273.09991455078
76.764038085938 1.0841113328934 273.29107666016
77.248123168945 1.1582373380661 273.47821044922
77.738990783691 1.1431852579117 273.66104125977
78.178703308105 1.2470011711121 273.92559814453
78.669242858887 1.2811707258224 274.10604858398
79.14119720459 1.3469393253326 274.32458496094
