59.074718475342 -1.1207332611084 262.75775146484
79.685554504395 -1.3832868337631 267.06735229492
80.710067749023 -0.0096844332292676 264.5290222168
79.963737487793 1.37482380867 267.49331665039
59.73473739624 -1.4730228185654 263.08563232422
60.475028991699 -1.6896014213562 263.35485839844
61.242443084717 -1.8383927345276 263.5920715332
62.027072906494 -1.929159283638 263.80075073242
62.820087432861 -1.9816950559616 263.99002075195
63.619621276855 -1.9925012588501 264.15753173828
64.421714782715 -1.9792609214783 264.31231689453
65.224319458008 -1.959886431694 264.46374511719
66.027839660645 -1.9268308877945 264.60784912109
66.83073425293 -1.9035065174103 264.75717163086
67.634147644043 -1.8722621202469 264.90225219727
68.437576293945 -1.8406245708466 265.0471496582
69.240623474121 -1.8149999380112 265.19528198242
70.044082641602 -1.7831171751022 265.33999633789
70.847602844238 -1.7498639822006 265.48400878906
71.650817871094 -1.7217333316803 265.63076782227
72.453826904297 -1.6969606876373 265.779296875
73.257339477539 -1.6636899709702 265.92333984375
74.061088562012 -1.6261531114578 266.06500244141
74.865142822266 -1.5815720558167 266.2028503418
75.669082641602 -1.5398119688034 266.34222412109
76.472816467285 -1.5026944875717 266.4841003418
77.275482177734 -1.4824424982071 266.63516235352
78.078147888184 -1.4622648954391 266.78616333008
78.881240844727 -1.4360048770905 266.93392944336
59.891532897949 -1.3034852743149 262.69311523438
60.727268218994 -1.3167009353638 262.77279663086
61.562999725342 -1.3299164772034 262.85247802734
62.398727416992 -1.3430150747299 262.93222045898
63.230850219727 -1.3083095550537 263.03869628906
64.062675476074 -1.2709974050522 263.14660644531
64.891899108887 -1.2267953157425 263.2707824707
65.720664978027 -1.1815049648285 263.39755249023
66.550590515137 -1.1398550271988 263.51782226562
67.381401062012 -1.1012085676193 263.63284301758
68.21565246582 -1.0606356859207 263.71859741211
69.048126220703 -1.002002120018 263.81091308594
69.878105163574 -0.92400932312012 263.91104125977
70.702583312988 -0.81761801242828 264.02893066406
71.532028198242 -0.73015213012695 264.12554931641
72.368057250977 -0.67795103788376 264.18304443359
73.198760986328 -0.5878090262413 264.2653503418
74.030799865723 -0.50571990013123 264.34240722656
74.866821289062 -0.45350176095963 264.40002441406
75.694412231445 -0.34683972597122 264.49313354492
76.528907775879 -0.27082386612892 264.54611206055
77.366149902344 -0.21308110654354 264.57168579102
78.203392028809 -0.15199084579945 264.58825683594
79.041770935059 -0.10638535022736 264.59188842773
79.875793457031 -0.014870699495077 264.62341308594
59.846618652344 -1.082973241806 263.06741333008
60.618522644043 -1.0452132225037 263.37707519531
61.424476623535 -0.96519196033478 263.56985473633
62.233047485352 -0.88055825233459 263.74926757812
63.04577255249 -0.82010000944138 263.91946411133
63.859676361084 -0.76750904321671 264.0866394043
64.673568725586 -0.71494823694229 264.25384521484
65.485900878906 -0.67218905687332 264.43112182617
66.298225402832 -0.62945002317429 264.60845947266
67.110557556152 -0.58671069145203 264.78576660156
67.923057556152 -0.52469629049301 264.95648193359
68.735656738281 -0.43760743737221 265.11535644531
69.551025390625 -0.34859302639961 265.25814819336
70.366157531738 -0.25611010193825 265.40014648438
71.18187713623 -0.16103248298168 265.53689575195
71.999488830566 -0.06331641972065 265.65979003906
72.814880371094 0.051536776125431 265.78262329102
73.629043579102 0.16772109270096 265.91220092773
74.440856933594 0.27860152721405 266.05990600586
75.250671386719 0.38705146312714 266.21984863281
76.048522949219 0.53897452354431 266.40280151367
76.844902038574 0.69903868436813 266.58526611328
77.641716003418 0.85991889238358 266.76516723633
78.432266235352 0.98874807357788 266.9921875
79.22728729248 1.1611614227295 267.1692199707
