71.157424926758 -3.300635099411 268.00408935547
77.683822631836 0.63815742731094 274.00231933594
78.03296661377 -3.0535492897034 272.76879882812
78.492446899414 0.6273780465126 270.10778808594
71.151977539062 -3.0711007118225 268.31201171875
71.267402648926 -2.8582990169525 268.61050415039
71.424339294434 -2.6570477485657 268.89791870117
71.60090637207 -2.4625055789948 269.17846679688
71.793556213379 -2.2740616798401 269.45251464844
72.002906799316 -2.0926361083984 269.71899414062
72.218757629395 -1.9141560792923 269.98220825195
72.449417114258 -1.7427365779877 270.23745727539
72.689292907715 -1.5760999917984 270.4873046875
72.942771911621 -1.4170043468475 270.728515625
73.201324462891 -1.2608661651611 270.96624755859
73.466239929199 -1.108638048172 271.19943237305
73.739944458008 -0.96206843852997 271.42599487305
74.03099822998 -0.82765889167786 271.63803100586
74.32234954834 -0.69348073005676 271.84979248047
74.627197265625 -0.56999349594116 272.04867553711
74.922203063965 -0.43859139084816 272.2571105957
75.222610473633 -0.31145793199539 272.46041870117
75.523399353027 -0.18463814258575 272.6633605957
75.815048217773 -0.050683613866568 272.87484741211
76.113838195801 0.07775416970253 273.07971191406
76.423805236816 0.1968819797039 273.27325439453
76.7255859375 0.3228994011879 273.47521972656
77.032012939453 0.44508466124535 273.67248535156
77.328773498535 0.57511961460114 273.87930297852
71.31421661377 -3.3478605747223 268.28625488281
71.498710632324 -3.3113417625427 268.55261230469
71.742027282715 -3.2856755256653 268.76879882812
71.99439239502 -3.2519989013672 268.97320556641
72.257667541504 -3.2079083919525 269.16125488281
72.521209716797 -3.163313627243 269.34875488281
72.791877746582 -3.104615688324 269.52169799805
73.064582824707 -3.0413823127747 269.68978881836
73.337295532227 -2.978147983551 269.85784912109
73.610176086426 -2.9152793884277 270.02575683594
73.890914916992 -2.8705995082855 270.18643188477
74.175361633301 -2.8359580039978 270.34295654297
74.45873260498 -2.8177409172058 270.50411987305
74.738304138184 -2.8285591602325 270.67248535156
75.020706176758 -2.8275532722473 270.83639526367
75.303741455078 -2.8236384391785 270.99914550781
75.580924987793 -2.8278329372406 271.17169189453
75.854263305664 -2.8428287506104 271.34970092773
76.121963500977 -2.8681683540344 271.53494262695
76.38484954834 -2.8949451446533 271.72674560547
76.657989501953 -2.9349746704102 271.90112304688
76.941612243652 -2.9470562934875 272.06240844727
77.213958740234 -2.9681167602539 272.24127197266
77.488311767578 -2.9781122207642 272.41802978516
77.766220092773 -3.0019633769989 272.58776855469
71.325523376465 -3.008725643158 268.03146362305
71.520027160645 -2.7697398662567 268.17105102539
71.779861450195 -2.5895764827728 268.29217529297
72.046821594238 -2.4213316440582 268.41497802734
72.314163208008 -2.2602095603943 268.5461730957
72.583992004395 -2.1089289188385 268.68383789062
72.857177734375 -1.9658877849579 268.82369995117
73.134574890137 -1.8316321372986 268.96395874023
73.421478271484 -1.7061582803726 269.09274291992
73.718544006348 -1.5913294553757 269.2077331543
74.017936706543 -1.479171037674 269.31924438477
74.325393676758 -1.3771790266037 269.41781616211
74.638381958008 -1.2639515399933 269.47998046875
74.952407836914 -1.1470909118652 269.52874755859
75.266044616699 -1.0329877138138 269.58587646484
75.57829284668 -0.91716074943542 269.64700317383
75.881759643555 -0.79207515716553 269.73007202148
76.179023742676 -0.64503639936447 269.79827880859
76.475967407227 -0.50124561786652 269.87442016602
76.772766113281 -0.36518454551697 269.96411132812
77.06534576416 -0.2570478618145 270.09558105469
77.35521697998 -0.083966046571732 270.09188842773
77.637733459473 0.1023522913456 270.08129882812
77.899742126465 0.31209954619408 270.03732299805
78.193748474121 0.46878534555435 270.09320068359
