60.445213317871 -2.9686589241028 281.47122192383
78.670387268066 10.891732215881 287.0520324707
81.783386230469 6.0375442504883 289.85543823242
82.079559326172 8.6518430709839 282.63507080078
60.376148223877 -2.0710411071777 281.73342895508
60.73055267334 -1.253592133522 282.00534057617
61.207523345947 -0.49284538626671 282.27005004883
61.781444549561 0.2015710324049 282.5227355957
62.438514709473 0.8237361907959 282.76043701172
63.166603088379 1.3687813282013 282.98080444336
63.952018737793 1.8371723890305 283.18286132812
64.779876708984 2.2361361980438 283.36761474609
65.635032653809 2.5806453227997 283.53823852539
66.51602935791 2.8623683452606 283.69223022461
67.369064331055 3.2102539539337 283.86376953125
68.194358825684 3.613668680191 284.04962158203
68.993659973145 4.0616130828857 284.24667358398
69.774642944336 4.538519859314 284.45092773438
70.546173095703 5.0292835235596 284.65853881836
71.310035705566 5.530740737915 284.86874389648
72.063003540039 6.0470252037048 285.08248901367
72.829963684082 6.5442667007446 285.29168701172
73.595222473145 7.0438799858093 285.50146484375
74.352127075195 7.5548634529114 285.71398925781
75.10506439209 8.0712118148804 285.92776489258
75.85620880127 8.5899324417114 286.14208984375
76.592750549316 9.1267652511597 286.36068725586
77.300224304199 9.6985378265381 286.58740234375
77.985305786133 10.295135498047 286.81970214844
61.049129486084 -2.7971687316895 282.1828918457
61.736644744873 -2.2537653446198 282.56689453125
62.482685089111 -1.7445374727249 282.88275146484
63.268871307373 -1.2952163219452 283.19241333008
64.076286315918 -0.88000732660294 283.49459838867
64.915702819824 -0.53772562742233 283.80139160156
65.768165588379 -0.20723108947277 284.08419799805
66.634773254395 0.11152440309525 284.33581542969
67.509140014648 0.41854983568192 284.57440185547
68.361717224121 0.79419845342636 284.79336547852
69.213577270508 1.1672302484512 285.0192565918
70.061248779297 1.5172928571701 285.29284667969
70.91153717041 1.8594697713852 285.56826782227
71.766883850098 2.1861789226532 285.84680175781
72.626770019531 2.511171579361 286.11309814453
73.493286132812 2.8334736824036 286.36050415039
74.349365234375 3.1622109413147 286.63433837891
75.193580627441 3.497617483139 286.935546875
76.02889251709 3.849983215332 287.2421875
76.856994628906 4.2153930664062 287.55313110352
77.684150695801 4.571439743042 287.87701416016
78.501846313477 4.8727321624756 288.27267456055
79.323173522949 5.1803493499756 288.65573120117
80.136367797852 5.5082912445068 289.03924560547
80.942161560059 5.7899107933044 289.47207641602
61.035606384277 -2.3946905136108 280.99798583984
61.759654998779 -1.7702314853668 281.06491088867
62.533447265625 -1.2331252098083 281.24566650391
63.327892303467 -0.73567622900009 281.44869995117
64.142242431641 -0.28604882955551 281.68121337891
64.998497009277 0.12347100675106 281.81793212891
65.877227783203 0.50480645895004 281.86697387695
66.762214660645 0.87379240989685 281.89309692383
67.648063659668 1.2390689849854 281.93502807617
68.516342163086 1.6393234729767 282.01165771484
69.370628356934 2.0689563751221 282.08456420898
70.227676391602 2.4688012599945 282.24450683594
71.079399108887 2.8919489383698 282.3684387207
71.950996398926 3.2889654636383 282.41857910156
72.838760375977 3.6513013839722 282.40298461914
73.692604064941 4.0834798812866 282.46774291992
74.556594848633 4.4930801391602 282.54278564453
75.444877624512 4.8396558761597 282.64566040039
76.292045593262 5.285756111145 282.70327758789
77.150329589844 5.7083768844604 282.77230834961
78.000183105469 6.1505827903748 282.81869506836
78.820533752441 6.6475467681885 282.80950927734
79.642997741699 7.1410179138184 282.80133056641
80.48607635498 7.598418712616 282.80285644531
81.294990539551 8.1098604202271 282.73876953125
