2.029678106308 -21.066720962524 -37.578449249268
2.2453734874725 -2.7783946990967 -30.481674194336
-5.8762001991272 -6.2273592948914 -37.058261871338
-2.8397755622864 -11.021835327148 -25.444231033325
2.6686546802521 -20.528995513916 -37.493236541748
3.1676142215729 -19.873207092285 -37.334613800049
3.657772064209 -19.211408615112 -37.171924591064
4.1378474235535 -18.543348312378 -37.004821777344
4.5904493331909 -17.859308242798 -36.826126098633
5.0089111328125 -17.157459259033 -36.633815765381
5.3454561233521 -16.421110153198 -36.412052154541
5.5989618301392 -15.660140037537 -36.164470672607
5.8158388137817 -14.8912525177 -35.90665435791
5.9863133430481 -14.114837646484 -35.63684463501
6.1162452697754 -13.333994865417 -35.357402801514
6.1751427650452 -12.550107955933 -35.062900543213
6.1847009658813 -11.767541885376 -34.759288787842
6.159969329834 -10.987535476685 -34.44998550415
6.072283744812 -10.21577835083 -34.131618499756
5.917149066925 -9.4579782485962 -33.80553817749
5.7285256385803 -8.7091121673584 -33.476417541504
5.4953751564026 -7.9743342399597 -33.144104003906
5.2040238380432 -7.2618780136108 -32.809143066406
4.8837647438049 -6.5622367858887 -32.473541259766
4.5175929069519 -5.8855047225952 -32.137924194336
4.1030268669128 -5.2365627288818 -31.803714752197
3.6670298576355 -4.6012225151062 -31.470630645752
3.1972513198853 -3.9890987873077 -31.140018463135
2.674985408783 -3.4178388118744 -30.815113067627
2.101288318634 -20.490858078003 -37.995376586914
2.181604385376 -19.793027877808 -38.12769317627
2.2267804145813 -19.080825805664 -38.168254852295
2.212292432785 -18.366195678711 -38.168811798096
2.1350495815277 -17.657056808472 -38.123828887939
2.0738835334778 -16.945947647095 -38.085071563721
1.9936181306839 -16.235763549805 -38.075340270996
1.86059653759 -15.533599853516 -38.086101531982
1.6630413532257 -14.84721660614 -38.061367034912
1.3631029129028 -14.19917678833 -38.036918640137
1.0650255680084 -13.549884796143 -38.014686584473
0.89018934965134 -12.857443809509 -38.000549316406
0.57778984308243 -12.222149848938 -37.909133911133
-0.11081889271736 -12.093262672424 -37.955547332764
-0.8249631524086 -12.073577880859 -37.953765869141
-1.4284697771072 -11.711506843567 -37.883613586426
-1.8430377244949 -11.133935928345 -37.809940338135
-2.2380304336548 -10.541060447693 -37.752010345459
-2.6490550041199 -9.9627170562744 -37.66544342041
-3.0672211647034 -9.3916654586792 -37.565650939941
-3.4915814399719 -8.8266839981079 -37.457790374756
-3.9261622428894 -8.2713413238525 -37.340957641602
-4.3760194778442 -7.7309393882751 -37.212440490723
-4.8371195793152 -7.1993703842163 -37.087036132812
-5.335554599762 -6.6926493644714 -37.012084960938
2.2164959907532 -20.949199676514 -36.921199798584
2.4997453689575 -20.608310699463 -36.387252807617
2.6743273735046 -20.165460586548 -35.882041931152
2.7577133178711 -19.664628982544 -35.408550262451
2.8286545276642 -19.157007217407 -34.940292358398
2.8787524700165 -18.643575668335 -34.475688934326
2.8936042785645 -18.137048721313 -34.001167297363
2.8493967056274 -17.646638870239 -33.511829376221
2.7987744808197 -17.162872314453 -33.016468048096
2.6817367076874 -16.695106506348 -32.517154693604
2.4490818977356 -16.270259857178 -32.020366668701
2.2862238883972 -15.830757141113 -31.508487701416
2.1805753707886 -15.359177589417 -31.010280609131
1.8404575586319 -15.008498191833 -30.534322738647
1.2168259620667 -14.957397460938 -30.233898162842
0.57566767930984 -14.895450592041 -29.980754852295
0.059647008776665 -14.656955718994 -29.584241867065
-0.35221594572067 -14.3003282547 -29.15454864502
-0.70667916536331 -13.876786231995 -28.733924865723
-1.0604041814804 -13.467149734497 -28.299121856689
-1.4112598896027 -13.061893463135 -27.858209609985
-1.6951813697815 -12.653661727905 -27.373762130737
-1.9558370113373 -12.245181083679 -26.876691818237
-2.2594194412231 -11.816102981567 -26.423152923584
-2.5557453632355 -11.404585838318 -25.949014663696
