74.851020812988 37.200325012207 313.92971801758
70.60457611084 0.31662061810493 335.95626831055
43.52367401123 13.453308105469 346.85275268555
46.313911437988 -3.829784154892 315.45446777344
76.71704864502 36.663654327393 314.44607543945
78.416946411133 35.833759307861 315.12411499023
80.00740814209 34.863418579102 315.87652587891
81.372344970703 33.66971206665 316.74206542969
82.482582092285 32.291469573975 317.6940612793
83.517593383789 30.869152069092 318.66528320312
84.302810668945 29.325735092163 319.68481445312
84.896484375 27.713275909424 320.72692871094
85.432693481445 26.083930969238 321.77349853516
85.659172058105 24.389057159424 322.82852172852
85.566276550293 22.670289993286 323.86566162109
85.31233215332 20.956216812134 324.8835144043
84.994644165039 19.247173309326 325.89184570312
84.585037231445 17.548931121826 326.88427734375
83.773147583008 15.943286895752 327.77941894531
82.873947143555 14.369120597839 328.64651489258
81.779136657715 12.882611274719 329.44036865234
80.654136657715 11.411984443665 330.22152709961
79.318557739258 10.073052406311 330.90112304688
78.135551452637 8.6349296569824 331.65658569336
77.037200927734 7.1502466201782 332.4489440918
75.937728881836 5.6661596298218 333.24090576172
74.734268188477 4.2401118278503 333.98690795898
73.402053833008 2.8987107276917 334.66827392578
72.019844055176 1.594580411911 335.32192993164
75.563079833984 36.387310028076 315.87881469727
76.599731445312 34.95149230957 317.27548217773
77.538345336914 33.580413818359 318.79779052734
77.950355529785 31.942157745361 320.25405883789
77.915962219238 30.218803405762 321.68460083008
76.871978759766 28.72353553772 322.80581665039
75.379470825195 27.444896697998 323.88888549805
73.895454406738 26.239124298096 325.07061767578
72.354347229004 25.00319480896 326.13827514648
71.213478088379 23.73193359375 327.58712768555
70.185363769531 22.582286834717 329.16558837891
68.45166015625 21.553579330444 330.17697143555
66.620323181152 20.74649810791 331.21328735352
64.741165161133 19.933084487915 332.15408325195
62.835151672363 19.113189697266 333.03784179688
60.989128112793 18.301008224487 334.02880859375
59.494358062744 17.307811737061 335.39483642578
57.857440948486 16.504932403564 336.71911621094
56.056064605713 15.807488441467 337.86102294922
54.220233917236 15.181982040405 338.98471069336
52.556823730469 14.638033866882 340.40313720703
50.916534423828 14.106199264526 341.85098266602
49.1217918396 13.723432540894 343.10919189453
47.204814910889 13.54102897644 344.2770690918
45.279933929443 13.536752700806 345.4401550293
75.805847167969 35.201358795166 314.15539550781
76.646697998047 33.257369995117 314.75543212891
77.405563354492 31.352935791016 315.62478637695
78.262718200684 29.381597518921 316.20333862305
78.455741882324 27.326719284058 316.99124145508
77.67603302002 25.387245178223 317.59365844727
76.309196472168 23.699724197388 317.94708251953
74.741180419922 22.137638092041 318.19143676758
73.463569641113 20.36893081665 318.4367980957
72.413040161133 18.431070327759 318.71966552734
71.147048950195 16.640130996704 319.0495300293
69.561561584473 15.097215652466 319.25122070312
68.008972167969 13.504657745361 319.14291381836
66.005447387695 12.723355293274 319.63299560547
64.359649658203 11.264245033264 319.39526367188
62.758285522461 9.7313871383667 319.41094970703
61.178638458252 8.167103767395 319.52182006836
59.61067199707 6.5865354537964 319.56405639648
58.037212371826 5.0285949707031 319.47634887695
56.448657989502 3.5327723026276 319.03192138672
54.773880004883 2.1522839069366 318.53726196289
53.08472442627 0.79290360212326 318.03088378906
51.354755401611 -0.48235890269279 317.44830322266
49.458683013916 -1.5892890691757 317.4040222168
47.811576843262 -2.6942496299744 316.64865112305
