9.6936178207397 -13.092073440552 -19.074741363525
6.2728800773621 7.7101955413818 -15.434592247009
-1.4672613143921 0.35285222530365 -18.515016555786
4.9579181671143 -0.50636506080627 -8.6975793838501
10.394906997681 -12.568186759949 -19.498271942139
10.91881942749 -11.812738418579 -19.790140151978
11.37246131897 -10.987138748169 -20.031309127808
11.783840179443 -10.131795883179 -20.242805480957
12.14811706543 -9.2481117248535 -20.421590805054
12.438354492188 -8.3289422988892 -20.549528121948
12.672856330872 -7.3895678520203 -20.639650344849
12.813933372498 -6.4279890060425 -20.667148590088
12.901385307312 -5.459547996521 -20.659097671509
12.941816329956 -4.4887561798096 -20.620115280151
12.910566329956 -3.5206534862518 -20.53443145752
12.801609992981 -2.5640127658844 -20.398656845093
12.660826683044 -1.6145758628845 -20.242553710938
12.453515052795 -0.68547183275223 -20.044301986694
12.177783966064 0.21528378129005 -19.803186416626
11.844633102417 1.0859352350235 -19.526540756226
11.474912643433 1.9341504573822 -19.227464675903
11.056389808655 2.7480237483978 -18.898777008057
10.581890106201 3.5156359672546 -18.536588668823
10.081308364868 4.2589054107666 -18.158973693848
9.5066833496094 4.9210066795349 -17.738389968872
8.8994903564453 5.5408120155334 -17.299339294434
8.2597808837891 6.1130232810974 -16.842226028442
7.5596504211426 6.577573299408 -16.352836608887
6.9214696884155 7.1520352363586 -15.896571159363
9.3098573684692 -12.708765983582 -19.606218338013
9.2132253646851 -12.019293785095 -19.90912437439
9.1170291900635 -11.302351951599 -20.140129089355
9.0221796035767 -10.563779830933 -20.288877487183
8.8785524368286 -9.8226642608643 -20.370656967163
8.7166547775269 -9.0828733444214 -20.426753997803
8.5580358505249 -8.3463802337646 -20.521852493286
8.3652448654175 -7.6157922744751 -20.597263336182
8.1142463684082 -6.899730682373 -20.624080657959
7.7930378913879 -6.2118282318115 -20.631200790405
7.4212050437927 -5.5498242378235 -20.636131286621
6.7160778045654 -5.3621129989624 -20.486349105835
6.0175290107727 -5.5736298561096 -20.284429550171
5.2920656204224 -5.4576573371887 -20.102386474609
4.6983389854431 -5.0205512046814 -19.920795440674
4.1389360427856 -4.5407228469849 -19.737844467163
3.5864765644073 -4.0441360473633 -19.581720352173
3.0584537982941 -3.4996917247772 -19.544200897217
2.5041835308075 -2.9825053215027 -19.502361297607
1.9040641784668 -2.53360247612 -19.379951477051
1.2966272830963 -2.1057543754578 -19.223306655884
0.7095707654953 -1.6308051347733 -19.143587112427
0.09025315195322 -1.2273494005203 -18.969623565674
-0.49786338210106 -0.75975382328033 -18.860315322876
-0.94473457336426 -0.17326274514198 -18.678825378418
10.115740776062 -12.763297080994 -18.557949066162
10.34498500824 -12.126876831055 -18.25101852417
10.448105812073 -11.441511154175 -17.98087310791
10.505971908569 -10.752179145813 -17.707326889038
10.572710037231 -10.073820114136 -17.409448623657
10.640849113464 -9.3975553512573 -17.107158660889
10.690369606018 -8.703218460083 -16.844928741455
10.705019950867 -8.0108737945557 -16.573320388794
10.660604476929 -7.3311457633972 -16.274602890015
10.629524230957 -6.6665797233582 -15.94190788269
10.607271194458 -6.0112080574036 -15.590725898743
10.163457870483 -5.7383766174316 -15.077189445496
9.6755323410034 -5.7469902038574 -14.517470359802
9.1702756881714 -5.6366415023804 -13.983330726624
8.7300157546997 -5.3171944618225 -13.477906227112
8.4751272201538 -4.7734055519104 -13.038951873779
8.1985988616943 -4.2391133308411 -12.601439476013
7.7786893844604 -3.786630153656 -12.186603546143
7.3422694206238 -3.3993394374847 -11.725300788879
6.8927888870239 -3.105043888092 -11.210956573486
6.4235520362854 -2.7678337097168 -10.742595672607
5.997510433197 -2.4493429660797 -10.222734451294
5.5269246101379 -2.1183707714081 -9.7513742446899
5.0713348388672 -1.7312654256821 -9.3089151382446
4.8146018981934 -1.2134295701981 -8.8434839248657
