131.77742004395 -7.5182166099548 334.90826416016
33.225929260254 34.8108253479 315.55541992188
17.840559005737 18.390439987183 298.84271240234
12.639314651489 20.246343612671 328.44821166992
130.30290222168 -3.484915971756 334.52191162109
127.8245010376 -0.075698964297771 333.9684753418
124.77783203125 2.8841700553894 333.32321166992
121.41809082031 5.4935479164124 332.63021850586
117.84060668945 7.7888236045837 331.90612792969
114.1369934082 9.8635902404785 331.16506958008
110.33000946045 11.734476089478 330.41073608398
106.43049621582 13.405474662781 329.64511108398
102.44879150391 14.867219924927 328.87030029297
98.420181274414 16.189226150513 328.09078979492
94.34676361084 17.358842849731 327.30740356445
90.228805541992 18.362773895264 326.52053833008
86.067245483398 19.168632507324 325.73123168945
81.949195861816 20.170892715454 324.94439697266
77.872741699219 21.330644607544 324.16070556641
73.828506469727 22.605432510376 323.37966918945
69.78116607666 23.870191574097 322.5983581543
65.738876342773 25.151256561279 321.81750488281
61.693428039551 26.422088623047 321.0364074707
57.644260406494 27.68090057373 320.25494384766
53.595767974854 28.941877365112 319.47351074219
49.521289825439 30.11407661438 318.68984985352
45.441680908203 31.268615722656 317.90573120117
41.365180969238 32.434001922607 317.12191772461
37.305229187012 33.655170440674 316.33947753906
128.39994812012 -5.7059731483459 332.09899902344
124.5060043335 -3.4006757736206 330.64630126953
120.19239807129 -2.0101110935211 329.21365356445
115.87911987305 -0.61925274133682 327.78030395508
111.57021331787 0.77536028623581 326.33752441406
107.26321411133 2.1707715988159 324.88980102539
102.94943237305 3.5359778404236 323.43359375
98.586448669434 4.6463103294373 321.90884399414
94.22346496582 5.7566299438477 320.38409423828
89.85962677002 6.8636102676392 318.85934448242
85.477012634277 7.893406867981 317.33444213867
81.047515869141 8.7015895843506 315.81137084961
76.618011474609 9.5097713470459 314.28833007812
72.18595123291 10.317260742188 312.77243041992
67.675819396973 11.100946426392 311.49264526367
63.135234832764 11.873458862305 310.31805419922
58.595790863037 12.648950576782 309.14108276367
54.125759124756 13.592909812927 307.82919311523
49.676651000977 14.582939147949 306.48062133789
45.227416992188 15.572962760925 305.13250732422
40.751388549805 16.560945510864 303.87457275391
36.256614685059 17.547109603882 302.6838684082
31.803289413452 18.483518600464 301.31121826172
27.211824417114 18.8782787323 300.14678955078
22.547174453735 18.926582336426 299.23471069336
127.83725738525 -5.2999954223633 336.38912963867
123.69695281982 -2.9574320316315 336.29513549805
119.219581604 -1.3499363660812 336.20715332031
114.75758361816 0.26770359277725 335.87176513672
110.19452667236 1.5600737333298 335.48840332031
105.62732696533 2.837171792984 335.1032409668
101.0040435791 3.8842108249664 334.69378662109
96.359260559082 4.8266181945801 334.27365112305
91.713401794434 5.7675685882568 333.86221313477
87.048561096191 6.6768226623535 333.63583374023
82.378135681152 7.5726790428162 333.48352050781
77.705490112305 8.4570484161377 333.33190917969
73.021659851074 9.2808446884155 333.18432617188
68.337966918945 10.10516834259 333.03546142578
63.66516494751 10.968623161316 332.79452514648
59.017738342285 11.902713775635 332.38519287109
54.370304107666 12.836791992188 331.97589111328
49.709949493408 13.731621742249 331.63082885742
45.049621582031 14.635313034058 331.30932617188
40.470951080322 15.916251182556 331.12612915039
35.891437530518 17.191654205322 330.92590332031
31.297243118286 18.386163711548 330.60159301758
26.656339645386 19.360773086548 330.21322631836
21.944339752197 19.782936096191 329.70596313477
17.362462997437 19.672943115234 328.42828369141
