89.97615814209 -5.8462662696838 411.49758911133
105.17373657227 8.146053314209 417.16305541992
109.60990905762 2.7787008285522 421.216796875
110.35784912109 4.9144101142883 412.20208740234
89.772216796875 -5.0409569740295 411.65817260742
90.006858825684 -4.2507019042969 411.88244628906
90.341331481934 -3.499002456665 412.11288452148
90.766891479492 -2.7957198619843 412.34573364258
91.27904510498 -2.1519067287445 412.57775878906
91.822708129883 -1.5339963436127 412.8083190918
92.402717590332 -0.94914853572845 413.03665161133
93.013809204102 -0.39566132426262 413.26226806641
93.637329101562 0.14431917667389 413.48663330078
94.252067565918 0.69381648302078 413.71188354492
94.897315979004 1.2087589502335 413.93359375
95.559593200684 1.7027430534363 414.15283203125
96.215515136719 2.2046873569489 414.37307739258
96.884552001953 2.6899175643921 414.59133911133
97.560668945312 3.1657743453979 414.80844116211
98.241333007812 3.6354424953461 415.02478027344
98.908462524414 4.123170375824 415.24331665039
99.584335327148 4.5993390083313 415.46044921875
100.2777633667 5.0510473251343 415.67449951172
100.98529815674 5.4817361831665 415.88568115234
101.68096923828 5.9302062988281 416.09927368164
102.38249969482 6.3699989318848 416.31167602539
103.05518341064 6.8504476547241 416.52932739258
103.75489807129 7.2929587364197 416.74212646484
104.44579315186 7.7483253479004 416.95660400391
90.380096435547 -5.1770091056824 411.98364257812
90.964790344238 -4.6808876991272 412.49291992188
91.660675048828 -4.240701675415 412.90472412109
92.416191101074 -3.8188619613647 413.21969604492
93.192710876465 -3.4196889400482 413.5124206543
93.971328735352 -3.0188624858856 413.79718017578
94.75212097168 -2.6163566112518 414.07348632812
95.534240722656 -2.215222120285 414.34802246094
96.327476501465 -1.8259299993515 414.60729980469
97.120719909668 -1.4367804527283 414.86676025391
97.913414001465 -1.0608851909637 415.14660644531
98.702239990234 -0.72011774778366 415.47769165039
99.491096496582 -0.37939375638962 415.80877685547
100.28791809082 -0.049497712403536 416.13165283203
101.09534454346 0.26528179645538 416.44305419922
101.90277099609 0.58006364107132 416.75445556641
102.69679260254 0.82437419891357 417.15167236328
103.48826599121 1.0593321323395 417.5595703125
104.27931213379 1.29443359375 417.96820068359
105.06622314453 1.5314561128616 418.38363647461
105.85246276855 1.7639373540878 418.80288696289
106.63619232178 1.9802436828613 419.23529052734
107.40048980713 2.1789801120758 419.70889282227
108.16219329834 2.4450750350952 420.1526184082
108.91609954834 2.6964309215546 420.61782836914
90.448402404785 -5.0986270904541 411.34790039062
91.146995544434 -4.5323810577393 411.37042236328
91.902206420898 -4.0490446090698 411.44845581055
92.644134521484 -3.5567860603333 411.58026123047
93.410949707031 -3.1047532558441 411.71429443359
94.175521850586 -2.6560940742493 411.87072753906
94.94800567627 -2.2195177078247 412.02233886719
95.730331420898 -1.7979637384415 412.16543579102
96.493476867676 -1.3401787281036 412.30099487305
97.266700744629 -0.89768409729004 412.42965698242
98.060897827148 -0.4892929494381 412.54290771484
98.85417175293 -0.079035423696041 412.65588378906
99.648834228516 0.32892060279846 412.76602172852
100.47099304199 0.69142961502075 412.82070922852
101.29474639893 1.0508109331131 412.87203979492
102.12022399902 1.4058487415314 412.92520141602
102.94211578369 1.7727506160736 412.93804931641
103.75936889648 2.1491029262543 412.91076660156
104.59374237061 2.4866120815277 412.89501953125
105.4243850708 2.8307676315308 412.85232543945
106.2423248291 3.1897511482239 412.7412109375
107.08373260498 3.5041949748993 412.68368530273
107.90065765381 3.8434338569641 412.51678466797
108.72003936768 4.2003536224365 412.40927124023
109.52275085449 4.5914869308472 412.29528808594
