149.39497375488 13.521970748901 647.36291503906
145.11785888672 -2.6610684394836 645.73522949219
152.2315826416 -4.0348043441772 640.63720703125
150.93453979492 -4.482542514801 652.10205078125
148.79711914062 13.231867790222 647.30078125
148.34004211426 12.748405456543 647.23126220703
147.91705322266 12.235903739929 647.16149902344
147.61465454102 11.643176078796 647.09265136719
147.33648681641 11.038669586182 647.0244140625
147.09370422363 10.418955802917 646.95703125
146.86196899414 9.7950458526611 646.89001464844
146.67587280273 9.1558074951172 646.82464599609
146.48760986328 8.5172109603882 646.75927734375
146.30882263184 7.875871181488 646.69409179688
146.1369934082 7.2326283454895 646.62939453125
146.01000976562 6.5788331031799 646.56646728516
145.87693786621 5.9262742996216 646.50329589844
145.7495880127 5.2725534439087 646.44036865234
145.63177490234 4.6169981956482 646.37805175781
145.5373840332 3.9575500488281 646.31677246094
145.44009399414 3.2985560894012 646.25537109375
145.37600708008 2.6353685855865 646.19567871094
145.37249755859 1.9687671661377 646.13952636719
145.34024047852 1.3030705451965 646.08172607422
145.31221008301 0.63717216253281 646.02410888672
145.3129119873 -0.02946805767715 645.96826171875
145.3046875 -0.69600796699524 645.91180419922
145.30657958984 -1.3626478910446 645.85595703125
145.32652282715 -2.0289187431335 645.80139160156
149.25672912598 12.920907020569 646.97473144531
149.08114624023 12.23136138916 646.75592041016
149.03034973145 11.534212112427 646.49395751953
149.00497436523 10.803525924683 646.33941650391
148.98078918457 10.066073417664 646.21704101562
148.97164916992 9.3444786071777 646.02038574219
148.96829223633 8.6221351623535 645.82745361328
149.01820373535 7.8929085731506 645.66870117188
149.06930541992 7.1722354888916 645.47906494141
149.12216186523 6.4640855789185 645.244140625
149.17144775391 5.7646903991699 644.98785400391
149.20652770996 5.100305557251 644.64605712891
149.28558349609 4.4296760559082 644.333984375
149.45826721191 3.7457566261292 644.08520507812
149.63423156738 3.0788917541504 643.79754638672
149.8120880127 2.421790599823 643.48760986328
149.98812866211 1.7691012620926 643.16772460938
150.1622467041 1.1210759878159 642.83728027344
150.38101196289 0.47462365031242 642.53564453125
150.64297485352 -0.17030638456345 642.26202392578
150.90408325195 -0.80881971120834 641.97332763672
151.16432189941 -1.4408557415009 641.66961669922
151.43138122559 -2.07572889328 641.37860107422
151.7103729248 -2.7155933380127 641.10986328125
151.97724914551 -3.3684604167938 640.86248779297
149.15892028809 12.849669456482 647.55047607422
149.01927185059 12.134075164795 647.65728759766
148.94914245605 11.433257102966 647.880859375
148.83186340332 10.706773757935 647.93914794922
148.71279907227 9.9793272018433 647.9912109375
148.5944519043 9.2575902938843 648.09332275391
148.47630310059 8.5374717712402 648.20965576172
148.43101501465 7.8128490447998 648.33215332031
148.43901062012 7.0849318504333 648.45916748047
148.4766998291 6.360659122467 648.59368896484
148.57621765137 5.6439719200134 648.74371337891
148.6501159668 4.9318723678589 648.92315673828
148.70182800293 4.2237420082092 649.1279296875
148.76762390137 3.5169315338135 649.33190917969
148.8719329834 2.8137309551239 649.53363037109
148.97624206543 2.1105303764343 649.7353515625
149.12432861328 1.4092216491699 649.91418457031
149.27787780762 0.70814937353134 650.09020996094
149.42672729492 0.0062258327379823 650.26684570312
149.57133483887 -0.69646453857422 650.44396972656
149.69329833984 -1.3496286869049 650.75494384766
149.90179443359 -1.9889152050018 651.04278564453
150.18284606934 -2.6318445205688 651.27453613281
150.50708007812 -3.2619335651398 651.48303222656
150.8077545166 -3.8948776721954 651.71380615234
