61.470600128174 8.2711973190308 270.77410888672
67.701065063477 -1.4447782039642 271.60269165039
70.317359924316 -0.089279979467392 269.71884155273
69.61058807373 -0.14022029936314 274.24725341797
61.434490203857 7.8190150260925 270.76309204102
61.52091217041 7.3735752105713 270.7707824707
61.657077789307 6.9408836364746 270.78619384766
61.818405151367 6.5170931816101 270.80554199219
62.004501342773 6.1037759780884 270.82876586914
62.202861785889 5.6963181495667 270.85391235352
62.422889709473 5.3003764152527 270.8825378418
62.647445678711 4.9070391654968 270.91192626953
62.88064956665 4.5188703536987 270.94262695312
63.123252868652 4.1366314888 270.97479248047
63.379539489746 3.7636222839355 271.00921630859
63.636016845703 3.3907506465912 271.0436706543
63.89567565918 3.0201373100281 271.07867431641
64.158615112305 2.6518905162811 271.11413574219
64.438606262207 2.2967159748077 271.15234375
64.713066101074 1.9371653795242 271.18966674805
64.979614257812 1.5715756416321 271.22573852539
65.248924255371 1.2080681324005 271.26226806641
65.550682067871 0.87161630392075 271.30401611328
65.846580505371 0.52988338470459 271.34484863281
66.133766174316 0.1806396394968 271.38424682617
66.430686950684 -0.16018037497997 271.42526245117
66.741844177246 -0.48776489496231 271.46850585938
67.061538696289 -0.80682003498077 271.51324462891
67.379623413086 -1.1275143623352 271.55770874023
61.736099243164 7.9334392547607 270.57427978516
61.989833831787 7.5367245674133 270.51959228516
62.306369781494 7.1848230361938 270.4909362793
62.629726409912 6.8379783630371 270.49255371094
62.947666168213 6.4865736961365 270.47644042969
63.258296966553 6.1293544769287 270.50402832031
63.585884094238 5.7866821289062 270.51531982422
63.924304962158 5.4545187950134 270.51528930664
64.245704650879 5.1058506965637 270.51480102539
64.580200195312 4.7697806358337 270.5202331543
64.932052612305 4.4521064758301 270.53259277344
65.279220581055 4.1298470497131 270.55447387695
65.625091552734 3.8058750629425 270.53778076172
65.97257232666 3.4851198196411 270.50259399414
66.335578918457 3.183233499527 270.45831298828
66.70548248291 2.8914659023285 270.40435791016
67.075561523438 2.601868391037 270.34085083008
67.426666259766 2.2987415790558 270.24230957031
67.789344787598 2.0067894458771 270.15231323242
68.149703979492 1.710282087326 270.0680847168
68.507720947266 1.4086606502533 269.9924621582
68.887084960938 1.1323074102402 269.92477416992
69.231803894043 0.81306749582291 269.86056518555
69.565811157227 0.48201382160187 269.79962158203
69.929077148438 0.18076986074448 269.7532043457
61.640594482422 7.9308652877808 271.05703735352
61.906742095947 7.5539088249207 271.16577148438
62.187873840332 7.1859650611877 271.26748657227
62.481971740723 6.8273830413818 271.3659362793
62.799236297607 6.4877190589905 271.45941162109
63.12141418457 6.1511197090149 271.54699707031
63.436359405518 5.8053956031799 271.62478637695
63.746280670166 5.4537453651428 271.69589233398
64.057540893555 5.1057496070862 271.77825927734
64.366744995117 4.7570843696594 271.86538696289
64.674842834473 4.408634185791 271.95721435547
65.006965637207 4.0846710205078 272.0546875
65.348022460938 3.773731470108 272.16314697266
65.695304870605 3.4758489131927 272.28735351562
66.028884887695 3.1710903644562 272.4309387207
66.37760925293 2.8896839618683 272.58575439453
66.72486114502 2.6095428466797 272.74606323242
67.047920227051 2.3146421909332 272.92892456055
67.349647521973 2.0046820640564 273.12295532227
67.641761779785 1.6853719949722 273.31655883789
67.959121704102 1.3788219690323 273.4899597168
68.272254943848 1.0648676156998 273.65774536133
68.588333129883 0.75124651193619 273.82055664062
68.921836853027 0.45021662116051 273.9719543457
69.261383056641 0.15228171646595 274.11587524414
