160.89025878906 13.852782249451 643.09704589844
140.21199035645 -8.6055908203125 643.87377929688
143.48370361328 -13.613516807556 638.8955078125
143.87013244629 -12.592470169067 650.10089111328
159.70758056641 13.788887023926 642.80157470703
158.55557250977 13.523410797119 642.63220214844
157.43762207031 13.034061431885 642.60290527344
156.39405822754 12.412839889526 642.58679199219
155.39859008789 11.706380844116 642.57934570312
154.40310668945 10.999921798706 642.57183837891
153.47714233398 10.21040058136 642.59674072266
152.5986328125 9.3641538619995 642.64385986328
151.72012329102 8.5179061889648 642.69091796875
150.88319396973 7.6327414512634 642.748046875
150.08187866211 6.7142109870911 642.81384277344
149.28057861328 5.7956809997559 642.87963867188
148.54425048828 4.8257246017456 642.95343017578
147.82379150391 3.8432152271271 643.02911376953
147.11431884766 2.8512976169586 643.06256103516
146.41455078125 1.8510849475861 643.05871582031
145.78448486328 0.81050312519073 643.14239501953
145.1707611084 -0.23954385519028 643.24658203125
144.55702209473 -1.2895908355713 643.35076904297
143.92384338379 -2.3248791694641 643.48193359375
143.28520202637 -3.3568494319916 643.61260986328
142.62048339844 -4.3759889602661 643.71075439453
141.95989990234 -5.3988127708435 643.79724121094
141.3253326416 -6.4401659965515 643.8349609375
140.73672485352 -7.5089497566223 643.81854248047
160.02062988281 13.262288093567 642.36859130859
159.03630065918 12.482515335083 642.06622314453
158.10954284668 11.612624168396 641.83093261719
157.19245910645 10.730129241943 641.61450195312
156.34541320801 9.7571220397949 641.53436279297
155.52261352539 8.7611503601074 641.49176025391
154.72212219238 7.7464208602905 641.46966552734
153.92402648926 6.7299900054932 641.44219970703
153.13775634766 5.7052083015442 641.39227294922
152.3607635498 4.6726641654968 641.36535644531
151.60609436035 3.6234664916992 641.38977050781
150.85868835449 2.5690493583679 641.40020751953
150.14407348633 1.4930497407913 641.35052490234
149.4446105957 0.40797954797745 641.29376220703
148.84631347656 -0.73337852954865 641.19250488281
148.24307250977 -1.8737783432007 641.11206054688
147.63468933105 -3.0130949020386 641.06182861328
147.07502746582 -4.1738243103027 640.96087646484
146.56265258789 -5.3508496284485 640.8095703125
146.01322937012 -6.5050311088562 640.61755371094
145.5033416748 -7.6736588478088 640.40515136719
145.05168151855 -8.8561782836914 640.1435546875
144.63282775879 -10.028040885925 639.79400634766
144.21908569336 -11.217344284058 639.50219726562
143.93685913086 -12.435662269592 639.17523193359
159.75202941895 13.494614601135 643.54266357422
158.77940368652 12.677535057068 643.67541503906
157.86024475098 11.799162864685 643.79821777344
156.96356201172 10.900846481323 643.94134521484
156.0779876709 9.9920806884766 644.08734130859
155.23184204102 9.0480318069458 644.24322509766
154.3980255127 8.0919418334961 644.39196777344
153.58528137207 7.1163282394409 644.53002929688
152.80972290039 6.1151843070984 644.69647216797
152.04956054688 5.1025676727295 644.86456298828
151.30603027344 4.0753202438354 645.01733398438
150.60998535156 3.0206415653229 645.20355224609
149.93338012695 1.9554936885834 645.40124511719
149.31587219238 0.86066269874573 645.62823486328
148.70343017578 -0.23564288020134 645.86169433594
148.11845397949 -1.3390463590622 646.12963867188
147.55070495605 -2.4491112232208 646.40698242188
147.01719665527 -3.5714411735535 646.70233154297
146.49671936035 -4.6996593475342 646.99853515625
145.98941040039 -5.8335027694702 647.29602050781
145.50456237793 -6.9514327049255 647.67895507812
145.03877258301 -8.0637369155884 648.10003662109
144.61032104492 -9.1747674942017 648.56213378906
144.24195861816 -10.293375968933 649.056640625
144.00311279297 -11.436196327209 649.57470703125
