61.599384307861 -3.7908797264099 280.53350830078
70.117073059082 7.6838364601135 284.82043457031
72.588790893555 2.0719211101532 288.57339477539
74.369049072266 3.0644817352295 281.44387817383
61.628807067871 -3.2104794979095 280.63293457031
61.779430389404 -2.6555995941162 280.76379394531
61.985313415527 -2.1220450401306 280.9075012207
62.221733093262 -1.6031683683395 281.05780029297
62.487297058105 -1.1004246473312 281.2141418457
62.761318206787 -0.60276657342911 281.37216186523
63.049404144287 -0.11400698125362 281.5329284668
63.350852966309 0.36579164862633 281.69616699219
63.663204193115 0.83788079023361 281.86135864258
63.982036590576 1.3051965236664 282.02774047852
64.305084228516 1.7693365812302 282.19488525391
64.628944396973 2.2328827381134 282.36212158203
64.955299377441 2.6944940090179 282.52984619141
65.29012298584 3.1494739055634 282.69897460938
65.618576049805 3.6094694137573 282.86706542969
65.944061279297 4.0717573165894 283.03460693359
66.279441833496 4.5263066291809 283.20379638672
66.608047485352 4.9862060546875 283.37182617188
66.966636657715 5.4211845397949 283.54483032227
67.343772888184 5.8390784263611 283.72048950195
67.745597839355 6.2317795753479 283.89950561523
68.166664123535 6.6027092933655 284.08068847656
68.616790771484 6.9363141059875 284.26458740234
69.09464263916 7.2278780937195 284.44998168945
69.601913452148 7.4644932746887 284.63543701172
61.756927490234 -3.5008544921875 281.01116943359
62.057125091553 -3.1142776012421 281.33233642578
62.415138244629 -2.7560920715332 281.62542724609
62.834941864014 -2.4560449123383 281.90274047852
63.260471343994 -2.1625514030457 282.17834472656
63.686973571777 -1.8735167980194 282.45712280273
64.115142822266 -1.5926351547241 282.74163818359
64.543243408203 -1.3126254081726 283.02703857422
64.96989440918 -1.0483729839325 283.32922363281
65.396469116211 -0.78532588481903 283.63256835938
65.824028015137 -0.52799600362778 283.93930053711
66.257438659668 -0.31205826997757 284.26895141602
66.696548461914 -0.07476631551981 284.57562255859
67.138526916504 0.17529621720314 284.86767578125
67.570053100586 0.43816500902176 285.1640625
67.987632751465 0.71714198589325 285.46566772461
68.381851196289 1.0057770013809 285.78884887695
68.769523620605 1.2968384027481 286.11770629883
69.19514465332 1.5610781908035 286.4211730957
69.707458496094 1.7393580675125 286.64065551758
70.225677490234 1.8155250549316 286.90194702148
70.677307128906 1.9083472490311 287.26251220703
71.132225036621 2.0323574542999 287.61004638672
71.63468170166 2.0547621250153 287.90954589844
72.096183776855 2.0015664100647 288.26577758789
61.931800842285 -3.3603794574738 280.35205078125
62.333614349365 -2.9518852233887 280.38131713867
62.77628326416 -2.5959868431091 280.46255493164
63.226978302002 -2.2532415390015 280.55541992188
63.677677154541 -1.9105095863342 280.64831542969
64.13459777832 -1.5750782489777 280.73733520508
64.612258911133 -1.2662243843079 280.81268310547
65.08992767334 -0.95739006996155 280.88803100586
65.568710327148 -0.6493216753006 280.95928955078
66.058631896973 -0.35159316658974 280.98260498047
66.548637390137 -0.053951978683472 281.00546264648
67.049713134766 0.21304784715176 281.087890625
67.551345825195 0.48942604660988 281.12219238281
68.052978515625 0.76591390371323 281.1559753418
68.548301696777 1.0542155504227 281.18353271484
69.037117004395 1.3539055585861 281.20495605469
69.522247314453 1.6600221395493 281.21774291992
70.006881713867 1.9668420553207 281.23248291016
70.500038146973 2.2455582618713 281.32281494141
71.008003234863 2.4951477050781 281.41702270508
71.549369812012 2.6827187538147 281.44290161133
72.107063293457 2.7781045436859 281.34884643555
72.655349731445 2.9327785968781 281.4143371582
73.224075317383 3.002388715744 281.44226074219
73.797698974609 3.0123133659363 281.43804931641
