58.165512084961 4.7989249229431 270.30352783203
68.466026306152 2.5084075927734 271.82778930664
69.357818603516 3.327122926712 270.94290161133
69.397972106934 3.6248395442963 272.60711669922
58.519237518311 4.60005235672 270.37442016602
58.887771606445 4.4295463562012 270.4426574707
59.27001953125 4.2927103042603 270.50723266602
59.658935546875 4.1723017692566 270.57000732422
60.047855377197 4.0518927574158 270.6328125
60.441677093506 3.9485158920288 270.69351196289
60.83903503418 3.8574278354645 270.75274658203
61.236396789551 3.7663400173187 270.81195068359
61.633209228516 3.673103094101 270.87145996094
62.029571533203 3.5780901908875 270.93118286133
62.425933837891 3.4830770492554 270.99090576172
62.823749542236 3.3940062522888 271.04989624023
63.222682952881 3.3094942569733 271.10827636719
63.621616363525 3.2249825000763 271.16665649414
64.022354125977 3.1490433216095 271.2239074707
64.42455291748 3.0800533294678 271.28024291992
64.826751708984 3.011063337326 271.33660888672
65.229942321777 2.9477326869965 271.39221191406
65.634033203125 2.8894536495209 271.44711303711
66.038116455078 2.8311746120453 271.50204467773
66.442245483398 2.773149728775 271.5569152832
66.846824645996 2.7151100635529 271.60763549805
67.252296447754 2.6628470420837 271.65591430664
67.656196594238 2.6138815879822 271.72039794922
68.060234069824 2.5613188743591 271.78051757812
58.592014312744 4.7245502471924 270.2507019043
59.020469665527 4.6565947532654 270.22808837891
59.452030181885 4.5988526344299 270.25354003906
59.880100250244 4.5196466445923 270.27459716797
60.306285858154 4.4288573265076 270.29327392578
60.732425689697 4.3471913337708 270.33544921875
61.158798217773 4.2707877159119 270.38598632812
61.5862159729 4.206211566925 270.44403076172
62.013378143311 4.1329784393311 270.49069213867
62.440307617188 4.0510258674622 270.52578735352
62.867813110352 3.9752871990204 270.5673828125
63.295871734619 3.8999779224396 270.60360717773
63.72546005249 3.8322174549103 270.6360168457
64.155601501465 3.7653560638428 270.66265869141
64.585525512695 3.6958239078522 270.68630981445
65.017555236816 3.6498513221741 270.72262573242
65.450172424316 3.6095485687256 270.7604675293
65.883766174316 3.5750942230225 270.7926940918
66.317375183105 3.5402936935425 270.82424926758
66.751106262207 3.5024371147156 270.85012817383
67.184410095215 3.457985162735 270.87203979492
67.618240356445 3.4169824123383 270.88955688477
68.052574157715 3.3873617649078 270.90982055664
68.487182617188 3.3809731006622 270.94232177734
68.922500610352 3.3540480136871 270.94262695312
58.57502746582 4.7373657226562 270.46752929688
58.98454284668 4.6758065223694 270.63153076172
59.408084869385 4.608624458313 270.74716186523
59.837711334229 4.5390048027039 270.84182739258
60.267337799072 4.4693851470947 270.93649291992
60.700038909912 4.3958172798157 271.01193237305
61.133178710938 4.321681022644 271.08459472656
61.566318511963 4.2475452423096 271.15725708008
62.003807067871 4.1840047836304 271.21051025391
62.44229888916 4.1229057312012 271.25927734375
62.877777099609 4.059775352478 271.32446289062
63.307777404785 3.9929568767548 271.41946411133
63.737773895264 3.9261381626129 271.51446533203
64.168968200684 3.8715233802795 271.61135864258
64.600830078125 3.8237242698669 271.70932006836
65.033470153809 3.7718207836151 271.8014831543
65.466453552246 3.7181520462036 271.89114379883
65.895439147949 3.6716179847717 272.0012512207
66.333633422852 3.660831451416 272.07940673828
66.764045715332 3.6222944259644 272.18301391602
67.204971313477 3.6337444782257 272.23989868164
67.63990020752 3.6066467761993 272.33187866211
68.075004577637 3.5935924053192 272.42492675781
68.514907836914 3.6023871898651 272.49349975586
68.956916809082 3.616730928421 272.54598999023
