65.936935424805 1.6081104278564 268.57424926758
84.458419799805 0.26902994513512 267.82214355469
85.192260742188 -2.0572667121887 268.77920532227
85.620277404785 -1.4615919589996 265.69372558594
66.645942687988 1.71211373806 268.58581542969
67.358955383301 1.7731335163116 268.58615112305
68.075088500977 1.7989209890366 268.57723999023
68.791610717773 1.8061592578888 268.56350708008
69.507873535156 1.7956831455231 268.54516601562
70.22371673584 1.770978808403 268.52313232422
70.938598632812 1.7278746366501 268.49633789062
71.652923583984 1.6774543523788 268.46765136719
72.366638183594 1.6201926469803 268.43719482422
73.079513549805 1.5540821552277 268.40441894531
73.791748046875 1.4820636510849 268.37017822266
74.50399017334 1.4100908041 268.3359375
75.216331481934 1.339015007019 268.30187988281
75.928047180176 1.2625319957733 268.26654052734
76.639678955078 1.1853621006012 268.23095703125
77.351196289062 1.1073104143143 268.19515991211
78.062370300293 1.026469707489 268.15856933594
78.774139404297 0.95055282115936 268.1233215332
79.485702514648 0.87315529584885 268.08767700195
80.195465087891 0.7818409204483 268.04846191406
80.904457092285 0.68531376123428 268.00787353516
81.612800598145 0.5846254825592 267.96624755859
82.323875427246 0.5033997297287 267.92959594727
83.03539276123 0.4252764582634 267.89376831055
83.74690246582 0.34715321660042 267.85797119141
66.672592163086 1.4845597743988 268.69107055664
67.411262512207 1.328617811203 268.7080078125
68.153923034668 1.1965042352676 268.74313354492
68.895393371582 1.0538783073425 268.75366210938
69.639266967773 0.92394363880157 268.75607299805
70.385795593262 0.81020677089691 268.75573730469
71.131454467773 0.69499319791794 268.72564697266
71.877647399902 0.5869414806366 268.76647949219
72.619979858398 0.45724400877953 268.71801757812
73.362533569336 0.32168188691139 268.69613647461
74.106460571289 0.19201904535294 268.69595336914
74.848541259766 0.0527134090662 268.68389892578
75.589851379395 -0.087729841470718 268.65255737305
76.331100463867 -0.23000551760197 268.62927246094
77.070098876953 -0.38527539372444 268.63208007812
77.812202453613 -0.52484476566315 268.62567138672
78.553070068359 -0.66935259103775 268.60375976562
79.291976928711 -0.82226449251175 268.57418823242
80.029090881348 -0.98307263851166 268.5419921875
80.768585205078 -1.135794878006 268.53353881836
81.51033782959 -1.2773582935333 268.53469848633
82.252960205078 -1.4126415252686 268.55609130859
82.996841430664 -1.5388662815094 268.58685302734
83.737098693848 -1.6800884008408 268.63488769531
84.466484069824 -1.8651909828186 268.6979675293
66.685623168945 1.5103751420975 268.39678955078
67.445220947266 1.4152626991272 268.27197265625
68.205711364746 1.3184053897858 268.15420532227
68.968086242676 1.2037427425385 268.06912231445
69.731773376465 1.1143292188644 267.96713256836
70.497604370117 1.0331034660339 267.87487792969
71.26106262207 0.91572362184525 267.80450439453
72.022529602051 0.80205374956131 267.71035766602
72.786010742188 0.68370193243027 267.64184570312
73.550086975098 0.55896180868149 267.59457397461
74.313339233398 0.44168156385422 267.5217590332
75.075645446777 0.32404354214668 267.44009399414
75.83422088623 0.20152713358402 267.33444213867
76.590721130371 0.070110157132149 267.22463989258
77.350196838379 -0.062117766588926 267.13906860352
78.109039306641 -0.20084558427334 267.0583190918
78.865036010742 -0.35099676251411 266.97146606445
79.620101928711 -0.49767822027206 266.87161254883
80.376304626465 -0.63805150985718 266.77127075195
81.132385253906 -0.78764200210571 266.68423461914
81.884239196777 -0.94071966409683 266.57067871094
82.633178710938 -1.0830054283142 266.42764282227
83.382026672363 -1.2162834405899 266.27572631836
84.13053894043 -1.3183118104935 266.09985351562
84.880821228027 -1.3892582654953 265.91638183594
