60.485366821289 1.5263373851776 273.29425048828
67.074775695801 -3.6504237651825 274.21722412109
71.336013793945 -0.82819890975952 271.95150756836
69.214080810547 -0.39885672926903 276.87365722656
60.556354522705 1.2015540599823 273.29650878906
60.724941253662 0.91532278060913 273.31576538086
60.910148620605 0.63979816436768 273.33798217773
61.126823425293 0.3888204395771 273.36602783203
61.351543426514 0.14520633220673 273.39559936523
61.571708679199 -0.10262942314148 273.42437744141
61.787590026855 -0.3543007671833 273.45223999023
62.023670196533 -0.58664637804031 273.48394775391
62.251945495605 -0.82684290409088 273.51419067383
62.496017456055 -1.0505458116531 273.54751586914
62.747470855713 -1.2656935453415 273.58218383789
63.013885498047 -1.4614592790604 273.61987304688
63.290718078613 -1.6417363882065 273.65969848633
63.571105957031 -1.8162628412247 273.70028686523
63.850929260254 -1.9917160272598 273.74075317383
64.132164001465 -2.1648280620575 273.78155517578
64.419654846191 -2.3270103931427 273.82363891602
64.708892822266 -2.4859507083893 273.86608886719
64.998443603516 -2.64430809021 273.90856933594
65.287712097168 -2.8031878471375 273.95104980469
65.579444885254 -2.9573457241058 273.99404907227
65.871841430664 -3.1102130413055 274.03720092773
66.169769287109 -3.2516136169434 274.08154296875
66.471946716309 -3.3833546638489 274.12689208984
66.772933959961 -3.5178735256195 274.17199707031
60.714668273926 1.327557682991 272.99130249023
61.092761993408 1.1718044281006 272.84454345703
61.496143341064 1.0204824209213 272.74624633789
61.89510345459 0.84484422206879 272.67657470703
62.294219970703 0.66431021690369 272.62954711914
62.716186523438 0.5342236161232 272.61108398438
63.13667678833 0.40235260128975 272.58016967773
63.564197540283 0.29748404026031 272.5729675293
63.996192932129 0.21558205783367 272.57437133789
64.422500610352 0.13676810264587 272.49819946289
64.860488891602 0.083809912204742 272.47155761719
65.296783447266 0.022436255589128 272.43612670898
65.736778259277 -0.014761754311621 272.44354248047
66.17781829834 -0.041482951492071 272.45520019531
66.616287231445 -0.047735143452883 272.49200439453
67.054534912109 -0.084368646144867 272.48516845703
67.489570617676 -0.13761447370052 272.47799682617
67.916877746582 -0.22081135213375 272.41915893555
68.343086242676 -0.29276207089424 272.32745361328
68.780250549316 -0.34371787309647 272.29125976562
69.220169067383 -0.36783191561699 272.25588989258
69.654281616211 -0.42135599255562 272.20254516602
70.07844543457 -0.46728086471558 272.08908081055
70.497917175293 -0.58372855186462 272.0485534668
70.909080505371 -0.72064310312271 271.96636962891
60.603328704834 1.3387351036072 273.59338378906
60.882499694824 1.2439336776733 273.82366943359
61.16268157959 1.1127170324326 274.04348754883
61.48254776001 0.9754011631012 274.19262695312
61.797218322754 0.81533378362656 274.33163452148
62.127815246582 0.70260047912598 274.48083496094
62.477893829346 0.5984354019165 274.58602905273
62.824741363525 0.49036741256714 274.69766235352
63.171722412109 0.38616138696671 274.81243896484
63.521587371826 0.29275214672089 274.92730712891
63.88410949707 0.24128088355064 275.029296875
64.2392578125 0.18159987032413 275.15084838867
64.599517822266 0.12995506823063 275.26007080078
64.958305358887 0.076458647847176 275.37316894531
65.307159423828 0.0099146589636803 275.50747680664
65.653419494629 -0.055380892008543 275.64782714844
66.016410827637 -0.079734332859516 275.75695800781
66.384246826172 -0.085757970809937 275.85235595703
66.740058898926 -0.11458373069763 275.98071289062
67.089920043945 -0.16135862469673 276.12091064453
67.437149047852 -0.23180052638054 276.25854492188
67.806900024414 -0.23679302632809 276.34335327148
68.169311523438 -0.24391552805901 276.45764160156
68.503829956055 -0.30238062143326 276.62481689453
68.860794067383 -0.34258168935776 276.7458190918
