67.65062713623 6.2310419082642 270.94140625
79.848365783691 -7.5150766372681 273.90707397461
84.730491638184 -1.3523526191711 266.70681762695
83.973434448242 1.1794393062592 277.73443603516
67.5615234375 5.4915208816528 271.12060546875
67.570014953613 4.7501311302185 271.29769897461
67.655952453613 4.0099220275879 271.47244262695
67.804275512695 3.2780265808105 271.64352416992
68.014343261719 2.5608143806458 271.80953979492
68.269081115723 1.8576290607452 271.9709777832
68.568634033203 1.170237660408 272.12747192383
68.948791503906 0.5211261510849 272.27267456055
69.374969482422 -0.099154010415077 272.40975952148
69.842124938965 -0.69152987003326 272.53912353516
70.355728149414 -1.2473270893097 272.6584777832
70.918838500977 -1.754775762558 272.76495361328
71.504814147949 -2.2375283241272 272.8649597168
72.109115600586 -2.6986880302429 272.95932006836
72.75806427002 -3.0982596874237 273.03775024414
73.372146606445 -3.5451285839081 273.12841796875
73.968139648438 -4.0166344642639 273.22546386719
74.566345214844 -4.4854755401611 273.32183837891
75.189865112305 -4.9215154647827 273.40966796875
75.820999145508 -5.3473339080811 273.49487304688
76.458145141602 -5.7642178535461 273.57775878906
77.135536193848 -6.1159248352051 273.64398193359
77.819564819336 -6.4549827575684 273.70703125
78.500854492188 -6.7985234260559 273.77124023438
79.175033569336 -7.1560120582581 273.83895874023
67.787101745605 5.837815284729 270.27685546875
68.129852294922 5.1990919113159 269.974609375
68.503890991211 4.5223851203918 269.83676147461
69.013031005859 3.9385824203491 269.7057800293
69.547073364258 3.3717164993286 269.60345458984
70.103622436523 2.8181414604187 269.59567260742
70.759315490723 2.4070312976837 269.46047973633
71.424644470215 2.0066759586334 269.341796875
72.131294250488 1.6846256256104 269.2229309082
72.820129394531 1.3289788961411 269.09552001953
73.514984130859 0.99594348669052 268.9426574707
74.183303833008 0.6009663939476 268.82409667969
74.914901733398 0.35987049341202 268.67007446289
75.60717010498 0.052234970033169 268.46221923828
76.33610534668 -0.16611205041409 268.26684570312
77.075675964355 -0.34039312601089 268.06716918945
77.825263977051 -0.51347959041595 267.90783691406
78.583450317383 -0.65931409597397 267.76257324219
79.345733642578 -0.77187460660934 267.60934448242
80.11051940918 -0.85427498817444 267.44952392578
80.871726989746 -0.96557867527008 267.29013061523
81.638282775879 -1.0706411600113 267.15377807617
82.408218383789 -1.1712719202042 267.03421020508
83.174255371094 -1.2861657142639 266.90298461914
83.949554443359 -1.3490896224976 266.79263305664
67.775146484375 6.1334600448608 271.67456054688
68.095458984375 5.6851630210876 272.18927001953
68.499092102051 5.1908922195435 272.59167480469
68.944488525391 4.6958084106445 272.94607543945
69.446319580078 4.2263369560242 273.25729370117
70.002212524414 3.8100590705872 273.55209350586
70.585868835449 3.430332660675 273.84259033203
71.194892883301 3.0824558734894 274.12036132812
71.839775085449 2.806661605835 274.39849853516
72.494575500488 2.5445990562439 274.66644287109
73.16822052002 2.3132040500641 274.91528320312
73.851089477539 2.1167147159576 275.16897583008
74.530693054199 1.9376771450043 275.44351196289
75.213851928711 1.7842280864716 275.72457885742
75.911758422852 1.6461470127106 275.9758605957
76.614738464355 1.5010366439819 276.20837402344
77.322845458984 1.3550781011581 276.42395019531
78.043739318848 1.2828810214996 276.63455200195
78.775024414062 1.2488782405853 276.81716918945
79.514503479004 1.2366501092911 276.96655273438
80.255546569824 1.2268922328949 277.10815429688
80.996650695801 1.2243134975433 277.2497253418
81.737503051758 1.1938257217407 277.38934326172
82.479270935059 1.1760046482086 277.52630615234
83.223907470703 1.1742057800293 277.64801025391
