58.94868850708 6.3872151374817 269.92956542969
71.045394897461 -3.448793888092 269.54885864258
75.857131958008 2.1556785106659 265.03649902344
75.47444152832 0.93710684776306 275.82479858398
58.956829071045 5.7655358314514 269.85101318359
59.174365997314 5.1804618835449 269.79217529297
59.446296691895 4.6179375648499 269.74014282227
59.769302368164 4.0824508666992 269.6953125
60.139453887939 3.5777888298035 269.65768432617
60.531608581543 3.0897560119629 269.62380981445
60.942111968994 2.6168258190155 269.59320068359
61.373828887939 2.1629328727722 269.56652832031
61.831214904785 1.734631896019 269.54495239258
62.304145812988 1.3233948945999 269.52667236328
62.78955078125 0.92684715986252 269.51113891602
63.284786224365 0.54255443811417 269.49786376953
63.790515899658 0.1721056252718 269.48715209961
64.306564331055 -0.18390309810638 269.47903442383
64.833442687988 -0.52372598648071 269.47372436523
65.366836547852 -0.85325622558594 269.47018432617
65.900375366211 -1.182555437088 269.46670532227
66.431640625 -1.5154950618744 269.46255493164
66.985885620117 -1.8086091279984 269.46517944336
67.531211853027 -2.1180155277252 269.46514892578
68.100570678711 -2.3804469108582 269.47271728516
68.677436828613 -2.6258778572083 269.48300170898
69.268745422363 -2.8337159156799 269.49917602539
69.856781005859 -3.0507566928864 269.51391601562
70.450996398926 -3.2500524520874 269.53140258789
59.430423736572 6.0883269309998 269.49996948242
59.894908905029 5.5719447135925 269.33743286133
60.440258026123 5.1353688240051 269.19961547852
61.073059082031 4.8487973213196 269.03588867188
61.710884094238 4.5498280525208 268.92050170898
62.357978820801 4.276490688324 268.79391479492
63.01245880127 4.033145904541 268.64562988281
63.672664642334 3.8013796806335 268.50759887695
64.326316833496 3.6374702453613 268.27255249023
64.994987487793 3.470095872879 268.08706665039
65.658508300781 3.3108947277069 267.87741088867
66.32829284668 3.1635403633118 267.67956542969
67.010971069336 3.0310051441193 267.51922607422
67.695671081543 2.9613666534424 267.33023071289
68.367546081543 2.8277020454407 267.12963867188
69.045349121094 2.6792516708374 266.96197509766
69.725440979004 2.5300924777985 266.80529785156
70.397552490234 2.4404249191284 266.58215332031
71.066787719727 2.3539292812347 266.34939575195
71.73706817627 2.2350742816925 266.134765625
72.42847442627 2.1432251930237 265.98281860352
73.120292663574 2.0677008628845 265.8239440918
73.80989074707 2.0261831283569 265.64431762695
74.492324829102 2.0429177284241 265.43560791016
75.166076660156 2.1047711372375 265.20803833008
59.440383911133 6.0135354995728 270.30828857422
59.875896453857 5.4364123344421 270.36605834961
60.438007354736 4.9909081459045 270.47470092773
61.011123657227 4.5913200378418 270.66973876953
61.645053863525 4.263852596283 270.80160522461
62.276290893555 3.954053401947 270.9807434082
62.917167663574 3.6726720333099 271.17199707031
63.580299377441 3.4288120269775 271.33654785156
64.22834777832 3.2303545475006 271.59576416016
64.869613647461 3.0213961601257 271.86343383789
65.522621154785 2.8170354366302 272.10494995117
66.161155700684 2.5670335292816 272.34225463867
66.79190826416 2.3251843452454 272.60711669922
67.450561523438 2.1141564846039 272.82662963867
68.109939575195 1.9167195558548 273.0563659668
68.765411376953 1.7346549034119 273.3088684082
69.43017578125 1.5832047462463 273.55715942383
70.065231323242 1.4139232635498 273.86459350586
70.740760803223 1.2992516756058 274.10348510742
71.419662475586 1.1830062866211 274.33178710938
72.095817565918 1.0511077642441 274.55975341797
72.779411315918 0.95669037103653 274.78408813477
73.459922790527 0.86083668470383 275.01705932617
74.141311645508 0.82420694828033 275.26382446289
74.815536499023 0.87666553258896 275.52688598633
