19.346689224243 2.9726748466492 -29.482568740845
-12.168184280396 11.957757949829 -19.538602828979
-18.031190872192 8.0133380889893 -32.845863342285
-16.07642364502 -3.7207322120667 -17.931936264038
19.504447937012 4.2178063392639 -28.763000488281
19.44384765625 5.4525127410889 -28.020330429077
18.743244171143 6.4968104362488 -27.305057525635
18.033887863159 7.5348105430603 -26.592868804932
16.960653305054 8.3096656799316 -26.009799957275
15.794453620911 8.982684135437 -25.481201171875
14.553918838501 9.5556859970093 -25.007022857666
13.241144180298 10.005926132202 -24.599615097046
11.876002311707 10.307423591614 -24.227647781372
10.495120048523 10.549940109253 -23.870758056641
9.1137666702271 10.791007995605 -23.514860153198
7.7172908782959 10.985458374023 -23.190864562988
6.3085308074951 11.135394096375 -22.897722244263
4.8977446556091 11.280693054199 -22.612270355225
3.4739284515381 11.392946243286 -22.381690979004
2.0502314567566 11.504592895508 -22.150213241577
0.63250368833542 11.585461616516 -21.873584747314
-0.7862349152565 11.649932861328 -21.597827911377
-2.2062754631042 11.706925392151 -21.32720375061
-3.6326274871826 11.774132728577 -21.094785690308
-5.0605440139771 11.821543693542 -20.867156982422
-6.4865078926086 11.834323883057 -20.623310089111
-7.9048190116882 11.901265144348 -20.345973968506
-9.3294630050659 11.897145271301 -20.094198226929
-10.750214576721 11.909656524658 -19.821563720703
18.641969680786 4.3264775276184 -29.463891983032
17.862739562988 5.470892906189 -28.785024642944
16.819713592529 6.4136333465576 -28.287254333496
15.297525405884 6.1850214004517 -28.380054473877
13.797426223755 5.8867316246033 -28.542217254639
12.258465766907 5.8761048316956 -28.660173416138
10.718888282776 5.9522795677185 -28.748844146729
9.1802415847778 6.0586290359497 -28.824262619019
7.6386194229126 6.1199989318848 -28.882600784302
6.0968489646912 6.1599416732788 -28.93946647644
4.563090801239 6.2896118164062 -29.05955696106
3.0330677032471 6.4227156639099 -29.195640563965
1.4912497997284 6.419294834137 -29.276542663574
-0.045669540762901 6.453209400177 -29.420825958252
-1.5774356126785 6.5447697639465 -29.589597702026
-3.1052577495575 6.7166781425476 -29.732810974121
-4.625834941864 6.909131526947 -29.921335220337
-6.144971370697 7.0955529212952 -30.126644134521
-7.6660284996033 7.2524285316467 -30.34010887146
-9.1950063705444 7.3573703765869 -30.517242431641
-10.685852050781 7.6416974067688 -30.801013946533
-12.152108192444 7.9823298454285 -31.144412994385
-13.640394210815 8.2082080841064 -31.487798690796
-15.119658470154 8.3337306976318 -31.912170410156
-16.593692779541 8.3175344467163 -32.370639801025
18.664768218994 3.4958899021149 -28.285793304443
17.832704544067 4.5687527656555 -27.509784698486
17.055732727051 5.439603805542 -26.48517036438
15.678491592407 5.076313495636 -26.615125656128
14.153771400452 4.6806993484497 -26.544534683228
12.621467590332 4.4100346565247 -26.30731010437
11.096163749695 4.2062849998474 -25.965438842773
9.5725126266479 4.0106024742126 -25.609825134277
8.0300579071045 3.7928647994995 -25.366228103638
6.4949316978455 3.5705983638763 -25.084455490112
4.9702997207642 3.3277213573456 -24.765151977539
3.4560425281525 3.0470633506775 -24.427173614502
1.9446041584015 2.748824596405 -24.091205596924
0.44764310121536 2.4777247905731 -23.677406311035
-1.0223844051361 2.1090724468231 -23.244352340698
-2.5161294937134 1.8463311195374 -22.815980911255
-3.9941737651825 1.4656157493591 -22.423627853394
-5.4623708724976 1.0521740913391 -22.024278640747
-6.914692401886 0.62667852640152 -21.584281921387
-8.3103895187378 0.13476265966892 -21.046424865723
-9.7252635955811 -0.33630248904228 -20.546756744385
-11.044359207153 -0.92331689596176 -19.915071487427
-12.417757034302 -1.4798916578293 -19.385255813599
-13.573060035706 -2.2845947742462 -18.909839630127
-14.863475799561 -2.929541349411 -18.526500701904
