59.574626922607 -0.15812486410141 268.46426391602
70.450187683105 -3.0160036087036 267.76885986328
70.949752807617 0.41918876767159 266.0837097168
70.916091918945 -0.81206697225571 271.02627563477
59.706554412842 -0.57850939035416 268.34967041016
59.994525909424 -0.91979819536209 268.25814819336
60.312610626221 -1.2351291179657 268.17407226562
60.682243347168 -1.492865562439 268.10620117188
61.085456848145 -1.6987547874451 268.05294799805
61.492637634277 -1.8971906900406 268.00170898438
61.906200408936 -2.0829122066498 267.95407104492
62.329303741455 -2.2473402023315 267.91235351562
62.759441375732 -2.3937125205994 267.8757019043
63.196643829346 -2.5190491676331 267.84490966797
63.638023376465 -2.629816532135 267.81811523438
64.08251953125 -2.7281539440155 267.79476928711
64.531860351562 -2.8030576705933 267.77792358398
64.984153747559 -2.8586864471436 267.76641845703
65.439079284668 -2.8875532150269 267.76226806641
65.893783569336 -2.9195120334625 267.75723266602
66.349021911621 -2.9430878162384 267.75457763672
66.804756164551 -2.9535546302795 267.75549316406
67.260482788086 -2.9447565078735 267.76174926758
67.716323852539 -2.946316242218 267.76516723633
68.172027587891 -2.9581129550934 267.76571655273
68.627685546875 -2.971785068512 267.76577758789
69.08341217041 -2.9827053546906 267.7666015625
69.539245605469 -2.9840228557587 267.77001953125
69.994400024414 -3.0091867446899 267.76690673828
59.834732055664 -0.26222270727158 268.1413269043
60.236904144287 -0.44677191972733 268.02206420898
60.681369781494 -0.40961194038391 267.96926879883
61.121242523193 -0.46960842609406 267.8505859375
61.566833496094 -0.54373574256897 267.7604675293
62.015777587891 -0.62082898616791 267.68774414062
62.472785949707 -0.65490573644638 267.6364440918
62.930248260498 -0.68656593561172 267.58633422852
63.378623962402 -0.73021048307419 267.4895324707
63.825256347656 -0.77616006135941 267.38372802734
64.279411315918 -0.78018820285797 267.30923461914
64.73616027832 -0.76978200674057 267.24551391602
65.19197845459 -0.74031555652618 267.18362426758
65.647010803223 -0.69470089673996 267.12322998047
66.09741973877 -0.64118432998657 267.04214477539
66.543571472168 -0.58039391040802 266.94195556641
66.984352111816 -0.49186542630196 266.83917236328
67.42537689209 -0.39230191707611 266.74899291992
67.867240905762 -0.2819858789444 266.67596435547
68.308982849121 -0.16712209582329 266.60922241211
68.739669799805 -0.053653802722692 266.4899597168
69.174362182617 0.045920893549919 266.37246704102
69.622528076172 0.11749470978975 266.29278564453
70.063125610352 0.19282351434231 266.17932128906
70.505165100098 0.30588087439537 266.12014770508
59.867206573486 -0.42651152610779 268.64468383789
60.268688201904 -0.61924123764038 268.63244628906
60.707038879395 -0.66925078630447 268.72772216797
61.143543243408 -0.76916134357452 268.81716918945
61.583656311035 -0.89162963628769 268.87185668945
62.031093597412 -0.99164885282516 268.91247558594
62.486717224121 -1.0426514148712 268.95986938477
62.942218780518 -1.1024498939514 268.99658203125
63.398315429688 -1.1530312299728 269.03494262695
63.856185913086 -1.172137260437 269.0842590332
64.311576843262 -1.2026659250259 269.14315795898
64.760444641113 -1.2600800991058 269.22875976562
65.21484375 -1.2611713409424 269.3059387207
65.663482666016 -1.2788188457489 269.41012573242
66.112648010254 -1.2759246826172 269.51327514648
66.561103820801 -1.2536076307297 269.61703491211
67.004432678223 -1.2284762859344 269.73992919922
67.443000793457 -1.2043430805206 269.87945556641
67.873962402344 -1.1702766418457 270.02795410156
68.31322479248 -1.0949323177338 270.14303588867
68.753082275391 -1.0378135442734 270.26834106445
69.184989929199 -0.99832314252853 270.42385864258
69.61865234375 -0.96385943889618 270.57611083984
70.05248260498 -0.92236733436584 270.72613525391
70.48560333252 -0.88096451759338 270.8782043457
