72.530448913574 -42.454349517822 324.00399780273
58.699390411377 -7.2582473754883 341.30270385742
85.411773681641 9.8657083511353 343.48837280273
68.370452880859 13.755542755127 319.15557861328
71.15958404541 -43.537288665771 324.52136230469
69.643264770508 -43.882228851318 325.46856689453
68.179496765137 -43.977584838867 326.48123168945
66.89469909668 -43.418663024902 327.60397338867
65.906791687012 -42.278411865234 328.62057495117
65.252021789551 -40.858467102051 329.55581665039
64.730087280273 -39.311706542969 330.33880615234
64.305549621582 -37.671974182129 331.01016235352
64.042419433594 -35.968364715576 331.57507324219
63.892375946045 -34.2200050354 332.06539916992
63.742332458496 -32.471649169922 332.55569458008
63.59228515625 -30.723289489746 333.04602050781
63.23637008667 -29.042251586914 333.64859008789
62.866508483887 -27.365772247314 334.25875854492
62.452152252197 -25.696985244751 334.86041259766
62.01789855957 -24.032270431519 335.46011352539
61.620124816895 -22.366954803467 336.08312988281
61.247222900391 -20.697418212891 336.7102355957
60.879909515381 -19.061960220337 337.42239379883
60.46174621582 -17.435062408447 338.1252746582
59.945285797119 -15.80969619751 338.76388549805
59.425537109375 -14.165141105652 339.34661865234
59.003360748291 -12.48323059082 339.90292358398
58.67654800415 -10.798226356506 340.51419067383
58.625331878662 -9.0439758300781 340.94863891602
73.378623962402 -42.439670562744 326.27346801758
73.926879882812 -41.326091766357 328.31814575195
74.812705993652 -40.00581741333 330.05383300781
76.24072265625 -38.560779571533 331.37399291992
77.537422180176 -36.930397033691 332.60614013672
78.80672454834 -35.261348724365 333.81994628906
79.972312927246 -33.296321868896 334.56927490234
80.985481262207 -31.180969238281 335.15780639648
81.859962463379 -28.989437103271 335.7008972168
82.611854553223 -26.686220169067 335.69671630859
83.380508422852 -24.435991287231 336.07754516602
84.156997680664 -22.210540771484 336.63845825195
84.645248413086 -19.88282585144 337.09225463867
85.124237060547 -17.548263549805 337.52661132812
85.684043884277 -15.217565536499 337.87963867188
86.203483581543 -12.90761756897 338.369140625
86.674339294434 -10.62264251709 339.02288818359
87.035263061523 -8.3028144836426 339.61883544922
87.367523193359 -5.9709234237671 340.18334960938
87.639610290527 -3.6031086444855 340.61822509766
87.873512268066 -1.2324656248093 341.05972290039
88.028366088867 1.1697442531586 341.28652954102
87.978034973145 3.5304839611053 341.79806518555
87.778388977051 5.8571639060974 342.41156005859
86.812889099121 7.9591274261475 342.96682739258
70.745010375977 -41.810905456543 322.53741455078
69.09757232666 -40.371471405029 321.62664794922
67.752822875977 -38.622776031494 320.70629882812
67.166770935059 -36.66870880127 319.50537109375
67.087829589844 -34.573783874512 318.34014892578
67.009941101074 -32.401741027832 317.32977294922
66.932319641113 -30.209104537964 316.36074829102
66.956069946289 -27.87449836731 315.84008789062
66.99324798584 -25.52108001709 315.37887573242
67.431571960449 -23.180713653564 315.10803222656
67.844078063965 -20.831108093262 314.88330078125
68.108940124512 -18.449708938599 314.77612304688
68.302558898926 -16.063205718994 314.66348266602
68.397384643555 -13.669622421265 314.54318237305
68.721786499023 -11.293552398682 314.56787109375
68.931137084961 -8.90744972229 314.55044555664
69.048919677734 -6.5131006240845 314.51834106445
69.253150939941 -4.1249651908875 314.60662841797
69.246238708496 -1.7266694307327 314.61318969727
69.301345825195 0.66199827194214 314.77056884766
69.38892364502 3.0397148132324 315.07080078125
69.466461181641 5.4060406684875 315.4501953125
69.545989990234 7.7611961364746 315.89697265625
69.562538146973 10.066240310669 316.50961303711
69.191337585449 12.077499389648 317.65124511719
