72.261695861816 -6.5092830657959 269.51266479492
72.908348083496 6.6225318908691 266.88265991211
81.970733642578 7.6456799507141 273.56552124023
82.442939758301 4.7283291816711 262.19619750977
71.942024230957 -6.0700325965881 269.40390014648
71.618316650391 -5.6336884498596 269.29541015625
71.351806640625 -5.1611113548279 269.18310546875
71.131340026855 -4.6658139228821 269.06893920898
70.938690185547 -4.159167766571 268.95422363281
70.770004272461 -3.644110918045 268.83923339844
70.632865905762 -3.1197633743286 268.72424316406
70.518356323242 -2.5899596214294 268.60952758789
70.432250976562 -2.0546646118164 268.49548339844
70.370361328125 -1.5158729553223 268.38220214844
70.336265563965 -0.97437465190887 268.27005004883
70.340827941895 -0.43139976263046 268.15994262695
70.369995117188 0.11113146692514 268.05142211914
70.404571533203 0.65341520309448 267.94329833984
70.4853515625 1.1914983987808 267.83883666992
70.585464477539 1.7266626358032 267.73617553711
70.709602355957 2.2572300434113 267.63592529297
70.861503601074 2.7810981273651 267.53866577148
71.027961730957 3.3008418083191 267.44317626953
71.222686767578 3.8113360404968 267.3512878418
71.447044372559 4.3102650642395 267.26351928711
71.695594787598 4.7982511520386 267.17953491211
72.052215576172 5.2174754142761 267.11602783203
72.341148376465 5.6838760375977 267.03884887695
72.613586425781 6.1596207618713 266.95880126953
72.231285095215 -5.9977898597717 270.01208496094
72.158134460449 -5.3402810096741 270.28399658203
72.256301879883 -4.6576638221741 270.47329711914
72.481925964355 -3.9947016239166 270.61996459961
72.667030334473 -3.3219647407532 270.77847290039
72.835098266602 -2.6461668014526 270.94229125977
73.093284606934 -1.9996920824051 271.10775756836
73.376846313477 -1.3637506961823 271.27239990234
73.682647705078 -0.72924268245697 271.39810180664
74.016273498535 -0.10047224164009 271.47103881836
74.350677490234 0.52785187959671 271.54385375977
74.740013122559 1.1248117685318 271.60723876953
75.157592773438 1.7028956413269 271.66537475586
75.624526977539 2.2428030967712 271.71487426758
76.112716674805 2.7639284133911 271.76037597656
76.605941772461 3.2790875434875 271.81781005859
77.131401062012 3.7549934387207 271.91455078125
77.686187744141 4.1863012313843 272.04925537109
78.216819763184 4.6246471405029 272.2448425293
78.733345031738 5.0722675323486 272.45654296875
79.25316619873 5.5178532600403 272.66442871094
79.764099121094 5.9639916419983 272.89221191406
80.285461425781 6.4193863868713 273.0732421875
80.828521728516 6.8536415100098 273.24200439453
81.370864868164 7.2766628265381 273.43914794922
72.330253601074 -6.3547010421753 268.84487915039
72.316009521484 -5.8882660865784 268.33752441406
72.413581848145 -5.36634349823 267.89785766602
72.559211730957 -4.8274579048157 267.49331665039
72.74634552002 -4.2785205841064 267.12060546875
72.954833984375 -3.7332668304443 266.75405883789
73.271224975586 -3.2162463665009 266.42562866211
73.588012695312 -2.6991815567017 266.09777832031
73.967208862305 -2.1772253513336 265.85479736328
74.348968505859 -1.6552908420563 265.61584472656
74.74235534668 -1.1223281621933 265.42486572266
75.13794708252 -0.59430432319641 265.22500610352
75.529518127441 -0.093552954494953 264.95819091797
75.923248291016 0.40657526254654 264.69342041016
76.385025024414 0.88018947839737 264.49920654297
76.869018554688 1.344641327858 264.34014892578
77.38306427002 1.7877625226974 264.21908569336
77.914306640625 2.1569178104401 263.98080444336
78.466850280762 2.5166943073273 263.77951049805
79.024116516113 2.862672328949 263.56732177734
79.584594726562 3.1770520210266 263.31774902344
80.164436340332 3.4681916236877 263.08474731445
80.720909118652 3.7840948104858 262.82821655273
81.277534484863 4.106776714325 262.58059692383
81.839385986328 4.4327206611633 262.349609375
