130.9997253418 49.111331939697 332.34240722656
72.023788452148 -7.9129033088684 334.82656860352
42.853458404541 -9.5617113113403 340.15533447266
46.916042327881 -10.46618938446 322.67868041992
129.46253967285 46.360042572021 332.66247558594
127.57827758789 43.823104858398 332.88607788086
125.56993103027 41.37996673584 333.07186889648
123.47682952881 39.007030487061 333.23052978516
121.32959747314 36.68180847168 333.37118530273
119.14339447021 34.392425537109 333.49871826172
116.90853118896 32.149608612061 333.609375
114.63816070557 29.942167282104 333.70751953125
112.30712127686 27.797981262207 333.78353881836
109.98438262939 25.644947052002 333.86264038086
107.57982635498 23.582706451416 333.91088867188
105.20261383057 21.489269256592 333.96963500977
102.82035827637 19.401521682739 334.02639770508
100.44546508789 17.305486679077 334.08609008789
98.052398681641 15.230028152466 334.13873291016
95.676887512207 13.134682655334 334.19812011719
93.392517089844 10.941495895386 334.29119873047
90.959854125977 8.9125051498413 334.32849121094
88.62141418457 6.7763032913208 334.40176391602
86.275100708008 4.6486487388611 334.47213745117
83.936828613281 2.5122864246368 334.54547119141
81.651336669922 0.32025602459908 334.63812255859
79.208335876465 -1.6959352493286 334.67123413086
76.840972900391 -3.8003940582275 334.7336730957
74.477920532227 -5.9096446037292 334.79779052734
127.67230224609 46.85897064209 333.11611938477
124.43852233887 44.366748809814 333.39312744141
121.180519104 41.896839141846 333.56674194336
117.85620880127 39.516468048096 333.734375
114.53059387207 37.138324737549 333.9075012207
111.19898223877 34.770641326904 334.10659790039
107.8355178833 32.466323852539 334.45657348633
104.46452331543 30.166086196899 334.75759887695
101.10377502441 27.845767974854 335.01593017578
97.801643371582 25.446130752563 335.30392456055
94.478881835938 23.08430480957 335.65936279297
91.158485412598 20.711851119995 335.96212768555
87.855010986328 18.302341461182 336.12496948242
84.484832763672 16.022384643555 336.55963134766
81.086410522461 13.818160057068 337.1403503418
77.64640045166 11.619029998779 337.41510009766
74.200187683105 9.4296064376831 337.68957519531
70.75114440918 7.2493205070496 337.99899291992
67.348762512207 4.9988436698914 338.32214355469
63.95064163208 2.7427623271942 338.65100097656
60.579486846924 0.43777745962143 338.91107177734
57.2614402771 -1.9526934623718 339.05770874023
53.842529296875 -4.1882476806641 339.29974365234
50.271949768066 -6.176971912384 339.50216674805
46.54759979248 -7.8604001998901 339.70349121094
128.01658630371 46.586849212646 331.505859375
124.92956542969 44.070892333984 331.1706237793
121.7555770874 41.649700164795 330.98141479492
118.54741668701 39.274120330811 330.79025268555
115.34217071533 36.896617889404 330.57568359375
112.14418792725 34.5149269104 330.30615234375
108.94621276855 32.133228302002 330.03659057617
105.74822998047 29.751537322998 329.76705932617
102.54425811768 27.377147674561 329.50439453125
99.332939147949 25.011777877808 329.25021362305
96.121574401855 22.646450042725 328.99606323242
92.911163330078 20.280300140381 328.73773193359
89.702964782715 17.91223526001 328.46951293945
86.494789123535 15.54415512085 328.20123291016
83.223838806152 13.268957138062 327.89077758789
79.948417663574 11.000581741333 327.57730102539
76.676856994629 8.7303066253662 327.23825073242
73.413543701172 6.456374168396 326.84817504883
70.156829833984 4.1755752563477 326.44326782227
66.954483032227 1.8414860963821 325.92474365234
63.759300231934 -0.53770226240158 325.60571289062
60.577167510986 -2.9516804218292 325.47015380859
57.277561187744 -5.1631207466125 325.0322265625
53.88353729248 -7.2144770622253 324.53811645508
50.453842163086 -9.2035036087036 324.03509521484
