135.39111328125 17.273443222046 641.68530273438
147.81195068359 -6.6691489219666 639.39282226562
139.40634155273 -16.141206741333 650.12426757812
136.2198638916 -15.520927429199 631.37744140625
136.38278198242 17.723581314087 641.52618408203
137.42132568359 17.349506378174 641.35101318359
138.35765075684 16.760456085205 641.19049072266
139.17042541504 16.004789352417 641.04864501953
139.90864562988 15.174065589905 640.91845703125
140.58096313477 14.287614822388 640.79846191406
141.19831848145 13.360998153687 640.68719482422
141.75819396973 12.397414207458 640.58502197266
142.29553222656 11.42080116272 640.48638916016
142.78074645996 10.416390419006 640.39617919922
143.26406860352 9.4110889434814 640.30621337891
143.69938659668 8.3833961486816 640.22399902344
144.14567565918 7.3605999946594 640.13989257812
144.55194091797 6.3207716941833 640.06231689453
144.90992736816 5.2627635002136 639.99261474609
145.23762512207 4.194676399231 639.92767333984
145.54495239258 3.1203517913818 639.86614990234
145.87483215332 2.0529565811157 639.80084228516
146.20167541504 0.98460215330124 639.73608398438
146.49909973145 -0.092589415609837 639.67608642578
146.76222229004 -1.1789635419846 639.62164306641
146.9935760498 -2.2727959156036 639.57232666016
147.2229309082 -3.3670620918274 639.52337646484
147.44514465332 -4.4628496170044 639.47564697266
147.61752319336 -5.5679020881653 639.43609619141
136.31289672852 16.424451828003 642.26300048828
137.11915588379 15.473224639893 642.78436279297
137.59332275391 14.228169441223 643.14385986328
137.96282958984 12.953023910522 643.49645996094
138.17967224121 11.63400554657 643.83905029297
138.39630126953 10.311923980713 644.16870117188
138.61201477051 8.9773416519165 644.44543457031
138.82772827148 7.642758846283 644.72216796875
138.93186950684 6.2874264717102 644.95690917969
139.02578735352 4.9301953315735 645.18780517578
139.11697387695 3.5758287906647 645.43548583984
139.20570373535 2.2240262031555 645.69812011719
139.2931060791 0.87633740901947 645.98065185547
139.37892150879 -0.46645691990852 646.28686523438
139.38380432129 -1.8175317049026 646.56042480469
139.34700012207 -3.1728701591492 646.81719970703
139.42680358887 -4.5069408416748 647.14349365234
139.46896362305 -5.8327031135559 647.39947509766
139.16133117676 -7.1737127304077 647.29327392578
139.2844543457 -8.3006601333618 647.89276123047
139.3881072998 -9.5220098495483 648.43341064453
139.31385803223 -10.859732627869 648.75128173828
139.09530639648 -12.186992645264 649.05926513672
139.33294677734 -13.486947059631 649.45184326172
139.28442382812 -14.802070617676 649.82952880859
135.87933349609 17.061923980713 640.49945068359
136.3663482666 15.911986351013 639.9169921875
136.82858276367 14.735335350037 639.38372802734
137.08813476562 13.454882621765 638.9482421875
137.24957275391 12.153545379639 638.5283203125
137.345703125 10.812423706055 638.22613525391
137.40406799316 9.4627180099487 637.95880126953
137.4267578125 8.1049013137817 637.72430419922
137.47888183594 6.7909607887268 637.31921386719
137.53735351562 5.4642405509949 636.95489501953
137.59327697754 4.125638961792 636.63244628906
137.62808227539 2.7814402580261 636.33135986328
137.61608886719 1.4391224384308 636.01959228516
137.57765197754 0.092875644564629 635.72912597656
137.51811218262 -1.256508231163 635.45568847656
137.47294616699 -2.5880150794983 635.10864257812
137.4369354248 -3.9081513881683 634.71484375
137.34701538086 -5.2391443252563 634.36968994141
137.24403381348 -6.5623965263367 633.99877929688
137.14100646973 -7.8855986595154 633.62774658203
136.95393371582 -9.1939868927002 633.23791503906
136.85775756836 -10.514580726624 632.86267089844
136.34815979004 -11.527201652527 632.17224121094
136.16513061523 -12.816802978516 631.79180908203
136.24806213379 -14.190891265869 631.72729492188
