68.302383422852 -3.0373871326447 271.04541015625
76.32462310791 3.340544462204 271.64651489258
80.963798522949 1.5761821269989 274.01770019531
80.160606384277 2.3737902641296 268.51974487305
68.344268798828 -2.639833688736 271.09710693359
68.527702331543 -2.2829298973083 271.13900756836
68.764350891113 -1.9580490589142 271.17498779297
69.032806396484 -1.6583465337753 271.20660400391
69.314384460449 -1.3707441091537 271.23620605469
69.618354797363 -1.106489777565 271.2619934082
69.923408508301 -0.8434761762619 271.28759765625
70.237380981445 -0.59100955724716 271.31149291992
70.556846618652 -0.34542006254196 271.33432006836
70.881195068359 -0.10621464252472 271.35614013672
71.203117370605 0.13616682589054 271.37844848633
71.538764953613 0.35946181416512 271.39779663086
71.874481201172 0.58266055583954 271.41711425781
72.214851379395 0.79878163337708 271.43536376953
72.553092956543 1.0181684494019 271.4541015625
72.903930664062 1.2170641422272 271.46966552734
73.243003845215 1.4351894855499 271.48825073242
73.5869140625 1.6456980705261 271.50564575195
73.914863586426 1.8800135850906 271.52667236328
74.244499206543 2.1119749546051 271.54736328125
74.578300476074 2.3379778862 271.56713867188
74.913459777832 2.562002658844 271.58657836914
75.25358581543 2.778507232666 271.60488891602
75.603157043457 2.979594707489 271.6208190918
75.961410522461 3.1649701595306 271.63439941406
68.64461517334 -2.8316624164581 271.39422607422
69.086448669434 -2.544602394104 271.49716186523
69.562919616699 -2.3080470561981 271.572265625
70.033905029297 -2.0634496212006 271.65570068359
70.499649047852 -1.8121693134308 271.74789428711
70.982467651367 -1.5928539037704 271.83395385742
71.471961975098 -1.3833169937134 271.90530395508
71.968994140625 -1.1866753101349 271.95910644531
72.464584350586 -0.99747359752655 272.04409790039
72.963592529297 -0.81665247678757 272.12728881836
73.469299316406 -0.64964228868484 272.19790649414
73.967353820801 -0.48056724667549 272.30728149414
74.446296691895 -0.31005781888962 272.48101806641
74.934288024902 -0.16207507252693 272.6501159668
75.424713134766 -0.020201252773404 272.81741333008
75.927345275879 0.11318242549896 272.95223999023
76.427139282227 0.26279076933861 273.08050537109
76.92472076416 0.42312869429588 273.20431518555
77.425872802734 0.56955814361572 273.33093261719
77.920753479004 0.73690646886826 273.45620727539
78.40495300293 0.93483489751816 273.57846069336
78.898742675781 1.1099656820297 273.69714355469
79.410804748535 1.2555868625641 273.76745605469
79.919914245605 1.4057096242905 273.85037231445
80.438690185547 1.5271328687668 273.91848754883
68.650382995605 -2.7030453681946 270.8659362793
69.059051513672 -2.4016745090485 270.78063964844
69.484634399414 -2.1186163425446 270.71841430664
69.924446105957 -1.8586171865463 270.65460205078
70.38321685791 -1.6345089673996 270.58810424805
70.843254089355 -1.4121428728104 270.52459716797
71.302581787109 -1.1869013309479 270.46630859375
71.769065856934 -0.97542768716812 270.41351318359
72.237228393555 -0.77093183994293 270.34936523438
72.706146240234 -0.57029360532761 270.27886962891
73.17943572998 -0.38590869307518 270.19451904297
73.653678894043 -0.20562747120857 270.1067199707
74.151260375977 -0.079402551054955 270.06701660156
74.63158416748 0.075296804308891 269.96475219727
75.089279174805 0.25478181242943 269.81173706055
75.52417755127 0.45256859064102 269.61978149414
75.972152709961 0.66055202484131 269.47427368164
76.420547485352 0.87061560153961 269.33309936523
76.895629882812 1.0426104068756 269.23397827148
77.351196289062 1.2400590181351 269.09765625
77.820236206055 1.429301738739 269.00122070312
78.28825378418 1.6279587745667 268.91995239258
78.75284576416 1.8363231420517 268.84344482422
79.213607788086 2.0451307296753 268.74749755859
79.690673828125 2.2191689014435 268.66244506836
