13.393641471863 4.5788860321045 -23.599920272827
-0.75768864154816 6.1381993293762 -21.555246353149
-7.8484058380127 0.4626527428627 -19.342357635498
-6.8428916931152 3.9982991218567 -14.677032470703
12.961201667786 4.9109258651733 -23.75740814209
12.433417320251 5.1196236610413 -23.797597885132
11.907263755798 5.3317904472351 -23.84083366394
11.384836196899 5.5499949455261 -23.889598846436
10.829121589661 5.6658477783203 -23.851564407349
10.277733802795 5.8042616844177 -23.831958770752
9.7193365097046 5.8975143432617 -23.775821685791
9.1657218933105 6.0257577896118 -23.74783706665
8.6097679138184 6.1367659568787 -23.705986022949
8.0506772994995 6.176863193512 -23.608572006226
7.4942946434021 6.1890330314636 -23.490177154541
6.9362416267395 6.2806720733643 -23.432867050171
6.3783555030823 6.3054647445679 -23.323890686035
5.819962978363 6.3356165885925 -23.218935012817
5.2624354362488 6.357057094574 -23.107444763184
4.7057189941406 6.3717446327209 -22.990919113159
4.1498646736145 6.3801708221436 -22.86975479126
3.5955545902252 6.3788909912109 -22.741436004639
3.0429186820984 6.3685545921326 -22.606492996216
2.4955439567566 6.335117816925 -22.454881668091
1.956240773201 6.2745323181152 -22.284135818481
1.4544153213501 6.1308722496033 -22.057727813721
0.90964424610138 6.0878982543945 -21.899349212646
0.35744881629944 6.0754776000977 -21.762895584106
-0.20232371985912 6.1328802108765 -21.678709030151
12.604939460754 4.2838048934937 -23.744653701782
11.750321388245 4.2909512519836 -23.683685302734
10.901844978333 4.3221321105957 -23.57181930542
10.075077056885 4.233856678009 -23.364831924438
9.2586650848389 4.152006149292 -23.117839813232
8.4372930526733 4.0827941894531 -22.883832931519
7.6061472892761 4.018657207489 -22.685550689697
6.7717509269714 3.9653177261353 -22.499034881592
5.959623336792 3.7934613227844 -22.286563873291
5.1408634185791 3.6274454593658 -22.09619140625
4.312243938446 3.4591836929321 -21.957696914673
3.4984014034271 3.221752166748 -21.833431243896
2.6959991455078 2.9840610027313 -21.649436950684
1.9042211771011 2.7468245029449 -21.423517227173
1.1171782016754 2.5135321617126 -21.177885055542
0.31400370597839 2.2923676967621 -20.977293014526
-0.49229428172112 2.0720276832581 -20.788818359375
-1.3017199039459 1.9016453027725 -20.565134048462
-2.1160478591919 1.7236573696136 -20.366563796997
-2.9356548786163 1.5617663860321 -20.176097869873
-3.7588083744049 1.4131089448929 -19.990188598633
-4.5834107398987 1.2640233039856 -19.811170578003
-5.4085650444031 1.1132981777191 -19.636112213135
-6.2275443077087 0.96289670467377 -19.433887481689
-7.04740858078 0.76176661252975 -19.286905288696
12.849454879761 4.43412733078 -22.955715179443
11.997427940369 4.4784898757935 -22.839998245239
11.142019271851 4.4898314476013 -22.748275756836
10.333923339844 4.5420942306519 -22.455764770508
9.5173149108887 4.6197090148926 -22.194107055664
8.6945791244507 4.6765933036804 -21.947067260742
7.8764052391052 4.6414151191711 -21.681179046631
7.0647611618042 4.5978426933289 -21.397146224976
6.2618880271912 4.5477380752563 -21.090215682983
5.4684777259827 4.5262355804443 -20.756526947021
4.6925759315491 4.4771475791931 -20.386516571045
3.9281256198883 4.4231910705566 -19.994018554688
3.1635899543762 4.3741121292114 -19.601163864136
2.4119629859924 4.2457633018494 -19.201246261597
1.6614745855331 4.1080884933472 -18.802303314209
0.90330946445465 3.9969072341919 -18.409795761108
0.12762896716595 3.9830393791199 -18.036329269409
-0.65226310491562 3.963436126709 -17.672002792358
-1.4369601011276 3.936253786087 -17.318647384644
-2.2159836292267 3.8967700004578 -16.954078674316
-2.9855790138245 3.8390483856201 -16.572330474854
-3.7621350288391 3.8239471912384 -16.200736999512
-4.5410089492798 3.8279683589935 -15.833739280701
-5.3154816627502 3.8620185852051 -15.459062576294
-6.0863442420959 3.9099535942078 -15.078507423401
