111.52523803711 -43.402484893799 364.59750366211
133.19329833984 -3.8353521823883 355.25131225586
146.50244140625 -20.364393234253 379.19891357422
147.1682434082 -29.004201889038 347.24472045898
109.88401031494 -42.132354736328 363.96820068359
108.76476287842 -40.413780212402 363.27188110352
107.81545257568 -38.595439910889 362.56829833984
107.03251647949 -36.699840545654 361.86389160156
106.54732513428 -34.704013824463 361.17004394531
106.31970977783 -32.655601501465 360.49603271484
106.26511383057 -30.589149475098 359.84072875977
106.39545440674 -28.518461227417 359.21017456055
106.76384735107 -26.46505355835 358.61849975586
107.33757781982 -24.447727203369 358.06716918945
108.07362365723 -22.473907470703 357.55236816406
108.94972229004 -20.549066543579 357.07263183594
110.05246734619 -18.728797912598 356.65759277344
111.27727508545 -16.979139328003 356.28189086914
112.64359283447 -15.326865196228 355.95666503906
114.12987518311 -13.772346496582 355.67892456055
115.7586517334 -12.356837272644 355.46487426758
117.51465606689 -11.093167304993 355.31628417969
119.38909912109 -10.005471229553 355.23959350586
121.31192016602 -9.0036153793335 355.19659423828
123.38286590576 -8.3686800003052 355.28948974609
125.37076568604 -7.5021085739136 355.29806518555
127.2599105835 -6.439296245575 355.2311706543
129.26148986816 -5.6053166389465 355.25189208984
131.31828308105 -4.9222640991211 355.32772827148
111.34374237061 -41.646484375 365.35256958008
111.39012908936 -39.733238220215 365.53298950195
111.61268615723 -37.824012756348 365.51901245117
112.1266784668 -35.972663879395 365.50210571289
113.01490783691 -34.271747589111 365.62094116211
114.02104187012 -32.639450073242 365.75921630859
115.17600250244 -31.105146408081 365.82666015625
116.59686279297 -29.820346832275 365.9573059082
118.25545501709 -28.933704376221 366.35299682617
119.90267181396 -28.193727493286 367.01229858398
121.5662689209 -27.362228393555 367.49908447266
123.28590393066 -26.57006072998 367.83355712891
124.98412322998 -25.764604568481 368.2373046875
126.62449645996 -24.95544052124 368.82586669922
128.3551940918 -24.548828125 369.55776977539
130.04696655273 -24.199411392212 370.39996337891
131.5919342041 -24.018646240234 371.52993774414
133.19212341309 -23.869756698608 372.58529663086
134.83700561523 -23.744701385498 373.57214355469
136.44815063477 -23.285865783691 374.51568603516
138.05345153809 -22.7887840271 375.44876098633
139.81115722656 -22.171796798706 375.92446899414
141.54496765137 -21.599327087402 376.5260925293
143.19757080078 -21.121957778931 377.38494873047
144.85005187988 -20.741889953613 378.29132080078
111.79713439941 -42.218971252441 363.24517822266
112.09186553955 -40.6003074646 362.46710205078
112.4744720459 -38.995498657227 361.69854736328
112.90911865234 -37.401767730713 360.93505859375
113.52409362793 -35.966201782227 360.00064086914
114.32986450195 -34.62760925293 359.06768798828
115.4077911377 -33.425724029541 358.22940063477
116.83459472656 -32.417533874512 357.72119140625
118.49578094482 -31.816556930542 357.28469848633
120.22792053223 -31.423969268799 356.88772583008
121.91205596924 -30.903553009033 356.43460083008
123.59505462646 -30.383270263672 355.97802734375
125.20083618164 -29.87232208252 355.29034423828
126.80892181396 -29.364511489868 354.60626220703
128.51753234863 -28.906536102295 354.17907714844
130.24673461914 -28.826164245605 353.61801147461
131.94630432129 -28.981657028198 352.98590087891
133.59487915039 -29.154314041138 352.23471069336
135.15432739258 -29.3503074646 351.31753540039
136.84426879883 -29.509288787842 350.66110229492
138.58895874023 -29.643102645874 350.16082763672
140.33302307129 -29.600687026978 349.64236450195
142.06878662109 -29.468296051025 349.11157226562
143.75254821777 -29.448062896729 348.42105102539
145.4592590332 -29.246963500977 347.82174682617
