58.601207733154 -0.15660543739796 272.95797729492
72.517601013184 -7.0284247398376 274.10650634766
77.315879821777 -2.6014933586121 271.26718139648
76.464996337891 -2.8335542678833 277.97265625
58.830444335938 -0.72329485416412 273.00827026367
59.197551727295 -1.2121744155884 273.05981445312
59.645378112793 -1.6286278963089 273.11022949219
60.121196746826 -2.012876033783 273.15985107422
60.615604400635 -2.3729755878448 273.2087097168
61.128959655762 -2.7056703567505 273.25646972656
61.657802581787 -3.013325214386 273.30334472656
62.191040039062 -3.3133451938629 273.34991455078
62.730857849121 -3.6014401912689 273.39599609375
63.275363922119 -3.8806390762329 273.44161987305
63.826438903809 -4.1467423439026 273.48666381836
64.380981445312 -4.4055919647217 273.53140258789
64.942672729492 -4.6486630439758 273.57543945312
65.508255004883 -4.8826341629028 273.61898803711
66.074989318848 -5.1138443946838 273.6623840332
66.645050048828 -5.3367938995361 273.70538330078
67.215423583984 -5.5589365959167 273.7483215332
67.794891357422 -5.7564420700073 273.79000854492
68.371871948242 -5.9609990119934 273.83212280273
68.953094482422 -6.1533150672913 273.87350463867
69.536239624023 -6.3398118019104 273.91458129883
70.126670837402 -6.5020670890808 273.9543762207
70.717849731445 -6.6616282463074 273.99407958984
71.313690185547 -6.8030500411987 274.03271484375
71.91764831543 -6.9052715301514 274.06893920898
59.162586212158 -0.47263062000275 272.58972167969
59.831047058105 -0.79540306329727 272.51300048828
60.520000457764 -1.0813927650452 272.48910522461
61.220554351807 -1.3386371135712 272.50451660156
61.922069549561 -1.5928684473038 272.52044677734
62.639991760254 -1.7956631183624 272.54565429688
63.361045837402 -1.9867626428604 272.5729675293
64.082366943359 -2.1768267154694 272.59790039062
64.809059143066 -2.3457961082458 272.57479858398
65.536712646484 -2.5079083442688 272.53717041016
66.266357421875 -2.6584696769714 272.49194335938
67.001136779785 -2.7692403793335 272.42126464844
67.738502502441 -2.8590214252472 272.34783935547
68.478401184082 -2.9205551147461 272.27072143555
69.218200683594 -2.9827830791473 272.19320678711
69.957656860352 -3.0473275184631 272.11431884766
70.697128295898 -3.1113331317902 272.03524780273
71.437362670898 -3.1508667469025 271.94766235352
72.177680969238 -3.1793467998505 271.85662841797
72.91960144043 -3.177850484848 271.77465820312
73.661743164062 -3.1426544189453 271.7028503418
74.402183532715 -3.1204915046692 271.61114501953
75.142189025879 -3.0433692932129 271.55111694336
75.873023986816 -2.9045915603638 271.48947143555
76.591903686523 -2.7238912582397 271.40158081055
59.130741119385 -0.48592671751976 273.34298706055
59.769981384277 -0.79619628190994 273.52941894531
60.455554962158 -1.021516919136 273.67007446289
61.146240234375 -1.2501496076584 273.77606201172
61.846416473389 -1.4619500637054 273.85055541992
62.547607421875 -1.6716890335083 273.92129516602
63.248748779297 -1.8800441026688 273.99526977539
63.949153900146 -2.0686066150665 274.11581420898
64.649208068848 -2.2553873062134 274.24075317383
65.345542907715 -2.4277818202972 274.40216064453
66.042999267578 -2.5892884731293 274.56970214844
66.743103027344 -2.7193315029144 274.75271606445
67.440170288086 -2.8163666725159 274.96563720703
68.136123657227 -2.90256690979 275.18664550781
68.838409423828 -2.959677696228 275.39685058594
69.542152404785 -3.0095913410187 275.60400390625
70.249122619629 -3.0583846569061 275.80014038086
70.956321716309 -3.1064884662628 275.99557495117
71.661033630371 -3.1328499317169 276.20379638672
72.363525390625 -3.1547634601593 276.41979980469
73.05786895752 -3.1644508838654 276.66159057617
73.752456665039 -3.1648273468018 276.90283203125
74.447074890137 -3.1498644351959 277.14346313477
75.126281738281 -3.0694355964661 277.41339111328
75.804611206055 -2.9532678127289 277.67230224609
