59.201530456543 -30.001474380493 339.02600097656
68.931343078613 3.1087024211884 348.38421630859
80.750679016113 1.7445366382599 355.71273803711
79.535415649414 5.8457350730896 339.81619262695
58.391689300537 -28.950996398926 339.36376953125
58.405773162842 -27.602184295654 339.75897216797
58.568988800049 -26.2600440979 340.14669799805
58.728202819824 -24.917652130127 340.53469848633
58.957027435303 -23.58385848999 340.91766357422
59.248046875 -22.260982513428 341.29513549805
59.642570495605 -20.961679458618 341.66186523438
60.032386779785 -19.661117553711 342.02917480469
60.441230773926 -18.365905761719 342.39422607422
60.910190582275 -17.08904838562 342.75170898438
61.432209014893 -15.830786705017 343.10174560547
61.987613677979 -14.585528373718 343.44680786133
62.58313369751 -13.357347488403 343.78536987305
63.251960754395 -12.163719177246 344.11117553711
63.864349365234 -10.942912101746 344.44692993164
64.406394958496 -9.6923875808716 344.79400634766
64.870376586914 -8.4138793945312 345.15213012695
65.260398864746 -7.1133737564087 345.51940917969
65.647247314453 -5.8120937347412 345.88705444336
66.114929199219 -4.5347323417664 346.24472045898
66.55061340332 -3.2473545074463 346.60647583008
67.10701751709 -2.0026359558105 346.95132446289
67.480644226074 -0.69784551858902 347.32046508789
67.849937438965 0.60804033279419 347.69006347656
68.432777404785 1.8418689966202 348.03079223633
59.748226165771 -29.309022903442 340.33093261719
60.673442840576 -28.113405227661 340.93307495117
61.446216583252 -26.800386428833 341.51461791992
62.127582550049 -25.488649368286 342.20114135742
62.794033050537 -24.177122116089 342.90478515625
63.534397125244 -22.849279403687 343.49224853516
64.286224365234 -21.518909454346 344.06167602539
65.076202392578 -20.223861694336 344.65795898438
65.895462036133 -18.955907821655 345.27481079102
66.721298217773 -17.692977905273 345.892578125
67.618881225586 -16.484800338745 346.52029418945
68.516464233398 -15.276620864868 347.14801025391
69.310585021973 -14.019236564636 347.80773925781
70.013229370117 -12.718344688416 348.49575805664
70.789543151855 -11.421766281128 349.09564208984
71.653648376465 -10.130330085754 349.5905456543
72.519081115723 -8.8423776626587 350.09085083008
73.423126220703 -7.655225276947 350.74871826172
74.327163696289 -6.4680724143982 351.40655517578
74.997337341309 -5.1293091773987 352.04827880859
75.674140930176 -3.7946054935455 352.69021606445
76.570823669434 -2.6003332138062 353.34527587891
77.497512817383 -1.4826104640961 354.0859375
78.614784240723 -0.51731616258621 354.77825927734
79.622688293457 0.63275450468063 355.32418823242
59.915893554688 -28.662014007568 338.44448852539
60.456203460693 -27.161981582642 338.36767578125
60.942123413086 -25.612722396851 338.44610595703
61.376117706299 -24.051830291748 338.57986450195
61.857131958008 -22.511184692383 338.71618652344
62.679542541504 -21.11754989624 338.87127685547
63.461456298828 -19.701616287231 339.0051574707
64.111175537109 -18.212888717651 339.06988525391
64.791328430176 -16.742052078247 339.16613769531
65.571838378906 -15.330205917358 339.36642456055
66.370223999023 -13.924443244934 339.45223999023
67.197380065918 -12.528475761414 339.35369873047
67.956672668457 -11.09543800354 339.34518432617
68.656089782715 -9.629693031311 339.41616821289
69.418663024902 -8.1985483169556 339.51800537109
70.207611083984 -6.7818546295166 339.63275146484
71.046760559082 -5.3945026397705 339.74188232422
71.912261962891 -4.0225477218628 339.84811401367
72.737190246582 -2.6227123737335 339.89846801758
73.546714782715 -1.2140419483185 339.94342041016
74.313186645508 0.21920661628246 339.97421264648
75.098594665527 1.642305970192 339.98937988281
75.988998413086 2.9947731494904 340.00674438477
76.99259185791 4.271345615387 340.04458618164
77.963035583496 5.5242443084717 340.07482910156
