69.974349975586 -21.292377471924 341.20779418945
71.260635375977 12.966625213623 339.32659912109
56.165119171143 5.6211128234863 331.92343139648
57.572074890137 5.8827590942383 350.27087402344
71.380676269531 -20.747959136963 340.98233032227
72.61686706543 -19.881088256836 340.76486206055
73.786712646484 -18.925701141357 340.55242919922
74.809608459473 -17.811822891235 340.35278320312
75.739631652832 -16.617780685425 340.16232299805
76.579818725586 -15.357575416565 339.98123168945
77.28734588623 -14.016414642334 339.81484985352
77.89478302002 -12.625787734985 339.66012573242
78.32642364502 -11.168742179871 339.52691650391
78.667350769043 -9.6869277954102 339.4052734375
78.849815368652 -8.1758289337158 339.30459594727
78.855728149414 -6.6523966789246 339.22814941406
78.707588195801 -5.1350936889648 339.17379760742
78.535934448242 -3.6201694011688 339.12289428711
78.235633850098 -2.1248726844788 339.09103393555
77.99877166748 -0.61857157945633 339.0498046875
77.510345458984 0.82660806179047 339.04699707031
76.821792602539 2.1875083446503 339.07662963867
76.20450592041 3.5824084281921 339.09451293945
75.856147766113 5.0673608779907 339.07000732422
75.073303222656 6.3749570846558 339.11560058594
74.255508422852 7.6616477966309 339.16714477539
73.572166442871 9.025218963623 339.19595336914
72.888038635254 10.388381004333 339.22485351562
72.094299316406 11.690237998962 339.27227783203
70.371566772461 -20.337762832642 340.21246337891
70.915901184082 -19.179529190063 339.59020996094
71.537689208984 -18.023956298828 339.01086425781
71.677467346191 -16.707513809204 338.68920898438
71.793037414551 -15.313962936401 338.39306640625
72.107917785645 -13.936420440674 338.15493774414
71.986251831055 -12.597075462341 337.7966003418
71.615646362305 -11.243330955505 337.62756347656
71.09423828125 -9.931770324707 337.51477050781
70.260795593262 -8.8439998626709 337.17987060547
69.233200073242 -8.0701303482056 336.62933349609
68.158477783203 -7.1884198188782 336.66842651367
67.576545715332 -5.9913849830627 336.13919067383
67.08863067627 -4.6981153488159 335.75332641602
66.394866943359 -3.5051355361938 335.35931396484
65.489280700684 -2.4567270278931 335.50714111328
64.662994384766 -1.6079258918762 335.02355957031
63.785129547119 -0.97434222698212 334.63430786133
62.67724609375 -0.53269386291504 335.17630004883
61.895832061768 0.25777778029442 334.26840209961
60.94995880127 1.0974644422531 334.26553344727
60.138626098633 2.0477087497711 333.77084350586
59.323276519775 3.0522768497467 333.16848754883
58.340713500977 4.0408802032471 332.87213134766
57.308246612549 4.9301414489746 332.43096923828
70.490142822266 -19.974273681641 341.30426025391
70.97200012207 -18.643857955933 341.33462524414
71.39533996582 -17.324560165405 341.49417114258
71.728065490723 -16.006872177124 341.89419555664
72.148231506348 -14.73726940155 342.35928344727
72.322853088379 -13.384272575378 342.66519165039
72.024971008301 -12.028594017029 342.89825439453
71.544425964355 -10.724296569824 343.18151855469
71.659233093262 -9.3783845901489 343.51974487305
70.85481262207 -8.7076025009155 343.67236328125
69.87540435791 -8.1771183013916 344.1530456543
69.142738342285 -7.176342010498 344.56716918945
68.529159545898 -6.0335206985474 344.62261962891
68.075996398926 -4.7480931282043 344.86737060547
67.554107666016 -3.5557398796082 345.22503662109
67.09154510498 -2.3773789405823 345.79010009766
66.236503601074 -1.324021935463 346.04626464844
65.035591125488 -0.6274111866951 346.18936157227
63.906585693359 0.10971478372812 346.62448120117
62.744434356689 0.78996187448502 347.06362915039
62.09928894043 1.8589649200439 347.69024658203
61.536064147949 2.8630089759827 348.43313598633
60.700054168701 3.8839128017426 348.77044677734
59.815517425537 4.7797961235046 349.25177001953
58.877731323242 5.6132111549377 349.86038208008
