72.510093688965 -12.730748176575 273.67956542969
80.074638366699 25.219326019287 324.61578369141
70.64136505127 27.250816345215 344.57504272461
84.743347167969 22.038450241089 345.44161987305
72.987419128418 -10.856617927551 275.2158203125
73.457077026367 -8.9988832473755 276.77154541016
73.836608886719 -7.3340411186218 278.55606079102
74.207389831543 -5.6889095306396 280.35971069336
74.543952941895 -4.1207790374756 282.2380065918
74.874717712402 -2.5659708976746 284.12814331055
75.190505981445 -1.0455235242844 286.04876708984
75.493263244629 0.44452780485153 287.9944152832
75.774543762207 1.8844766616821 289.98129272461
76.049285888672 3.3089609146118 291.98010253906
76.316230773926 4.7150359153748 293.99304199219
76.581008911133 6.1159501075745 296.00988769531
76.843971252441 7.5125503540039 298.02993774414
77.103370666504 8.9006671905518 300.05630493164
77.360702514648 10.283874511719 302.08627319336
77.614738464355 11.659209251404 304.12200927734
77.867485046387 13.031472206116 306.15997314453
78.1220703125 14.40811920166 308.19476318359
78.37712097168 15.785864830017 310.22872924805
78.634101867676 17.168214797974 312.25933837891
78.89134979248 18.551212310791 314.28945922852
79.128639221191 19.886384963989 316.35375976562
79.365539550781 21.2210521698 318.41842651367
79.577415466309 22.565031051636 320.47952270508
79.822380065918 23.892595291138 322.54782104492
72.284591674805 -10.802076339722 276.16220092773
72.401565551758 -8.9314041137695 278.69622802734
72.563179016113 -7.2413582801819 281.3518371582
72.686515808105 -5.5897679328918 284.03359985352
72.795234680176 -3.9529497623444 286.72500610352
72.859786987305 -2.3433020114899 289.43417358398
72.886917114258 -0.75693517923355 292.15768432617
72.907241821289 0.8802056312561 294.85101318359
72.931114196777 2.5109145641327 297.54821777344
72.967651367188 4.0832901000977 300.27972412109
73.014434814453 5.7515869140625 302.95355224609
73.051483154297 7.4344844818115 305.61834716797
73.057495117188 9.0571842193604 308.32049560547
73.057579040527 10.665979385376 311.03094482422
73.013778686523 12.170085906982 313.80047607422
72.969825744629 13.673867225647 316.57022094727
72.888999938965 15.254173278809 319.2961730957
72.779136657715 16.893774032593 321.98583984375
72.694091796875 18.499582290649 324.69671630859
72.626373291016 20.081497192383 327.42211914062
72.716094970703 21.597965240479 330.18377685547
72.69563293457 22.99928855896 333.00695800781
72.630912780762 24.166017532349 335.93420410156
72.394828796387 25.22767829895 338.89251708984
71.769340515137 26.263513565063 341.802734375
73.097549438477 -11.087090492249 276.26623535156
73.646476745605 -9.3919248580933 278.82800292969
74.084808349609 -7.741473197937 281.43981933594
74.465621948242 -6.2432818412781 284.15051269531
74.922233581543 -4.7029762268066 286.82571411133
75.387466430664 -3.1970250606537 289.51889038086
75.850425720215 -1.7289177179337 292.23327636719
76.335731506348 -0.27471160888672 294.95126342773
76.818969726562 1.1733200550079 297.67288208008
77.293098449707 2.594569683075 300.41018676758
77.76245880127 4.0098705291748 303.15139770508
78.226669311523 5.4187521934509 305.89678955078
78.730346679688 6.8690853118896 308.61349487305
79.240196228027 8.3258686065674 311.32559204102
79.738204956055 9.710301399231 314.07748413086
80.22819519043 11.046438217163 316.85455322266
80.71395111084 12.38813495636 319.62973022461
81.202621459961 13.737108230591 322.40084838867
81.718544006348 15.113858222961 325.15328979492
82.2314453125 16.514375686646 327.89428710938
82.744903564453 17.898569107056 330.64346313477
83.263801574707 19.197914123535 333.43273925781
83.638717651367 20.181184768677 336.37033081055
83.927856445312 21.024263381958 339.36083984375
84.186653137207 21.748798370361 342.38500976562
