124.89208221436 -32.012626647949 332.79888916016
120.77655029297 16.861488342285 341.03329467773
107.21241760254 -0.85276746749878 327.21493530273
109.58894348145 -4.9254283905029 351.24578857422
126.62912750244 -30.502855300903 332.73052978516
128.17007446289 -28.80627822876 332.72485351562
129.58491516113 -26.990121841431 332.75939941406
130.98936462402 -25.165969848633 332.79699707031
132.39019775391 -23.339059829712 332.8356628418
133.72369384766 -21.466176986694 332.89306640625
134.93836975098 -19.512254714966 332.98348999023
135.71270751953 -17.355386734009 333.18133544922
136.43167114258 -15.178367614746 333.3918762207
136.9884185791 -12.970848083496 333.63522338867
137.16172790527 -10.697294235229 333.95513916016
137.10011291504 -8.4257488250732 334.31539916992
136.89167785645 -6.1680345535278 334.69897460938
136.54206848145 -3.9297833442688 335.10397338867
136.0009765625 -1.733806848526 335.53561401367
135.30485534668 0.41196075081825 335.98638916016
134.47822570801 2.5068423748016 336.45190429688
133.51211547852 4.5408864021301 336.93222045898
132.32939147949 6.4518632888794 337.43112182617
131.03593444824 8.2852191925049 337.93719482422
129.63005065918 10.031905174255 338.44937133789
128.06634521484 11.640507698059 338.96768188477
126.3122177124 13.032803535461 339.48568725586
124.4899520874 14.340826034546 340.00247192383
122.63325500488 15.601157188416 340.51788330078
124.97064208984 -30.850196838379 331.52398681641
125.47469329834 -29.223222732544 331.15090942383
126.09822845459 -27.596231460571 331.07342529297
126.46905517578 -25.894197463989 330.97454833984
126.86831665039 -24.201932907104 330.82943725586
127.11283111572 -22.475608825684 330.76400756836
127.30055236816 -20.74135017395 330.72763061523
127.50386047363 -19.009317398071 330.67303466797
127.63724517822 -17.270496368408 330.62069702148
126.9009552002 -15.702325820923 330.65219116211
125.38576507568 -14.869438171387 330.53472900391
123.68292999268 -14.640866279602 330.25582885742
121.96571350098 -14.698262214661 329.95858764648
120.23262786865 -14.570253372192 329.81838989258
118.50067138672 -14.575492858887 329.97048950195
116.84016418457 -14.679608345032 329.50979614258
115.37184143066 -13.782060623169 329.25042724609
114.24777984619 -12.485434532166 328.93670654297
113.06755828857 -11.281053543091 328.4899597168
112.08603668213 -9.9207315444946 328.01266479492
111.20304870605 -8.4430685043335 327.75073242188
110.02429962158 -7.1594834327698 327.6891784668
109.04420471191 -5.7179293632507 327.62591552734
108.24584197998 -4.1703362464905 327.53268432617
107.72856903076 -2.5096895694733 327.39511108398
125.34038543701 -31.050992965698 334.22445678711
125.94618988037 -29.566925048828 335.01583862305
126.47905731201 -27.937141418457 335.52676391602
127.00547027588 -26.300302505493 336.02142333984
127.48820495605 -24.670505523682 336.57992553711
127.95413970947 -23.036834716797 337.14126586914
128.28829956055 -21.369264602661 337.69689941406
128.5715637207 -19.691347122192 338.24966430664
128.60043334961 -17.983455657959 338.78128051758
127.84122467041 -16.54793548584 339.52035522461
126.27313232422 -15.963286399841 340.125
124.56392669678 -16.178424835205 340.60403442383
122.91358184814 -16.772340774536 340.95687866211
121.30180358887 -17.471920013428 341.27481079102
119.59533691406 -17.423685073853 341.80072021484
118.06519317627 -16.79810333252 342.48449707031
116.68182373047 -16.048009872437 343.33572387695
115.40061950684 -15.230228424072 344.27963256836
114.37705230713 -14.304827690125 345.41851806641
113.4222869873 -13.358166694641 346.59893798828
112.40281677246 -12.249760627747 347.56430053711
111.33422088623 -10.966555595398 348.20538330078
110.45230865479 -9.6125221252441 348.97262573242
109.94369506836 -8.195915222168 349.93829345703
109.71115875244 -6.6559410095215 350.81735229492
