7.9458422660828 6.4958958625793 -26.05513381958
-24.069997787476 21.364305496216 -21.678606033325
-22.663501739502 12.749557495117 -28.055698394775
-21.374227523804 12.805128097534 -16.402835845947
7.05433177948 7.5407571792603 -25.918283462524
5.9680409431458 8.3786354064941 -25.761867523193
4.8482894897461 9.1706209182739 -25.602340698242
3.7025880813599 9.924090385437 -25.440464019775
2.536580324173 10.645342826843 -25.276807785034
1.3521007299423 11.335451126099 -25.111558914185
0.14584934711456 11.986311912537 -24.944513320923
-1.071906208992 12.615133285522 -24.776546478271
-2.3031151294708 13.216906547546 -24.607530593872
-3.5413718223572 13.803854942322 -24.437976837158
-4.8003783226013 14.344424247742 -24.266918182373
-6.0547313690186 14.89580821991 -24.096193313599
-7.314998626709 15.433398246765 -23.925046920776
-8.5840721130371 15.94966506958 -23.753305435181
-9.8505401611328 16.472347259521 -23.581733703613
-11.118049621582 16.992458343506 -23.410093307495
-12.402099609375 17.469905853271 -23.23738861084
-13.675229072571 17.975996017456 -23.065380096436
-14.947162628174 18.485092163086 -22.893442153931
-16.236886978149 18.94687461853 -22.72039604187
-17.549907684326 19.336957931519 -22.546127319336
-18.848890304565 19.771802902222 -22.372556686401
-20.154348373413 20.186040878296 -22.198663711548
-21.40274810791 20.750902175903 -22.028364181519
-22.725917816162 21.100997924805 -21.853765487671
6.829035282135 6.7221255302429 -26.514572143555
5.6799459457397 7.1633696556091 -26.520673751831
4.5909748077393 7.7372689247131 -26.533805847168
3.4652197360992 8.2318439483643 -26.477540969849
2.3030591011047 8.6111965179443 -26.334606170654
1.1858344078064 9.1279163360596 -26.318994522095
0.026844756677747 9.5395908355713 -26.267126083374
-1.1585866212845 9.8355264663696 -26.11625289917
-2.3494560718536 10.116839408875 -25.98260307312
-3.5116474628448 10.515647888184 -26.057962417603
-4.7342896461487 10.638441085815 -25.982736587524
-5.9525442123413 10.80277633667 -25.916101455688
-7.1536135673523 11.072811126709 -25.908264160156
-8.355993270874 11.325688362122 -25.984878540039
-9.5708999633789 11.521544456482 -26.018972396851
-10.787968635559 11.700801849365 -26.065801620483
-11.995316505432 11.90403842926 -26.193996429443
-13.125264167786 12.147151947021 -26.614814758301
-14.2848072052 12.396734237671 -26.944107055664
-15.482109069824 12.642841339111 -27.087671279907
-16.704360961914 12.630644798279 -26.956592559814
-17.874132156372 12.913777351379 -27.199735641479
-19.076068878174 13.070154190063 -27.415227890015
-20.301704406738 13.071293830872 -27.531023025513
-21.519390106201 13.04390335083 -27.710121154785
6.9746251106262 6.8626351356506 -25.379379272461
5.9055151939392 7.4158387184143 -25.076414108276
4.7647275924683 7.8518552780151 -24.85350227356
3.5838613510132 8.1739568710327 -24.645240783691
2.4029111862183 8.500563621521 -24.444618225098
1.229674577713 8.8513917922974 -24.239671707153
0.038233451545238 9.15305519104 -24.063545227051
-1.1166224479675 9.5383253097534 -23.82010269165
-2.2793641090393 9.8936538696289 -23.568473815918
-3.4712703227997 10.160294532776 -23.345848083496
-4.5707535743713 10.553008079529 -22.926298141479
-5.7472586631775 10.855568885803 -22.674070358276
-6.9460864067078 11.107577323914 -22.472375869751
-7.8152227401733 11.523722648621 -21.6976146698
-9.0346937179565 11.617077827454 -21.551540374756
-10.207823753357 11.75635433197 -21.20129776001
-11.081405639648 12.047368049622 -20.388887405396
-12.309297561646 12.08965587616 -20.210409164429
-13.519661903381 12.167634963989 -19.957942962646
-14.596060752869 12.40140914917 -19.385349273682
-15.721391677856 12.577660560608 -18.891265869141
-16.847833633423 12.729756355286 -18.391790390015
-17.985597610474 12.815814971924 -17.902805328369
-19.166645050049 12.788728713989 -17.521732330322
-20.27241897583 12.896818161011 -16.967796325684
