69.287605285645 -4.0196309089661 269.22366333008
78.012130737305 2.7793967723846 273.83367919922
80.371116638184 -0.17178958654404 272.98590087891
78.693550109863 3.8979909420013 270.17791748047
69.346527099609 -3.7363390922546 269.59729003906
69.493797302246 -3.4411635398865 269.93539428711
69.722518920898 -3.1459438800812 270.22506713867
69.980484008789 -2.8541259765625 270.49237060547
70.289642333984 -2.5731911659241 270.71347045898
70.615829467773 -2.2978086471558 270.91635131836
70.954170227051 -2.0271363258362 271.10522460938
71.300239562988 -1.7598631381989 271.28460693359
71.659507751465 -1.4990383386612 271.44680786133
72.018531799316 -1.2380865812302 271.60931396484
72.387481689453 -0.98273092508316 271.75790405273
72.758689880371 -0.7287335395813 271.90313720703
73.136421203613 -0.47891256213188 272.03848266602
73.507110595703 -0.22459615767002 272.18450927734
73.880043029785 0.02834608964622 272.3271484375
74.249351501465 0.28350624442101 272.47518920898
74.620452880859 0.53757101297379 272.62060546875
74.992973327637 0.79076153039932 272.76385498047
75.354591369629 1.0503143072128 272.9228515625
75.720573425293 1.3074371814728 273.07565307617
76.090446472168 1.5622588396072 273.22286987305
76.461013793945 1.8166455030441 273.36907958984
76.832389831543 2.0705382823944 273.51409912109
77.204925537109 2.3237295150757 273.65734863281
77.59693145752 2.5630083084106 273.76889038086
69.650032043457 -3.9112694263458 269.52206420898
69.921936035156 -3.697883605957 269.85699462891
70.32837677002 -3.5452780723572 270.06591796875
70.738380432129 -3.3432517051697 270.21853637695
71.151428222656 -3.1305801868439 270.34649658203
71.569183349609 -2.9149179458618 270.45230102539
71.993217468262 -2.7106094360352 270.55548095703
72.405952453613 -2.5062007904053 270.69720458984
72.815406799316 -2.2894098758698 270.82974243164
73.235420227051 -2.0871312618256 270.95178222656
73.656867980957 -1.8932127952576 271.08212280273
74.088729858398 -1.7221472263336 271.21041870117
74.523147583008 -1.5524289608002 271.33163452148
74.963096618652 -1.3860912322998 271.43649291992
75.407608032227 -1.2286857366562 271.53576660156
75.855506896973 -1.0808213949203 271.63430786133
76.310256958008 -0.96752715110779 271.74652099609
76.765182495117 -0.85943758487701 271.86303710938
77.220352172852 -0.74100637435913 271.96798706055
77.681098937988 -0.63543248176575 272.06130981445
78.150688171387 -0.58366650342941 272.1552734375
78.59260559082 -0.4842629134655 272.31967163086
79.030181884766 -0.40148463845253 272.50369262695
79.472068786621 -0.35004517436028 272.68878173828
79.91943359375 -0.26652777194977 272.84722900391
69.531814575195 -3.6165499687195 269.31793212891
69.706741333008 -3.2365248203278 269.54534912109
70.050308227539 -2.9055693149567 269.62057495117
70.428665161133 -2.6160252094269 269.7018737793
70.813133239746 -2.3364353179932 269.78875732422
71.211730957031 -2.0749683380127 269.86837768555
71.605987548828 -1.8117715120316 269.96270751953
71.998641967773 -1.5478868484497 270.06103515625
72.399520874023 -1.2854994535446 270.1247253418
72.802658081055 -1.0278066396713 270.19317626953
73.208541870117 -0.77569562196732 270.26602172852
73.616233825684 -0.52435755729675 270.32815551758
73.99308013916 -0.22388796508312 270.36050415039
74.388999938965 0.042394511401653 270.43481445312
74.746994018555 0.36551076173782 270.46347045898
75.120582580566 0.67061293125153 270.43295288086
75.504379272461 0.96153837442398 270.39227294922
75.897850036621 1.2410926818848 270.36773681641
76.272651672363 1.5455355644226 270.34652709961
76.644020080566 1.8540774583817 270.3251953125
76.99388885498 2.1849446296692 270.28378295898
77.331466674805 2.5302450656891 270.26330566406
77.668731689453 2.8762090206146 270.25015258789
78.013031005859 3.2151970863342 270.23764038086
78.350547790527 3.5609953403473 270.22686767578
