59.497375488281 6.427845954895 264.01654052734
67.718940734863 -0.19887344539165 264.87185668945
68.852531433105 2.8796203136444 262.22760009766
69.241348266602 3.1898057460785 267.67837524414
59.454132080078 6.0014572143555 264.02719116211
59.547386169434 5.5834159851074 264.04824829102
59.708618164062 5.1868643760681 264.07376098633
59.93522644043 4.8239107131958 264.10327148438
60.176303863525 4.4704990386963 264.13360595703
60.452156066895 4.143651008606 264.1657409668
60.742443084717 3.8296294212341 264.19857788086
61.050033569336 3.5326161384583 264.23220825195
61.365795135498 3.2443442344666 264.26617431641
61.69087600708 2.9666678905487 264.30047607422
62.024589538574 2.6994774341583 264.33517456055
62.370372772217 2.4481530189514 264.37023925781
62.722953796387 2.2064888477325 264.40548706055
63.082786560059 1.9757888317108 264.44094848633
63.447032928467 1.7521405220032 264.47653198242
63.818790435791 1.5412415266037 264.51229858398
64.195854187012 1.3399994373322 264.54815673828
64.576324462891 1.1452739238739 264.58404541016
64.961944580078 0.9609916806221 264.61999511719
65.354774475098 0.79261046648026 264.6559753418
65.743873596191 0.61578303575516 264.69198608398
66.135681152344 0.44504660367966 264.72793579102
66.528877258301 0.27751514315605 264.7639465332
66.920555114746 0.10648618638515 264.79992675781
67.32006072998 -0.045368757098913 264.83587646484
59.719917297363 6.1016321182251 263.93960571289
59.94873046875 5.7772526741028 263.87557983398
60.24137878418 5.5125684738159 263.86056518555
60.606334686279 5.3596067428589 263.80047607422
60.972305297852 5.2132396697998 263.72024536133
61.295307159424 4.9882531166077 263.64163208008
61.657718658447 4.8213806152344 263.61294555664
62.014144897461 4.638473033905 263.58065795898
62.390293121338 4.5037055015564 263.55776977539
62.773372650146 4.3807902336121 263.55386352539
63.154735565186 4.2564377784729 263.52056884766
63.535877227783 4.1306986808777 263.49014282227
63.91695022583 4.0045437812805 263.46057128906
64.28914642334 3.8691656589508 263.38897705078
64.662315368652 3.7372431755066 263.31777954102
65.05590057373 3.6711030006409 263.26556396484
65.44359588623 3.5961647033691 263.18936157227
65.828620910645 3.5160048007965 263.10385131836
66.210655212402 3.420282125473 263.02081298828
66.590110778809 3.3363795280457 262.91680908203
66.967468261719 3.2522745132446 262.80502319336
67.341323852539 3.1590745449066 262.68859863281
67.715614318848 3.067179441452 262.57260131836
68.092338562012 2.9880084991455 262.45739746094
68.47435760498 2.9625458717346 262.33767700195
59.703052520752 6.1378664970398 264.25064086914
59.90474319458 5.7699513435364 264.37271118164
60.116729736328 5.4312891960144 264.45593261719
60.467018127441 5.3590741157532 264.64877319336
60.832733154297 5.1875329017639 264.78070068359
61.209121704102 4.9951028823853 264.89730834961
61.6139793396 4.8491578102112 264.97109985352
62.022880554199 4.7074027061462 265.04168701172
62.424365997314 4.5621342658997 265.14224243164
62.831085205078 4.4291248321533 265.23779296875
63.24059677124 4.3023343086243 265.3291015625
63.637054443359 4.1630311012268 265.45492553711
64.038177490234 4.0491971969604 265.59176635742
64.438148498535 3.931921005249 265.72909545898
64.84423828125 3.8293807506561 265.85958862305
65.248672485352 3.7312774658203 265.99850463867
65.654609680176 3.6433484554291 266.13726806641
66.077255249023 3.5985131263733 266.24658203125
66.481063842773 3.5234243869781 266.39965820312
66.879768371582 3.4408752918243 266.56329345703
67.280815124512 3.3696019649506 266.72482299805
67.686050415039 3.3313558101654 266.88781738281
68.080352783203 3.2873086929321 267.07510375977
68.466018676758 3.2296948432922 267.27612304688
68.84935760498 3.1837675571442 267.4811706543
