13.49388885498 7.6183285713196 338.7919921875
2.3256723880768 -30.226493835449 339.85464477539
-11.555300712585 -26.06517791748 344.36129760742
-10.209307670593 -26.208187103271 332.28280639648
15.04905128479 7.1854429244995 339.02005004883
15.930415153503 5.8196506500244 339.22311401367
16.411046981812 4.2741055488586 339.38668823242
16.176570892334 2.6661586761475 339.4626159668
15.476942062378 1.1841633319855 339.47061157227
14.598063468933 -0.20128831267357 339.44921875
13.747926712036 -1.6045949459076 339.43267822266
12.947587013245 -3.0369875431061 339.42446899414
12.147162437439 -4.4693212509155 339.41622924805
11.322309494019 -5.8876123428345 339.40393066406
10.452224731445 -7.2786030769348 339.38403320312
9.5572309494019 -8.6536378860474 339.35989379883
8.7001934051514 -10.052754402161 339.34219360352
7.8559927940369 -11.459633827209 339.32662963867
7.0680737495422 -12.898720741272 339.32052612305
6.3945236206055 -14.394877433777 339.33276367188
5.7599258422852 -15.907897949219 339.35104370117
5.1760087013245 -17.44100189209 339.37728881836
4.6923761367798 -19.008222579956 339.41854858398
4.3565993309021 -20.613025665283 339.48129272461
4.1315350532532 -22.236322402954 339.55944824219
3.7506613731384 -23.831338882446 339.61578369141
3.3204309940338 -25.413999557495 339.66494750977
2.9360032081604 -27.008195877075 339.72076416016
2.5597026348114 -28.604251861572 339.77767944336
13.373689651489 7.0609855651855 340.44857788086
13.139814376831 5.8505625724792 341.73208618164
12.229341506958 5.1822590827942 343.03524780273
11.075224876404 4.494616985321 344.18026733398
9.5928812026978 3.665623664856 344.6999206543
8.1237964630127 2.6753921508789 344.88256835938
6.7359304428101 1.5517077445984 344.97088623047
5.3892364501953 0.38170075416565 345.0510559082
4.2340188026428 -0.98099464178085 345.12554931641
2.9366309642792 -2.2066473960876 345.18420410156
1.7039991617203 -3.4907243251801 345.21185302734
0.62495851516724 -4.9163393974304 345.19424438477
-0.42817804217339 -6.3606896400452 345.16201782227
-1.4659695625305 -7.8161377906799 345.12112426758
-2.5047719478607 -9.2663059234619 345.00582885742
-3.5454752445221 -10.713706970215 344.86859130859
-4.6439881324768 -12.117133140564 344.72479248047
-5.7217888832092 -13.528349876404 344.52947998047
-6.762083530426 -14.953670501709 344.2409362793
-7.7859926223755 -16.396034240723 344.00338745117
-8.7488069534302 -17.901945114136 343.95611572266
-9.6778688430786 -19.427633285522 343.94161987305
-10.429358482361 -21.034255981445 344.07925415039
-10.692554473877 -22.752616882324 344.2541809082
-10.691628456116 -24.501182556152 344.29058837891
13.996187210083 7.1079368591309 337.17141723633
14.104986190796 5.8802471160889 335.87951660156
13.41966342926 5.0004677772522 334.56597900391
12.176860809326 4.2274303436279 333.54183959961
10.884357452393 3.3624432086945 332.67102050781
9.5434303283691 2.4076526165009 331.99914550781
8.2460689544678 1.2221205234528 331.67053222656
6.9687867164612 0.0012086550705135 331.4130859375
5.7161979675293 -1.2632150650024 331.2431640625
4.4880318641663 -2.5600759983063 331.19174194336
3.2790374755859 -3.8762149810791 331.20065307617
2.0962584018707 -5.2150406837463 331.2727355957
0.99657267332077 -6.606912612915 331.46395874023
-0.056411683559418 -8.0285987854004 331.72210693359
-1.079887509346 -9.4922294616699 331.71026611328
-2.1054964065552 -10.956570625305 331.70483398438
-3.0895555019379 -12.436291694641 331.62713623047
-3.9235022068024 -13.973456382751 331.25527954102
-4.9078783988953 -15.447785377502 331.15789794922
-5.9579248428345 -16.894683837891 331.18035888672
-7.0217709541321 -18.331565856934 331.18594360352
-8.0900888442993 -19.765201568604 331.18606567383
-9.0481128692627 -21.079254150391 331.92309570312
-9.534839630127 -22.717205047607 332.05630493164
-9.8596286773682 -24.469257354736 332.05816650391
