59.375942230225 -7.7157578468323 332.462890625
60.719749450684 21.889562606812 327.39575195312
47.907451629639 7.8293852806091 322.69003295898
50.988243103027 9.536416053772 340.25643920898
60.494083404541 -7.0275559425354 332.09494018555
61.50866317749 -6.1940026283264 331.7275390625
62.441928863525 -5.2687106132507 331.36407470703
63.333572387695 -4.3021626472473 331.00354003906
64.142990112305 -3.2632682323456 330.65029907227
64.949584960938 -2.222083568573 330.29733276367
65.763298034668 -1.1867229938507 329.94366455078
66.395866394043 -0.025376724079251 329.61145019531
66.969757080078 1.1683429479599 329.28750610352
67.503387451172 2.3821821212769 328.96966552734
67.699157714844 3.7067165374756 328.71173095703
67.827529907227 5.0420656204224 328.46755981445
67.864585876465 6.3864703178406 328.24298095703
67.806053161621 7.7335467338562 328.04000854492
67.695854187012 9.079158782959 327.84912109375
67.494110107422 10.417113304138 327.68054199219
67.206268310547 11.741829872131 327.53387451172
66.81477355957 13.04252910614 327.41494750977
66.31201171875 14.306974411011 327.3274230957
65.749298095703 15.547027587891 327.25762939453
65.126426696777 16.758897781372 327.20617675781
64.424949645996 17.927865982056 327.17971801758
63.621856689453 19.029787063599 327.18746948242
62.750770568848 20.078311920166 327.21948242188
61.740333557129 20.98983001709 327.30551147461
59.573421478271 -7.1276178359985 331.68716430664
59.769062042236 -6.3053159713745 331.16290283203
59.973922729492 -5.4455919265747 330.70651245117
60.030834197998 -4.5563440322876 330.27059936523
59.529125213623 -3.762485742569 329.94732666016
59.379993438721 -2.9031336307526 329.51275634766
59.651054382324 -2.3895027637482 328.71347045898
59.614700317383 -1.6316417455673 328.10678100586
59.036426544189 -0.84902757406235 327.92123413086
58.242694854736 -0.266183167696 327.80059814453
57.32869720459 0.098056949675083 327.66873168945
56.350749969482 0.26393750309944 327.60583496094
55.36018371582 0.29791337251663 327.5309753418
54.388889312744 0.45500034093857 327.38653564453
53.415447235107 0.64650112390518 327.3200378418
52.494132995605 0.94137674570084 327.14077758789
51.824630737305 1.4841965436935 326.64434814453
51.156230926514 2.0413131713867 326.16506958008
50.386783599854 2.5560698509216 325.80145263672
49.643920898438 3.1099097728729 325.44229125977
49.017948150635 3.7548081874847 325.01773071289
48.454021453857 4.5033521652222 324.68966674805
48.09871673584 5.2706432342529 324.16674804688
47.872856140137 6.1255927085876 323.71234130859
47.846412658691 6.9835405349731 323.20983886719
59.867889404297 -7.0425887107849 332.89349365234
60.338855743408 -6.2334666252136 332.95114135742
60.639579772949 -5.3448948860168 332.95040893555
60.671779632568 -4.4121632575989 333.03900146484
60.731838226318 -3.4855616092682 333.17422485352
60.876808166504 -2.5651259422302 333.28381347656
61.092399597168 -1.6711040735245 333.46878051758
60.993579864502 -0.78630113601685 333.75540161133
60.822589874268 0.084510624408722 334.06005859375
60.320465087891 0.80836862325668 334.37210083008
59.660305023193 1.4042000770569 334.66806030273
58.86840057373 1.808410525322 334.96215820312
58.002658843994 1.9709442853928 335.28015136719
57.175121307373 2.2063262462616 335.6535949707
56.365249633789 2.4500052928925 336.06008911133
55.607089996338 2.7645382881165 336.51385498047
55.042957305908 3.3340816497803 336.99206542969
54.606258392334 4.0431308746338 337.42169189453
54.128952026367 4.7419090270996 337.82681274414
53.651664733887 5.4127917289734 338.2766418457
53.245861053467 6.1064071655273 338.76034545898
52.826953887939 6.8457708358765 339.15658569336
52.198066711426 7.4437265396118 339.50012207031
51.429698944092 7.8596229553223 339.83514404297
50.97875213623 8.6086702346802 340.11578369141
