83.043121337891 8.0700368881226 426.57730102539
104.83117675781 -4.1120386123657 425.92150878906
110.91886138916 3.0187656879425 426.03335571289
110.33117675781 -0.87911063432693 433.18542480469
83.035316467285 7.1043314933777 426.11752319336
83.204452514648 6.1430506706238 425.70135498047
83.51554107666 5.1947422027588 425.32470703125
83.942306518555 4.2735147476196 424.98818969727
84.505966186523 3.4091899394989 424.71078491211
85.160545349121 2.6003153324127 424.48104858398
85.900169372559 1.8524262905121 424.30020141602
86.738891601562 1.1983458995819 424.18716430664
87.623512268066 0.60312086343765 424.11279296875
88.550651550293 0.076875507831573 424.08114624023
89.52067565918 -0.3721014559269 424.09619140625
90.533813476562 -0.70560103654861 424.17614746094
91.567184448242 -0.81113868951797 424.36901855469
92.607666015625 -0.89144426584244 424.57556152344
93.64518737793 -1.1105358600616 424.71557617188
94.661659240723 -1.4313938617706 424.80233764648
95.671447753906 -1.7755752801895 424.87646484375
96.682243347168 -2.1121242046356 424.95443725586
97.717063903809 -2.3488335609436 425.08544921875
98.722412109375 -2.7052848339081 425.15274047852
99.719367980957 -3.0886077880859 425.20529174805
100.71063995361 -3.4875907897949 425.24905395508
101.72563171387 -3.8144724369049 425.33264160156
102.7621307373 -4.0349555015564 425.47171020508
103.8037109375 -4.1882944107056 425.6438293457
83.631629943848 7.7988390922546 425.66470336914
84.305877685547 6.9951190948486 425.17950439453
85.03971862793 6.1539640426636 424.93008422852
86.007202148438 5.5275912284851 424.9787902832
87.026588439941 4.9937191009521 425.10739135742
88.093452453613 4.5674338340759 425.27700805664
89.177139282227 4.1830234527588 425.43481445312
90.284561157227 3.8606052398682 425.54669189453
91.418670654297 3.6116781234741 425.56924438477
92.569221496582 3.5278491973877 425.49066162109
93.724075317383 3.4894201755524 425.37637329102
94.871932983398 3.4003186225891 425.22415161133
96.027114868164 3.3633215427399 425.1383972168
97.186302185059 3.3250732421875 425.11822509766
98.342864990234 3.2200357913971 425.12161254883
99.502532958984 3.2314467430115 425.10317993164
100.65458679199 3.1597216129303 425.21691894531
101.80574035645 3.0760297775269 425.34545898438
102.94582366943 2.9967017173767 425.54565429688
104.08061218262 2.919460773468 425.78012084961
105.21446228027 2.7714416980743 425.97845458984
106.34678649902 2.7352259159088 425.88302612305
107.48151397705 2.7713813781738 425.66339111328
108.64031219482 2.7802884578705 425.7395324707
109.79618835449 2.8056788444519 425.82626342773
83.52400970459 7.1208148002625 427.07952880859
84.242324829102 6.3379254341125 426.50848388672
84.752174377441 5.3293690681458 426.84365844727
85.806167602539 4.7706613540649 426.77786254883
86.899070739746 4.2718534469604 426.67114257812
88.01293182373 3.8270952701569 426.73818969727
89.111846923828 3.3564264774323 426.89373779297
90.199020385742 2.8622763156891 427.06350708008
91.338905334473 2.5280430316925 427.27041625977
92.446243286133 2.1954486370087 427.59759521484
93.528579711914 1.8596830368042 428.01083374023
94.595077514648 1.501224398613 428.44290161133
95.627960205078 1.094597697258 428.91488647461
96.778625488281 0.89869749546051 429.17288208008
97.927093505859 0.7207413315773 429.47308349609
99.036003112793 0.49939876794815 429.89294433594
100.15593719482 0.24925775825977 430.26443481445
101.30455780029 0.076827324926853 430.52947998047
102.47724151611 -0.018220644444227 430.65963745117
103.5138168335 -0.45192590355873 431.09823608398
104.62854003906 -0.6749632358551 431.48580932617
105.76316070557 -0.8517901301384 431.85479736328
106.90249633789 -1.0373307466507 432.20474243164
108.04493713379 -1.1550409793854 432.57022094727
109.18859863281 -1.1601297855377 432.91989135742
