54.959457397461 1.9956268072128 266.98385620117
81.621368408203 0.24570618569851 267.46374511719
81.860740661621 -2.7053220272064 269.49917602539
81.889945983887 -2.8845348358154 265.96792602539
55.92688369751 2.3661770820618 266.97088623047
56.943725585938 2.542414188385 266.97216796875
57.974609375 2.6399683952332 266.97918701172
59.009086608887 2.6890444755554 266.98962402344
60.044971466064 2.7001068592072 267.00274658203
61.080875396729 2.6908733844757 267.01727294922
62.116554260254 2.6687581539154 267.03271484375
63.151943206787 2.6363015174866 267.04885864258
64.186820983887 2.5911076068878 267.06588745117
65.221031188965 2.5322487354279 267.08383178711
66.254608154297 2.463285446167 267.1025390625
67.287292480469 2.3823130130768 267.1220703125
68.319046020508 2.2905881404877 267.1423034668
69.349884033203 2.189071893692 267.16320800781
70.379814147949 2.0788288116455 267.18475341797
71.408714294434 1.959364771843 267.20693969727
72.43595123291 1.8266402482986 267.22998046875
73.460624694824 1.6760315895081 267.25424194336
74.483551025391 1.5136204957962 267.279296875
75.505813598633 1.34707903862 267.30465698242
76.527694702148 1.1782797574997 267.33016967773
77.547203063965 0.9958638548851 267.35659790039
78.565971374512 0.80937498807907 267.38333129883
79.585647583008 0.62798058986664 267.40972900391
80.604293823242 0.44117248058319 267.43643188477
55.974750518799 2.1063792705536 267.27880859375
57.021945953369 2.0235633850098 267.44213867188
58.071907043457 1.9382529258728 267.58514404297
59.129447937012 1.8420295715332 267.63516235352
60.186878204346 1.7431166172028 267.68215942383
61.243286132812 1.6275706291199 267.71054077148
62.299694061279 1.5120320320129 267.73889160156
63.356582641602 1.4075068235397 267.78601074219
64.41333770752 1.3199354410172 267.86178588867
65.470100402832 1.2323489189148 267.93756103516
66.521377563477 1.0743944644928 267.94226074219
67.571662902832 0.90991294384003 267.943359375
68.620796203613 0.73936706781387 267.96304321289
69.669387817383 0.57029718160629 268.00802612305
70.715118408203 0.40445604920387 268.10336303711
71.756225585938 0.20544441044331 268.18490600586
72.794486999512 -0.01048538275063 268.25933837891
73.828483581543 -0.24581810832024 268.33435058594
74.859680175781 -0.49301502108574 268.40966796875
75.889877319336 -0.74750483036041 268.47354125977
76.907005310059 -1.030681848526 268.59771728516
77.919067382812 -1.3447606563568 268.68276977539
78.921508789062 -1.6687958240509 268.82513427734
79.905960083008 -2.0182647705078 269.02230834961
80.883354187012 -2.3617944717407 269.2607421875
55.992832183838 1.9830439090729 266.74356079102
57.039089202881 1.941822886467 266.57217407227
58.094806671143 1.8566983938217 266.50909423828
59.150520324707 1.7715739011765 266.4460144043
60.206901550293 1.675110578537 266.42340087891
61.262958526611 1.5726366043091 266.42248535156
62.31901550293 1.4701535701752 266.4216003418
63.375072479248 1.3676702976227 266.42071533203
64.427505493164 1.2363338470459 266.45037841797
65.478744506836 1.0976016521454 266.48794555664
66.529975891113 0.95882391929626 266.52554321289
67.581207275391 0.82004618644714 266.56311035156
68.627670288086 0.6464506983757 266.58630371094
69.67399597168 0.4719665646553 266.60913085938
70.716117858887 0.27286994457245 266.60064697266
71.754333496094 0.056300204247236 266.56970214844
72.788383483887 -0.18065077066422 266.55084228516
73.82105255127 -0.42379680275917 266.53579711914
74.853080749512 -0.66653275489807 266.57705688477
75.882293701172 -0.92380076646805 266.56146240234
76.895980834961 -1.2191609144211 266.45733642578
77.903587341309 -1.5512226819992 266.46734619141
78.903968811035 -1.8989223241806 266.40365600586
79.893417358398 -2.2753574848175 266.33261108398
80.884590148926 -2.6236472129822 266.18441772461
