108.55260467529 -13.727200508118 333.95413208008
91.389778137207 -18.991912841797 338.50592041016
90.002532958984 -10.714282035828 344.84530639648
84.13306427002 -11.801072120667 332.96734619141
108.13649749756 -14.317894935608 334.08245849609
107.58525085449 -14.776206016541 334.23989868164
107.01759338379 -15.212832450867 334.4006652832
106.43288421631 -15.624127388 334.56469726562
105.7756652832 -15.898736953735 334.74185180664
105.16857147217 -16.274930953979 334.91024780273
104.54513549805 -16.622316360474 335.08163452148
103.88697052002 -16.894548416138 335.25888061523
103.2332611084 -17.177745819092 335.43548583984
102.56378936768 -17.419626235962 335.61441040039
101.89449310303 -17.661979675293 335.79339599609
101.21331787109 -17.867233276367 335.9739074707
100.5433883667 -18.107751846313 336.15292358398
99.847831726074 -18.25545501709 336.33486938477
99.151672363281 -18.400270462036 336.51681518555
98.463310241699 -18.579126358032 336.69812011719
97.754287719727 -18.631988525391 336.87979125977
97.057922363281 -18.77537727356 337.06176757812
96.360992431641 -18.916416168213 337.24377441406
95.649559020996 -18.912879943848 337.42379760742
94.940322875977 -18.964487075806 337.60549926758
94.228927612305 -18.971767425537 337.78598022461
93.519714355469 -19.023864746094 337.96762084961
92.808280944824 -19.027963638306 338.14801025391
92.098175048828 -19.067573547363 338.3293762207
107.93291473389 -13.593247413635 334.54067993164
107.2758102417 -13.519382476807 335.09545898438
106.52128601074 -13.691874504089 335.47869873047
105.76371002197 -13.754940986633 335.888671875
105.00835418701 -13.77516078949 336.30697631836
104.19609069824 -13.731618881226 336.59732055664
103.40055084229 -13.749000549316 336.93316650391
102.61177825928 -13.769782066345 337.28442382812
101.83102416992 -13.766218185425 337.65374755859
101.01533508301 -13.680876731873 337.92419433594
100.25903320312 -13.648221969604 338.33959960938
99.507461547852 -13.637176513672 338.76504516602
98.76050567627 -13.496351242065 339.17483520508
98.014739990234 -13.372408866882 339.5924987793
97.271186828613 -13.321895599365 340.02890014648
96.549339294434 -13.198358535767 340.48663330078
95.798217773438 -13.068264007568 340.89254760742
95.147193908691 -12.954863548279 341.44775390625
94.482055664062 -12.80553150177 341.97802734375
93.814025878906 -12.645984649658 342.50173950195
93.180648803711 -12.492263793945 343.06838989258
92.488174438477 -12.176824569702 343.47537231445
91.986953735352 -12.088137626648 344.16918945312
91.328979492188 -11.802628517151 344.64984130859
90.677452087402 -11.246470451355 344.76022338867
107.78731536865 -13.511248588562 333.40194702148
106.84127807617 -13.701493263245 333.30920410156
105.88054656982 -13.578588485718 333.36599731445
104.91139984131 -13.611801147461 333.39813232422
103.96105957031 -13.801733970642 333.36071777344
103.0131072998 -13.667407989502 333.51870727539
102.05400085449 -13.635151863098 333.66131591797
101.09535980225 -13.778111457825 333.70932006836
100.12990570068 -13.860489845276 333.75930786133
99.166007995605 -13.781100273132 333.8388671875
98.208000183105 -13.63662815094 333.89456176758
97.247039794922 -13.502250671387 333.91116333008
96.281059265137 -13.409275054932 333.90939331055
95.313194274902 -13.395830154419 333.84027099609
94.348274230957 -13.363584518433 333.74847412109
93.418952941895 -13.085767745972 333.72198486328
92.470687866211 -12.911789894104 333.61129760742
91.524780273438 -12.778372764587 333.44039916992
90.582885742188 -12.596225738525 333.29403686523
89.651420593262 -12.5121717453 333.03506469727
88.721649169922 -12.436826705933 332.76745605469
87.798049926758 -12.401879310608 332.47164916992
86.837829589844 -12.419732093811 332.33361816406
85.879913330078 -12.267014503479 332.32659912109
84.952407836914 -12.052859306335 332.51232910156
