74.046867370605 -3.202666759491 261.78918457031
81.624969482422 -5.1851987838745 263.64724731445
84.72679901123 -2.6884915828705 261.30480957031
83.316390991211 -1.8814953565598 266.19580078125
74.153190612793 -3.4985461235046 261.84967041016
74.376068115234 -3.7182788848877 261.92517089844
74.621200561523 -3.9122695922852 262.001953125
74.889312744141 -4.0729937553406 262.07934570312
75.164863586426 -4.2206215858459 262.15661621094
75.44896697998 -4.3512425422668 262.23352050781
75.741310119629 -4.4627923965454 262.30972290039
76.034172058105 -4.5730023384094 262.38583374023
76.33186340332 -4.6699147224426 262.46127319336
76.633316040039 -4.7550888061523 262.53601074219
76.935646057129 -4.8372583389282 262.61053466797
77.241081237793 -4.9078478813171 262.68423461914
77.550498962402 -4.9603633880615 262.75640869141
77.857902526855 -5.0226240158081 262.82946777344
78.168182373047 -5.0703072547913 262.90124511719
78.481567382812 -5.0959858894348 262.97085571289
78.79451751709 -5.1255512237549 263.04083251953
79.108459472656 -5.1455006599426 263.10980224609
79.422630310059 -5.1626162528992 263.17849731445
79.737197875977 -5.1742482185364 263.24652099609
80.052322387695 -5.1718978881836 263.31283569336
80.367248535156 -5.1762757301331 263.38003540039
80.682388305664 -5.1682000160217 263.44564819336
80.996040344238 -5.1906991004944 263.5149230957
81.310859680176 -5.1672215461731 263.57849121094
74.424583435059 -3.3372251987457 261.68572998047
74.830581665039 -3.424795627594 261.70663452148
75.231239318848 -3.5298285484314 261.67007446289
75.645378112793 -3.5701603889465 261.65567016602
76.060333251953 -3.5955233573914 261.63461303711
76.476661682129 -3.593727350235 261.6298828125
76.892730712891 -3.5872390270233 261.61526489258
77.308555603027 -3.5778858661652 261.59609985352
77.724296569824 -3.5728342533112 261.57431030273
78.138793945312 -3.5552141666412 261.53915405273
78.553726196289 -3.5284917354584 261.517578125
78.968254089355 -3.4906620979309 261.50885009766
79.381530761719 -3.4481937885284 261.48184204102
79.796905517578 -3.4201347827911 261.47863769531
80.210273742676 -3.3717863559723 261.49057006836
80.624008178711 -3.3251104354858 261.48794555664
81.037704467773 -3.2810530662537 261.47152709961
81.450492858887 -3.2406184673309 261.43499755859
81.862083435059 -3.188807964325 261.39935302734
82.273849487305 -3.1325676441193 261.37377929688
82.685577392578 -3.0742688179016 261.35272216797
83.096397399902 -3.0069754123688 261.34448242188
83.506813049316 -2.9387521743774 261.3283996582
83.914558410645 -2.8699262142181 261.27981567383
84.321365356445 -2.7814047336578 261.28588867188
74.338668823242 -3.3166539669037 262.0426940918
74.693641662598 -3.4443230628967 262.1806640625
75.054862976074 -3.4381339550018 262.36135864258
75.411582946777 -3.4686717987061 262.54873657227
75.769355773926 -3.4849500656128 262.73547363281
76.130653381348 -3.4575607776642 262.91442871094
76.490325927734 -3.4225716590881 263.09527587891
76.848983764648 -3.3844151496887 263.27752685547
77.20613861084 -3.3562598228455 263.46444702148
77.565284729004 -3.3131229877472 263.64447021484
77.926719665527 -3.2455968856812 263.81213378906
78.292182922363 -3.1793391704559 263.97131347656
78.662498474121 -3.1147737503052 264.11965942383
79.030174255371 -3.049968957901 264.27432250977
79.39688873291 -2.9849469661713 264.43118286133
79.764129638672 -2.9166243076324 264.58535766602
80.131385803223 -2.8460297584534 264.73843383789
80.491027832031 -2.7620649337769 264.90246582031
80.846069335938 -2.6680569648743 265.07098388672
81.212463378906 -2.5853655338287 265.21997070312
81.563293457031 -2.4767796993256 265.38858032227
81.912780761719 -2.3622872829437 265.55606079102
82.259452819824 -2.2304592132568 265.7165222168
82.604927062988 -2.1049935817719 265.8844909668
82.957595825195 -1.9889260530472 266.04403686523
