8.2302045822144 3.3022484779358 -15.519072532654
-1.383638381958 14.590759277344 -13.690881729126
-7.6306395530701 8.6030931472778 -17.687818527222
-4.6565809249878 8.8662528991699 -7.2675986289978
8.4481334686279 3.864776134491 -15.568450927734
8.3506374359131 4.4633250236511 -15.55460357666
8.1779470443726 5.0441236495972 -15.525426864624
7.9543099403381 5.6066727638245 -15.485808372498
7.722071647644 6.1655416488647 -15.444417953491
7.4373812675476 6.6986918449402 -15.39220905304
7.1228132247925 7.2141137123108 -15.333806991577
6.7768158912659 7.7081828117371 -15.26886177063
6.4102735519409 8.1866149902344 -15.199626922607
6.0515623092651 8.6711673736572 -15.132031440735
5.668975353241 9.1363573074341 -15.059430122375
5.2852520942688 9.6005439758301 -14.986590385437
4.867564201355 10.033191680908 -14.906601905823
4.4484944343567 10.46444606781 -14.826321601868
4.0285773277283 10.894819259644 -14.745859146118
3.5795087814331 11.293411254883 -14.659216880798
3.1285784244537 11.689806938171 -14.57217502594
2.6683514118195 12.074918746948 -14.483153343201
2.2049062252045 12.455981254578 -14.393442153931
1.722717165947 12.812001228333 -14.299710273743
1.2281392812729 13.149849891663 -14.203303337097
0.74268108606339 13.501214981079 -14.108868598938
0.21841670572758 13.788571357727 -14.00599193573
-0.30911380052567 14.069684028625 -13.902395248413
-0.83878821134567 14.346559524536 -13.798325538635
7.7892251014709 3.6836984157562 -15.83828830719
7.2859497070312 4.1214666366577 -15.833908081055
6.6879820823669 4.3976464271545 -15.948379516602
6.0897912979126 4.6762433052063 -16.055545806885
5.4924902915955 4.9630527496338 -16.144527435303
4.8947868347168 5.2486977577209 -16.234157562256
4.2823104858398 5.4914937019348 -16.347545623779
3.6648328304291 5.7158250808716 -16.471343994141
3.0581450462341 5.9577803611755 -16.613920211792
2.4585695266724 6.2105302810669 -16.767374038696
1.85296022892 6.4696407318115 -16.881275177002
1.2430596351624 6.7380156517029 -16.930625915527
0.70651757717133 7.0659947395325 -17.157548904419
0.16609402000904 7.3991131782532 -17.366504669189
-0.4110161960125 7.7223777770996 -17.46280670166
-1.0273938179016 7.9734411239624 -17.524484634399
-1.6746311187744 8.1389541625977 -17.54884147644
-2.3323650360107 8.2582559585571 -17.558294296265
-2.994152545929 8.3528690338135 -17.561214447021
-3.6499807834625 8.4772891998291 -17.597389221191
-4.3134741783142 8.5552654266357 -17.573091506958
-4.9758758544922 8.6159687042236 -17.640027999878
-5.6353311538696 8.6703081130981 -17.735330581665
-6.3013548851013 8.7270431518555 -17.724781036377
-6.9687976837158 8.6964273452759 -17.701971054077
7.9137535095215 3.5923497676849 -15.055424690247
7.5864720344543 4.0676383972168 -14.835757255554
7.0445737838745 4.2852187156677 -14.566661834717
6.5831327438354 4.6066675186157 -14.246290206909
6.1094799041748 4.9204511642456 -13.936246871948
5.6274218559265 5.2240376472473 -13.629335403442
5.1344151496887 5.4950942993164 -13.309490203857
4.6348223686218 5.7434811592102 -12.981366157532
4.1411480903625 5.988477230072 -12.643168449402
3.6776251792908 6.2146825790405 -12.252449035645
3.1888625621796 6.4471144676208 -11.897528648376
2.7067534923553 6.7056446075439 -11.555317878723
2.3198428153992 7.0647563934326 -11.181025505066
1.9473923444748 7.4523792266846 -10.821452140808
1.5033296346664 7.798134803772 -10.50509929657
0.96596246957779 8.0581588745117 -10.255889892578
0.42062100768089 8.2564373016357 -9.9694766998291
-0.15039367973804 8.4150323867798 -9.7094850540161
-0.74038702249527 8.5373125076294 -9.4732246398926
-1.3383351564407 8.6210870742798 -9.2400913238525
-1.9276987314224 8.6858406066895 -8.981053352356
-2.4830548763275 8.7128391265869 -8.6497383117676
-3.0212290287018 8.73277759552 -8.2909021377563
-3.6044960021973 8.7637376785278 -8.0121212005615
-4.1442012786865 8.8339872360229 -7.661780834198
