92.166648864746 -7.4877123832703 408.89324951172
97.069046020508 3.3337285518646 411.19143676758
99.511024475098 2.4699847698212 415.14929199219
100.89533233643 2.9972426891327 408.85192871094
91.889686584473 -7.0950531959534 408.86920166016
91.829772949219 -6.6158313751221 408.90557861328
91.827690124512 -6.1344509124756 408.95581054688
91.898101806641 -5.6598477363586 409.02243041992
92.013236999512 -5.1955261230469 409.09854125977
92.172515869141 -4.7459378242493 409.18356323242
92.33642578125 -4.2982068061829 409.26943969727
92.523834228516 -3.8606674671173 409.35980224609
92.725204467773 -3.4299230575562 409.45275878906
92.932983398438 -3.0024938583374 409.546875
93.154090881348 -2.5823657512665 409.64340209961
93.391906738281 -2.172132730484 409.74279785156
93.640167236328 -1.7685710191727 409.84393310547
93.904029846191 -1.3756785392761 409.94760131836
94.168243408203 -0.98306399583817 410.05142211914
94.435211181641 -0.59243977069855 410.15567016602
94.69367980957 -0.19576251506805 410.2585144043
94.943351745605 0.20686922967434 410.35989379883
95.183395385742 0.61571502685547 410.4596862793
95.425369262695 1.0233496427536 410.55972290039
95.696022033691 1.4112644195557 410.66455078125
95.941932678223 1.8163583278656 410.76531982422
96.215843200684 2.2018492221832 410.87066650391
96.498710632324 2.5804500579834 410.97735595703
96.776329040527 2.9631180763245 411.0832824707
92.150680541992 -7.0288400650024 409.17599487305
92.289611816406 -6.5341382026672 409.345703125
92.518455505371 -6.0947394371033 409.56677246094
92.780838012695 -5.6588110923767 409.75466918945
93.086822509766 -5.2386918067932 409.9104309082
93.39973449707 -4.8149666786194 410.03936767578
93.713020324707 -4.4142084121704 410.22836303711
94.008529663086 -4.0032305717468 410.42404174805
94.311264038086 -3.5983743667603 410.62142944336
94.624778747559 -3.2041668891907 410.82312011719
94.952880859375 -2.8385102748871 411.0537109375
95.284393310547 -2.4816496372223 411.29296875
95.601417541504 -2.1233503818512 411.54898071289
95.898017883301 -1.7737238407135 411.83905029297
96.203086853027 -1.465721487999 412.16543579102
96.531600952148 -1.1632261276245 412.47381591797
96.858383178711 -0.8483339548111 412.77139282227
97.179260253906 -0.51225692033768 413.05157470703
97.512962341309 -0.15213830769062 413.28283691406
97.847953796387 0.21460346877575 413.50128173828
98.137771606445 0.59150046110153 413.76278686523
98.38883972168 0.96288204193115 414.0686340332
98.657958984375 1.3167524337769 414.37979125977
98.941268920898 1.7042673826218 414.63293457031
99.227020263672 2.0802524089813 414.90032958984
92.300788879395 -7.0017938613892 408.72970581055
92.497375488281 -6.5111413002014 408.75183105469
92.814270019531 -6.0853977203369 408.7712097168
93.075553894043 -5.6237902641296 408.80798339844
93.361228942871 -5.1774659156799 408.84820556641
93.680114746094 -4.7571020126343 408.91412353516
93.993873596191 -4.331006526947 408.96633911133
94.325164794922 -3.9183297157288 409.01809692383
94.669418334961 -3.5151028633118 409.05892944336
95.015724182129 -3.1130523681641 409.09362792969
95.360260009766 -2.7093522548676 409.12567138672
95.725440979004 -2.3234405517578 409.14697265625
96.104667663574 -1.9509172439575 409.16040039062
96.491874694824 -1.5865131616592 409.16625976562
96.887832641602 -1.2315896749496 409.16180419922
97.281242370605 -0.87382596731186 409.15884399414
97.673645019531 -0.51517552137375 409.14743041992
98.062072753906 -0.15374155342579 409.1123046875
98.436683654785 0.22315959632397 409.09262084961
98.812026977539 0.59857362508774 409.06176757812
99.187187194824 0.97366672754288 409.02618408203
99.524864196777 1.3812347650528 408.97494506836
99.879005432129 1.7755470275879 408.93167114258
100.24354553223 2.1603071689606 408.88873291016
100.58959960938 2.5621576309204 408.84979248047
