69.786415100098 -37.874877929688 333.93661499023
50.989070892334 -17.716768264771 335.06427001953
37.616020202637 -18.887775421143 329.44717407227
38.689117431641 -18.351467132568 342.30798339844
70.085624694824 -36.823616027832 333.89428710938
69.883323669434 -35.747959136963 333.89117431641
69.381141662598 -34.772087097168 333.91357421875
68.813346862793 -33.8330078125 333.94174194336
68.187538146973 -32.931781768799 333.97518920898
67.498184204102 -32.078254699707 334.01449584961
66.812683105469 -31.22176361084 334.05346679688
66.075843811035 -30.409158706665 334.09725952148
65.309936523438 -29.62401008606 334.14385986328
64.529884338379 -28.852987289429 334.19183349609
63.735279083252 -28.097078323364 334.24118041992
62.921920776367 -27.36149597168 334.29238891602
62.10046005249 -26.63503074646 334.34442138672
61.266361236572 -25.9232006073 334.3977355957
60.426300048828 -25.218490600586 334.45162963867
59.560749053955 -24.545543670654 334.50811767578
58.723609924316 -23.837333679199 334.56167602539
57.860042572021 -23.161794662476 334.6178894043
56.986621856689 -22.499151229858 334.67517089844
56.13883972168 -21.803787231445 334.72982788086
55.311031341553 -21.084602355957 334.78244018555
54.444637298584 -20.412750244141 334.83901977539
53.594013214111 -19.720878601074 334.89398193359
52.72424697876 -19.053430557251 334.95092773438
51.887683868408 -18.344514846802 335.00442504883
68.92253112793 -36.942516326904 333.19644165039
67.933265686035 -35.860790252686 333.06253051758
66.710746765137 -35.040233612061 333.01043701172
65.572471618652 -34.105827331543 332.95965576172
64.419509887695 -33.191024780273 332.88763427734
63.253623962402 -32.294227600098 332.80029296875
62.043880462646 -31.456003189087 332.73913574219
60.743099212646 -30.764377593994 332.72399902344
59.397686004639 -30.165107727051 332.7287902832
58.11283493042 -29.455471038818 332.59921264648
56.847999572754 -28.717882156372 332.43319702148
55.581089019775 -27.984348297119 332.26516723633
54.305587768555 -27.267860412598 332.08871459961
53.033081054688 -26.547121047974 331.9091796875
51.785926818848 -25.792861938477 331.7087097168
50.425426483154 -25.227563858032 331.67904663086
49.072914123535 -24.646350860596 331.61782836914
47.6965675354 -24.121980667114 331.62060546875
46.393074035645 -23.494005203247 331.44464111328
45.150436401367 -22.798387527466 331.06683349609
43.899147033691 -22.071371078491 330.78912353516
42.583724975586 -21.409662246704 330.8039855957
41.312126159668 -20.68950843811 330.7087097168
40.101703643799 -19.88861656189 330.45404052734
38.901554107666 -19.121618270874 330.12844848633
69.020866394043 -37.162830352783 334.71646118164
68.318351745605 -36.119953155518 335.15603637695
67.174163818359 -35.17151260376 335.42440795898
66.059623718262 -34.20524597168 335.748046875
64.755302429199 -33.448265075684 335.84655761719
63.451953887939 -32.693447113037 335.96859741211
62.1496925354 -31.941038131714 336.11688232422
60.848617553711 -31.190437316895 336.28158569336
59.550449371338 -30.444253921509 336.48641967773
58.345321655273 -29.620901107788 336.84948730469
57.185131072998 -28.75922203064 337.28869628906
55.937152862549 -27.956108093262 337.57427978516
54.652473449707 -27.203296661377 337.83059692383
53.368110656738 -26.472770690918 338.14739990234
52.077564239502 -25.735759735107 338.42163085938
50.839088439941 -24.959093093872 338.79629516602
49.562911987305 -24.234136581421 339.13342285156
48.225341796875 -23.579084396362 339.38995361328
46.865825653076 -22.922613143921 339.4108581543
45.612831115723 -22.127996444702 339.61279296875
44.439800262451 -21.222883224487 339.85693359375
43.333808898926 -20.196041107178 339.77716064453
42.392955780029 -19.760713577271 340.83578491211
41.311965942383 -19.321266174316 341.76718139648
40.091556549072 -18.848634719849 342.52297973633
