68.782852172852 4.7309165000916 270.82312011719
78.57689666748 -1.935680270195 270.99987792969
80.232238769531 -0.32918190956116 268.04244995117
79.471641540527 0.57639694213867 272.58026123047
68.874786376953 4.2832174301147 270.91616821289
69.106056213379 3.8822331428528 270.97811889648
69.394309997559 3.5173895359039 271.02334594727
69.719009399414 3.1829972267151 271.05606079102
70.054641723633 2.8593094348907 271.08474731445
70.417457580566 2.565416097641 271.10241699219
70.776832580566 2.2674703598022 271.12155151367
71.155990600586 1.9945995807648 271.13189697266
71.5390625 1.7271995544434 271.14038085938
71.928550720215 1.4691761732101 271.14572143555
72.327713012695 1.2262933254242 271.14611816406
72.73250579834 0.99293112754822 271.14343261719
73.139099121094 0.76273906230927 271.13967895508
73.55135345459 0.54292917251587 271.13272094727
73.964302062988 0.32442906498909 271.12533569336
74.379135131836 0.10956623405218 271.11679077148
74.793281555176 -0.10661544650793 271.1086730957
75.210594177246 -0.31655538082123 271.0986328125
75.634208679199 -0.51320892572403 271.08453369141
76.057304382324 -0.71100628376007 271.07073974609
76.476348876953 -0.91738849878311 271.05963134766
76.887763977051 -1.1387952566147 271.05313110352
77.305419921875 -1.3480244874954 271.04281616211
77.724006652832 -1.5553616285324 271.0319519043
78.147727966309 -1.7517973184586 271.01779174805
69.113502502441 4.3862023353577 270.67022705078
69.476142883301 4.0500798225403 270.58602905273
69.868942260742 3.7478175163269 270.50946044922
70.291275024414 3.4999938011169 270.40078735352
70.72932434082 3.2668921947479 270.32736206055
71.171073913574 3.0370771884918 270.26690673828
71.6064453125 2.7931976318359 270.21594238281
72.043518066406 2.5514032840729 270.169921875
72.483245849609 2.3130338191986 270.13192749023
72.923164367676 2.0750877857208 270.09378051758
73.379470825195 1.8728669881821 270.04382324219
73.821678161621 1.647801399231 269.97024536133
74.269721984863 1.4392975568771 269.88424682617
74.724136352539 1.2489547729492 269.7903137207
75.212203979492 1.1406317949295 269.74954223633
75.68798828125 1.008505821228 269.66165161133
76.13907623291 0.84568333625793 269.51455688477
76.580543518066 0.67032015323639 269.35342407227
77.029830932617 0.51411604881287 269.19418334961
77.488464355469 0.38437190651894 269.03790283203
77.929412841797 0.21593825519085 268.86819458008
78.385238647461 0.083821021020412 268.70574951172
78.848121643066 -0.030575884506106 268.54995727539
79.315299987793 -0.13566175103188 268.40054321289
79.774421691895 -0.23299336433411 268.22348022461
69.148338317871 4.5528793334961 271.02221679688
69.509178161621 4.3005475997925 271.13128662109
69.890380859375 4.0676794052124 271.21090698242
70.262969970703 3.8240580558777 271.29873657227
70.636428833008 3.5781021118164 271.37533569336
71.019973754883 3.3396334648132 271.41879272461
71.416122436523 3.1208093166351 271.45135498047
71.821159362793 2.9177477359772 271.47332763672
72.24095916748 2.7461133003235 271.45886230469
72.660583496094 2.5740523338318 271.44512939453
73.07585144043 2.3912308216095 271.45016479492
73.489730834961 2.2056572437286 271.46127319336
73.900917053223 2.0196077823639 271.50827026367
74.311950683594 1.8359477519989 271.56488037109
74.724632263184 1.6615482568741 271.63674926758
75.145011901855 1.5088707208633 271.71334838867
75.568336486816 1.3653732538223 271.79080200195
76.012351989746 1.2722951173782 271.7998046875
76.45866394043 1.1935522556305 271.81823730469
76.890907287598 1.0988456010818 271.91870117188
77.323806762695 1.0065743923187 272.01861572266
77.758964538574 0.92314434051514 272.11645507812
78.197082519531 0.8517017364502 272.21047973633
78.637908935547 0.79294312000275 272.30053710938
79.065727233887 0.70570528507233 272.42401123047
