65.489486694336 -1.5877690315247 264.98770141602
74.832801818848 -4.2846646308899 264.26300048828
76.283737182617 -3.2778515815735 264.79977416992
75.161430358887 -4.6657319068909 265.46572875977
65.800979614258 -1.7443373203278 264.84799194336
66.145927429199 -1.8733764886856 264.77017211914
66.498153686523 -1.9929865598679 264.71176147461
66.852149963379 -2.1095862388611 264.65936279297
67.212455749512 -2.2147083282471 264.62939453125
67.570350646973 -2.3247787952423 264.58993530273
67.931205749512 -2.428731918335 264.56234741211
68.292098999023 -2.5325651168823 264.5348815918
68.654502868652 -2.6327199935913 264.51449584961
69.016342163086 -2.7342941761017 264.49142456055
69.379013061523 -2.833747625351 264.4723815918
69.742744445801 -2.9301798343658 264.458984375
70.105972290039 -3.0280916690826 264.44277954102
70.469375610352 -3.1255185604095 264.42758178711
70.832763671875 -3.2229740619659 264.41229248047
71.194717407227 -3.3242783546448 264.38967895508
71.557800292969 -3.4226036071777 264.3727722168
71.921089172363 -3.5203139781952 264.35696411133
72.285758972168 -3.6137888431549 264.34909057617
72.649360656738 -3.7106401920319 264.33493041992
73.012329101562 -3.8092482089996 264.31747436523
73.377388000488 -3.9013841152191 264.31207275391
73.7421875 -3.9944214820862 264.30505371094
74.106567382812 -4.0888438224792 264.29541015625
74.471153259277 -4.1826009750366 264.28704833984
65.910827636719 -1.6002652645111 265.01971435547
66.324356079102 -1.6890016794205 265.00823974609
66.735237121582 -1.7896212339401 265.00161743164
67.146942138672 -1.8840743303299 265.02243041992
67.567840576172 -1.8805505037308 264.97955322266
67.989189147949 -1.8494186401367 264.95812988281
68.408760070801 -1.9039167165756 264.95727539062
68.828544616699 -1.92273914814 264.9079284668
69.245758056641 -1.9909616708755 264.89190673828
69.661529541016 -2.0688152313232 264.90078735352
70.078521728516 -2.1403484344482 264.89916992188
70.49536895752 -2.2123358249664 264.89099121094
70.90650177002 -2.3111867904663 264.90371704102
71.325347900391 -2.3603711128235 264.87390136719
71.739105224609 -2.4478826522827 264.86801147461
72.146987915039 -2.5594968795776 264.86196899414
72.561820983887 -2.6359434127808 264.84951782227
72.954444885254 -2.7855451107025 264.89813232422
73.360176086426 -2.9009926319122 264.9296875
73.772155761719 -2.9958801269531 264.93011474609
74.192352294922 -3.0295698642731 264.89389038086
74.612770080566 -3.0667862892151 264.86462402344
75.031242370605 -3.1254720687866 264.84362792969
75.448867797852 -3.1793491840363 264.80285644531
75.860717773438 -3.2758283615112 264.80764770508
65.844749450684 -1.7547587156296 265.01416015625
66.202278137207 -1.918786406517 265.0224609375
66.56273651123 -2.0763216018677 265.02941894531
66.931625366211 -2.2100193500519 265.05841064453
67.305740356445 -2.3217678070068 265.10684204102
67.690887451172 -2.3711640834808 265.17001342773
68.059539794922 -2.5040576457977 265.20452880859
68.429946899414 -2.6339025497437 265.23168945312
68.815132141113 -2.7082147598267 265.26156616211
69.177978515625 -2.8601818084717 265.25692749023
69.55126953125 -2.9841911792755 265.26528930664
69.925636291504 -3.1048023700714 265.27523803711
70.310508728027 -3.1832046508789 265.29776000977
70.682518005371 -3.3105120658875 265.3115234375
71.050498962402 -3.4485454559326 265.32736206055
71.442855834961 -3.4391016960144 265.35317993164
71.805114746094 -3.5925979614258 265.35055541992
72.167404174805 -3.7460207939148 265.35311889648
72.546882629395 -3.8494987487793 265.36215209961
72.924766540527 -3.9590451717377 265.35974121094
73.306823730469 -4.0528736114502 265.35433959961
73.689208984375 -4.1454272270203 265.35806274414
74.070373535156 -4.2404918670654 265.37976074219
74.422225952148 -4.4165139198303 265.38296508789
74.781967163086 -4.570282459259 265.42468261719
