72.942512512207 -131.08435058594 2.5128567218781
76.252799987793 -130.3879699707 -13.370575904846
71.314598083496 -120.99615478516 -12.301563262939
80.792106628418 -122.42013549805 -9.3343687057495
72.981986999512 -131.54467773438 2.0211935043335
73.055992126465 -131.87953186035 1.4400646686554
73.139312744141 -132.17434692383 0.83884829282761
73.222183227539 -132.47114562988 0.2385505437851
73.313568115234 -132.72866821289 -0.37841403484344
73.415130615234 -132.93515014648 -1.0127429962158
73.522789001465 -133.10874938965 -1.6558564901352
73.634857177734 -133.25712585449 -2.3045065402985
73.751052856445 -133.38087463379 -2.9575796127319
73.873611450195 -133.46397399902 -3.6159090995789
73.999908447266 -133.52165222168 -4.2762460708618
74.130950927734 -133.544921875 -4.9377660751343
74.26741027832 -133.52514648438 -5.5983033180237
74.408889770508 -133.4609375 -6.254949092865
74.553428649902 -133.3667755127 -6.9073047637939
74.698951721191 -133.26216125488 -7.5578446388245
74.847282409668 -133.12605285645 -8.2018899917603
74.997604370117 -132.96501159668 -8.8396949768066
75.15217590332 -132.73844909668 -9.4562139511108
75.308349609375 -132.47808837891 -10.058831214905
75.465278625488 -132.19734191895 -10.652028083801
75.622886657715 -131.8921661377 -11.232842445374
75.780754089355 -131.57424926758 -11.806715011597
75.938293457031 -131.16831970215 -12.322186470032
76.094650268555 -130.73023986816 -12.811014175415
72.643669128418 -130.94692993164 1.8104600906372
72.502548217773 -130.98245239258 1.0472404956818
72.441017150879 -131.00372314453 0.2729677259922
72.455856323242 -131.02897644043 -0.50354146957397
72.414916992188 -131.02375793457 -1.2795398235321
72.395942687988 -130.98037719727 -2.0551977157593
72.41569519043 -130.89677429199 -2.827538728714
72.421203613281 -130.86981201172 -3.6041429042816
72.429244995117 -130.81965637207 -4.3795800209045
72.416709899902 -130.66221618652 -5.1402721405029
72.447685241699 -130.1065826416 -5.6532564163208
72.449600219727 -129.3362121582 -5.7495746612549
72.359329223633 -128.59242248535 -5.9311766624451
72.184150695801 -127.97827148438 -6.3737058639526
71.973487854004 -127.3829498291 -6.8262295722961
71.801254272461 -126.8074798584 -7.3191547393799
71.653594970703 -126.21157073975 -7.7952070236206
71.531761169434 -125.57637786865 -8.2258148193359
71.406791687012 -124.97096252441 -8.6966152191162
71.298065185547 -124.38655853271 -9.1971588134766
71.180297851562 -123.80493164062 -9.6988735198975
71.043006896973 -123.22786712646 -10.200843811035
70.939025878906 -122.67360687256 -10.734570503235
71.06143951416 -122.12873840332 -11.274960517883
71.187889099121 -121.60318756104 -11.833212852478
73.518516540527 -131.04614257812 2.1130921840668
73.883766174316 -131.07014465332 1.511842250824
74.124931335449 -131.1254119873 0.85218495130539
74.408699035645 -131.23750305176 0.21706007421017
74.701713562012 -131.2823638916 -0.42215651273727
74.988609313965 -131.26426696777 -1.0656069517136
75.257652282715 -131.26028442383 -1.7169831991196
75.522972106934 -131.24345397949 -2.3686006069183
75.779136657715 -131.04711914062 -2.994978427887
76.036331176758 -130.77593994141 -3.5891563892365
76.277389526367 -130.28733825684 -4.0362095832825
76.521331787109 -129.79649353027 -4.4783372879028
76.825248718262 -129.25871276855 -4.8175916671753
77.13990020752 -128.7134552002 -5.1343994140625
77.450538635254 -128.16307067871 -5.4462876319885
77.75562286377 -127.60687255859 -5.7532019615173
78.020652770996 -127.03269958496 -6.0642395019531
78.258743286133 -126.44794464111 -6.3773927688599
78.50740814209 -125.86877441406 -6.6924543380737
78.824493408203 -125.33020019531 -7.0181641578674
79.141548156738 -124.79183197021 -7.3442282676697
79.457183837891 -124.26579284668 -7.6911406517029
79.773445129395 -123.74345397949 -8.0429735183716
80.106719970703 -123.2716217041 -8.4466962814331
80.457290649414 -122.82705688477 -8.8663873672485
