67.135986328125 3.9428753852844 272.45474243164
86.654510498047 -4.8650479316711 274.12197875977
89.192390441895 -1.5642292499542 270.77874755859
88.058349609375 -1.286280632019 277.56451416016
67.547393798828 3.2129080295563 272.53262329102
68.107696533203 2.5891788005829 272.60955810547
68.69482421875 1.9912170171738 272.68585205078
69.377624511719 1.5041366815567 272.75830078125
70.097434997559 1.0729637145996 272.82806396484
70.830741882324 0.66497564315796 272.8967590332
71.571739196777 0.27105316519737 272.96469116211
72.330917358398 -0.086998641490936 273.03079223633
73.094947814941 -0.43468776345253 273.09628295898
73.864990234375 -0.76896494626999 273.16101074219
74.649261474609 -1.0688008069992 273.22378540039
75.439277648926 -1.3533611297607 273.28558349609
76.232765197754 -1.6282231807709 273.34680175781
77.027519226074 -1.8994565010071 273.40786743164
77.826301574707 -2.1587293148041 273.46820068359
78.633590698242 -2.3906354904175 273.52673339844
79.443267822266 -2.6141738891602 273.58471679688
80.242935180664 -2.8707559108734 273.64486694336
81.037002563477 -3.143970489502 273.70599365234
81.828071594238 -3.4256250858307 273.76766967773
82.619895935059 -3.7051815986633 273.82922363281
83.416435241699 -3.9711990356445 273.8899230957
84.219940185547 -4.2157011032104 273.94927978516
85.027725219727 -4.4458889961243 274.00775146484
85.838203430176 -4.6665930747986 274.06561279297
67.799011230469 3.5164341926575 272.04504394531
68.552001953125 3.0694186687469 271.89065551758
69.361549377441 2.7087843418121 271.81573486328
70.19312286377 2.396666765213 271.76892089844
71.031265258789 2.0995321273804 271.74951171875
71.871551513672 1.8081474304199 271.73901367188
72.721458435059 1.5468851327896 271.76251220703
73.571723937988 1.2869749069214 271.78787231445
74.423698425293 1.0338453054428 271.82260131836
75.275665283203 0.78064012527466 271.85681152344
76.127159118652 0.52360153198242 271.86349487305
76.979499816895 0.26935842633247 271.86660766602
77.838478088379 0.03848610445857 271.86535644531
78.700080871582 -0.182173371315 271.85598754883
79.568000793457 -0.37410616874695 271.82406616211
80.439193725586 -0.54945975542068 271.78637695312
81.314064025879 -0.70344686508179 271.7412109375
82.188980102539 -0.85704070329666 271.69586181641
83.069442749023 -0.96320235729218 271.62759399414
83.950332641602 -1.0639362335205 271.55661010742
84.828514099121 -1.1763379573822 271.47113037109
85.702545166016 -1.3078215122223 271.37152099609
86.574211120605 -1.4464546442032 271.26138305664
87.447853088379 -1.5445713996887 271.12634277344
88.320121765137 -1.5544003248215 270.95254516602
67.707099914551 3.6138715744019 273.00827026367
68.444091796875 3.2227387428284 273.23400878906
69.238372802734 2.9066388607025 273.3659362793
70.038795471191 2.6018507480621 273.48699951172
70.838577270508 2.2963221073151 273.60998535156
71.626754760742 1.9775280952454 273.7692565918
72.418800354004 1.6662653684616 273.92346191406
73.234870910645 1.4012353420258 274.03302001953
74.051132202148 1.1370189189911 274.14306640625
74.871803283691 0.89227336645126 274.26477050781
75.694763183594 0.65893077850342 274.39324951172
76.518486022949 0.43125927448273 274.52685546875
77.344467163086 0.22412778437138 274.6787109375
78.171539306641 0.032946318387985 274.84487915039
78.999137878418 -0.14311823248863 275.02459716797
79.824752807617 -0.32101559638977 275.21151733398
80.646308898926 -0.5021795630455 275.41259765625
81.470764160156 -0.66541570425034 275.61706542969
82.300933837891 -0.78309291601181 275.82968139648
83.131057739258 -0.90072351694107 276.04244995117
83.957252502441 -1.0141953229904 276.27212524414
84.778221130371 -1.1223262548447 276.52215576172
85.61360168457 -1.2068084478378 276.73004150391
86.434532165527 -1.2951482534409 276.98791503906
87.255851745605 -1.3623583316803 277.25085449219
