151.61923217773 12.470526695251 645.96008300781
145.39242553711 -8.491060256958 646.00384521484
155.57318115234 -15.047547340393 639.29577636719
152.56930541992 -11.738996505737 654.27209472656
150.86116027832 12.046481132507 645.85662841797
150.22564697266 11.449531555176 645.78234863281
149.63456726074 10.807620048523 645.71765136719
149.14262390137 10.085255622864 645.67333984375
148.69711303711 9.3328580856323 645.63830566406
148.26844787598 8.5706071853638 645.60656738281
147.8854675293 7.7841167449951 645.58349609375
147.5425567627 6.9791574478149 645.56811523438
147.2400970459 6.1580228805542 645.56018066406
146.9483795166 5.332998752594 645.55413818359
146.68579101562 4.4982271194458 645.55352783203
146.45593261719 3.6538639068604 645.55871582031
146.2437286377 2.8049170970917 645.56707763672
146.056640625 1.9501407146454 645.57995605469
145.88606262207 1.0919718742371 645.595703125
145.75497436523 0.22703140974045 645.6181640625
145.6205291748 -0.63739854097366 645.64019775391
145.53469848633 -1.5077605247498 645.67041015625
145.42373657227 -2.3754105567932 645.69647216797
145.37399291992 -3.2483379840851 645.73297119141
145.34840393066 -4.1221351623535 645.7734375
145.3412322998 -4.9961338043213 645.81683349609
145.35929870605 -5.8697566986084 645.86444091797
145.38027954102 -6.7432885169983 645.91253662109
145.38249206543 -7.6172370910645 645.95751953125
151.74374389648 11.618754386902 645.41271972656
151.15090942383 10.707668304443 645.10662841797
151.17367553711 9.6132431030273 644.82482910156
151.21603393555 8.4944868087769 644.64410400391
151.14916992188 7.3839950561523 644.41766357422
151.16102600098 6.2652163505554 644.22943115234
151.17666625977 5.1393394470215 644.08947753906
151.26179504395 4.0131578445435 643.96838378906
151.29037475586 2.893187046051 643.78240966797
151.43354797363 1.7762569189072 643.64208984375
151.55163574219 0.67080771923065 643.41284179688
151.68537902832 -0.43456736207008 643.18872070312
151.81233215332 -1.5312759876251 642.92260742188
151.93206787109 -2.6196444034576 642.62060546875
152.21070861816 -3.7041146755219 642.43975830078
152.48721313477 -4.7797517776489 642.20196533203
152.74661254883 -5.8605284690857 641.96844482422
152.9005279541 -6.9263491630554 641.63909912109
153.11973571777 -8.0064935684204 641.40997314453
153.31723022461 -9.0920257568359 641.19818115234
153.55999755859 -10.12976360321 641.0185546875
153.76895141602 -11.182626724243 640.68737792969
154.27020263672 -12.190477371216 640.56878662109
154.68118286133 -13.134751319885 640.09356689453
155.09106445312 -14.1290102005 639.75848388672
151.71569824219 11.675755500793 646.48840332031
151.26467895508 10.777093887329 646.6796875
151.29583740234 9.8402004241943 646.82464599609
151.02557373047 9.0821495056152 647.09796142578
150.90678405762 8.1275796890259 647.43853759766
150.8003692627 7.1287941932678 647.73120117188
150.71115112305 6.1010618209839 647.90759277344
150.64198303223 5.0989851951599 648.16864013672
150.67086791992 4.0934934616089 648.26867675781
150.60752868652 3.1506140232086 648.70562744141
150.58306884766 2.1450171470642 648.98828125
150.7077331543 1.1429104804993 649.26873779297
150.8472442627 0.18060408532619 649.44854736328
150.87825012207 -0.77148789167404 649.83221435547
150.92413330078 -1.7055002450943 650.15936279297
151.03688049316 -2.6842670440674 650.51226806641
151.16174316406 -3.6579859256744 650.88165283203
151.26327514648 -4.5985841751099 651.31335449219
151.51995849609 -5.5730218887329 651.59088134766
151.59405517578 -6.5207691192627 652.03295898438
151.84428405762 -7.4781093597412 651.94281005859
151.76152038574 -8.0613985061646 652.74005126953
151.91305541992 -8.9639987945557 653.15631103516
152.06527709961 -9.9527339935303 653.38061523438
152.27655029297 -10.879767417908 653.76080322266
