62.963161468506 4.6279873847961 275.10363769531
70.48656463623 -7.3824763298035 276.19229125977
75.909622192383 -6.1989574432373 274.45294189453
73.335250854492 -7.3623156547546 280.92489624023
62.74532699585 4.1265711784363 274.94784545898
62.745922088623 3.5626657009125 274.86557006836
62.833202362061 3.0015685558319 274.81649780273
62.98482131958 2.4525792598724 274.79345703125
63.189300537109 1.9204593896866 274.79296875
63.431308746338 1.4045139551163 274.80905151367
63.692562103271 0.89839220046997 274.83380126953
63.972274780273 0.40272986888885 274.86706542969
64.270034790039 -0.081661075353622 274.90884399414
64.579429626465 -0.5581721663475 274.95614624023
64.905006408691 -1.022932767868 275.01132202148
65.239456176758 -1.4807879924774 275.07089233398
65.577339172363 -1.9358924627304 275.13214111328
65.932388305664 -2.3764643669128 275.20199584961
66.292030334473 -2.8129143714905 275.27416992188
66.662460327148 -3.2392745018005 275.35189819336
67.036277770996 -3.6623377799988 275.43139648438
67.412246704102 -4.0832676887512 275.51205444336
67.797637939453 -4.4945907592773 275.59768676758
68.18155670166 -4.9074573516846 275.68249511719
68.561851501465 -5.3240451812744 275.76538085938
68.940643310547 -5.7421588897705 275.84747314453
69.327102661133 -6.1523613929749 275.93368530273
69.720367431641 -6.555242061615 276.02346801758
70.097846984863 -6.974672794342 276.10488891602
63.310913085938 4.1240329742432 274.86831665039
63.56982421875 3.5245237350464 274.82217407227
64.035804748535 3.0570583343506 274.83291625977
64.484474182129 2.5731945037842 274.85244750977
64.921424865723 2.0792100429535 274.88201904297
65.359489440918 1.5872509479523 274.92584228516
65.797698974609 1.0957295894623 274.97296142578
66.240928649902 0.60844004154205 275.01446533203
66.720314025879 0.15608657896519 275.05154418945
67.213005065918 -0.28248524665833 275.07827758789
67.719627380371 -0.70549750328064 275.09365844727
68.228797912598 -1.1254117488861 275.10784912109
68.756393432617 -1.5221940279007 275.11254882812
69.293022155762 -1.9064843654633 275.09976196289
69.842414855957 -2.2722089290619 275.0842590332
70.389625549316 -2.6402914524078 275.05529785156
70.958602905273 -2.9735877513885 275.0244140625
71.508148193359 -3.3366782665253 274.97967529297
72.048843383789 -3.7140161991119 274.94659423828
72.584022521973 -4.0975346565247 274.89828491211
73.124359130859 -4.4709196090698 274.83148193359
73.669952392578 -4.8361692428589 274.76260375977
74.232971191406 -5.1762561798096 274.70614624023
74.798278808594 -5.5100688934326 274.63659667969
75.353950500488 -5.8545145988464 274.54476928711
63.111217498779 4.0391626358032 275.35494995117
63.30827331543 3.4187326431274 275.40319824219
63.7502784729 2.968859910965 275.5901184082
64.107139587402 2.4328656196594 275.73107910156
64.470634460449 1.8991860151291 275.86297607422
64.871482849121 1.3906625509262 275.98583984375
65.294860839844 0.90777266025543 276.13436889648
65.727546691895 0.43628001213074 276.29248046875
66.164337158203 -0.029124421998858 276.45712280273
66.591773986816 -0.49568620324135 276.64154052734
67.025451660156 -0.93983900547028 276.86312866211
67.452117919922 -1.3746585845947 277.1149597168
67.875335693359 -1.8125989437103 277.36706542969
68.319801330566 -2.23015832901 277.61727905273
68.756332397461 -2.6494138240814 277.87841796875
69.191314697266 -3.0651934146881 278.14739990234
69.599273681641 -3.4878361225128 278.44650268555
70.002136230469 -3.922061920166 278.73574829102
70.409271240234 -4.3616781234741 279.01049804688
70.830108642578 -4.7854895591736 279.28942871094
71.250450134277 -5.1972575187683 279.58654785156
71.670547485352 -5.5986251831055 279.89779663086
72.121429443359 -6.0061407089233 280.15298461914
72.532844543457 -6.4469351768494 280.41937255859
72.926635742188 -6.904727935791 280.68371582031
