58.695499420166 8.0355443954468 270.82073974609
66.363426208496 -3.693728685379 266.69940185547
69.163864135742 -1.4413692951202 264.9709777832
68.598388671875 -3.4395077228546 269.96893310547
58.735656738281 7.516553401947 270.59146118164
58.901962280273 7.0112910270691 270.38818359375
59.057880401611 6.503830909729 270.18225097656
59.249729156494 6.0049481391907 269.98590087891
59.470294952393 5.5147309303284 269.79800415039
59.703117370605 5.028751373291 269.61392211914
59.95565032959 4.5502605438232 269.43634033203
60.226291656494 4.0794196128845 269.26507568359
60.498840332031 3.6094453334808 269.0944519043
60.789512634277 3.1480002403259 268.93060302734
61.095268249512 2.6943049430847 268.77267456055
61.408416748047 2.2446584701538 268.61767578125
61.733798980713 1.8020119667053 268.4677734375
62.059608459473 1.35961830616 268.31811523438
62.401912689209 0.9274218082428 268.17559814453
62.760440826416 0.50609916448593 268.04061889648
63.112808227539 0.080553039908409 267.90270996094
63.473987579346 -0.33889126777649 267.76895141602
63.834697723389 -0.758673787117 267.63500976562
64.181922912598 -1.1876630783081 267.49472045898
64.542198181152 -1.6077492237091 267.36056518555
64.901206970215 -2.0287370681763 267.22579956055
65.2607421875 -2.449357509613 267.09130859375
65.623672485352 -2.8675510883331 266.95837402344
65.987945556641 -3.2847862243652 266.82611083984
59.029525756836 7.6876087188721 270.47747802734
59.330165863037 7.2336688041687 270.24398803711
59.649375915527 6.7889590263367 270.01751708984
59.984260559082 6.358425617218 269.78631591797
60.338787078857 5.9313802719116 269.57919311523
60.710388183594 5.5107297897339 269.3896484375
61.092864990234 5.0948281288147 269.21157836914
61.478096008301 4.687219619751 269.02075195312
61.866344451904 4.2895851135254 268.81552124023
62.268646240234 3.9039492607117 268.6145324707
62.675651550293 3.5261833667755 268.40811157227
63.086151123047 3.1600828170776 268.18804931641
63.505271911621 2.7970390319824 267.9794921875
63.939205169678 2.4401407241821 267.79165649414
64.363334655762 2.0937695503235 267.56558227539
64.77140045166 1.7407227754593 267.3210144043
65.17699432373 1.3870582580566 267.07330322266
65.615570068359 1.0540617704391 266.85479736328
66.054084777832 0.72103995084763 266.63626098633
66.481597900391 0.38159507513046 266.40606689453
66.897552490234 0.038654215633869 266.1604309082
67.319305419922 -0.29462072253227 265.9114074707
67.773414611816 -0.60208439826965 265.68728637695
68.24055480957 -0.8925564289093 265.46734619141
68.684577941895 -1.1915519237518 265.21356201172
58.918998718262 7.4960589408875 270.88162231445
59.20153427124 6.9870066642761 270.78894042969
59.500305175781 6.4891018867493 270.68695068359
59.809429168701 6.0005164146423 270.57238769531
60.158870697021 5.5392179489136 270.45989990234
60.524349212646 5.0879917144775 270.35787963867
60.895923614502 4.6400165557861 270.26382446289
61.263401031494 4.1883807182312 270.17132568359
61.629955291748 3.7324595451355 270.09848022461
62.019401550293 3.2951550483704 270.03012084961
62.404415130615 2.8515224456787 269.97970581055
62.787334442139 2.4047250747681 269.94384765625
63.192337036133 1.9769016504288 269.92071533203
63.599376678467 1.5513589382172 269.89193725586
64.009552001953 1.1293358802795 269.85900878906
64.414772033691 0.70200783014297 269.88623046875
64.835662841797 0.28915703296661 269.88665771484
65.262077331543 -0.11787789314985 269.87704467773
65.68790435791 -0.52549505233765 269.86776733398
66.091239929199 -0.95547038316727 269.87341308594
66.482086181641 -1.3967177867889 269.88494873047
66.864356994629 -1.8452975749969 269.89865112305
67.293281555176 -2.2492508888245 269.91958618164
67.715156555176 -2.6602807044983 269.94552612305
68.141403198242 -3.0669994354248 269.96743774414
