65.820701599121 -6.664647102356 271.09970092773
69.761650085449 2.6247203350067 272.65490722656
72.511085510254 0.17787407338619 276.49661254883
73.567565917969 0.82389670610428 269.51635742188
65.705192565918 -6.275691986084 271.11685180664
65.638763427734 -5.8759517669678 271.14343261719
65.648315429688 -5.4719157218933 271.18341064453
65.688110351562 -5.0702519416809 271.22830200195
65.752792358398 -4.6723065376282 271.27709960938
65.851341247559 -4.2820210456848 271.33096313477
65.963722229004 -3.8957748413086 271.38681030273
66.085968017578 -3.5127398967743 271.4440612793
66.219970703125 -3.1339094638824 271.5029296875
66.369064331055 -2.7610783576965 271.56381225586
66.521430969238 -2.3896489143372 271.62509155273
66.691787719727 -2.0265064239502 271.68869018555
66.874076843262 -1.6694713830948 271.75372314453
67.050277709961 -1.3092614412308 271.81805419922
67.233337402344 -0.95264029502869 271.88323974609
67.410308837891 -0.59281206130981 271.94757080078
67.621932983398 -0.25302064418793 272.01602172852
67.823692321777 0.092948384582996 272.08334350586
68.03931427002 0.43015095591545 272.15219116211
68.255149841309 0.76720720529556 272.22106933594
68.46907043457 1.1055198907852 272.2897644043
68.712989807129 1.4221882820129 272.36148071289
68.959747314453 1.736603975296 272.43353271484
69.225578308105 2.0346503257751 272.50726318359
69.476486206055 2.3456835746765 272.57965087891
65.951568603516 -6.4494705200195 271.44589233398
66.072242736816 -6.0674829483032 271.61111450195
66.208572387695 -5.6855821609497 271.76068115234
66.429344177246 -5.3734498023987 271.96475219727
66.657669067383 -5.0647101402283 272.16525268555
66.922058105469 -4.7639188766479 272.33087158203
67.186859130859 -4.46364402771 272.49673461914
67.461616516113 -4.17618227005 272.66900634766
67.746025085449 -3.9021482467651 272.8473815918
68.029541015625 -3.6275267601013 273.02615356445
68.276390075684 -3.3285520076752 273.21975708008
68.518684387207 -3.0279386043549 273.41656494141
68.75399017334 -2.7257421016693 273.61923217773
68.919403076172 -2.4020135402679 273.8544921875
69.194076538086 -2.1284987926483 274.04827880859
69.468719482422 -1.8552221059799 274.24237060547
69.740036010742 -1.6221663951874 274.48709106445
70.04874420166 -1.4035617113113 274.69854736328
70.372848510742 -1.1895170211792 274.89074707031
70.663459777832 -0.95190167427063 275.10726928711
71.014915466309 -0.73825907707214 275.24334716797
71.35669708252 -0.5605291724205 275.44158935547
71.651573181152 -0.38391280174255 275.7053527832
71.945846557617 -0.18571741878986 275.95419311523
72.242202758789 0.014653250575066 276.19879150391
66.048675537109 -6.3898324966431 270.86938476562
66.163558959961 -5.9785003662109 270.83090209961
66.339080810547 -5.5939221382141 270.7624206543
66.607009887695 -5.2613768577576 270.72027587891
66.875679016113 -4.9294271469116 270.6784362793
67.160209655762 -4.6102609634399 270.64288330078
67.46915435791 -4.3135013580322 270.61776733398
67.778015136719 -4.0166697502136 270.59243774414
68.084175109863 -3.7176513671875 270.56088256836
68.388793945312 -3.4174482822418 270.52578735352
68.693069458008 -3.1169502735138 270.49047851562
68.977928161621 -2.7997481822968 270.4416809082
69.251945495605 -2.4742698669434 270.38580322266
69.528244018555 -2.1507732868195 270.32968139648
69.811042785645 -1.8330336809158 270.27297973633
70.093826293945 -1.5152903795242 270.21627807617
70.408821105957 -1.2340035438538 270.14025878906
70.73299407959 -0.96308219432831 270.06506347656
71.101638793945 -0.74581581354141 270.03460693359
71.482955932617 -0.55066335201263 270.00918579102
71.880149841309 -0.38946866989136 269.99020385742
72.23851776123 -0.16165168583393 269.9303894043
72.593223571777 0.051481422036886 269.81729125977
72.94799041748 0.26342576742172 269.70169067383
73.274261474609 0.53257095813751 269.63095092773
