55.319229125977 0.40222755074501 269.44357299805
71.764404296875 -1.6472549438477 268.40249633789
74.272911071777 0.28408616781235 268.4619140625
73.97745513916 -2.0154383182526 270.57757568359
55.893676757812 0.18723054230213 269.25701904297
56.496894836426 0.024733724072576 269.12731933594
57.119243621826 -0.099384903907776 269.03912353516
57.750576019287 -0.19490085542202 268.98153686523
58.386520385742 -0.2677495777607 268.94799804688
59.023593902588 -0.33422347903252 268.92120361328
59.661220550537 -0.39691936969757 268.89837646484
60.299072265625 -0.45797890424728 268.87731933594
60.936729431152 -0.52045542001724 268.8547668457
61.574111938477 -0.58485841751099 268.83013916016
62.210845947266 -0.6536905169487 268.80087280273
62.846454620361 -0.72909903526306 268.76461791992
63.482265472412 -0.80340349674225 268.72955322266
64.118637084961 -0.87447255849838 268.69793701172
64.754539489746 -0.94829672574997 268.66333007812
65.390296936035 -1.0229674577713 268.62783813477
66.026008605957 -1.0979233980179 268.5920715332
66.661834716797 -1.1721850633621 268.55706787109
67.298919677734 -1.2385939359665 268.53030395508
67.93603515625 -1.3048696517944 268.50372314453
68.572944641113 -1.3724911212921 268.47567749023
69.211456298828 -1.4281071424484 268.46038818359
69.849739074707 -1.4833345413208 268.44552612305
70.486679077148 -1.5531966686249 268.43063354492
71.125556945801 -1.5995811223984 268.40579223633
56.040523529053 0.40588217973709 269.35229492188
56.770881652832 0.41272434592247 269.33486938477
57.49906539917 0.42745351791382 269.26763916016
58.229064941406 0.44310203194618 269.22961425781
58.958118438721 0.43210923671722 269.1728515625
59.688793182373 0.40649962425232 269.15185546875
60.419010162354 0.37716200947762 269.12326049805
61.148651123047 0.34314998984337 269.08508300781
61.878620147705 0.30397242307663 269.06619262695
62.608787536621 0.26169264316559 269.0588684082
63.339195251465 0.22420373558998 269.05194091797
64.069961547852 0.19374299049377 269.04559326172
64.800552368164 0.17159894108772 269.0241394043
65.530990600586 0.1569921374321 268.9889831543
66.261528015137 0.14972640573978 268.9538269043
66.992088317871 0.14498046040535 268.9186706543
67.72265625 0.14774149656296 268.88333129883
68.452796936035 0.15494878590107 268.84182739258
69.18212890625 0.1694501042366 268.78839111328
69.91227722168 0.19249249994755 268.76766967773
70.643081665039 0.22230073809624 268.77288818359
71.373092651367 0.26506605744362 268.76754760742
72.102508544922 0.31762993335724 268.75424194336
72.829391479492 0.32933446764946 268.69033813477
73.550514221191 0.30093169212341 268.57293701172
56.011249542236 0.20084026455879 269.50848388672
56.72917175293 0.11154690384865 269.57284545898
57.448337554932 0.028076823800802 269.63870239258
58.167419433594 -0.072264418005943 269.68450927734
58.890571594238 -0.14346860349178 269.7184753418
59.614082336426 -0.21432168781757 269.74545288086
60.338241577148 -0.28095969557762 269.76156616211
61.063449859619 -0.33811059594154 269.76608276367
61.787113189697 -0.41161128878593 269.77838134766
62.510326385498 -0.48936301469803 269.79046630859
63.233856201172 -0.56186974048615 269.80078125
63.960666656494 -0.59313058853149 269.80404663086
64.685958862305 -0.6457422375679 269.81582641602
65.41039276123 -0.71021491289139 269.83239746094
66.132598876953 -0.7925922870636 269.8620300293
66.852157592773 -0.89099436998367 269.90072631836
67.570503234863 -0.9957714676857 269.94708251953
68.290725708008 -1.0873501300812 269.99331665039
69.017074584961 -1.1134259700775 270.01983642578
69.73583984375 -1.1877982616425 270.08798217773
70.451400756836 -1.2804627418518 270.17993164062
71.16902923584 -1.3539834022522 270.27395629883
71.884201049805 -1.4499312639236 270.36645507812
72.589073181152 -1.6088099479675 270.43185424805
73.288230895996 -1.8008568286896 270.49084472656
