55.411563873291 3.916862487793 268.05584716797
65.780181884766 -5.2477073669434 275.61404418945
70.698348999023 -0.30279296636581 271.07507324219
67.606643676758 2.1062068939209 279.07550048828
55.357875823975 3.3125441074371 268.2287902832
55.474658966064 2.7397773265839 268.46670532227
55.686664581299 2.2084543704987 268.73318481445
55.990901947021 1.7362297773361 269.02111816406
56.304332733154 1.2711514234543 269.31079101562
56.634208679199 0.81946909427643 269.60339355469
56.992610931396 0.39304685592651 269.90026855469
57.380504608154 -0.0040914989076555 270.20074462891
57.781364440918 -0.38723653554916 270.50234985352
58.191627502441 -0.75975805521011 270.80459594727
58.619743347168 -1.1108639240265 271.10775756836
59.047889709473 -1.4618781805038 271.41098022461
59.476890563965 -1.8118448257446 271.71420288086
59.921615600586 -2.1413369178772 272.01766967773
60.385597229004 -2.4434816837311 272.32080078125
60.833362579346 -2.7688686847687 272.62423706055
61.301219940186 -3.0652074813843 272.92715454102
61.768711090088 -3.362104177475 273.23010253906
62.238739013672 -3.6551520824432 273.53283691406
62.720119476318 -3.9300394058228 273.83477783203
63.200500488281 -4.2065768241882 274.13681030273
63.692184448242 -4.4640302658081 274.43753051758
64.205673217773 -4.6799626350403 274.73443603516
64.713562011719 -4.9071893692017 275.03256225586
65.238487243652 -5.0984034538269 275.32641601562
55.876155853271 3.6495423316956 267.84814453125
56.319393157959 3.2636840343475 268.07696533203
56.682891845703 2.8295083045959 268.35995483398
57.294864654541 2.6802725791931 268.38970947266
57.902423858643 2.5242660045624 268.51699829102
58.481479644775 2.32497382164 268.70959472656
59.05978012085 2.1178243160248 268.89151000977
59.645252227783 1.9112739562988 269.05718994141
60.242240905762 1.7075587511063 269.18267822266
60.841217041016 1.5072159767151 269.30407714844
61.44331741333 1.3128242492676 269.41934204102
62.047378540039 1.1355242729187 269.54776000977
62.651092529297 0.97462964057922 269.69808959961
63.250324249268 0.76911121606827 269.80895996094
63.853572845459 0.59075218439102 269.94287109375
64.458702087402 0.41933435201645 270.07720947266
65.069053649902 0.25578966736794 270.19259643555
65.686538696289 0.097306236624718 270.27142333984
66.288948059082 -0.078493110835552 270.41232299805
66.912384033203 -0.18420793116093 270.52877807617
67.544525146484 -0.23924013972282 270.62170410156
68.178718566895 -0.28521808981895 270.70376586914
68.80184173584 -0.40119016170502 270.80883789062
69.428924560547 -0.42300182580948 270.95007324219
70.067802429199 -0.36428159475327 270.96429443359
55.661525726318 3.839236497879 268.63235473633
56.030292510986 3.463888168335 269.00595092773
56.333358764648 3.0748476982117 269.42343139648
56.810222625732 3.1569633483887 269.82260131836
57.288547515869 3.0360674858093 270.24163818359
57.778633117676 2.9006175994873 270.65093994141
58.250518798828 2.7564053535461 271.07943725586
58.75643157959 2.6338641643524 271.47424316406
59.233749389648 2.5215644836426 271.90634155273
59.710773468018 2.4255812168121 272.34222412109
60.182266235352 2.3522748947144 272.78875732422
60.658821105957 2.2659618854523 273.22763061523
61.123966217041 2.1630265712738 273.6748046875
61.583522796631 2.0519468784332 274.12603759766
62.054748535156 1.9727529287338 274.5703125
62.540187835693 1.9324063062668 275.00604248047
63.02562713623 1.8920595645905 275.44177246094
63.511066436768 1.8517129421234 275.87753295898
63.993927001953 1.8252581357956 276.31716918945
64.477249145508 1.7992874383926 276.75628662109
65.003440856934 1.8012392520905 277.14395141602
65.529632568359 1.8031911849976 277.53158569336
66.031143188477 1.8361502885818 277.94906616211
66.549072265625 1.892595410347 278.34216308594
67.081977844238 1.9650973081589 278.71350097656
