70.054374694824 -6.7047114372253 269.33996582031
81.753242492676 5.9707703590393 268.19873046875
88.001800537109 2.9883334636688 274.07083129883
86.936210632324 1.9865095615387 262.6237487793
69.824241638184 -6.0425548553467 269.32257080078
69.851226806641 -5.3417482376099 269.29061889648
69.996040344238 -4.6559076309204 269.25335693359
70.252304077148 -4.0035371780396 269.21200561523
70.580673217773 -3.3843383789062 269.16845703125
70.94229888916 -2.7840480804443 269.12405395508
71.344352722168 -2.2100963592529 269.07879638672
71.778274536133 -1.6598896980286 269.03295898438
72.243515014648 -1.1359009742737 268.98675537109
72.716598510742 -0.6190071105957 268.94036865234
73.208511352539 -0.12001085281372 268.8938293457
73.721862792969 0.35689133405685 268.84722900391
74.255531311035 0.81095492839813 268.80062866211
74.793701171875 1.2596672773361 268.75396728516
75.34538269043 1.691663146019 268.70736694336
75.905265808105 2.1129953861237 268.66088867188
76.475608825684 2.5200695991516 268.61447143555
77.049606323242 2.9219710826874 268.56811523438
77.624885559082 3.3220236301422 268.52169799805
78.215950012207 3.6984190940857 268.4755859375
78.803352355957 4.0804882049561 268.4294128418
79.393135070801 4.458872795105 268.38330078125
79.985946655273 4.8325028419495 268.3371887207
80.573806762695 5.2138729095459 268.291015625
81.160652160645 5.5967874526978 268.24481201172
70.381256103516 -6.0450220108032 269.70037841797
70.896003723145 -5.4254970550537 269.84341430664
71.551689147949 -4.9484233856201 269.9817199707
72.155914306641 -4.4000759124756 270.09143066406
72.801002502441 -3.893326997757 270.16567993164
73.464767456055 -3.4105999469757 270.23544311523
74.143249511719 -2.9490787982941 270.30740356445
74.834320068359 -2.5070571899414 270.38031005859
75.549842834473 -2.1060626506805 270.45581054688
76.276596069336 -1.7282555103302 270.54306030273
77.009429931641 -1.3672770261765 270.64739990234
77.746772766113 -1.0330525636673 270.79922485352
78.497283935547 -0.73080974817276 270.95394897461
79.249092102051 -0.43758824467659 271.11929321289
79.996788024902 -0.14033079147339 271.29577636719
80.739196777344 0.17228052020073 271.46789550781
81.477111816406 0.48139902949333 271.66351318359
82.202079772949 0.78200298547745 271.91375732422
82.924095153809 1.094966173172 272.15716552734
83.638389587402 1.437188744545 272.38345336914
84.361953735352 1.7584787607193 272.61099243164
85.09073638916 2.0661945343018 272.84051513672
85.815567016602 2.3445398807526 273.11547851562
86.54411315918 2.565803527832 273.42984008789
87.272956848145 2.7770683765411 273.75033569336
70.311996459961 -6.1109538078308 268.88348388672
70.750198364258 -5.4610562324524 268.84024047852
71.364105224609 -5.027862071991 268.57806396484
71.958274841309 -4.5348191261292 268.38369750977
72.595108032227 -4.082170009613 268.22863769531
73.244071960449 -3.6513085365295 268.06216430664
73.877563476562 -3.2024910449982 267.88372802734
74.513977050781 -2.7624299526215 267.69427490234
75.167610168457 -2.3491859436035 267.50701904297
75.879890441895 -2.0305652618408 267.34710693359
76.576148986816 -1.6975660324097 267.14984130859
77.265815734863 -1.3635858297348 266.93310546875
77.962135314941 -1.0823410749435 266.66732788086
78.660491943359 -0.81130307912827 266.39636230469
79.367332458496 -0.55508238077164 266.13305664062
80.078308105469 -0.30693185329437 265.87319946289
80.794464111328 -0.070191919803619 265.61700439453
81.496543884277 0.17971970140934 265.33551025391
82.197845458984 0.43108135461807 265.05349731445
82.879539489746 0.71841263771057 264.75796508789
83.558540344238 1.0100166797638 264.46047973633
84.219566345215 1.3184614181519 264.14056396484
84.89958190918 1.5421385765076 263.79116821289
85.588104248047 1.7024161815643 263.42395019531
86.26252746582 1.844905257225 263.02462768555
