66.903633117676 -1.2320591211319 268.34524536133
81.624702453613 1.0597660541534 270.12887573242
83.487342834473 -1.0266555547714 269.85424804688
83.223930358887 1.111607670784 268.21948242188
67.347579956055 -0.97822588682175 268.62417602539
67.862754821777 -0.79616522789001 268.81072998047
68.405113220215 -0.6445671916008 268.95831298828
68.958366394043 -0.51133042573929 269.0827331543
69.524284362793 -0.40661269426346 269.17153930664
70.09432220459 -0.31372317671776 269.24566650391
70.667724609375 -0.23127700388432 269.30682373047
71.242691040039 -0.15486210584641 269.36056518555
71.818496704102 -0.081983491778374 269.40991210938
72.395057678223 -0.012352157384157 269.45520019531
72.971092224121 0.059638224542141 269.50341796875
73.547187805176 0.13133127987385 269.55130004883
74.123405456543 0.20249296724796 269.59851074219
74.700218200684 0.27096039056778 269.64242553711
75.276977539062 0.33966305851936 269.68661499023
75.853561401367 0.40914395451546 269.73175048828
76.429557800293 0.48129200935364 269.78015136719
77.005882263184 0.55200362205505 269.82684326172
77.582679748535 0.61475563049316 269.87670898438
78.160514831543 0.65647709369659 269.93746948242
78.736663818359 0.73697167634964 269.96691894531
79.313461303711 0.81304180622101 269.99508666992
79.890213012695 0.87775552272797 270.04501342773
80.467597961426 0.94830501079559 270.06942749023
81.045425415039 1.0199882984161 270.08218383789
67.535308837891 -1.2865852117538 268.46810913086
68.178588867188 -1.282154917717 268.52737426758
68.821449279785 -1.2720351219177 268.59024047852
69.461303710938 -1.2376613616943 268.67077636719
70.078811645508 -1.1416132450104 268.83303833008
70.723335266113 -1.1261212825775 268.87094116211
71.347496032715 -1.0822563171387 269.03121948242
71.989250183105 -1.0705262422562 269.10363769531
72.632789611816 -1.0171929597855 269.12231445312
73.275978088379 -0.95777416229248 269.1328125
73.920372009277 -0.92914623022079 269.16592407227
74.556838989258 -0.97395122051239 269.26138305664
75.174514770508 -0.80401611328125 269.21173095703
75.800941467285 -0.91342759132385 269.322265625
76.446136474609 -0.9058735370636 269.35369873047
77.09033203125 -0.87479513883591 269.39093017578
77.734375 -0.8372814655304 269.41976928711
78.373260498047 -0.87714838981628 269.50518798828
79.018669128418 -0.85154944658279 269.51651000977
79.664604187012 -0.84305614233017 269.51080322266
80.310546875 -0.83449620008469 269.50518798828
80.956428527832 -0.82135587930679 269.50631713867
81.601211547852 -0.79148876667023 269.5325012207
82.244140625 -0.79486131668091 269.59490966797
82.871124267578 -0.88491809368134 269.72183227539
67.51538848877 -1.0413128137589 268.37200927734
68.146545410156 -0.94325071573257 268.43072509766
68.775291442871 -0.81629008054733 268.42980957031
69.402893066406 -0.68387919664383 268.43399047852
70.025802612305 -0.53112769126892 268.44277954102
70.638648986816 -0.34462839365005 268.41088867188
71.277984619141 -0.34589353203773 268.451171875
71.919326782227 -0.35169902443886 268.45956420898
72.55394744873 -0.26122295856476 268.48037719727
73.190818786621 -0.18830028176308 268.50283813477
73.829093933105 -0.12949852645397 268.52694702148
74.469459533691 -0.12618733942509 268.56253051758
75.109886169434 -0.12440097332001 268.59844970703
75.749214172363 -0.078483186662197 268.62051391602
76.382209777832 0.024374462664127 268.62445068359
77.023063659668 0.04226379096508 268.62167358398
77.625717163086 0.23978419601917 268.53948974609
78.171073913574 0.55179166793823 268.41204833984
78.805801391602 0.52111226320267 268.45745849609
79.445953369141 0.54572951793671 268.42593383789
80.08203125 0.60825026035309 268.37197875977
80.691513061523 0.77270531654358 268.25900268555
81.331481933594 0.79652982950211 268.23086547852
81.97144317627 0.83789169788361 268.22082519531
82.601028442383 0.9593733549118 268.20367431641
