62.637474060059 3.067809343338 273.19506835938
68.392433166504 -2.2544150352478 271.82257080078
70.453285217285 -0.20302581787109 271.81408691406
69.536514282227 -2.0742011070251 274.44897460938
62.650058746338 2.8001480102539 273.0256652832
62.711040496826 2.529777765274 272.87203979492
62.834159851074 2.2663848400116 272.74545288086
62.987758636475 2.0118067264557 272.6357421875
63.190814971924 1.7809047698975 272.55923461914
63.419979095459 1.5686873197556 272.50442504883
63.631256103516 1.3428076505661 272.43420410156
63.846759796143 1.1199117898941 272.36749267578
64.07364654541 0.90573787689209 272.310546875
64.298538208008 0.68995040655136 272.25186157227
64.530166625977 0.47979545593262 272.19927978516
64.770462036133 0.27758952975273 272.15496826172
65.012725830078 0.077332146465778 272.11267089844
65.26042175293 -0.11731458455324 272.07592773438
65.513427734375 -0.30604580044746 272.04501342773
65.76335144043 -0.49827012419701 272.01068115234
66.018074035645 -0.68497520685196 271.9817199707
66.283470153809 -0.85787189006805 271.9655456543
66.542686462402 -1.0390647649765 271.94177246094
66.810157775879 -1.2089728116989 271.92834472656
67.066619873047 -1.3935993909836 271.90130615234
67.324821472168 -1.5760734081268 271.87634277344
67.583564758301 -1.7578669786453 271.85198974609
67.843353271484 -1.938326716423 271.82891845703
68.123626708984 -2.0865495204926 271.83419799805
62.886219024658 3.0484962463379 272.97052001953
63.127582550049 2.8758034706116 272.81307983398
63.40975189209 2.7186629772186 272.71850585938
63.700305938721 2.5562932491302 272.66683959961
63.981678009033 2.3828065395355 272.60180664062
64.26008605957 2.2029619216919 272.54461669922
64.541984558105 2.0184903144836 272.54229736328
64.823883056641 1.8340187072754 272.53994750977
65.107917785645 1.653645157814 272.52987670898
65.39778137207 1.4845931529999 272.50119018555
65.704643249512 1.3511356115341 272.46212768555
66.01244354248 1.2161629199982 272.43914794922
66.319900512695 1.0826275348663 272.40698242188
66.629379272461 0.95566427707672 272.37091064453
66.949562072754 0.85421824455261 272.35388183594
67.270523071289 0.77088010311127 272.29559326172
67.590492248535 0.68398147821426 272.23843383789
67.915382385254 0.60500681400299 272.19741821289
68.233657836914 0.50816839933395 272.14489746094
68.545372009277 0.39654725790024 272.08276367188
68.857482910156 0.27989393472672 272.03295898438
69.180282592773 0.19662307202816 271.98577880859
69.498397827148 0.09415976703167 271.95092773438
69.814643859863 -0.014657966792583 271.91644287109
70.135452270508 -0.10361856222153 271.86508178711
62.759052276611 2.8362588882446 273.37484741211
62.956878662109 2.5676381587982 273.36703491211
63.231391906738 2.3649115562439 273.35501098633
63.501472473145 2.154801607132 273.34558105469
63.767498016357 1.9400969743729 273.32879638672
64.035453796387 1.7285254001617 273.3083190918
64.31510925293 1.5310450792313 273.30340576172
64.59774017334 1.3388661146164 273.32070922852
64.885154724121 1.1528717279434 273.32559204102
65.17310333252 0.9683358669281 273.33071899414
65.473197937012 0.80738288164139 273.35470581055
65.75318145752 0.61592042446136 273.40005493164
66.032234191895 0.42195725440979 273.43011474609
66.318321228027 0.24124164879322 273.44955444336
66.573585510254 0.030921000987291 273.53366088867
66.844329833984 -0.13990527391434 273.64938354492
67.097640991211 -0.35569307208061 273.728515625
67.351486206055 -0.5593855381012 273.8342590332
67.626396179199 -0.74241131544113 273.92123413086
67.898460388184 -0.93896001577377 273.98645019531
68.172523498535 -1.1199191808701 274.07794189453
68.451461791992 -1.3116183280945 274.11874389648
68.72437286377 -1.5096489191055 274.17761230469
68.98876953125 -1.7093726396561 274.26370239258
69.253562927246 -1.8979141712189 274.37124633789
