115.90969085693 -34.274490356445 360.04049682617
87.555122375488 -18.976280212402 360.56616210938
93.062377929688 -13.090716362 350.04205322266
85.171981811523 -23.495483398438 346.50817871094
115.4083480835 -34.210845947266 361.32632446289
114.55885314941 -33.920391082764 362.37808227539
113.57403564453 -33.530185699463 363.26739501953
112.5170135498 -33.081665039062 364.03848266602
111.40411376953 -32.58366394043 364.69137573242
110.24028778076 -32.03443145752 365.19854736328
109.06602478027 -31.473222732544 365.6667175293
107.86618041992 -30.878337860107 366.01281738281
106.65559387207 -30.264768600464 366.2795715332
105.43740081787 -29.630519866943 366.44415283203
104.21804046631 -28.987216949463 366.55673217773
102.99959564209 -28.334571838379 366.60858154297
101.78768157959 -27.669425964355 366.56137084961
100.58036804199 -27.00016784668 366.47348022461
99.387214660645 -26.32374382019 366.29400634766
98.200180053711 -25.645626068115 366.08349609375
97.036628723145 -24.964338302612 365.77474975586
95.893577575684 -24.282995223999 365.39715576172
94.766372680664 -23.60272026062 364.97296142578
93.676910400391 -22.927381515503 364.45297241211
92.590553283691 -22.252576828003 363.92584228516
91.51976776123 -21.58065032959 363.36431884766
90.460014343262 -20.910963058472 362.77966308594
89.410140991211 -20.243448257446 362.17535400391
88.520080566406 -19.621677398682 361.31829833984
115.68296813965 -33.285732269287 360.83850097656
114.94771575928 -32.360893249512 361.38345336914
114.10524749756 -31.406066894531 361.82928466797
113.20798492432 -30.465476989746 362.15365600586
112.3210144043 -29.469266891479 361.99038696289
111.36862182617 -28.523277282715 361.75823974609
110.37417602539 -27.600534439087 361.6110534668
109.32706451416 -26.773002624512 361.34048461914
108.24964141846 -25.954349517822 361.19372558594
107.2006149292 -25.107715606689 361.00399780273
106.1814956665 -24.316591262817 360.58407592773
105.18242645264 -23.508562088013 360.14486694336
104.19995117188 -22.692462921143 359.69723510742
103.21869659424 -22.016170501709 359.03271484375
102.24872589111 -21.280200958252 358.41577148438
101.28675842285 -20.556789398193 357.77203369141
100.38327789307 -19.829683303833 357.05535888672
99.551383972168 -19.150938034058 356.21545410156
98.682815551758 -18.488605499268 355.39907836914
97.782943725586 -17.822177886963 354.61859130859
96.977249145508 -17.054086685181 353.84854125977
96.327423095703 -16.125787734985 353.08755493164
95.597427368164 -15.255186080933 352.3323059082
94.861000061035 -14.360541343689 351.61163330078
94.015502929688 -13.636923789978 350.85220336914
114.61135864258 -34.726692199707 360.16296386719
113.25263214111 -34.715450286865 360.63082885742
111.8542175293 -34.50944519043 360.94857788086
110.45506286621 -34.213752746582 361.04022216797
109.06620788574 -33.867084503174 360.83407592773
107.69704437256 -33.491027832031 360.55764770508
106.3399810791 -33.029987335205 360.36743164062
104.94036102295 -32.6965675354 360.1965637207
103.62226104736 -32.208023071289 359.88159179688
102.38760375977 -31.626306533813 359.3991394043
101.16783905029 -31.075304031372 358.84356689453
99.970062255859 -30.513582229614 358.25149536133
98.785224914551 -29.965599060059 357.62591552734
97.699256896973 -29.294384002686 356.93960571289
96.637992858887 -28.61763381958 356.22186279297
95.618072509766 -27.97234916687 355.42208862305
94.578178405762 -27.486772537231 354.54443359375
93.513488769531 -27.028406143188 353.67849731445
92.455284118652 -26.486885070801 352.84948730469
91.389892578125 -26.009206771851 351.99063110352
90.346572875977 -25.714651107788 351.03207397461
89.304306030273 -25.412981033325 350.07202148438
88.258941650391 -25.034332275391 349.1467590332
87.213638305664 -24.450315475464 348.33047485352
86.182800292969 -23.959579467773 347.4375
