82.007690429688 2.1009690761566 409.87164306641
93.519432067871 -5.1601419448853 411.35784912109
97.338043212891 -2.2618708610535 407.72467041016
96.996475219727 -2.3796088695526 416.01281738281
82.00838470459 1.544637799263 409.87265014648
82.183784484863 1.0170050859451 409.89599609375
82.447105407715 0.52788954973221 409.93048095703
82.765869140625 0.073516830801964 409.97210693359
83.108764648438 -0.36251753568649 410.01672363281
83.498153686523 -0.75696116685867 410.06723022461
83.914451599121 -1.1224564313889 410.12115478516
84.350318908691 -1.4639627933502 410.17755126953
84.804588317871 -1.7801767587662 410.23626708984
85.264572143555 -2.0878593921661 410.29565429688
85.746017456055 -2.3601777553558 410.35772705078
86.228576660156 -2.6304697990417 410.42001342773
86.720184326172 -2.8836631774902 410.48336791992
87.225143432617 -3.1085803508759 410.54837036133
87.732429504395 -3.3281087875366 410.61373901367
88.240417480469 -3.5459766387939 410.67913818359
88.759536743164 -3.7353456020355 410.74594116211
89.280792236328 -3.9186460971832 410.81298828125
89.80689239502 -4.0872931480408 410.88064575195
90.337196350098 -4.24200963974 410.94879150391
90.864776611328 -4.4058866500854 411.01663208008
91.386795043945 -4.5869626998901 411.08380126953
91.914833068848 -4.7493481636047 411.15170288086
92.444259643555 -4.9070916175842 411.2197265625
92.98070526123 -5.0385303497314 411.28866577148
82.469024658203 1.793788433075 409.57766723633
82.874893188477 1.3210098743439 409.51223754883
83.453193664551 1.0774943828583 409.56802368164
84.04460144043 0.8614713549614 409.58358764648
84.616317749023 0.59662634134293 409.56918334961
85.190147399902 0.33709615468979 409.55224609375
85.78101348877 0.1213017180562 409.51461791992
86.379867553711 -0.068853758275509 409.46533203125
86.978713989258 -0.25900691747665 409.41604614258
87.577476501465 -0.4484107196331 409.36373901367
88.175216674805 -0.63016241788864 409.28085327148
88.772102355957 -0.80868113040924 409.18563842773
89.369956970215 -0.98336309194565 409.09033203125
89.980178833008 -1.1083317995071 408.99462890625
90.595443725586 -1.205866932869 408.89895629883
91.21070098877 -1.3034234046936 408.80328369141
91.826049804688 -1.4016736745834 408.70895385742
92.442054748535 -1.5057553052902 408.62579345703
93.058029174805 -1.609578371048 408.54208374023
93.673065185547 -1.7072095870972 408.44512939453
94.284881591797 -1.8137451410294 408.33773803711
94.889503479004 -1.9399393796921 408.21237182617
95.495620727539 -2.0518169403076 408.08102416992
96.115951538086 -2.1095733642578 407.98580932617
96.733047485352 -2.1892721652985 407.88568115234
82.406517028809 1.7453030347824 410.25305175781
82.904876708984 1.3800959587097 410.47491455078
83.427185058594 1.0185370445251 410.64071655273
83.965911865234 0.68645805120468 410.81533813477
84.530654907227 0.41040661931038 411.00479125977
85.095413208008 0.13436479866505 411.19421386719
85.66130065918 -0.13877926766872 411.38391113281
86.272254943848 -0.27188348770142 411.58404541016
86.880386352539 -0.41325500607491 411.78707885742
87.475326538086 -0.58913040161133 412.00189208984
88.070739746094 -0.75865656137466 412.22045898438
88.667274475098 -0.89950424432755 412.45571899414
89.263832092285 -1.040318608284 412.69094848633
89.861663818359 -1.1734293699265 412.92739868164
90.463241577148 -1.2801383733749 413.1676940918
91.064811706543 -1.3868492841721 413.40805053711
91.66162109375 -1.4944118261337 413.65960693359
92.248741149902 -1.603498339653 413.93243408203
92.835861206055 -1.7125848531723 414.20523071289
93.426315307617 -1.8099894523621 414.47525024414
94.017524719238 -1.9046939611435 414.74459838867
94.588417053223 -2.0187294483185 415.04809570312
95.165725708008 -2.1229515075684 415.34286499023
95.776649475098 -2.1826319694519 415.57577514648
96.401008605957 -2.2699749469757 415.75900268555
