85.392623901367 -16.49708366394 480.9489440918
89.383399963379 -17.959432601929 467.63714599609
94.061256408691 -22.324928283691 468.24243164062
86.417068481445 -22.7839012146 466.76715087891
85.471733093262 -16.190093994141 480.49862670898
85.582977294922 -15.993693351746 479.99603271484
85.704254150391 -15.839416503906 479.48126220703
85.838302612305 -15.746192932129 478.95510864258
85.983131408691 -15.713589668274 478.4245300293
86.134010314941 -15.72096157074 477.89465332031
86.288444519043 -15.754791259766 477.36685180664
86.44465637207 -15.802709579468 476.84063720703
86.602615356445 -15.865515708923 476.31649780273
86.760589599609 -15.92869758606 475.79244995117
86.920532226562 -16.009819030762 475.27145385742
87.082420349121 -16.110767364502 474.75451660156
87.244163513184 -16.210155487061 474.23727416992
87.406135559082 -16.311836242676 473.72052001953
87.567138671875 -16.403478622437 473.20159912109
87.730484008789 -16.520956039429 472.68865966797
87.894088745117 -16.641416549683 472.1764831543
88.060531616211 -16.801252365112 471.67614746094
88.225204467773 -16.93531036377 471.16772460938
88.38990020752 -17.069393157959 470.65927124023
88.554306030273 -17.19980430603 470.14981079102
88.717216491699 -17.311904907227 469.63552856445
88.883636474609 -17.471435546875 469.13507080078
89.050109863281 -17.632108688354 468.63500976562
89.216171264648 -17.785539627075 468.13250732422
85.553504943848 -16.592002868652 480.43048095703
86.133369445801 -16.482444763184 480.21658325195
86.53343963623 -16.568132400513 479.70797729492
86.820739746094 -16.664831161499 479.12744140625
87.065269470215 -16.846454620361 478.54571533203
87.310585021973 -17.04732131958 477.970703125
87.570289611816 -17.241451263428 477.40014648438
87.812683105469 -17.481128692627 476.83880615234
88.078826904297 -17.720174789429 476.28796386719
88.355194091797 -17.963371276855 475.74417114258
88.642204284668 -18.227487564087 475.21566772461
88.938789367676 -18.489360809326 474.69189453125
89.278564453125 -18.719427108765 474.17901611328
89.623512268066 -18.946659088135 473.66839599609
89.984474182129 -19.167798995972 473.16622924805
90.332817077637 -19.411773681641 472.66616821289
90.648109436035 -19.711223602295 472.17385864258
90.968765258789 -20.006032943726 471.68270874023
91.344177246094 -20.25288772583 471.20361328125
91.721702575684 -20.496355056763 470.72445678711
92.111785888672 -20.719526290894 470.24545288086
92.504783630371 -20.948408126831 469.77154541016
92.90266418457 -21.193283081055 469.31079101562
93.169128417969 -21.647989273071 468.91888427734
93.573623657227 -22.023225784302 468.5627746582
85.107986450195 -16.689640045166 480.45523071289
85.092422485352 -16.722579956055 479.84622192383
85.091148376465 -16.802864074707 479.24179077148
85.167541503906 -16.899793624878 478.6448059082
85.290519714355 -17.073554992676 478.07336425781
85.440010070801 -17.311609268188 477.53192138672
85.625854492188 -17.562620162964 477.0090637207
85.716720581055 -17.763051986694 476.4404296875
85.847763061523 -18.031578063965 475.90829467773
85.968940734863 -18.307189941406 475.37744140625
86.072662353516 -18.576871871948 474.83996582031
86.15055847168 -18.828489303589 474.28952026367
86.2685546875 -19.090940475464 473.75140380859
86.415946960449 -19.362613677979 473.22668457031
86.396141052246 -19.630758285522 472.67886352539
86.351638793945 -19.900579452515 472.13388061523
86.408279418945 -20.196418762207 471.60308837891
86.445938110352 -20.485794067383 471.06719970703
86.438453674316 -20.758670806885 470.52133178711
86.434555053711 -21.03316116333 469.9762878418
86.462432861328 -21.321989059448 469.43939208984
86.487617492676 -21.619791030884 468.90725708008
86.510368347168 -21.921318054199 468.3772277832
86.458374023438 -22.194665908813 467.83404541016
86.415824890137 -22.476537704468 467.29440307617
