56.565898895264 4.4359827041626 273.19317626953
71.197814941406 -7.5174536705017 270.96371459961
74.100769042969 -4.1829423904419 268.69546508789
74.103118896484 -4.965856552124 273.7907409668
56.492004394531 3.70645403862 273.0329284668
56.774898529053 3.02272772789 272.89154052734
57.17504119873 2.3967587947845 272.76559448242
57.643993377686 1.8179231882095 272.6516418457
58.155380249023 1.2744827270508 272.54641723633
58.708618164062 0.77169716358185 272.45114135742
59.301471710205 0.31409254670143 272.36657714844
59.906883239746 -0.12749750912189 272.2858581543
60.519836425781 -0.55898433923721 272.20748901367
61.136981964111 -0.98469281196594 272.13046264648
61.770404815674 -1.3868218660355 272.05902099609
62.408195495605 -1.782261967659 271.98910522461
63.049671173096 -2.1719396114349 271.92056274414
63.694580078125 -2.5561306476593 271.85327148438
64.333427429199 -2.9499320983887 271.78375244141
64.980575561523 -3.3304800987244 271.71731567383
65.625457763672 -3.7147173881531 271.64999389648
66.26432800293 -4.1084804534912 271.58044433594
66.893013000488 -4.5176811218262 271.50735473633
67.506950378418 -4.9478330612183 271.42935180664
68.131072998047 -5.3636713027954 271.35464477539
68.743743896484 -5.7955484390259 271.27618408203
69.364082336426 -6.2168006896973 271.20025634766
69.986473083496 -6.6351451873779 271.125
70.59740447998 -7.0693726539612 271.04598999023
57.073554992676 4.1369361877441 273.09408569336
57.482498168945 3.5754086971283 272.88278198242
58.15966796875 3.1881866455078 272.82409667969
58.801597595215 2.7763164043427 272.68466186523
59.50972366333 2.4294743537903 272.63018798828
60.217712402344 2.1031496524811 272.48297119141
60.9225730896 1.765317440033 272.38049316406
61.64176940918 1.4625211954117 272.25964355469
62.364143371582 1.1522583961487 272.1575012207
63.087219238281 0.8427540063858 272.11260986328
63.790161132812 0.52637416124344 271.92419433594
64.493103027344 0.20999431610107 271.73580932617
65.218238830566 -0.095170132815838 271.65896606445
65.939682006836 -0.40506631135941 271.5710144043
66.64128112793 -0.72445046901703 271.3830871582
67.343650817871 -1.0269612073898 271.17422485352
68.019241333008 -1.3182034492493 270.87683105469
68.713485717773 -1.6201751232147 270.67218017578
69.437896728516 -1.9395089149475 270.61770629883
70.154067993164 -2.2424848079681 270.46929931641
70.867553710938 -2.5401191711426 270.29022216797
71.509132385254 -2.8577632904053 269.95025634766
72.146995544434 -3.1764423847198 269.60198974609
72.784858703613 -3.495121717453 269.25372314453
73.440689086914 -3.8363656997681 268.96728515625
56.941596984863 4.1337394714355 273.59747314453
57.35436630249 3.4728348255157 273.65328979492
57.939968109131 2.9545707702637 273.587890625
58.607585906982 2.5378258228302 273.56311035156
59.289669036865 2.148717880249 273.51574707031
59.97932434082 1.7773512601852 273.47189331055
60.699325561523 1.4605451822281 273.43814086914
61.41971206665 1.1437608003616 273.41030883789
62.153995513916 0.86526566743851 273.35241699219
62.871425628662 0.54302483797073 273.31188964844
63.590744018555 0.2237015068531 273.28164672852
64.309600830078 -0.096865072846413 273.26214599609
65.014656066895 -0.44653621315956 273.29339599609
65.719718933105 -0.79620736837387 273.32467651367
66.42716217041 -1.1419814825058 273.34115600586
67.149421691895 -1.4555292129517 273.34936523438
67.870277404785 -1.7719572782516 273.36734008789
68.589172363281 -2.0927257537842 273.38854980469
69.31413269043 -2.400511264801 273.39483642578
70.03736114502 -2.71071434021 273.41680908203
70.719459533691 -3.0712208747864 273.57531738281
71.400894165039 -3.4360716342926 273.72436523438
72.087127685547 -3.7987806797028 273.77139282227
72.78394317627 -4.1300983428955 273.76647949219
73.466011047363 -4.5115423202515 273.82415771484
