90.529067993164 9.9108781814575 410.77322387695
103.56541442871 -0.61983799934387 411.83923339844
106.40110015869 2.9797875881195 407.84194946289
107.38484191895 2.6517477035522 416.40951538086
90.498901367188 9.2404613494873 410.77801513672
90.673858642578 8.5924272537231 410.79754638672
90.964965820312 7.9878768920898 410.82516479492
91.338920593262 7.4309177398682 410.85842895508
91.754013061523 6.9041414260864 410.89437866211
92.214179992676 6.4163956642151 410.93319702148
92.697090148926 5.9512629508972 410.97344970703
93.196731567383 5.5042486190796 411.01477050781
93.717636108398 5.0824909210205 411.05737304688
94.272796630859 4.7070021629333 411.10202026367
94.827217102051 4.3304200172424 411.14660644531
95.388488769531 3.9641809463501 411.19158935547
95.960220336914 3.6145975589752 411.23715209961
96.548904418945 3.2944948673248 411.28372192383
97.148056030273 2.9945149421692 411.3307800293
97.741996765137 2.6843137741089 411.37762451172
98.336402893066 2.375004529953 411.42440795898
98.914627075195 2.036285161972 411.47033691406
99.479751586914 1.6760548353195 411.51556396484
100.04521942139 1.3163484334946 411.5608215332
100.60893249512 0.95389896631241 411.60595703125
101.18846893311 0.61743968725204 411.65197753906
101.77201843262 0.28801834583282 411.69821166992
102.3677444458 -0.018728196620941 411.7451171875
102.96410369873 -0.3242347240448 411.79202270508
90.877082824707 9.4234304428101 410.44674682617
91.312599182129 8.9238805770874 410.3713684082
91.914451599121 8.6104860305786 410.25381469727
92.499122619629 8.2440843582153 410.21865844727
93.083869934082 7.8754124641418 410.21499633789
93.655380249023 7.4869980812073 410.1982421875
94.242172241211 7.1252388954163 410.18161010742
94.864303588867 6.8241395950317 410.16897583008
95.487396240234 6.5255780220032 410.1474609375
96.113204956055 6.2337641716003 410.12033081055
96.752746582031 5.9760437011719 410.07104492188
97.407180786133 5.7671403884888 410.00665283203
98.071075439453 5.5892748832703 409.93264770508
98.72550201416 5.3980264663696 409.82540893555
99.369522094727 5.1920690536499 409.68157958984
100.01689910889 4.9919352531433 409.54516601562
100.66775512695 4.7978253364563 409.41641235352
101.31755828857 4.6032361984253 409.28353881836
101.96170043945 4.4060788154602 409.12835693359
102.60584259033 4.208920955658 408.97320556641
103.24659729004 4.0118441581726 408.80520629883
103.88280487061 3.8148760795593 408.61996459961
104.51868438721 3.6173303127289 408.4342956543
105.14615631104 3.4048159122467 408.23684692383
105.77362823486 3.1923017501831 408.03939819336
90.945938110352 9.5108852386475 411.1471862793
91.410629272461 8.959095954895 411.24877929688
92.039268493652 8.5577964782715 411.31964111328
92.664527893066 8.1516399383545 411.4333190918
93.285972595215 7.7437257766724 411.56536865234
93.90746307373 7.336817741394 411.70031738281
94.53653717041 6.942539691925 411.83795166016
95.187294006348 6.5947208404541 411.98400878906
95.87296295166 6.3217158317566 412.1435546875
96.554862976074 6.0500655174255 412.31994628906
97.23371887207 5.7795124053955 412.50991821289
97.915237426758 5.5417041778564 412.72946166992
98.59814453125 5.3193235397339 412.96255493164
99.287040710449 5.1086568832397 413.18878173828
99.975929260254 4.8979902267456 413.41500854492
100.65221405029 4.6781687736511 413.66827392578
101.32467651367 4.4555702209473 413.92977905273
101.99634552002 4.2378191947937 414.19680786133
102.66413116455 4.0441007614136 414.4912109375
103.33190917969 3.8503820896149 414.78564453125
104.00312805176 3.6355168819427 415.05526733398
104.67671966553 3.4060008525848 415.30770874023
105.35220336914 3.1990070343018 415.57278442383
106.02974700928 3.0165872573853 415.85171508789
106.70729827881 2.8341674804688 416.13061523438
