61.861518859863 4.0786724090576 274.14404296875
66.051849365234 -7.0428166389465 270.65756225586
71.198471069336 -5.8900208473206 266.11560058594
70.945831298828 -9.02330493927 275.08560180664
61.558124542236 3.7026357650757 274.00750732422
61.375045776367 3.2607569694519 273.85433959961
61.281475067139 2.793240070343 273.69650268555
61.263710021973 2.3167068958282 273.53881835938
61.302127838135 1.8405023813248 273.38360595703
61.354274749756 1.3653153181076 273.22933959961
61.434448242188 0.89337170124054 273.07733154297
61.585269927979 0.43641290068626 272.93316650391
61.751876831055 -0.01573396474123 272.79122924805
61.931358337402 -0.46356198191643 272.65133666992
62.125255584717 -0.90607100725174 272.51376342773
62.334720611572 -1.3422757387161 272.37890625
62.553066253662 -1.7746132612228 272.24566650391
62.778030395508 -2.2039248943329 272.11370849609
63.016372680664 -2.6268103122711 271.98446655273
63.264835357666 -3.0444669723511 271.85729980469
63.52222442627 -3.4573073387146 271.73220825195
63.790126800537 -3.8641293048859 271.60946655273
64.052047729492 -4.2744097709656 271.48532104492
64.340881347656 -4.6682252883911 271.36776733398
64.645095825195 -5.0515203475952 271.25427246094
64.922454833984 -5.4526419639587 271.13381958008
65.187187194824 -5.861319065094 271.01037597656
65.47868347168 -6.253351688385 270.89349365234
65.783195495605 -6.6364469528198 270.78012084961
61.871269226074 3.6571078300476 273.68829345703
61.96800994873 3.158194065094 273.33059692383
62.160312652588 2.6661522388458 273.00314331055
62.437740325928 2.1980104446411 272.70233154297
62.754215240479 1.7432178258896 272.42037963867
63.123233795166 1.3063589334488 272.17611694336
63.494682312012 0.87490785121918 271.92614746094
63.879013061523 0.47578403353691 271.64385986328
64.263359069824 0.076653048396111 271.36163330078
64.647987365723 -0.32195556163788 271.07907104492
65.045570373535 -0.69712650775909 270.78265380859
65.448112487793 -1.0625962018967 270.48086547852
65.850616455078 -1.4279860258102 270.17892456055
66.249649047852 -1.7858366966248 269.86367797852
66.64208984375 -2.130065202713 269.52575683594
67.042915344238 -2.4728579521179 269.19631958008
67.45288848877 -2.81392121315 268.87652587891
67.860336303711 -3.1608285903931 268.55978393555
68.265853881836 -3.5120847225189 268.24536132812
68.689834594727 -3.8517701625824 267.94281005859
69.117637634277 -4.1889395713806 267.64282226562
69.528343200684 -4.5318751335144 267.32598876953
69.924613952637 -4.885244846344 267.00228881836
70.338417053223 -5.2603530883789 266.72903442383
70.75577545166 -5.6457166671753 266.47610473633
61.870887756348 3.4659676551819 274.27850341797
61.906372070312 2.8413624763489 274.22937011719
62.096134185791 2.2432301044464 274.20248413086
62.348861694336 1.6686257123947 274.18502807617
62.679454803467 1.1355967521667 274.15023803711
63.011142730713 0.60281789302826 274.12579345703
63.40299987793 0.11298310011625 274.09219360352
63.793884277344 -0.3784276843071 274.07513427734
64.17894744873 -0.87380057573318 274.10534667969
64.588653564453 -1.3499507904053 274.10549926758
64.975364685059 -1.8432972431183 274.14587402344
65.385688781738 -2.3187580108643 274.13385009766
65.779876708984 -2.8062739372253 274.17294311523
66.157173156738 -3.3019404411316 274.25411987305
66.534622192383 -3.7964060306549 274.34164428711
66.924171447754 -4.2796063423157 274.43853759766
67.317047119141 -4.7595381736755 274.53820800781
67.689407348633 -5.255654335022 274.63739013672
68.067260742188 -5.7465043067932 274.7419128418
68.468002319336 -6.2196097373962 274.84289550781
68.879737854004 -6.6919031143188 274.88803100586
69.237350463867 -7.2054243087769 274.94302368164
69.640243530273 -7.6827745437622 275.00952148438
70.047477722168 -8.157901763916 274.95504760742
70.51473236084 -8.5759315490723 274.99279785156
