57.765975952148 2.7647621631622 271.14865112305
68.188972473145 -7.679271697998 272.68676757812
71.869850158691 -2.6227695941925 267.30126953125
71.666313171387 -2.2282280921936 278.28665161133
57.639736175537 2.1667201519012 271.18951416016
57.693340301514 1.5586974620819 271.24295043945
57.826812744141 0.96347004175186 271.30053710938
58.022457122803 0.38594332337379 271.36077880859
58.259708404541 -0.17562840878963 271.42233276367
58.535037994385 -0.71943432092667 271.48492431641
58.841899871826 -1.2459913492203 271.54824829102
59.193885803223 -1.7434653043747 271.61209106445
59.573070526123 -2.2205202579498 271.67602539062
59.968849182129 -2.6839072704315 271.73989868164
60.385860443115 -3.1283152103424 271.80358886719
60.820079803467 -3.5559537410736 271.86706542969
61.270328521729 -3.9667391777039 271.93020629883
61.733631134033 -4.3627991676331 271.99298095703
62.211376190186 -4.7413935661316 272.05523681641
62.704113006592 -5.1003708839417 272.11688232422
63.206401824951 -5.4459366798401 272.17807006836
63.723766326904 -5.7686605453491 272.23837280273
64.243644714355 -6.0873517990112 272.29849243164
64.773475646973 -6.3893661499023 272.35787963867
65.316841125488 -6.6665201187134 272.41607666016
65.874382019043 -6.9142718315125 272.47286987305
66.438125610352 -7.1477589607239 272.52880859375
67.012283325195 -7.354706287384 272.5832824707
67.596015930176 -7.5333800315857 272.63607788086
58.094905853271 2.3659954071045 270.78848266602
58.39474105835 1.8502728939056 270.66134643555
58.620491027832 1.2881411314011 270.63592529297
59.195255279541 1.0323705673218 270.66995239258
59.700283050537 0.68502342700958 270.56436157227
60.185070037842 0.31163576245308 270.4150390625
60.704769134521 -0.00064400379778817 270.24377441406
61.235095977783 -0.2983350455761 270.08163452148
61.785610198975 -0.56831288337708 269.93682861328
62.357364654541 -0.77052861452103 269.78570556641
62.955455780029 -0.88869243860245 269.62680053711
63.54927444458 -1.0156927108765 269.46002197266
64.133056640625 -1.1634531021118 269.27481079102
64.716484069824 -1.3097661733627 269.08758544922
65.295112609863 -1.4363814592361 268.87292480469
65.870193481445 -1.5793780088425 268.66213989258
66.429306030273 -1.7960525751114 268.46881103516
67.009056091309 -1.9681843519211 268.30615234375
67.61686706543 -2.0811591148376 268.18545532227
68.214126586914 -2.2301623821259 268.05126953125
68.809852600098 -2.3459296226501 267.88662719727
69.414245605469 -2.4013435840607 267.74057006836
70.041831970215 -2.3737013339996 267.69256591797
70.654426574707 -2.4369511604309 267.5768737793
71.262138366699 -2.5298602581024 267.43905639648
58.066383361816 2.4070136547089 271.61041259766
58.246200561523 1.8219211101532 271.84387207031
58.606666564941 1.3202825784683 272.01266479492
59.120002746582 0.98059439659119 272.2419128418
59.659778594971 0.6911449432373 272.47903442383
60.200191497803 0.40290439128876 272.71633911133
60.767826080322 0.18511453270912 272.96133422852
61.343887329102 -0.010869027115405 273.2087097168
61.907238006592 -0.18934987485409 273.49508666992
62.469066619873 -0.3660517334938 273.7858581543
62.987007141113 -0.59114331007004 274.12127685547
63.516613006592 -0.78496962785721 274.4567565918
64.055282592773 -0.95448988676071 274.79220581055
64.596740722656 -1.064285993576 275.14581298828
65.139137268066 -1.1716800928116 275.49951171875
65.682640075684 -1.3148318529129 275.83923339844
66.24178314209 -1.4841276407242 276.13946533203
66.814918518066 -1.6385489702225 276.42031860352
67.39591217041 -1.769122004509 276.69708251953
67.989143371582 -1.8782643079758 276.95623779297
68.597183227539 -1.967275261879 277.18688964844
69.220146179199 -2.0169203281403 277.38690185547
69.840408325195 -2.050633430481 277.59585571289
70.445617675781 -2.1262800693512 277.83764648438
71.054748535156 -2.2415792942047 278.04736328125
