58.110633850098 -0.20490823686123 268.7966003418
70.755348205566 -2.3590958118439 268.45523071289
71.902839660645 2.0928511619568 265.78326416016
71.713264465332 1.4848386049271 271.77893066406
58.394432067871 -0.62904435396194 268.76712036133
58.763683319092 -0.98156863451004 268.74032592773
59.192008972168 -1.2597290277481 268.71688842773
59.650634765625 -1.4848058223724 268.69595336914
60.117649078369 -1.6919145584106 268.67593383789
60.599426269531 -1.8622082471848 268.65783691406
61.087223052979 -2.0144689083099 268.640625
61.582550048828 -2.1403298377991 268.62487792969
62.082187652588 -2.2479259967804 268.61004638672
62.585426330566 -2.3369777202606 268.59622192383
63.094871520996 -2.3792009353638 268.58508300781
63.603462219238 -2.4305284023285 268.57345581055
64.113723754883 -2.4614505767822 268.56286621094
64.624786376953 -2.4743177890778 268.55340576172
65.135971069336 -2.4813628196716 268.54425048828
65.647186279297 -2.4776980876923 268.53573608398
66.156929016113 -2.4382135868073 268.529296875
66.668159484863 -2.4357047080994 268.52072143555
67.178436279297 -2.4039855003357 268.51382446289
67.689674377441 -2.4029886722565 268.50512695312
68.200859069824 -2.4098427295685 268.49594116211
68.711334228516 -2.3817312717438 268.48889160156
69.222511291504 -2.3892097473145 268.47967529297
69.733741760254 -2.3861649036407 268.47113037109
70.244117736816 -2.3564207553864 268.46411132812
58.534008026123 -0.27864998579025 268.49993896484
59.061702728271 -0.42740023136139 268.37088012695
59.606430053711 -0.53387290239334 268.27828979492
60.167613983154 -0.56239324808121 268.21798706055
60.728797912598 -0.59091359376907 268.15765380859
61.291019439697 -0.5798122882843 268.10375976562
61.853404998779 -0.56236779689789 268.05087280273
62.41234588623 -0.54666924476624 267.97155761719
62.969234466553 -0.53200948238373 267.87646484375
63.526123046875 -0.51734972000122 267.78137207031
64.07494354248 -0.42487201094627 267.69128417969
64.621803283691 -0.31336894631386 267.60241699219
65.166442871094 -0.19423457980156 267.51153564453
65.701469421387 -0.041880525648594 267.41195678711
66.227119445801 0.13139760494232 267.30087280273
66.745796203613 0.32350477576256 267.18548583984
67.269515991211 0.50968515872955 267.08337402344
67.787612915039 0.68613886833191 266.94619750977
68.29866027832 0.8632755279541 266.78277587891
68.810661315918 1.0465185642242 266.6330871582
69.341583251953 1.2070004940033 266.52850341797
69.857162475586 1.3862811326981 266.38421630859
70.353439331055 1.5497410297394 266.1799621582
70.886962890625 1.7130768299103 266.10153198242
71.394905090332 1.9029639959335 265.9423828125
58.574192047119 -0.36801850795746 269.0461730957
59.107063293457 -0.48916527628899 269.12661743164
59.646152496338 -0.57808774709702 269.20230102539
60.191078186035 -0.63816267251968 269.26870727539
60.739044189453 -0.68664115667343 269.31857299805
61.28600692749 -0.72375804185867 269.38552856445
61.833587646484 -0.75288140773773 269.45172119141
62.382110595703 -0.75190031528473 269.51190185547
62.930046081543 -0.71721094846725 269.57122802734
63.476707458496 -0.67676836252213 269.63824462891
64.019157409668 -0.62181466817856 269.71884155273
64.555107116699 -0.52002096176147 269.80529785156
65.091270446777 -0.43380954861641 269.90625
65.620407104492 -0.31688612699509 270.00527954102
66.137969970703 -0.14947362244129 270.10119628906
66.658561706543 -0.04127985984087 270.25079345703
67.164039611816 0.088990606367588 270.42962646484
67.663444519043 0.23012828826904 270.61859130859
68.164001464844 0.38962289690971 270.78921508789
68.66325378418 0.53332406282425 270.97631835938
69.170425415039 0.70251494646072 271.11239624023
69.682746887207 0.84922474622726 271.25262451172
70.197677612305 0.94766837358475 271.42572021484
70.706359863281 1.0733206272125 271.58602905273
71.209815979004 1.2790796756744 271.68249511719
