73.349319458008 -31.09147644043 319.10211181641
74.143455505371 29.412418365479 335.03448486328
71.953742980957 28.619110107422 331.73770141602
70.441764831543 27.297771453857 336.88320922852
73.880569458008 -28.829326629639 319.76123046875
73.955535888672 -26.506717681885 320.37847900391
73.81184387207 -24.171298980713 320.9714050293
73.588424682617 -21.837882995605 321.5537109375
73.356941223145 -19.504970550537 322.13488769531
73.149887084961 -17.170587539673 322.71948242188
72.964630126953 -14.835152626038 323.30718994141
72.826148986816 -12.498204231262 323.90124511719
72.699462890625 -10.160859107971 324.49685668945
72.562850952148 -7.8237624168396 325.0910949707
72.42537689209 -5.4868383407593 325.68521118164
72.349769592285 -3.148966550827 326.2873840332
72.252014160156 -0.8111954331398 326.88674926758
72.238059997559 1.525488615036 327.49642944336
72.280860900879 3.8603203296661 328.11279296875
72.363143920898 6.193012714386 328.73355102539
72.469612121582 8.5241003036499 329.35699462891
72.572113037109 10.855477333069 329.98001098633
72.658348083496 13.187986373901 330.60125732422
72.79753112793 15.516249656677 331.22808837891
72.939277648926 17.818334579468 331.94110107422
73.083442687988 20.129854202271 332.62307739258
73.296737670898 22.481828689575 333.12014770508
73.533897399902 24.823652267456 333.6598815918
73.811332702637 27.113679885864 334.37225341797
73.367683410645 -28.74400138855 319.30151367188
73.249038696289 -26.44199180603 319.78402709961
73.425407409668 -24.097267150879 319.90606689453
73.199996948242 -21.792572021484 320.34085083008
72.844985961914 -19.517322540283 320.84014892578
72.505493164062 -17.247665405273 321.37423706055
72.206718444824 -14.99379825592 321.9928894043
71.972114562988 -12.715081214905 322.54470825195
71.771873474121 -10.425099372864 323.06234741211
71.607429504395 -8.1422805786133 323.62252807617
71.460594177246 -5.8632454872131 324.20266723633
71.344261169434 -3.5801630020142 324.77337646484
71.368705749512 -1.2835123538971 325.29959106445
71.348052978516 1.0090494155884 325.84341430664
71.24275970459 3.2909698486328 326.41995239258
71.44384765625 5.5897359848022 326.89556884766
71.366546630859 7.8788509368896 327.44879150391
71.259124755859 10.177654266357 327.95477294922
71.185089111328 12.490972518921 328.39611816406
71.245239257812 14.773225784302 328.97903442383
71.353706359863 17.064754486084 329.51684570312
71.470932006836 19.368879318237 329.99578857422
71.591636657715 21.681434631348 330.43127441406
71.712333679199 23.993995666504 330.86672973633
71.833038330078 26.306549072266 331.30224609375
73.037902832031 -29.31516456604 320.08416748047
72.808349609375 -27.100738525391 320.87026977539
72.619812011719 -24.84775352478 321.57647705078
72.413612365723 -22.587636947632 322.25543212891
72.222862243652 -20.324087142944 322.92413330078
72.222183227539 -18.018264770508 323.46710205078
72.060516357422 -15.72892665863 324.05017089844
71.873359680176 -13.442198753357 324.63961791992
71.69319152832 -11.155709266663 325.2321472168
71.527549743652 -8.8660335540771 325.81619262695
71.3798828125 -6.5698132514954 326.37939453125
71.232215881348 -4.2735924720764 326.94256591797
71.205871582031 -1.97944688797 327.53131103516
71.188812255859 0.31453976035118 328.12200927734
71.134590148926 2.604243516922 328.72512817383
71.028053283691 4.8879160881042 329.34567260742
70.945823669434 7.1642818450928 329.99398803711
70.904731750488 9.4255027770996 330.69842529297
70.804138183594 11.671374320984 331.44030761719
70.898880004883 13.968830108643 332.00262451172
70.892623901367 16.253538131714 332.62744140625
70.802452087402 18.462385177612 333.47857666016
70.712280273438 20.671232223511 334.32974243164
70.622108459473 22.880077362061 335.18090820312
70.531936645508 25.088924407959 336.03204345703
