59.22257232666 1.7967182397842 272.65878295898
72.352645874023 -4.0125503540039 269.70129394531
73.270164489746 -0.1670821160078 269.60824584961
72.086944580078 -3.5403861999512 273.4352722168
59.470645904541 1.4120372533798 272.30676269531
59.84591293335 1.0693320035934 272.03192138672
60.26789855957 0.75241565704346 271.79653930664
60.707572937012 0.44741412997246 271.57852172852
61.1735496521 0.1629237383604 271.38919067383
61.643695831299 -0.11792513728142 271.20477294922
62.127838134766 -0.38571435213089 271.03802490234
62.62043762207 -0.64483541250229 270.88272094727
63.119998931885 -0.89629024267197 270.73739624023
63.629108428955 -1.1363464593887 270.60675048828
64.152221679688 -1.3574380874634 270.50009155273
64.684104919434 -1.5647721290588 270.41049194336
65.218887329102 -1.7671145200729 270.32690429688
65.754989624023 -1.9671256542206 270.24621582031
66.290641784668 -2.1679272651672 270.16455078125
66.83292388916 -2.3561511039734 270.09808349609
67.380752563477 -2.5324304103851 270.0458984375
67.926177978516 -2.7140815258026 269.98733520508
68.472076416016 -2.8947169780731 269.92999267578
69.026832580566 -3.0533521175385 269.89852905273
69.579818725586 -3.2169027328491 269.86135864258
70.13516998291 -3.373850107193 269.83190917969
70.688125610352 -3.5374648571014 269.7946472168
71.241561889648 -3.6997809410095 269.75894165039
71.79662322998 -3.8575727939606 269.72845458984
59.660133361816 1.8071253299713 272.29876708984
60.138793945312 1.5866017341614 272.09252929688
60.657398223877 1.4402076005936 271.91751098633
61.201770782471 1.3027334213257 271.84268188477
61.719707489014 1.110172867775 271.71798706055
62.246917724609 0.93172377347946 271.61148071289
62.77124786377 0.74666422605515 271.50189208984
63.3039894104 0.57536309957504 271.41262817383
63.841133117676 0.41658571362495 271.32641601562
64.384826660156 0.27713307738304 271.24841308594
64.935928344727 0.16196458041668 271.18426513672
65.487640380859 0.079993411898613 271.08538818359
66.041412353516 0.03532200679183 270.97427368164
66.597633361816 0.019339816644788 270.86727905273
67.150466918945 -0.014366590417922 270.74768066406
67.703659057617 -0.050577640533447 270.63000488281
68.259231567383 -0.077969886362553 270.52166748047
68.818809509277 -0.089229822158813 270.4333190918
69.379943847656 -0.092173293232918 270.35403442383
69.937347412109 -0.10302007198334 270.25302124023
70.488037109375 -0.11963540315628 270.12088012695
71.037300109863 -0.14457029104233 269.98358154297
71.590469360352 -0.17755991220474 269.86538696289
72.148727416992 -0.18305149674416 269.76992797852
72.708145141602 -0.17205385863781 269.67993164062
59.549980163574 1.3956497907639 272.83102416992
59.994590759277 1.0956531763077 272.73086547852
60.466014862061 0.8297735452652 272.66171264648
60.963268280029 0.60688704252243 272.63381958008
61.481399536133 0.43873783946037 272.60275268555
61.927654266357 0.15010815858841 272.4792175293
62.427989959717 -0.056108079850674 272.40957641602
62.940582275391 -0.23677925765514 272.36135864258
63.457061767578 -0.40933308005333 272.3268737793
63.965106964111 -0.60631215572357 272.2985534668
64.481323242188 -0.78284150362015 272.29019165039
65.005462646484 -0.93354576826096 272.30700683594
65.514717102051 -1.1248165369034 272.34927368164
66.02269744873 -1.3186231851578 272.3952331543
66.538871765137 -1.4861582517624 272.4518737793
67.047485351562 -1.672642827034 272.51705932617
67.537437438965 -1.8979923725128 272.60000610352
68.04207611084 -2.0903351306915 272.67785644531
68.548583984375 -2.2780783176422 272.75479125977
69.053062438965 -2.4710414409637 272.83212280273
69.557838439941 -2.6541514396667 272.92901611328
70.062629699707 -2.8339176177979 273.03189086914
70.569320678711 -3.0029361248016 273.1432800293
71.076652526855 -3.1774380207062 273.24267578125
71.584373474121 -3.3613367080688 273.32092285156
