57.236194610596 -4.1123738288879 267.22991943359
74.892669677734 1.3941781520844 266.69317626953
75.70401763916 0.22478327155113 268.68588256836
76.54224395752 -0.5960705280304 266.74829101562
57.735668182373 -3.6479473114014 267.03741455078
58.389064788818 -3.3628871440887 266.97085571289
59.055812835693 -3.106383562088 266.92269897461
59.732791900635 -2.8754820823669 266.89071655273
60.417335510254 -2.6661729812622 266.87231445312
61.105117797852 -2.4672694206238 266.86038208008
61.795631408691 -2.2777256965637 266.8542175293
62.486030578613 -2.087818145752 266.84780883789
63.178592681885 -1.9058310985565 266.84631347656
63.87211227417 -1.7275066375732 266.84701538086
64.564758300781 -1.54583132267 266.845703125
65.257461547852 -1.3643749952316 266.84454345703
65.948097229004 -1.1752822399139 266.83865356445
66.638442993164 -0.98514795303345 266.83212280273
67.328033447266 -0.792345225811 266.8239440918
68.018798828125 -0.6037455201149 266.81832885742
68.706382751465 -0.40415012836456 266.80596923828
69.395896911621 -0.21111243963242 266.79766845703
70.083740234375 -0.012350947596133 266.78579711914
70.769241333008 0.19400641322136 266.7692565918
71.45336151123 0.40465345978737 266.75
72.135711669922 0.62065315246582 266.72738647461
72.8212890625 0.82678300142288 266.71096801758
73.507362365723 1.0312972068787 266.69552612305
74.198089599609 1.2200701236725 266.68988037109
57.897663116455 -3.8271908760071 267.37750244141
58.583251953125 -3.6001682281494 267.515625
59.289096832275 -3.4306480884552 267.63262939453
60.012351989746 -3.3320178985596 267.72106933594
60.722808837891 -3.1576867103577 267.79525756836
61.42805480957 -2.960257768631 267.86087036133
62.15015411377 -2.8227407932281 267.87808227539
62.859386444092 -2.6329803466797 267.91833496094
63.562515258789 -2.4233286380768 267.96640014648
64.283668518066 -2.2802155017853 267.97479248047
65.012557983398 -2.1855022907257 267.95516967773
65.741485595703 -2.0909879207611 267.93545532227
66.464210510254 -1.9561225175858 267.92465209961
67.174011230469 -1.7729959487915 267.98159790039
67.871788024902 -1.567812204361 268.08950805664
68.590393066406 -1.4126043319702 268.09771728516
69.308120727539 -1.2545698881149 268.12109375
70.021049499512 -1.0849565267563 268.18112182617
70.741310119629 -0.95296847820282 268.11557006836
71.437973022461 -0.75833636522293 268.24572753906
72.12784576416 -0.55252200365067 268.39514160156
72.835289001465 -0.36387279629707 268.46255493164
73.559356689453 -0.23869934678078 268.48937988281
74.284118652344 -0.11731057614088 268.51422119141
74.994064331055 0.053737200796604 268.60006713867
57.966724395752 -4.0606408119202 267.01483154297
58.725772857666 -4.0290937423706 267.08901977539
59.466243743896 -3.879390001297 266.98010253906
60.220569610596 -3.7776930332184 266.92279052734
60.973037719727 -3.66166639328 266.86822509766
61.722030639648 -3.5148043632507 266.86041259766
62.464546203613 -3.3548107147217 266.93572998047
63.211669921875 -3.2008538246155 266.96264648438
63.960838317871 -3.0586595535278 266.92889404297
64.701240539551 -2.8763687610626 266.96249389648
65.448066711426 -2.7324991226196 266.89901733398
66.180038452148 -2.5356299877167 266.98794555664
66.92130279541 -2.3586025238037 267.03067016602
67.651710510254 -2.1609542369843 267.13082885742
68.394981384277 -2.020307302475 267.02871704102
69.142799377441 -1.9775532484055 266.8818359375
69.825302124023 -1.7031044960022 267.07940673828
70.564544677734 -1.6353611946106 266.90170288086
71.310134887695 -1.5592671632767 266.76065063477
72.03401184082 -1.3403751850128 266.86419677734
72.770538330078 -1.151101231575 266.92846679688
73.524879455566 -1.0400949716568 266.89245605469
74.279220581055 -0.9290885925293 266.85641479492
75.033561706543 -0.8180832862854 266.82037353516
75.787902832031 -0.7070769071579 266.78433227539
