67.48184967041 5.344162940979 271.12631225586
77.633628845215 -5.3291473388672 273.81051635742
82.826560974121 -4.882758140564 269.2204284668
82.03458404541 -2.6488757133484 278.0149230957
67.311370849609 4.7680034637451 271.20358276367
67.272789001465 4.1940627098083 271.29690551758
67.438735961914 3.6235628128052 271.41516113281
67.699722290039 3.0929350852966 271.52334594727
68.010383605957 2.5831429958344 271.62628173828
68.375961303711 2.1138863563538 271.73583984375
68.754821777344 1.6544320583344 271.84701538086
69.158729553223 1.2176072597504 271.95693969727
69.583595275879 0.79972100257874 272.06579589844
70.008460998535 0.38183465600014 272.17465209961
70.457832336426 -0.011354067362845 272.27621459961
70.910041809082 -0.40167489647865 272.37692260742
71.362258911133 -0.79199570417404 272.47763061523
71.822113037109 -1.1760964393616 272.56579589844
72.288558959961 -1.5548305511475 272.64312744141
72.755004882812 -1.9335646629333 272.72045898438
73.222106933594 -2.3071494102478 272.81591796875
73.689445495605 -2.6788592338562 272.91799926758
74.165901184082 -3.034369468689 273.03414916992
74.650688171387 -3.380753993988 273.14303588867
75.128875732422 -3.7350974082947 273.25469970703
75.615447998047 -4.0812125205994 273.3567199707
76.108375549316 -4.4176273345947 273.46081542969
76.599510192871 -4.7528944015503 273.57556152344
77.096710205078 -5.0741276741028 273.69357299805
67.749633789062 4.7296571731567 270.85659790039
68.040267944336 4.0763087272644 270.84722900391
68.606658935547 3.6235332489014 270.81231689453
69.174057006836 3.1720471382141 270.77713012695
69.746536254883 2.7271466255188 270.74035644531
70.321716308594 2.286007642746 270.70309448242
70.924949645996 1.8845647573471 270.66104125977
71.551826477051 1.5213850736618 270.61465454102
72.178703308105 1.1582089662552 270.56826782227
72.806365966797 0.7966719865799 270.52041625977
73.44408416748 0.45628660917282 270.45364379883
74.086082458496 0.12588982284069 270.37814331055
74.728065490723 -0.20461791753769 270.30294799805
75.369720458984 -0.53717857599258 270.23449707031
76.010116577148 -0.87506228685379 270.18203735352
76.644668579102 -1.2222616672516 270.12084960938
77.26229095459 -1.5936058759689 270.03326416016
77.883255004883 -1.9596349000931 269.9469909668
78.496925354004 -2.3355329036713 269.85299682617
79.154685974121 -2.6417999267578 269.82913208008
79.804962158203 -2.9628701210022 269.79901123047
80.414451599121 -3.3470501899719 269.71002197266
81.045120239258 -3.6939840316772 269.61602783203
81.638931274414 -4.0902409553528 269.48416137695
82.232749938965 -4.4865007400513 269.35229492188
67.615463256836 4.8821134567261 271.64093017578
67.833786010742 4.2544646263123 271.86172485352
68.387222290039 3.8964884281158 272.11901855469
68.942070007324 3.5398850440979 272.37490844727
69.526260375977 3.2117619514465 272.6022644043
70.120414733887 2.8944506645203 272.81887817383
70.71501159668 2.578412771225 273.03604125977
71.32096862793 2.2944574356079 273.26577758789
71.936065673828 2.0416140556335 273.50735473633
72.547752380371 1.7939600944519 273.76254272461
73.155128479004 1.5518395900726 274.03289794922
73.75757598877 1.2930731773376 274.29876708984
74.347557067871 0.99723398685455 274.55380249023
74.939308166504 0.70021921396255 274.80328369141
75.532402038574 0.40242797136307 275.04864501953
76.126472473145 0.10967724770308 275.29766845703
76.72038269043 -0.1826818138361 275.54748535156
77.292526245117 -0.50050818920135 275.81631469727
77.848648071289 -0.83506512641907 276.09802246094
78.452835083008 -1.1105537414551 276.34234619141
79.055267333984 -1.3845725059509 276.59259033203
79.657455444336 -1.6504541635513 276.85202026367
80.255355834961 -1.9192128181458 277.11834716797
80.856468200684 -2.1700217723846 277.39474487305
81.449401855469 -2.414247751236 277.69375610352
