109.96553039551 -43.558891296387 392.33215332031
69.552024841309 -25.926948547363 415.4319152832
65.585578918457 -20.58699798584 404.22122192383
56.279872894287 -33.681045532227 410.50756835938
109.85960388184 -42.971782684326 394.2239074707
109.11096954346 -42.269882202148 395.92239379883
108.02146148682 -41.538780212402 397.41101074219
106.7027130127 -40.80517578125 398.70053100586
105.33741760254 -40.073417663574 399.9416809082
103.89473724365 -39.346897125244 401.09503173828
102.35486602783 -38.631381988525 402.12310791016
100.77001190186 -37.923149108887 403.08578491211
99.147499084473 -37.222305297852 403.98937988281
97.516609191895 -36.523288726807 404.87911987305
95.837425231934 -35.836315155029 405.68447875977
94.161880493164 -35.148334503174 406.49649047852
92.465461730957 -34.466335296631 407.26928710938
90.770172119141 -33.78401184082 408.04428100586
89.05460357666 -33.108097076416 408.77923583984
87.338111877441 -32.43249130249 409.51223754883
85.58911895752 -31.768671035767 410.17596435547
83.834030151367 -31.107292175293 410.8258972168
82.072044372559 -30.448764801025 411.45986938477
80.300849914551 -29.794242858887 412.07196044922
78.526763916016 -29.141027450562 412.6770324707
76.745277404785 -28.491239547729 413.26376342773
74.967987060547 -27.839504241943 413.86096191406
73.167655944824 -27.19920539856 414.39852905273
71.353637695312 -26.566556930542 414.89782714844
109.08528900146 -42.158519744873 393.50485229492
107.91860198975 -41.198120117188 394.85314941406
106.31697845459 -40.285018920898 395.71182250977
104.63906097412 -39.390930175781 396.43441772461
102.99119567871 -38.540966033936 397.27239990234
101.31337738037 -37.747680664062 398.10668945312
99.607978820801 -36.971454620361 398.90032958984
97.88786315918 -36.196857452393 399.66293334961
96.144599914551 -35.422454833984 400.37158203125
94.387832641602 -34.649265289307 401.04663085938
92.600227355957 -33.881732940674 401.64349365234
90.803085327148 -33.11589050293 402.21231079102
88.979125976562 -32.351543426514 402.69152832031
87.149787902832 -31.575265884399 403.12930297852
85.324913024902 -30.77267074585 403.53741455078
83.505790710449 -29.952072143555 403.93460083008
81.667373657227 -29.138149261475 404.24633789062
79.808685302734 -28.331678390503 404.43432617188
77.977005004883 -27.480075836182 404.68051147461
76.15225982666 -26.607061386108 404.89996337891
74.355743408203 -25.658605575562 405.01229858398
72.539085388184 -24.743600845337 404.95855712891
70.77368927002 -23.740098953247 404.82745361328
69.016738891602 -22.732084274292 404.63259887695
67.263710021973 -21.715099334717 404.44967651367
108.20441436768 -43.48596572876 393.73693847656
106.89137268066 -42.880123138428 395.3918762207
104.93141174316 -42.136039733887 396.23510742188
103.07944488525 -41.496368408203 397.37384033203
101.16954040527 -40.826854705811 398.39498901367
99.221725463867 -40.191696166992 399.36468505859
97.241233825684 -39.522869110107 400.24182128906
95.240463256836 -38.842044830322 401.06167602539
93.210426330566 -38.184017181396 401.82690429688
91.179885864258 -37.535140991211 402.5983581543
89.137252807617 -36.938739776611 403.37963867188
87.059471130371 -36.422702789307 404.12496948242
84.956092834473 -35.941593170166 404.8205871582
82.847396850586 -35.445598602295 405.48812866211
80.700462341309 -34.999530792236 406.06317138672
78.535568237305 -34.633399963379 406.62738037109
76.349655151367 -34.320869445801 407.14038085938
74.14868927002 -34.087566375732 407.63092041016
71.935928344727 -33.91869354248 408.09210205078
69.689964294434 -33.835464477539 408.38613891602
67.430488586426 -33.887641906738 408.56192016602
65.18140411377 -33.866676330566 408.84552001953
62.947978973389 -33.846153259277 409.23309326172
60.739353179932 -33.676792144775 409.7155456543
58.518268585205 -33.587162017822 410.16064453125
