47.094463348389 -56.748355865479 326.43881225586
66.492881774902 7.8638935089111 330.46469116211
42.907260894775 31.652242660522 318.25607299805
49.734756469727 25.74901008606 355.93041992188
49.569358825684 -55.87707901001 326.02752685547
51.417476654053 -53.950283050537 325.88049316406
52.861503601074 -51.696716308594 325.85949707031
54.047325134277 -49.29679107666 325.91116333008
55.059150695801 -46.819942474365 326.0090637207
55.902137756348 -44.282161712646 326.15014648438
56.681098937988 -41.724956512451 326.30709838867
57.381862640381 -39.146389007568 326.48321533203
58.089904785156 -36.569690704346 326.65756225586
58.790302276611 -33.991065979004 326.83377075195
59.558643341064 -31.430849075317 326.99334716797
60.233932495117 -28.845920562744 327.17562866211
60.925281524658 -26.264965057373 327.35397338867
61.613105773926 -23.683134078979 327.53323364258
62.275699615479 -21.095161437988 327.71853637695
62.878578186035 -18.493669509888 327.91812133789
63.439628601074 -15.883604049683 328.12753295898
63.969440460205 -13.267639160156 328.34432983398
64.435981750488 -10.640873908997 328.57571411133
64.923851013184 -8.0175647735596 328.80221557617
65.368774414062 -5.3874974250793 329.03860473633
65.777702331543 -2.752382516861 329.283203125
66.073104858398 -0.10458174347878 329.55325317383
66.290298461914 2.548953294754 329.84045410156
66.356674194336 5.2068786621094 330.16000366211
47.415821075439 -53.431652069092 325.14822387695
47.361110687256 -50.49634552002 323.18981933594
46.981212615967 -47.779296875 320.91235351562
46.222442626953 -44.846492767334 319.01303100586
45.6979637146 -41.74015045166 317.33337402344
45.149612426758 -38.461097717285 316.01278686523
44.981079101562 -35.025218963623 315.02905273438
44.81254196167 -31.589344024658 314.04531860352
44.602020263672 -28.031957626343 313.73843383789
44.390800476074 -24.472551345825 313.44281005859
44.235687255859 -20.911214828491 313.17181396484
44.390338897705 -17.339212417603 313.03668212891
44.475666046143 -13.768581390381 313.01202392578
44.381484985352 -10.201494216919 313.27355957031
44.301593780518 -6.6350569725037 313.54010009766
44.499504089355 -3.0812754631042 313.9045715332
44.672534942627 0.4720333814621 314.28555297852
44.829265594482 4.0097146034241 314.77270507812
44.966945648193 7.5115118026733 315.49371337891
45.267765045166 11.026978492737 316.08322143555
45.637210845947 14.565816879272 316.4485168457
46.037868499756 18.104932785034 316.78469848633
46.474613189697 21.623899459839 317.15713500977
45.51802444458 25.03330039978 317.66928100586
44.326652526855 28.375434875488 318.0341796875
47.859428405762 -54.25174331665 328.33059692383
48.275764465332 -51.452743530273 330.28872680664
48.437728881836 -49.830787658691 333.41943359375
48.196640014648 -46.748245239258 335.21279907227
48.438861846924 -44.819374084473 338.18615722656
48.459136962891 -42.2141456604 340.30889892578
48.369972229004 -39.039207458496 341.88870239258
48.456100463867 -36.018283843994 343.79190063477
48.829811096191 -32.90022277832 345.49905395508
49.10179901123 -29.64241027832 346.94329833984
49.416160583496 -26.329832077026 348.24237060547
49.477836608887 -22.898178100586 349.17892456055
49.48904800415 -19.404579162598 349.91860961914
49.631275177002 -15.907567024231 350.64190673828
49.675586700439 -12.383454322815 351.23767089844
49.921848297119 -8.8578443527222 351.7614440918
50.179012298584 -5.3224654197693 352.2080078125
50.359729766846 -1.7651273012161 352.50259399414
50.610134124756 1.7939827442169 352.71783447266
50.599231719971 5.3609433174133 352.80123901367
50.58373260498 8.9266176223755 352.85101318359
51.019775390625 12.46814250946 353.00772094727
51.876556396484 15.936512947083 353.12008666992
51.847511291504 19.38914680481 353.9635925293
51.288883209229 22.847503662109 354.58508300781
