61.510265350342 1.7960101366043 281.26309204102
71.232391357422 7.4550194740295 279.42617797852
75.299537658691 7.2660508155823 282.25735473633
75.719184875488 5.6597299575806 277.64657592773
61.614852905273 2.214150428772 281.09683227539
61.719436645508 2.6322906017303 280.93057250977
61.976188659668 2.9877405166626 280.78533935547
62.233257293701 3.3430600166321 280.64013671875
62.529052734375 3.6749913692474 280.51986694336
62.843437194824 3.9957008361816 280.41156005859
63.157817840576 4.3164100646973 280.30325317383
63.514347076416 4.5960121154785 280.2177734375
63.879543304443 4.8671660423279 280.13696289062
64.278778076172 5.0876579284668 280.07330322266
64.689544677734 5.2909893989563 280.01544189453
65.107704162598 5.4765701293945 279.96099853516
65.54833984375 5.6081733703613 279.91696166992
65.988983154297 5.7397766113281 279.87295532227
66.435279846191 5.8554716110229 279.84457397461
66.88208770752 5.9697422981262 279.81762695312
67.328887939453 6.0840129852295 279.79067993164
67.775695800781 6.1982836723328 279.76373291016
68.211761474609 6.3438873291016 279.72085571289
68.645973205566 6.4948816299438 279.67529296875
69.076774597168 6.6577620506287 279.63970947266
69.503540039062 6.8269209861755 279.58898925781
69.932037353516 6.9958548545837 279.5534362793
70.364303588867 7.153838634491 279.52108764648
70.798126220703 7.3064579963684 279.47872924805
61.772396087646 2.1575725078583 281.6276550293
62.223297119141 2.5292222499847 281.65252685547
62.703109741211 2.8605244159698 281.6032409668
63.214252471924 3.1403698921204 281.54885864258
63.743236541748 3.3843584060669 281.49136352539
64.272285461426 3.628350019455 281.43453979492
64.802452087402 3.8723692893982 281.39086914062
65.334854125977 4.1156973838806 281.39337158203
65.867248535156 4.3590235710144 281.39584350586
66.400177001953 4.6010446548462 281.39898681641
66.945915222168 4.8119654655457 281.41754150391
67.493041992188 5.0189371109009 281.43862915039
68.043128967285 5.213339805603 281.48574829102
68.595176696777 5.388219833374 281.5712890625
69.147277832031 5.5630402565002 281.65661621094
69.701751708984 5.7348871231079 281.73199462891
70.25350189209 5.9192934036255 281.79690551758
70.797828674316 6.1295390129089 281.84341430664
71.342163085938 6.3397884368896 281.88986206055
71.886489868164 6.5500364303589 281.93637084961
72.452095031738 6.7004170417786 281.94662475586
73.026062011719 6.8139977455139 281.96401977539
73.606224060059 6.877739906311 282.00842285156
74.169418334961 7.0211315155029 282.07781982422
74.73844909668 7.1362099647522 282.15267944336
61.87425994873 1.7290986776352 280.79632568359
62.300643920898 2.0851716995239 280.5641784668
62.731033325195 2.439621925354 280.33752441406
63.217433929443 2.7653756141663 280.19686889648
63.710079193115 3.0820939540863 280.05749511719
64.23706817627 3.3421130180359 279.92660522461
64.787322998047 3.5461051464081 279.79208374023
65.343734741211 3.7320072650909 279.65670776367
65.900161743164 3.9179112911224 279.52133178711
66.465965270996 4.0819654464722 279.39712524414
67.033744812012 4.2410774230957 279.27545166016
67.601539611816 4.4001331329346 279.15377807617
68.178314208984 4.5185089111328 279.02822875977
68.757476806641 4.6232938766479 278.90145874023
69.33716583252 4.7280058860779 278.77700805664
69.918556213379 4.8337082862854 278.66168212891
70.5 4.9394459724426 278.54666137695
71.078758239746 5.0574011802673 278.42999267578
71.65438079834 5.1882886886597 278.31167602539
72.226051330566 5.3504309654236 278.21517944336
72.798561096191 5.5198469161987 278.13775634766
73.387359619141 5.6313343048096 278.08209228516
73.962959289551 5.7019472122192 277.92309570312
74.546089172363 5.7423024177551 277.77917480469
75.141731262207 5.6783199310303 277.80676269531
