55.803760528564 -3.5481052398682 272.095703125
72.802978515625 1.5658695697784 277.82070922852
71.826950073242 -5.4182801246643 280.17321777344
73.349624633789 -2.3461098670959 272.07534790039
56.045997619629 -2.8780655860901 272.32974243164
56.487293243408 -2.3273689746857 272.58502197266
57.002033233643 -1.8453270196915 272.84188842773
57.563957214355 -1.4181560277939 273.09704589844
58.157047271729 -1.0335402488708 273.34936523438
58.774227142334 -0.68650096654892 273.59841918945
59.409572601318 -0.37127295136452 273.84405517578
60.061557769775 -0.088635675609112 274.08575439453
60.72631072998 0.16612079739571 274.32360839844
61.401397705078 0.39596199989319 274.55773925781
62.086395263672 0.5991604924202 274.78768920898
62.776184082031 0.78832060098648 275.01528930664
63.470268249512 0.96402335166931 275.24060058594
64.168937683105 1.1243269443512 275.46322631836
64.872528076172 1.266678571701 275.68252563477
65.580360412598 1.3920339345932 275.89852905273
66.291938781738 1.5005724430084 276.11126708984
67.010559082031 1.5712538957596 276.3161315918
67.730133056641 1.6359380483627 276.51968383789
68.44856262207 1.7078512907028 276.72482299805
69.171775817871 1.7447345256805 276.92227172852
69.896186828613 1.7702761888504 277.11715698242
70.622406005859 1.7736382484436 277.30682373047
71.35009765625 1.7440527677536 277.48843383789
72.077217102051 1.6662675142288 277.65765380859
56.258117675781 -3.5591247081757 272.59906005859
56.795776367188 -3.2469027042389 272.98822021484
57.420635223389 -3.1666486263275 273.36511230469
58.08508682251 -3.0436592102051 273.70358276367
58.757320404053 -3.032648563385 274.04217529297
59.455078125 -2.8872773647308 274.28521728516
60.031688690186 -2.8409743309021 274.76748657227
60.738914489746 -2.7973160743713 275.0078125
61.447147369385 -2.7794902324677 275.25967407227
62.121242523193 -2.8112063407898 275.6003112793
62.692863464355 -2.8592841625214 276.08126831055
63.30948638916 -2.9798064231873 276.2487487793
63.874809265137 -3.0562198162079 276.68994140625
64.419723510742 -3.117073059082 276.80154418945
65.099990844727 -3.217848777771 277.11538696289
65.716049194336 -3.3268482685089 277.53784179688
66.339469909668 -3.5466873645782 277.76129150391
66.957565307617 -3.6217756271362 278.11645507812
67.525329589844 -3.7408020496368 278.47125244141
68.065208435059 -3.8697419166565 278.43072509766
68.733757019043 -4.0788521766663 278.71487426758
69.402305603027 -4.287962436676 278.9990234375
69.936721801758 -4.4975328445435 279.4748840332
70.506629943848 -4.7606492042542 279.84158325195
71.166786193848 -5.0894646644592 280.00738525391
56.24027633667 -3.4054639339447 271.84033203125
56.856910705566 -3.075626373291 271.97338867188
57.461242675781 -2.7730603218079 272.1116027832
58.151443481445 -2.6172416210175 272.13848876953
58.828750610352 -2.4138824939728 272.23077392578
59.526523590088 -2.2737762928009 272.2985534668
60.22253036499 -2.1251645088196 272.36636352539
60.930759429932 -2.0424542427063 272.4140625
61.639995574951 -1.9651819467545 272.46011352539
62.349231719971 -1.8879095315933 272.50616455078
63.05969619751 -1.8192579746246 272.54440307617
63.772075653076 -1.7671160697937 272.56619262695
64.486526489258 -1.7475610971451 272.54934692383
65.200981140137 -1.7280060052872 272.5325012207
65.915664672852 -1.7190064191818 272.52145385742
66.630195617676 -1.7138159275055 272.50778198242
67.343421936035 -1.7018954753876 272.46813964844
68.056648254395 -1.7385056018829 272.43542480469
68.771255493164 -1.7483307123184 272.41677856445
69.424118041992 -1.8641855716705 272.62283325195
70.018974304199 -1.9501024484634 272.70169067383
70.563003540039 -1.8593853712082 272.27615356445
71.274909973145 -1.8808259963989 272.24212646484
71.98323059082 -1.9719296693802 272.26870727539
72.666427612305 -2.1590197086334 272.17202758789
