94.639297485352 5.5548691749573 442.02645874023
89.972099304199 -6.4285879135132 441.35919189453
88.488815307617 -4.4659380912781 436.68496704102
94.821426391602 -8.7390251159668 439.75534057617
94.360649108887 5.2976384162903 442.37167358398
94.088386535645 4.9418821334839 442.62121582031
93.837966918945 4.5199704170227 442.77111816406
93.598335266113 4.0808510780334 442.88491821289
93.37329864502 3.6253015995026 442.95544433594
93.168586730957 3.1552021503448 442.97286987305
92.974418640137 2.6803750991821 442.96502685547
92.781806945801 2.2049958705902 442.95361328125
92.600875854492 1.7263867855072 442.91592407227
92.425712585449 1.2467741966248 442.86578369141
92.251304626465 0.76705741882324 442.81405639648
92.076477050781 0.28740301728249 442.76315307617
91.905395507812 -0.19270822405815 442.70443725586
91.741912841797 -0.67326653003693 442.62994384766
91.589279174805 -1.1535702943802 442.53384399414
91.44140625 -1.6334323883057 442.42852783203
91.282699584961 -2.1140112876892 442.3444519043
91.144630432129 -2.5923647880554 442.22061157227
90.993835449219 -3.0725154876709 442.12091064453
90.853149414062 -3.5513560771942 442.00198364258
90.701522827148 -4.031587600708 441.90396118164
90.547218322754 -4.511990070343 441.81106567383
90.405494689941 -4.9910006523132 441.6940612793
90.259140014648 -5.4706783294678 441.58584594727
90.124732971191 -5.9482822418213 441.45529174805
94.22339630127 5.270779132843 441.9909362793
93.899452209473 4.9004797935486 442.09066772461
93.728332519531 4.4922018051147 441.84765625
93.464836120605 4.1324353218079 441.60943603516
93.200187683105 3.7733664512634 441.37182617188
92.89338684082 3.4357686042786 441.15441894531
92.639961242676 3.0676114559174 440.91815185547
92.375259399414 2.6960711479187 440.70022583008
92.118041992188 2.3182063102722 440.48419189453
91.869316101074 1.935028553009 440.26766967773
91.640495300293 1.5442842245102 440.04278564453
91.40259552002 1.1551327705383 439.82467651367
91.157897949219 0.76724189519882 439.61193847656
90.92650604248 0.37435394525528 439.39352416992
90.69221496582 -0.018187209963799 439.17764282227
90.437232971191 -0.40506851673126 438.97555541992
90.229606628418 -0.81420791149139 438.76318359375
90.028930664062 -1.2217062711716 438.54119873047
89.827774047852 -1.6233925819397 438.30926513672
89.626853942871 -2.0304403305054 438.0866394043
89.426162719727 -2.4405078887939 437.86944580078
89.229881286621 -2.8481669425964 437.64385986328
89.043983459473 -3.2596724033356 437.41644287109
88.864791870117 -3.6739008426666 437.18859863281
88.67813873291 -4.072925567627 436.94052124023
94.570610046387 5.0507402420044 442.26614379883
94.543518066406 4.4980354309082 442.34448242188
94.573539733887 3.9497585296631 442.21890258789
94.611686706543 3.3933069705963 442.13858032227
94.655906677246 2.8389871120453 442.04748535156
94.700904846191 2.2817175388336 441.97680664062
94.74934387207 1.7240999937057 441.91171264648
94.782157897949 1.1636781692505 441.8625793457
94.818565368652 0.60439467430115 441.80676269531
94.815208435059 0.050119671970606 441.70544433594
94.842803955078 -0.50318682193756 441.60217285156
94.86840057373 -1.0565990209579 441.49911499023
94.872978210449 -1.6109902858734 441.3981628418
94.874481201172 -2.1674118041992 441.30889892578
94.877464294434 -2.723269701004 441.21646118164
94.884086608887 -3.2735402584076 441.09527587891
94.884887695312 -3.8163616657257 440.94393920898
94.889938354492 -4.3643484115601 440.8127746582
94.911170959473 -4.9187331199646 440.71420288086
94.915428161621 -5.4643926620483 440.57345581055
94.907875061035 -6.0091633796692 440.42956542969
94.91130065918 -6.5612888336182 440.31698608398
94.90461730957 -7.1030864715576 440.16226196289
94.879936218262 -7.6561150550842 440.05679321289
94.852737426758 -8.2052898406982 439.93344116211
