67.679473876953 4.8260059356689 269.6325378418
78.031936645508 -3.1075639724731 271.18469238281
82.275489807129 -1.535409450531 266.41134643555
82.535247802734 0.2019280642271 274.75787353516
67.646011352539 4.3177046775818 269.75381469727
67.802925109863 3.8299202919006 269.86431884766
68.055053710938 3.3808240890503 269.96264648438
68.366348266602 2.9680655002594 270.05053710938
68.712142944336 2.5821015834808 270.13098144531
69.085678100586 2.2214276790619 270.20462036133
69.477737426758 1.8798974752426 270.27310180664
69.883361816406 1.5537663698196 270.33755493164
70.297973632812 1.2385739088058 270.39910888672
70.724273681641 0.9385769367218 270.45669555664
71.158782958984 0.65001547336578 270.51129150391
71.596237182617 0.36574172973633 270.56488037109
72.040077209473 0.091065511107445 270.6159362793
72.489181518555 -0.17531318962574 270.66485595703
72.940536499023 -0.43803602457047 270.71282958984
73.399879455566 -0.68718034029007 270.75735473633
73.856758117676 -0.94061809778214 270.8030090332
74.318000793457 -1.1863765716553 270.8466796875
74.777320861816 -1.4355474710464 270.89123535156
75.23860168457 -1.6812381744385 270.93487548828
75.699653625488 -1.9273383617401 270.97863769531
76.163879394531 -2.167667388916 271.02090454102
76.629852294922 -2.4047322273254 271.06237792969
77.09782409668 -2.6379797458649 271.10290527344
77.560150146484 -2.8817882537842 271.14605712891
67.905227661133 4.2611227035522 269.45120239258
68.372695922852 3.8297173976898 269.44430541992
68.93936920166 3.5689761638641 269.31130981445
69.515563964844 3.3074686527252 269.23089599609
70.095542907715 3.0470583438873 269.17895507812
70.678581237793 2.7907433509827 269.14361572266
71.256797790527 2.5260171890259 269.09387207031
71.833717346191 2.2593607902527 269.0397644043
72.42162322998 2.0164873600006 268.99206542969
73.010162353516 1.7751604318619 268.94445800781
73.595184326172 1.5285408496857 268.88265991211
74.17724609375 1.278285741806 268.8088684082
74.766860961914 1.0539747476578 268.71441650391
75.35929107666 0.8418036699295 268.61004638672
75.946479797363 0.62934076786041 268.47982788086
76.529312133789 0.41709107160568 268.33102416992
77.115699768066 0.216313585639 268.18026733398
77.705261230469 0.026630941778421 268.02752685547
78.289886474609 -0.16883908212185 267.86352539062
78.867904663086 -0.3713940680027 267.68533325195
79.445457458496 -0.56377559900284 267.49478149414
80.021873474121 -0.7430744767189 267.28866577148
80.598518371582 -0.93971228599548 267.09970092773
81.169380187988 -1.146369934082 266.90399169922
81.733329772949 -1.3642270565033 266.70056152344
68.041793823242 4.4127025604248 269.96069335938
68.524322509766 4.0479507446289 270.16925048828
69.085922241211 3.8118975162506 270.36590576172
69.629913330078 3.5369141101837 270.56143188477
70.199142456055 3.2943043708801 270.72552490234
70.778541564941 3.0675370693207 270.87609863281
71.367607116699 2.848334312439 270.99765014648
71.961029052734 2.6385164260864 271.11450195312
72.558731079102 2.4385437965393 271.22665405273
73.157470703125 2.2499911785126 271.3522644043
73.75643157959 2.0649271011353 271.48193359375
74.354835510254 1.8885964155197 271.62557983398
74.952201843262 1.7218164205551 271.78421020508
75.547348022461 1.5631214380264 271.95867919922
76.140563964844 1.4106636047363 272.14486694336
76.737258911133 1.2695446014404 272.32885742188
77.340293884277 1.1512948274612 272.50827026367
77.942924499512 1.0355852842331 272.69067382812
78.542472839355 0.93574476242065 272.89166259766
79.133972167969 0.8191414475441 273.10693359375
79.711547851562 0.67904084920883 273.34484863281
80.290702819824 0.55364835262299 273.58706665039
80.86695098877 0.43367728590965 273.83880615234
81.434989929199 0.33330476284027 274.11642456055
81.985122680664 0.26761561632156 274.43713378906
