37.987083435059 -13.845764160156 339.3581237793
61.687152862549 19.437448501587 350.22985839844
43.403896331787 14.851813316345 338.21179199219
43.893329620361 9.1865139007568 357.93020629883
39.85432434082 -14.136730194092 339.22842407227
41.732517242432 -13.896078109741 339.27844238281
43.58268737793 -13.503040313721 339.3805847168
45.415843963623 -13.0426902771 339.50579833984
47.21276473999 -12.466570854187 339.67080688477
48.929458618164 -11.700165748596 339.90155029297
50.616024017334 -10.875220298767 340.1526184082
52.167255401611 -9.8382034301758 340.47778320312
53.596920013428 -8.6541624069214 340.85473632812
54.924808502197 -7.368115901947 341.26794433594
56.192527770996 -6.0286769866943 341.70016479492
57.363922119141 -4.612868309021 342.1598815918
58.421611785889 -3.1191742420197 342.64791870117
59.367179870605 -1.5598076581955 343.16003417969
60.208812713623 0.05174657329917 343.69158935547
60.875099182129 1.7345640659332 344.25018310547
61.435287475586 3.4513294696808 344.8219909668
61.856540679932 5.2027111053467 345.40783691406
62.141498565674 6.9779019355774 346.00408935547
62.313133239746 8.7655687332153 346.60641479492
62.340179443359 10.559690475464 347.21337890625
62.326751708984 12.353688240051 347.82098388672
62.490673065186 14.141984939575 348.42364501953
62.487606048584 15.936109542847 349.03109741211
62.145622253418 17.6989402771 349.63366699219
38.528732299805 -13.322016716003 338.39279174805
39.542495727539 -12.647369384766 338.03024291992
40.530307769775 -11.85888004303 337.96838378906
41.506824493408 -11.049525260925 337.9189453125
42.448268890381 -10.211114883423 337.76071166992
43.389713287354 -9.3727045059204 337.60250854492
44.141780853271 -8.3624839782715 337.4521484375
44.877853393555 -7.3377542495728 337.3024597168
45.36088180542 -6.1656765937805 337.23202514648
45.767635345459 -4.9705276489258 337.13623046875
46.035247802734 -3.7376782894135 336.99401855469
46.07067489624 -2.4677131175995 336.97927856445
46.043437957764 -1.2040990591049 337.01840209961
45.876647949219 0.045371059328318 337.17742919922
45.71418762207 1.2944089174271 337.34381103516
45.55835723877 2.5427851676941 337.52145385742
45.439254760742 3.8024067878723 337.53723144531
45.337677001953 5.0673933029175 337.47579956055
45.019264221191 6.2971320152283 337.46328735352
44.86067199707 7.5552754402161 337.4626159668
44.740322113037 8.8200674057007 337.46447753906
44.698135375977 10.089904785156 337.46047973633
44.402912139893 11.299659729004 337.58093261719
44.097808837891 12.518905639648 337.66067504883
43.873764038086 13.744035720825 337.81539916992
38.631755828857 -13.500849723816 340.36245727539
39.665046691895 -13.117034912109 340.99563598633
40.736755371094 -12.683142662048 341.54983520508
41.736633300781 -12.159540176392 342.14898681641
42.645198822021 -11.534760475159 342.80471801758
43.424579620361 -10.860169410706 343.56625366211
44.166107177734 -10.152457237244 344.33618164062
44.866607666016 -9.3964815139771 345.10015869141
45.40539932251 -8.5447778701782 345.87515258789
45.809539794922 -7.6133604049683 346.65933227539
45.973327636719 -6.6203689575195 347.44830322266
46.01488494873 -5.595516204834 348.20498657227
45.844791412354 -4.5150175094604 348.87536621094
45.644634246826 -3.4063320159912 349.48641967773
45.426048278809 -2.280375957489 350.06109619141
45.268993377686 -1.2087029218674 350.74243164062
45.140693664551 -0.16240327060223 351.4736328125
44.985794067383 0.85080444812775 352.24240112305
44.802406311035 1.8470329046249 353.02661132812
44.635288238525 2.9094653129578 353.72598266602
44.450305938721 3.9924147129059 354.38800048828
44.270084381104 5.0476593971252 355.08807373047
44.116298675537 6.010796546936 355.92144775391
43.949924468994 6.9848642349243 356.73910522461
43.766525268555 8.0266704559326 357.44329833984
