61.325477600098 -2.6635429859161 273.20391845703
70.893669128418 0.76268190145493 278.1369934082
70.751235961914 -4.5397515296936 278.92724609375
71.823600769043 -1.5692633390427 273.5583190918
61.527885437012 -2.3450598716736 273.43798828125
61.81184387207 -2.0900344848633 273.6653137207
62.109855651855 -1.8489581346512 273.88983154297
62.42407989502 -1.6254206895828 274.1103515625
62.760326385498 -1.4287595748901 274.32391357422
63.103015899658 -1.2407785654068 274.53503417969
63.455673217773 -1.0670357942581 274.74188232422
63.812377929688 -0.89942795038223 274.94686889648
64.176445007324 -0.74346089363098 275.14804077148
64.547050476074 -0.59860438108444 275.34555053711
64.923347473145 -0.46394509077072 275.53948974609
65.302093505859 -0.33392894268036 275.73181152344
65.679832458496 -0.20199899375439 275.9248046875
66.065116882324 -0.084949150681496 276.11242675781
66.451614379883 0.029601337388158 276.2991027832
66.841514587402 0.13681368529797 276.48303222656
67.232940673828 0.24063692986965 276.66564941406
67.622924804688 0.34768599271774 276.84948730469
68.024291992188 0.42703592777252 277.02252197266
68.422210693359 0.51542228460312 277.19915771484
68.820014953613 0.60406816005707 277.37588500977
69.22322845459 0.67848515510559 277.54681396484
69.635887145996 0.72305333614349 277.70510864258
70.049270629883 0.7649090886116 277.86227416992
70.469429016113 0.77706182003021 278.00601196289
61.510696411133 -2.796667098999 273.57073974609
61.848812103271 -2.6749737262726 273.82763671875
62.240280151367 -2.7182822227478 274.02041625977
62.620269775391 -2.707129240036 274.24407958984
63.026008605957 -2.7388870716095 274.41625976562
63.395938873291 -2.6539299488068 274.64166259766
63.787921905518 -2.6531257629395 274.84060668945
64.171936035156 -2.6672797203064 275.06356811523
64.546127319336 -2.7200267314911 275.29705810547
64.918197631836 -2.8158218860626 275.52044677734
65.297355651855 -2.895213842392 275.73809814453
65.679191589355 -2.9840648174286 275.94674682617
66.063568115234 -3.0606830120087 276.15396118164
66.454360961914 -3.0882165431976 276.36358642578
66.837440490723 -3.084792137146 276.58847045898
67.213806152344 -3.0870780944824 276.82437133789
67.591529846191 -3.0840542316437 277.0573425293
67.973625183105 -3.1415619850159 277.26989746094
68.36506652832 -3.2043623924255 277.47055053711
68.724784851074 -3.3713278770447 277.66494750977
69.034469604492 -3.5943627357483 277.89016723633
69.356018066406 -3.8148276805878 278.10140991211
69.705345153809 -4.0070614814758 278.29635620117
70.05980682373 -4.1739540100098 278.50592041016
70.401557922363 -4.3601517677307 278.71987915039
61.659557342529 -2.4907584190369 273.05374145508
62.032707214355 -2.3622958660126 273.1907043457
62.401809692383 -2.2139015197754 273.31845092773
62.806816101074 -2.1471664905548 273.39685058594
63.204158782959 -2.0577716827393 273.49392700195
63.611770629883 -2.0240859985352 273.5881652832
64.020301818848 -1.9613209962845 273.65667724609
64.429786682129 -1.9283443689346 273.74215698242
64.841484069824 -1.8714698553085 273.79696655273
65.257598876953 -1.8257149457932 273.81982421875
65.675605773926 -1.8485218286514 273.84460449219
66.094871520996 -1.8296512365341 273.84136962891
66.512466430664 -1.786207318306 273.8515625
66.928009033203 -1.7293965816498 273.87399291992
67.338111877441 -1.6472328901291 273.91049194336
67.745018005371 -1.5638402700424 273.97171020508
68.151977539062 -1.4738891124725 274.0202331543
68.561943054199 -1.3905843496323 274.04498291016
68.980110168457 -1.3513581752777 274.04458618164
69.398918151855 -1.3200415372849 274.04632568359
69.818687438965 -1.3121618032455 274.04315185547
70.235702514648 -1.3116624355316 273.99719238281
70.608879089355 -1.4254009723663 273.84725952148
71.013801574707 -1.4787230491638 273.75259399414
71.422431945801 -1.5065202713013 273.66571044922
