60.753513336182 3.7688405513763 274.18508911133
64.12043762207 -5.8622179031372 271.0263671875
69.00594329834 -2.7747783660889 270.53701782227
66.878242492676 -5.5208711624146 276.11349487305
60.650543212891 3.4236867427826 273.97039794922
60.644302368164 3.0476772785187 273.78463745117
60.667545318604 2.667046546936 273.60995483398
60.728824615479 2.2836542129517 273.45120239258
60.796977996826 1.9001643657684 273.29553222656
60.885459899902 1.5171151161194 273.14926147461
60.988204956055 1.1350356340408 273.00997924805
61.094501495361 0.75328534841537 272.87243652344
61.209159851074 0.37244385480881 272.73916625977
61.32893371582 -0.0077268676832318 272.60852050781
61.454917907715 -0.38699734210968 272.48110961914
61.581932067871 -0.76610767841339 272.35427856445
61.716873168945 -1.1438760757446 272.23168945312
61.862014770508 -1.5196412801743 272.11471557617
62.014911651611 -1.8936620950699 272.00210571289
62.167812347412 -2.2676718235016 271.88949584961
62.325820922852 -2.6404404640198 271.77984619141
62.493518829346 -3.0105769634247 271.67581176758
62.670604705811 -3.3778669834137 271.57739257812
62.860931396484 -3.7406136989594 271.48721313477
63.026287078857 -4.1114239692688 271.3818359375
63.227863311768 -4.4697985649109 271.29891967773
63.428485870361 -4.8285717964172 271.21539306641
63.654663085938 -5.1755504608154 271.14916992188
63.881744384766 -5.5220704078674 271.08355712891
61.086936950684 3.6804277896881 273.93731689453
61.257614135742 3.3224461078644 273.74380493164
61.500026702881 2.9974880218506 273.60165405273
61.767028808594 2.6676921844482 273.47351074219
62.016754150391 2.3265836238861 273.33605957031
62.263942718506 1.9845588207245 273.19631958008
62.538898468018 1.6494829654694 273.1025390625
62.82413482666 1.3224033117294 273.00897216797
63.116733551025 1.0127286911011 272.8830871582
63.430809020996 0.72876554727554 272.74771118164
63.731052398682 0.47301667928696 272.54415893555
64.02946472168 0.19642320275307 272.37060546875
64.336128234863 -0.079957038164139 272.20764160156
64.628402709961 -0.34585517644882 272.00540161133
64.918685913086 -0.60634118318558 271.79235839844
65.231002807617 -0.85589718818665 271.60131835938
65.573303222656 -1.0990514755249 271.45587158203
65.910278320312 -1.3584283590317 271.32815551758
66.273834228516 -1.60309278965 271.25344848633
66.64624786377 -1.8119405508041 271.13037109375
67.072647094727 -1.9148081541061 271.06353759766
67.501914978027 -1.984277844429 270.97125244141
67.842147827148 -2.1846859455109 270.77630615234
68.216323852539 -2.3896815776825 270.66284179688
68.608459472656 -2.5794744491577 270.57479858398
60.854511260986 3.4152817726135 274.42999267578
60.957397460938 2.9892308712006 274.33383178711
61.158645629883 2.5878818035126 274.33712768555
61.372455596924 2.1935777664185 274.32299804688
61.591255187988 1.8020726442337 274.30197143555
61.872909545898 1.4534500837326 274.28662109375
62.135162353516 1.092014670372 274.27630615234
62.340488433838 0.69272327423096 274.27645874023
62.546905517578 0.29445257782936 274.28378295898
62.759712219238 -0.097845166921616 274.33285522461
62.961013793945 -0.49341008067131 274.40063476562
63.20223236084 -0.86780935525894 274.43789672852
63.468082427979 -1.2291660308838 274.45629882812
63.609981536865 -1.6418347358704 274.55911254883
63.809135437012 -2.0316276550293 274.65020751953
64.056266784668 -2.3996560573578 274.71664428711
64.293472290039 -2.7687973976135 274.80419921875
64.52286529541 -3.1346168518066 274.92465209961
64.778854370117 -3.4780671596527 275.05920410156
65.085868835449 -3.7711744308472 275.20388793945
65.359954833984 -4.0694499015808 275.39270019531
65.613464355469 -4.3731307983398 275.60507202148
65.8896484375 -4.6904940605164 275.76181030273
66.182487487793 -5.0013031959534 275.89636230469
66.515464782715 -5.2807865142822 276.00238037109
