64.296005249023 0.1033947840333 272.83343505859
72.933486938477 -4.4671597480774 273.1930847168
75.887420654297 -0.97599440813065 271.49310302734
75.797691345215 -1.0066651105881 275.37475585938
64.445579528809 -0.2486684769392 272.83670043945
64.698455810547 -0.53566300868988 272.84558105469
64.981872558594 -0.79246926307678 272.8561706543
65.298950195312 -1.0062863826752 272.8688659668
65.61555480957 -1.2207945585251 272.88159179688
65.938339233398 -1.4258428812027 272.89462280273
66.274887084961 -1.6073615550995 272.90863037109
66.620742797852 -1.7703940868378 272.92321777344
66.97435760498 -1.9158036708832 272.93838500977
67.321365356445 -2.0763685703278 272.95309448242
67.677024841309 -2.2166614532471 272.96844482422
68.045951843262 -2.3168613910675 272.98483276367
68.407653808594 -2.4407119750977 273.00061035156
68.766471862793 -2.5727186203003 273.01620483398
69.131210327148 -2.6872849464417 273.03228759766
69.49641418457 -2.8003206253052 273.04833984375
69.854080200195 -2.9354138374329 273.06381225586
70.202278137207 -3.0933876037598 273.07858276367
70.546356201172 -3.2601783275604 273.09307861328
70.881019592285 -3.445175409317 273.10693359375
71.217590332031 -3.6266787052155 273.12088012695
71.571136474609 -3.7722022533417 273.13607788086
71.910385131836 -3.9486367702484 273.15023803711
72.248397827148 -4.1274290084839 273.16427612305
72.589073181152 -4.3010740280151 273.17858886719
64.492614746094 0.055378422141075 272.53814697266
64.936569213867 0.04028782248497 272.39761352539
65.369346618652 0.12179579585791 272.49096679688
65.827110290527 0.016900528222322 272.44326782227
66.286865234375 -0.080815248191357 272.43246459961
66.749130249023 -0.16948968172073 272.46817016602
67.217002868652 -0.21571090817451 272.49105834961
67.66471862793 -0.26850381493568 272.46994018555
68.015693664551 -0.45012333989143 272.34963989258
68.470581054688 -0.47171771526337 272.47387695312
68.93180847168 -0.54286897182465 272.42126464844
69.397621154785 -0.57488834857941 272.36077880859
69.866981506348 -0.62488782405853 272.35556030273
70.337387084961 -0.59536200761795 272.33288574219
70.792037963867 -0.67636090517044 272.25183105469
71.258926391602 -0.68691182136536 272.20510864258
71.729469299316 -0.67547303438187 272.16925048828
72.197998046875 -0.67273062467575 272.11849975586
72.661651611328 -0.69100153446198 272.03179931641
73.125198364258 -0.70770382881165 271.94451904297
73.58683013916 -0.69640100002289 271.84655761719
74.041816711426 -0.6976010799408 271.72219848633
74.498374938965 -0.73300087451935 271.62329101562
74.961387634277 -0.81399869918823 271.57989501953
75.424407958984 -0.89499658346176 271.53649902344
64.688667297363 0.017289629206061 273.0446472168
65.108421325684 -0.1043978780508 273.18420410156
65.547477722168 -0.19746835529804 273.28073120117
65.998184204102 -0.24477304518223 273.34085083008
66.450622558594 -0.29370391368866 273.39440917969
66.895248413086 -0.36426448822021 273.48211669922
67.338890075684 -0.42796665430069 273.58102416992
67.787803649902 -0.47366282343864 273.66320800781
68.241577148438 -0.49336171150208 273.72991943359
68.692901611328 -0.53502488136292 273.80163574219
69.143684387207 -0.57101899385452 273.87716674805
69.595375061035 -0.56669741868973 273.95907592773
70.037231445312 -0.63656169176102 274.06036376953
70.478492736816 -0.71092665195465 274.16287231445
70.93090057373 -0.7177996635437 274.2292175293
71.386337280273 -0.70634895563126 274.28579711914
71.817581176758 -0.77227503061295 274.41290283203
72.268211364746 -0.72780954837799 274.42538452148
72.68537902832 -0.80618757009506 274.60021972656
73.129951477051 -0.83490878343582 274.71096801758
73.574577331543 -0.86353480815887 274.82159423828
74.019195556641 -0.89216089248657 274.93222045898
74.463821411133 -0.92078691720963 275.04287719727
74.908447265625 -0.94941300153732 275.15350341797
75.353065490723 -0.97803902626038 275.26412963867
