151.71376037598 15.195925712585 644.01837158203
149.6305847168 -2.7329761981964 651.61590576172
146.68023681641 -9.1754302978516 645.40936279297
156.37837219238 -8.3417119979858 649.07946777344
151.42404174805 14.986072540283 644.70080566406
151.21697998047 14.478386878967 645.24719238281
151.04466247559 13.897101402283 645.72796630859
150.91638183594 13.243065834045 646.12213134766
150.79278564453 12.582589149475 646.5068359375
150.6849822998 11.901711463928 646.85949707031
150.58546447754 11.211129188538 647.1953125
150.4838104248 10.522975921631 647.53546142578
150.39286804199 9.8228693008423 647.853515625
150.31242370605 9.1121091842651 648.15002441406
150.23799133301 8.3955268859863 648.43383789062
150.17388916016 7.6698136329651 648.69616699219
150.11560058594 6.9392981529236 648.9462890625
150.0542755127 6.2112483978271 649.20269775391
150.00325012207 5.4751310348511 649.43743896484
149.96495056152 4.7302112579346 649.64514160156
149.90484619141 4.0011825561523 649.89910888672
149.8539276123 3.2650377750397 650.13354492188
149.83728027344 2.5081005096436 650.29486083984
149.76219177246 1.7922396659851 650.58013916016
149.73138427734 1.0426424741745 650.77178955078
149.71528625488 0.28521963953972 650.93194580078
149.68794250488 -0.46635204553604 651.11627197266
149.68203735352 -1.2282152175903 651.25433349609
149.65089416504 -1.9776313304901 651.44671630859
151.02537536621 14.521660804749 644.11053466797
150.74183654785 13.63337802887 644.408203125
150.53564453125 12.705501556396 644.64373779297
150.34298706055 11.780952453613 644.90155029297
150.22550964355 10.830941200256 645.10791015625
150.13806152344 9.8724012374878 645.28790283203
150.05152893066 8.9061822891235 645.42156982422
149.99835205078 7.9369373321533 645.55047607422
149.92100524902 6.964403629303 645.63226318359
149.75898742676 5.9994096755981 645.66723632812
149.64984130859 5.0309476852417 645.76165771484
149.4813079834 4.0672645568848 645.80529785156
149.29508972168 3.1075189113617 645.86096191406
149.09942626953 2.1480157375336 645.85467529297
148.86619567871 1.1971589326859 645.83520507812
148.5669708252 0.26471698284149 645.83703613281
148.29830932617 -0.6767520904541 645.85760498047
148.0087890625 -1.6088898181915 645.93664550781
147.66551208496 -2.5140180587769 646.08453369141
147.43121337891 -3.4427576065063 646.28784179688
147.38162231445 -4.4202737808228 646.31512451172
147.25230407715 -5.3847851753235 646.20660400391
147.12043762207 -6.3263893127441 645.97216796875
146.98976135254 -7.2794723510742 645.78900146484
146.8168182373 -8.2253932952881 645.60375976562
152.16033935547 14.568790435791 644.59979248047
152.26065063477 13.742443084717 645.09350585938
152.37495422363 12.844006538391 645.43646240234
152.43119812012 11.927424430847 645.74432373047
152.45715332031 11.007650375366 646.04663085938
152.47875976562 10.074886322021 646.30627441406
152.51501464844 9.1264696121216 646.49914550781
152.56732177734 8.169750213623 646.64074707031
152.62817382812 7.2148342132568 646.79046630859
152.73706054688 6.2580399513245 646.89428710938
152.87821960449 5.3050675392151 646.99426269531
153.05163574219 4.3597121238708 647.11340332031
153.28153991699 3.4353981018066 647.28887939453
153.46710205078 2.4918723106384 647.40460205078
153.71260070801 1.5626715421677 647.52239990234
154.04618835449 0.70497190952301 647.82403564453
154.27949523926 -0.20624908804893 648.05493164062
154.5634765625 -1.0900799036026 648.3310546875
154.76539611816 -1.997635602951 648.60217285156
154.87171936035 -2.8963322639465 648.94720458984
155.06700134277 -3.7740159034729 649.30694580078
155.23637390137 -4.6999096870422 649.53387451172
155.62448120117 -5.5862922668457 649.57098388672
155.85029602051 -6.5250387191772 649.49505615234
156.11627197266 -7.4354820251465 649.29895019531
