62.916439056396 3.7160291671753 273.97131347656
70.400405883789 -16.309516906738 269.69964599609
76.499198913574 -11.634023666382 267.99346923828
76.697463989258 -13.716144561768 274.38986206055
62.498249053955 3.0019788742065 273.74429321289
62.436195373535 2.1721959114075 273.5266418457
62.454208374023 1.3383830785751 273.31677246094
62.574436187744 0.50991958379745 273.11938476562
62.770248413086 -0.30668070912361 272.93325805664
63.031902313232 -1.1072103977203 272.75842285156
63.327724456787 -1.8971161842346 272.58999633789
63.67163848877 -2.6694009304047 272.43127441406
64.028205871582 -3.4364573955536 272.27526855469
64.426239013672 -4.1847476959229 272.12860107422
64.84236907959 -4.9239549636841 271.98614501953
65.278175354004 -5.6526746749878 271.84857177734
65.715881347656 -6.3803362846375 271.71142578125
66.150291442871 -7.1098165512085 271.57345581055
66.564819335938 -7.8498544692993 271.43063354492
66.978561401367 -8.5902976989746 271.28762817383
67.374702453613 -9.3395042419434 271.14050292969
67.756721496582 -10.095368385315 270.99017333984
68.103202819824 -10.86661529541 270.83200073242
68.422355651855 -11.648386955261 270.66815185547
68.707740783691 -12.441737174988 270.49774169922
69.016273498535 -13.227323532104 270.3317565918
69.321723937988 -14.013995170593 270.16522216797
69.664131164551 -14.78689289093 270.00622558594
70.063842773438 -15.534317970276 269.85989379883
63.280288696289 3.1908850669861 273.45816040039
63.648067474365 2.4823372364044 273.23657226562
64.015846252441 1.773789525032 273.01498413086
64.48095703125 1.1258772611618 272.79898071289
64.972862243652 0.49466016888618 272.58450317383
65.482887268066 -0.12832741439342 272.39086914062
66.007545471191 -0.74467092752457 272.21405029297
66.532173156738 -1.3609722852707 272.03701782227
67.056159973145 -1.9756863117218 271.85272216797
67.580139160156 -2.5904004573822 271.66839599609
68.116271972656 -3.1934149265289 271.48040771484
68.657577514648 -3.7908470630646 271.29016113281
69.221298217773 -4.3640031814575 271.08984375
69.778129577637 -4.941300868988 270.88247680664
70.330757141113 -5.5211267471313 270.67080688477
70.920196533203 -6.0647897720337 270.46566772461
71.52758026123 -6.5908231735229 270.26373291016
72.070777893066 -7.1611428260803 270.00759887695
72.623664855957 -7.7194094657898 269.74661254883
73.209266662598 -8.2416038513184 269.48056030273
73.783981323242 -8.7829675674438 269.2297668457
74.336143493652 -9.3402051925659 268.96575927734
74.854446411133 -9.9202079772949 268.68112182617
75.358619689941 -10.532068252563 268.44061279297
75.879219055176 -11.144899368286 268.24160766602
63.122215270996 2.8812930583954 274.17953491211
63.514125823975 2.09113073349 274.15124511719
63.988567352295 1.350781083107 274.11676025391
64.490898132324 0.62780255079269 274.10778808594
64.914405822754 -0.14694371819496 274.13427734375
65.430923461914 -0.86478263139725 274.11428833008
65.951698303223 -1.5791893005371 274.09429931641
66.542739868164 -2.2370371818542 274.07464599609
67.145034790039 -2.8845462799072 274.0602722168
67.733627319336 -3.5434417724609 274.03805541992
68.300598144531 -4.2209630012512 273.99542236328
68.876724243164 -4.8904099464417 273.95004272461
69.441665649414 -5.5710506439209 273.95697021484
69.980911254883 -6.2717480659485 273.98107910156
70.599388122559 -6.8993344306946 274.03112792969
71.192825317383 -7.5542149543762 274.04678344727
71.764808654785 -8.2264442443848 274.1044921875
72.271522521973 -8.948145866394 274.17178344727
72.792388916016 -9.6595773696899 274.23806762695
73.337051391602 -10.353600502014 274.30255126953
73.898498535156 -11.036363601685 274.33071899414
74.499946594238 -11.676627159119 274.25918579102
75.084831237793 -12.327373504639 274.13491821289
75.627113342285 -13.010718345642 273.99404907227
76.121482849121 -13.724338531494 273.82427978516
