82.092399597168 -1.1145879030228 407.23153686523
99.388916015625 -6.5228228569031 409.46127319336
104.69305419922 0.089513555169106 405.20913696289
102.93058776855 -1.2595616579056 416.27362060547
82.289710998535 -1.8258144855499 407.1999206543
82.70622253418 -2.4367723464966 407.21142578125
83.211486816406 -2.975866317749 407.24307250977
83.790283203125 -3.4336452484131 407.29339599609
84.407279968262 -3.8370423316956 407.35446166992
85.05126953125 -4.1942706108093 407.42370605469
85.719657897949 -4.501576423645 407.5012512207
86.394332885742 -4.7940526008606 407.58108520508
87.090141296387 -5.0290966033936 407.66931152344
87.795310974121 -5.2325315475464 407.76171875
88.505386352539 -5.4169473648071 407.85650634766
89.212944030762 -5.6112480163574 407.95007324219
89.933044433594 -5.7473297119141 408.05075073242
90.649024963379 -5.9052934646606 408.14880371094
91.367919921875 -6.0481004714966 408.24871826172
92.094108581543 -6.141697883606 408.35403442383
92.822189331055 -6.2164363861084 408.46130371094
93.548263549805 -6.3109817504883 408.56655883789
94.277496337891 -6.3707900047302 408.67535400391
95.0068359375 -6.4290752410889 408.78430175781
95.73567199707 -6.4945411682129 408.89251708984
96.466049194336 -6.5327606201172 409.00332641602
97.196968078613 -6.5430469512939 409.11669921875
97.927841186523 -6.5449161529541 409.23083496094
98.658676147461 -6.5444912910461 409.34518432617
82.866607666016 -1.4105747938156 406.90673828125
83.694122314453 -1.7451659440994 406.89389038086
84.569801330566 -1.8987166881561 406.79476928711
85.452072143555 -2.0495257377625 406.791015625
86.336486816406 -2.185576915741 406.77499389648
87.227081298828 -2.2749366760254 406.77133178711
88.118339538574 -2.3554480075836 406.75332641602
89.011428833008 -2.4135465621948 406.74325561523
89.905891418457 -2.4424390792847 406.74880981445
90.799156188965 -2.4617087841034 406.69589233398
91.691520690918 -2.5086624622345 406.64859008789
92.583969116211 -2.4703617095947 406.59268188477
93.472763061523 -2.3880379199982 406.52633666992
94.361366271973 -2.3250501155853 406.43984985352
95.243194580078 -2.2312049865723 406.31842041016
96.124473571777 -2.1261632442474 406.20233154297
97.005744934082 -2.0084402561188 406.09945678711
97.885559082031 -1.8565331697464 406.03622436523
98.767532348633 -1.7280128002167 405.95391845703
99.645462036133 -1.577312707901 405.86636352539
100.51617431641 -1.3897527456284 405.77780151367
101.37966156006 -1.1828294992447 405.66571044922
102.21314239502 -0.87482744455338 405.55792236328
103.05522918701 -0.58698308467865 405.46203613281
103.87916564941 -0.25864914059639 405.34161376953
82.717163085938 -1.5536546707153 407.68243408203
83.506492614746 -1.8794454336166 407.93231201172
84.304809570312 -2.0787498950958 408.27380371094
85.130416870117 -2.2610831260681 408.55389404297
85.980690002441 -2.3643047809601 408.79965209961
86.828338623047 -2.4667966365814 409.05462646484
87.674911499023 -2.5636165142059 409.31518554688
88.526329040527 -2.6341474056244 409.56817626953
89.364349365234 -2.6975674629211 409.86416625977
90.200622558594 -2.7210292816162 410.17095947266
91.030685424805 -2.7352306842804 410.49465942383
91.854888916016 -2.7336575984955 410.83267211914
92.675506591797 -2.6413311958313 411.16708374023
93.484375 -2.608891248703 411.53948974609
94.295509338379 -2.5585610866547 411.90493774414
95.103149414062 -2.4941999912262 412.27587890625
95.905334472656 -2.4143753051758 412.65551757812
96.711372375488 -2.3096101284027 413.02066040039
97.515884399414 -2.2340085506439 413.39602661133
98.283538818359 -2.1739747524261 413.84448242188
99.063346862793 -2.1244406700134 414.27276611328
99.857353210449 -2.036447763443 414.66748046875
100.64791870117 -1.9181381464005 415.06109619141
101.38663482666 -1.7280125617981 415.52160644531
102.15549468994 -1.4551289081573 415.87991333008
