76.807716369629 -10.904391288757 334.49328613281
71.413734436035 14.666264533997 343.63534545898
61.163883209229 10.142181396484 333.59613037109
62.945430755615 4.5452766418457 349.37640380859
77.659202575684 -10.084401130676 334.71105957031
78.289184570312 -9.1107416152954 334.99771118164
78.836753845215 -8.086953163147 335.30752563477
79.329689025879 -7.0399951934814 335.62930297852
79.74836730957 -5.9657363891602 335.96588134766
80.061256408691 -4.8607521057129 336.32080078125
80.256393432617 -3.7346045970917 336.69155883789
80.375465393066 -2.6009342670441 337.07049560547
80.424514770508 -1.464185833931 337.45562744141
80.403030395508 -0.32827511429787 337.845703125
80.306297302246 0.80312275886536 338.23977661133
80.159446716309 1.9285972118378 338.6354675293
79.920867919922 3.0370948314667 339.03213500977
79.726142883301 4.1538872718811 339.42840576172
79.492805480957 5.2590193748474 339.82354736328
79.085586547852 6.3184823989868 340.21588134766
78.567893981934 7.3327150344849 340.60079956055
77.988716125488 8.3154163360596 340.9794921875
77.345848083496 9.2601261138916 341.3498840332
76.650489807129 10.170406341553 341.71237182617
75.909683227539 11.047504425049 342.06686401367
75.123916625977 11.888598442078 342.41235351562
74.26953125 12.667378425598 342.74154663086
73.366622924805 13.394868850708 343.05679321289
72.41495513916 14.063733100891 343.35559082031
76.646583557129 -9.9162521362305 334.14736938477
76.708595275879 -8.8726091384888 334.31274414062
76.213577270508 -7.9391503334045 334.3586730957
75.620727539062 -7.067018032074 334.45831298828
75.524993896484 -6.0142593383789 334.49731445312
75.276420593262 -4.9850387573242 334.48849487305
74.925086975098 -3.9860551357269 334.50784301758
74.525253295898 -3.0062565803528 334.54754638672
74.125511169434 -2.0315737724304 334.48400878906
73.471656799316 -1.2378232479095 334.23449707031
72.680931091309 -0.55435216426849 334.06256103516
71.92212677002 0.16240581870079 333.88562011719
71.26416015625 0.96499270200729 333.67596435547
70.621078491211 1.8024069070816 333.59103393555
69.977317810059 2.6383852958679 333.49786376953
69.322601318359 3.4612092971802 333.37127685547
68.607986450195 4.2386412620544 333.29211425781
67.808280944824 4.9329047203064 333.27682495117
66.962127685547 5.5696692466736 333.30072021484
66.11833190918 6.2100048065186 333.30056762695
65.277046203613 6.8533473014832 333.2815246582
64.449157714844 7.5141143798828 333.28079223633
63.640586853027 8.197922706604 333.30551147461
62.852958679199 8.9019393920898 333.38305664062
62.075954437256 9.6111354827881 333.50582885742
76.73120880127 -10.674885749817 335.48934936523
76.654777526855 -9.7933311462402 336.00424194336
76.602035522461 -8.9154176712036 336.51211547852
76.051490783691 -8.2500190734863 337.05752563477
75.834785461426 -7.450376033783 337.66046142578
75.68221282959 -6.6248917579651 338.24743652344
75.399681091309 -5.8272633552551 338.82205200195
74.939208984375 -5.1418290138245 339.42864990234
74.400177001953 -4.5122261047363 340.0315246582
73.820053100586 -3.9165573120117 340.63055419922
73.189956665039 -3.3725638389587 341.22860717773
72.549697875977 -2.8414452075958 341.82739257812
71.937553405762 -2.3019940853119 342.4475402832
71.378608703613 -1.7482349872589 343.10443115234
70.797752380371 -1.1896866559982 343.73782348633
70.19214630127 -0.62670880556107 344.34356689453
69.571159362793 -0.071373000741005 344.94039916992
68.880027770996 0.44593694806099 345.49298095703
68.186660766602 0.9620600938797 346.0436706543
67.435157775879 1.4473934173584 346.54400634766
66.681175231934 1.9314016103745 347.04187011719
65.934967041016 2.4251837730408 347.54187011719
65.188949584961 2.9245591163635 348.03649902344
64.439956665039 3.467600107193 348.4778137207
63.691867828369 4.0084357261658 348.92333984375
