68.66813659668 -0.65479421615601 279.97644042969
72.346092224121 5.9179673194885 280.82543945312
75.463134765625 4.5881195068359 283.09576416016
75.499877929688 5.5381188392639 277.56781005859
68.6025390625 -0.36288630962372 280.02062988281
68.536933898926 -0.07097839564085 280.06484985352
68.57347869873 0.22403435409069 280.10656738281
68.623291015625 0.51945042610168 280.14797973633
68.708358764648 0.80615794658661 280.18713378906
68.806632995605 1.0896031856537 280.22546386719
68.929649353027 1.3626815080643 280.26159667969
69.068260192871 1.6292272806168 280.29632568359
69.212532043457 1.8927417993546 280.33047485352
69.363342285156 2.1527528762817 280.36386108398
69.518241882324 2.4103140830994 280.39682006836
69.681983947754 2.6625728607178 280.42877197266
69.848251342773 2.9131255149841 280.46041870117
70.026329040527 3.155711889267 280.49053955078
70.204429626465 3.3982796669006 280.52066040039
70.383316040039 3.6402847766876 280.55068969727
70.562194824219 3.8822898864746 280.58071899414
70.765892028809 4.103985786438 280.60711669922
70.972671508789 4.3231563568115 280.63305664062
71.170883178711 4.5498542785645 280.66030883789
71.366355895996 4.7789630889893 280.68801879883
71.55256652832 5.0153245925903 280.71701049805
71.733116149902 5.2561144828796 280.74682617188
71.925559997559 5.4871354103088 280.77487182617
72.13452911377 5.7037882804871 280.80035400391
68.839744567871 -0.4563253223896 280.21740722656
68.960052490234 -0.17286658287048 280.39627075195
69.160095214844 0.049551125615835 280.59115600586
69.3759765625 0.29465913772583 280.736328125
69.599281311035 0.53150987625122 280.88391113281
69.833671569824 0.75464832782745 281.03570556641
70.073638916016 0.97157645225525 281.18774414062
70.319046020508 1.1838928461075 281.33746337891
70.579933166504 1.3921654224396 281.46524047852
70.845008850098 1.5985155105591 281.58740234375
71.11506652832 1.8034896850586 281.70062255859
71.387847900391 2.0099055767059 281.80432128906
71.662925720215 2.2152104377747 281.90405273438
71.941398620605 2.41929936409 281.99652099609
72.227752685547 2.6208982467651 282.0680847168
72.513107299805 2.8201491832733 282.14959716797
72.799499511719 3.0153250694275 282.23696899414
73.096908569336 3.2021286487579 282.30346679688
73.393867492676 3.3893992900848 282.37066650391
73.69034576416 3.5768945217133 282.4391784668
73.984382629395 3.7553133964539 282.53652954102
74.278244018555 3.9297184944153 282.64141845703
74.573799133301 4.0943655967712 282.75674438477
74.869934082031 4.2597918510437 282.86947631836
75.167434692383 4.4267311096191 282.97625732422
68.780197143555 -0.36244603991508 279.76974487305
68.910804748535 -0.052007004618645 279.60452270508
69.056434631348 0.27006551623344 279.47888183594
69.252159118652 0.56538510322571 279.35549926758
69.45972442627 0.85517001152039 279.23852539062
69.691505432129 1.1331778764725 279.13989257812
69.938468933105 1.3995554447174 279.04611206055
70.199951171875 1.6494578123093 278.94653320312
70.462471008301 1.8984456062317 278.84735107422
70.727821350098 2.145001411438 278.74966430664
70.978538513184 2.4032025337219 278.64376831055
71.246299743652 2.6488616466522 278.5505065918
71.527984619141 2.8825314044952 278.46807861328
71.817825317383 3.1126182079315 278.40643310547
72.112823486328 3.3376874923706 278.35107421875
72.410102844238 3.5577552318573 278.28833007812
72.717720031738 3.7676486968994 278.24298095703
73.023834228516 3.9711408615112 278.16793823242
73.326812744141 4.1698808670044 278.07073974609
73.623413085938 4.3618750572205 277.94458007812
73.926689147949 4.5583381652832 277.84378051758
74.236335754395 4.7591214179993 277.77630615234
74.544509887695 4.9629435539246 277.71130371094
74.851707458496 5.1687440872192 277.64791870117
75.175735473633 5.353515625 277.60778808594
