70.225090026855 -4.0765023231506 269.30346679688
76.549919128418 0.56046444177628 273.29571533203
79.556167602539 -1.8935806751251 275.81604003906
80.13264465332 1.7908504009247 270.70101928711
70.110145568848 -3.7808682918549 269.47573852539
70.103530883789 -3.4770283699036 269.67044067383
70.169242858887 -3.183536529541 269.87002563477
70.297065734863 -2.9093873500824 270.06695556641
70.470993041992 -2.6568260192871 270.25735473633
70.679481506348 -2.4253177642822 270.43963623047
70.909454345703 -2.2095129489899 270.61520385742
71.154197692871 -2.0058763027191 270.78527832031
71.417045593262 -1.8190516233444 270.94741821289
71.691902160645 -1.6446877717972 271.10342407227
71.976806640625 -1.481750369072 271.25366210938
72.271270751953 -1.3306914567947 271.3977355957
72.57299041748 -1.1894372701645 271.53665161133
72.878028869629 -1.0529232025146 271.67306518555
73.186347961426 -0.92128241062164 271.80685424805
73.50301361084 -0.80294823646545 271.93338012695
73.820960998535 -0.68682157993317 272.05871582031
74.131301879883 -0.55828523635864 272.19082641602
74.445358276367 -0.43560999631882 272.31970214844
74.744903564453 -0.29135596752167 272.46020507812
75.039291381836 -0.14022549986839 272.60437011719
75.332710266113 0.012175716459751 272.74917602539
75.626838684082 0.16369299590588 272.89346313477
75.92594909668 0.30854457616806 273.03430175781
76.237854003906 0.43462306261063 273.16506958008
70.303573608398 -3.9218633174896 269.72396850586
70.506904602051 -3.6261968612671 269.99127197266
70.879707336426 -3.5357909202576 270.23803710938
71.184745788574 -3.3604607582092 270.53158569336
71.519660949707 -3.2333970069885 270.81771850586
71.871643066406 -3.1340188980103 271.09442138672
72.223472595215 -3.0440676212311 271.37451171875
72.570388793945 -2.9647085666656 271.66375732422
72.924896240234 -2.8934059143066 271.94586181641
73.279853820801 -2.8154230117798 272.22561645508
73.632614135742 -2.7438771724701 272.50967407227
74.002548217773 -2.6892805099487 272.77505493164
74.361869812012 -2.6091554164886 273.04833984375
74.737350463867 -2.563768863678 273.30770874023
75.104782104492 -2.5200228691101 273.57867431641
75.472152709961 -2.4687955379486 273.84826660156
75.859687805176 -2.4152047634125 274.08755493164
76.247436523438 -2.3382031917572 274.32006835938
76.638008117676 -2.2586903572083 274.54696655273
77.032836914062 -2.1899347305298 274.76989746094
77.437492370605 -2.1199615001678 274.97399902344
77.858810424805 -2.0732500553131 275.14907836914
78.281257629395 -2.0366418361664 275.32379150391
78.700950622559 -1.9639517068863 275.49380493164
79.128715515137 -1.9120246171951 275.65084838867
70.471504211426 -3.7001695632935 269.26940917969
70.605087280273 -3.296756029129 269.42108154297
70.944358825684 -3.0070436000824 269.50192260742
71.344146728516 -2.8118793964386 269.59393310547
71.712310791016 -2.5522804260254 269.6591796875
72.091262817383 -2.3056437969208 269.7109375
72.485366821289 -2.0802733898163 269.7444152832
72.882354736328 -1.8591611385345 269.77154541016
73.277305603027 -1.6355828046799 269.80694580078
73.672439575195 -1.4110738039017 269.83291625977
74.070602416992 -1.1907430887222 269.8447265625
74.47486114502 -0.98231416940689 269.86386108398
74.879669189453 -0.77549463510513 269.88809204102
75.281829833984 -0.56364154815674 269.91284179688
75.682571411133 -0.35100561380386 269.95037841797
76.082557678223 -0.14036674797535 270.00378417969
76.482887268066 0.073503509163857 270.03884887695
76.888198852539 0.27696195244789 270.07821655273
77.29833984375 0.46797230839729 270.12826538086
77.709114074707 0.64946043491364 270.20275878906
78.117630004883 0.82611536979675 270.29833984375
78.521224975586 1.0133436918259 270.39474487305
78.923164367676 1.2073466777802 270.484375
79.329086303711 1.3824821710587 270.59292602539
79.732833862305 1.5742837190628 270.67895507812
