76.58757019043 -12.333061218262 331.14440917969
71.251853942871 20.494709014893 339.98754882812
62.685466766357 12.824942588806 328.81747436523
61.738460540771 7.5430579185486 345.58200073242
77.854179382324 -11.490371704102 331.35635375977
78.756721496582 -10.289505004883 331.66799926758
79.611038208008 -9.0541343688965 331.98944091797
80.392593383789 -7.7747111320496 332.32348632812
81.135757446289 -6.4741659164429 332.66354370117
81.828758239746 -5.1481394767761 333.01098632812
82.323173522949 -3.7423865795135 333.38189697266
82.662925720215 -2.294487953186 333.76577758789
82.849365234375 -0.82122546434402 334.15811157227
82.906387329102 0.66167342662811 334.55432128906
82.84497833252 2.1441006660461 334.95169067383
82.668273925781 3.6175334453583 335.34796142578
82.354141235352 5.0690770149231 335.73983764648
81.977905273438 6.5066637992859 336.12857055664
81.525100708008 7.9232807159424 336.51257324219
80.985542297363 9.3110361099243 336.88980102539
80.349937438965 10.660082817078 337.25772094727
79.642150878906 11.975037574768 337.61721801758
78.883193969727 13.262983322144 337.97006225586
77.977828979492 14.459023475647 338.29989624023
76.862060546875 15.475409507751 338.58389282227
75.780746459961 16.526266098022 338.87680053711
74.61727142334 17.491764068604 339.14770507812
73.63695526123 18.631374359131 339.46322631836
72.446731567383 19.565605163574 339.72604370117
76.66121673584 -11.278496742249 330.47305297852
76.814880371094 -10.040454864502 330.34591674805
76.91056060791 -8.7929306030273 330.43402099609
76.971809387207 -7.5471277236938 330.56625366211
76.963401794434 -6.3002915382385 330.70254516602
76.851531982422 -5.0559887886047 330.81353759766
76.665435791016 -3.8166129589081 330.86239624023
76.406097412109 -2.5895717144012 330.87603759766
76.071327209473 -1.3808948993683 330.86828613281
75.467475891113 -0.30803450942039 330.64202880859
74.335372924805 -0.12556397914886 330.17727661133
73.149971008301 0.10247506201267 329.83786010742
72.058044433594 0.71075242757797 329.79565429688
71.264297485352 1.5093886852264 329.2580871582
70.422180175781 2.4217927455902 329.12448120117
69.634155273438 3.3231902122498 329.49710083008
69.119934082031 4.4625658988953 329.57040405273
68.961845397949 5.7016253471375 329.45935058594
68.692802429199 6.9254422187805 329.44403076172
68.189407348633 8.0732564926147 329.46496582031
67.53849029541 9.1396360397339 329.35675048828
66.786323547363 10.128418922424 329.18490600586
65.965911865234 11.051632881165 328.97229003906
64.912803649902 11.714471817017 328.8147277832
63.834358215332 12.340294837952 328.68176269531
76.611824035645 -11.751896858215 332.24935913086
76.7763671875 -10.764970779419 332.99502563477
76.838874816895 -9.6427383422852 333.53845214844
76.891510009766 -8.5186634063721 334.07968139648
76.839408874512 -7.3890299797058 334.60903930664
76.718376159668 -6.2717237472534 335.15316772461
76.514198303223 -5.1973152160645 335.75549316406
76.229583740234 -4.1511359214783 336.37475585938
75.966781616211 -3.135644197464 337.0520324707
75.338424682617 -2.3775537014008 337.81256103516
74.175132751465 -2.6891343593597 338.07000732422
72.964332580566 -2.7036998271942 338.32376098633
71.983726501465 -2.0309751033783 338.70428466797
71.025108337402 -1.304675579071 339.0400390625
70.057647705078 -0.58959877490997 339.36297607422
69.39128112793 0.25444290041924 339.99548339844
68.960670471191 1.1806205511093 340.7135925293
68.589836120605 2.1495885848999 341.40737915039
68.065521240234 3.1045935153961 342.01739501953
67.485038757324 4.0158791542053 342.64282226562
66.799850463867 4.8347697257996 343.28866577148
65.915748596191 5.4989819526672 343.86868286133
65.012245178223 6.151059627533 344.43118286133
63.951606750488 6.6801137924194 344.82409667969
62.873069763184 7.1750650405884 345.21255493164
