68.417442321777 2.3534460067749 276.60101318359
74.346305847168 -5.8039612770081 272.72445678711
69.980522155762 -2.8476209640503 267.31823730469
77.425628662109 0.84269100427628 270.28848266602
68.577049255371 1.962526679039 276.70538330078
68.76643371582 1.5724662542343 276.73937988281
68.961448669434 1.1841249465942 276.75799560547
69.162246704102 0.79830050468445 276.76025390625
69.373458862305 0.4192807674408 276.72988891602
69.590721130371 0.046014655381441 276.67837524414
69.813652038574 -0.32020223140717 276.60507202148
70.038116455078 -0.68416750431061 276.52548217773
70.265785217285 -1.0427751541138 276.4319152832
70.497741699219 -1.3924542665482 276.31744384766
70.731071472168 -1.738729596138 276.19561767578
70.966667175293 -2.0785439014435 276.06069946289
71.205780029297 -2.4050126075745 275.90124511719
71.446617126465 -2.7224493026733 275.7268371582
71.68985748291 -3.0171566009521 275.51910400391
71.932418823242 -3.3210101127625 275.32409667969
72.175674438477 -3.6155807971954 275.11614990234
72.419372558594 -3.8940644264221 274.88760375977
72.662986755371 -4.1651492118835 274.65020751953
72.906394958496 -4.4300627708435 274.40576171875
73.149703979492 -4.6924247741699 274.15844726562
73.390968322754 -4.9292960166931 273.88485717773
73.631637573242 -5.1606884002686 273.60607910156
73.871040344238 -5.382866859436 273.31881713867
74.109680175781 -5.5996327400208 273.02685546875
68.370452880859 2.0698714256287 276.26284790039
68.5 1.6892553567886 276.05535888672
68.606620788574 1.3413589000702 275.78955078125
68.702415466309 0.99756187200546 275.51327514648
68.79313659668 0.63338047266006 275.26156616211
68.883460998535 0.33435979485512 274.93463134766
68.959930419922 0.0047441907227039 274.63427734375
69.019607543945 -0.32372036576271 274.32897949219
69.0576171875 -0.6422803401947 274.00997924805
69.094207763672 -0.98042362928391 273.71166992188
69.13729095459 -1.2534455060959 273.35696411133
69.196166992188 -1.4915746450424 272.97708129883
69.272285461426 -1.7367776632309 272.60559082031
69.36595916748 -2.0068423748016 272.25491333008
69.573570251465 -2.1506497859955 271.88265991211
69.67032623291 -2.4112639427185 271.55874633789
69.7197265625 -2.6721966266632 271.22943115234
69.852935791016 -2.7198028564453 270.80084228516
69.889045715332 -2.91033244133 270.39205932617
70.000686645508 -2.8905420303345 269.97830200195
70.045654296875 -2.8459582328796 269.5498046875
69.96061706543 -2.8875358104706 269.10760498047
69.872001647949 -2.9371104240417 268.66821289062
69.908172607422 -2.9072806835175 268.21823120117
69.944351196289 -2.8774507045746 267.76821899414
68.850959777832 2.3320772647858 276.49725341797
69.209350585938 2.0483772754669 276.38070678711
69.536766052246 1.8302561044693 276.14270019531
69.77619934082 1.5908688306808 275.81243896484
70.149192810059 1.3930896520615 275.62591552734
70.550033569336 1.1935976743698 275.47427368164
70.951614379883 0.99486649036407 275.33090209961
71.403472900391 0.87748956680298 275.25497436523
71.849349975586 0.75993746519089 275.16427612305
72.227470397949 0.64040398597717 274.90649414062
72.53825378418 0.4889280796051 274.5871887207
72.866119384766 0.34889349341393 274.30056762695
73.323303222656 0.28320580720901 274.19863891602
73.735549926758 0.16803897917271 274.01455688477
74.121162414551 0.03393891826272 273.77627563477
74.506629943848 -0.080916367471218 273.52737426758
74.862594604492 -0.16826669871807 273.22952270508
75.099487304688 -0.2787159383297 272.83551025391
75.528305053711 -0.23680184781551 272.68041992188
75.903755187988 -0.15150780975819 272.43179321289
76.226455688477 -0.046402852982283 272.10256958008
76.531379699707 0.075341559946537 271.76211547852
76.779052734375 0.2464035898447 271.40197753906
76.994575500488 0.44516605138779 271.03082275391
77.210105895996 0.64392852783203 270.65963745117
