59.814346313477 8.0776777267456 271.65496826172
68.26831817627 -4.6023116111755 268.7799987793
73.644462585449 -0.071222275495529 265.40112304688
73.13850402832 -2.6921684741974 274.65966796875
59.468952178955 7.562780380249 271.48120117188
59.318119049072 6.9636197090149 271.2998046875
59.311420440674 6.3438777923584 271.12451171875
59.362350463867 5.7248363494873 270.95419311523
59.528755187988 5.1224994659424 270.79818725586
59.733520507812 4.5305237770081 270.64819335938
59.959911346436 3.9455139636993 270.50201416016
60.2200050354 3.3731043338776 270.36218261719
60.511726379395 2.814553976059 270.22885131836
60.838459014893 2.2738387584686 270.10342407227
61.192352294922 1.7489267587662 269.98474121094
61.56420135498 1.2354975938797 269.87078857422
61.94030380249 0.72493451833725 269.75796508789
62.351631164551 0.24002388119698 269.65533447266
62.769180297852 -0.23994129896164 269.55459594727
63.204437255859 -0.70508480072021 269.45944213867
63.661567687988 -1.1502923965454 269.37176513672
64.126876831055 -1.587527513504 269.28707885742
64.608985900879 -2.0073816776276 269.20861816406
65.113990783691 -2.4011461734772 269.1393737793
65.627311706543 -2.7846229076385 269.07376098633
66.140670776367 -3.1680636405945 269.00817871094
66.663673400879 -3.5389831066132 268.94689941406
67.19490814209 -3.8986549377441 268.88952636719
67.728706359863 -4.2546863555908 268.8332824707
60.095310211182 7.6484823226929 271.21444702148
60.331935882568 7.069938659668 270.96948242188
60.809658050537 6.6625485420227 270.71127319336
61.336082458496 6.2938628196716 270.49008178711
61.822662353516 5.88019323349 270.25836181641
62.331176757812 5.4940586090088 270.05242919922
62.879360198975 5.1417460441589 269.87780761719
63.38610458374 4.7446827888489 269.65927124023
63.917175292969 4.364520072937 269.4704284668
64.426376342773 3.9580063819885 269.27880859375
64.92552947998 3.5451743602753 269.07165527344
65.468566894531 3.1943874359131 268.86376953125
66.027198791504 2.8618135452271 268.66394042969
66.56175994873 2.509658575058 268.4345703125
67.152786254883 2.2348890304565 268.24169921875
67.722129821777 1.9618297815323 267.98892211914
68.289772033691 1.6929366588593 267.72796630859
68.861015319824 1.4294511079788 267.46936035156
69.434989929199 1.1719396114349 267.21081542969
70.02099609375 0.94424676895142 266.95343017578
70.62117767334 0.75548034906387 266.69519042969
71.208213806152 0.54315114021301 266.42587280273
71.793357849121 0.32553935050964 266.15640258789
72.402412414551 0.16884815692902 265.90127563477
73.0234375 0.048812940716743 265.65121459961
59.977905273438 7.4604525566101 271.90509033203
60.232215881348 6.8243374824524 271.88949584961
60.702045440674 6.3303923606873 271.96835327148
61.220573425293 5.8833107948303 272.01641845703
61.718070983887 5.4135584831238 272.07046508789
62.226177215576 4.9561395645142 272.13092041016
62.723930358887 4.4845652580261 272.16094970703
63.251655578613 4.0466637611389 272.18997192383
63.783939361572 3.6144244670868 272.21835327148
64.267044067383 3.1271915435791 272.23568725586
64.765144348145 2.655809879303 272.26330566406
65.28498840332 2.209903717041 272.30718994141
65.841049194336 1.8151118755341 272.38473510742
66.409934997559 1.4438190460205 272.48272705078
66.978775024414 1.0782124996185 272.60037231445
67.531059265137 0.68974208831787 272.72351074219
68.082229614258 0.30066853761673 272.84970092773
68.635833740234 -0.07572503387928 273.00109863281
69.183990478516 -0.43591868877411 273.20330810547
69.732856750488 -0.79800832271576 273.40005493164
70.286842346191 -1.1756452322006 273.54696655273
70.84391784668 -1.5456467866898 273.7014465332
71.404541015625 -1.8963520526886 273.88513183594
71.982521057129 -2.1616218090057 274.14331054688
72.560516357422 -2.4268987178802 274.40148925781
