60.083656311035 2.5891380310059 273.32052612305
76.40030670166 -7.1248998641968 273.51919555664
79.283340454102 -0.98103368282318 268.39730834961
77.200210571289 -1.5275554656982 279.4755859375
59.833202362061 1.8224023580551 273.25039672852
59.784183502197 1.0165833234787 273.18862915039
59.934986114502 0.22260938584805 273.13891601562
60.248790740967 -0.52282440662384 273.10180664062
60.704524993896 -1.191554069519 273.07821655273
61.266132354736 -1.7746737003326 273.06683349609
61.894401550293 -2.285471200943 273.064453125
62.567970275879 -2.7348041534424 273.06915283203
63.278079986572 -3.1237721443176 273.08026123047
64.002815246582 -3.4846587181091 273.09423828125
64.743705749512 -3.8109314441681 273.11169433594
65.489242553711 -4.1264023780823 273.1301574707
66.244857788086 -4.4167284965515 273.15103149414
67.00464630127 -4.6958794593811 273.17294311523
67.772819519043 -4.9508504867554 273.19717407227
68.542945861816 -5.1998119354248 273.22189331055
69.319877624512 -5.42640209198 273.24859619141
70.103874206543 -5.6268930435181 273.27767944336
70.889343261719 -5.821460723877 273.30722045898
71.677230834961 -6.0058174133301 273.33767700195
72.462211608887 -6.2023429870605 273.36709594727
73.242935180664 -6.4153814315796 273.39501953125
74.026893615723 -6.6159896850586 273.42404174805
74.817428588867 -6.7884907722473 273.45553588867
75.609321594238 -6.954532623291 273.48754882812
60.644477844238 2.2226114273071 272.86038208008
60.885318756104 1.4498692750931 272.67895507812
61.210998535156 0.70986288785934 272.5007019043
61.642063140869 0.13951236009598 272.15859985352
62.44397354126 0.22383171319962 271.9684753418
63.238048553467 0.43679010868073 271.85589599609
64.03588104248 0.62374103069305 271.73266601562
64.840927124023 0.65609151124954 271.54931640625
65.613311767578 0.46905472874641 271.3108215332
66.399940490723 0.30992037057877 271.10012817383
67.196067810059 0.17195752263069 270.91104125977
67.992317199707 0.030697563663125 270.72500610352
68.788833618164 -0.12000850588083 270.54766845703
69.586585998535 -0.26616641879082 270.37335205078
70.402008056641 -0.34716573357582 270.24249267578
71.218116760254 -0.42441359162331 270.11370849609
72.033164978027 -0.49978244304657 269.97735595703
72.844337463379 -0.56909644603729 269.81674194336
73.655410766602 -0.63866931200027 269.65579223633
74.463844299316 -0.71497124433517 269.48489379883
75.270301818848 -0.79604959487915 269.30697631836
76.076507568359 -0.87748122215271 269.1282043457
76.871192932129 -0.97532194852829 268.91024780273
77.665985107422 -1.0688816308975 268.69091796875
78.465209960938 -1.0991553068161 268.47015380859
60.480331420898 2.1348035335541 273.77346801758
60.755344390869 1.4154759645462 273.73175048828
61.000904083252 0.68605297803879 273.74536132812
61.443164825439 0.095347598195076 273.87109375
62.154560089111 0.022496838122606 274.13772583008
62.85523223877 0.20477424561977 274.40289306641
63.556022644043 0.39895838499069 274.64535522461
64.276054382324 0.36827003955841 274.91510009766
64.98078918457 0.21624684333801 275.189453125
65.681045532227 0.039456974714994 275.46002197266
66.374687194824 -0.1716498285532 275.72332763672
67.079238891602 -0.35750836133957 275.97503662109
67.807037353516 -0.48233190178871 276.1982421875
68.534927368164 -0.60682445764542 276.42132568359
69.263648986816 -0.7283136844635 276.64337158203
69.993324279785 -0.84567713737488 276.86447143555
70.722244262695 -0.958880007267 277.0901184082
71.449058532715 -1.0610512495041 277.32760620117
72.175918579102 -1.1566047668457 277.56759643555
72.902603149414 -1.2290819883347 277.8161315918
73.629928588867 -1.2925356626511 278.06521606445
74.358123779297 -1.3377593755722 278.31576538086
75.080993652344 -1.3961050510406 278.57821655273
75.769813537598 -1.522381067276 278.90155029297
76.48250579834 -1.5585466623306 279.19445800781
