85.400894165039 -5.7278151512146 401.00723266602
104.66480255127 7.4499382972717 406.86920166016
108.93323516846 -2.6686637401581 416.14883422852
112.50755310059 -0.175582036376 395.98059082031
85.205535888672 -4.734007358551 401.14047241211
85.253105163574 -3.7407205104828 401.31915283203
85.499481201172 -2.78036236763 401.52947998047
85.906661987305 -1.8748526573181 401.76052856445
86.450141906738 -1.044896364212 402.0041809082
87.060829162598 -0.26504150032997 402.25189208984
87.72029876709 0.47278255224228 402.50158691406
88.42015838623 1.172833442688 402.75241088867
89.150871276855 1.8410831689835 403.00354003906
89.912750244141 2.4736640453339 403.25442504883
90.703842163086 3.0689115524292 403.50439453125
91.519401550293 3.6309027671814 403.75329589844
92.354179382324 4.1650047302246 404.00100708008
93.201683044434 4.6792516708374 404.24771118164
94.079849243164 5.1401562690735 404.49102783203
94.975318908691 5.5681157112122 404.73193359375
95.884910583496 5.9667234420776 404.97048950195
96.808563232422 6.3338813781738 405.20635986328
97.753044128418 6.6473307609558 405.43688964844
98.712913513184 6.9125509262085 405.66207885742
99.685424804688 7.1329827308655 405.88198852539
100.6678314209 7.3118448257446 406.09664916992
101.66111755371 7.4314184188843 406.30319213867
102.65988922119 7.5059666633606 406.50305175781
103.66201782227 7.537693977356 406.69625854492
85.731460571289 -5.091833114624 401.87298583984
86.275672912598 -4.3738541603088 402.53735351562
86.956069946289 -4.0277643203735 403.36709594727
87.680038452148 -3.7401995658875 404.18215942383
88.455352783203 -3.5007164478302 404.96478271484
89.269157409668 -3.3403685092926 405.72860717773
90.106033325195 -3.2191777229309 406.474609375
90.960166931152 -3.0799796581268 407.19757080078
91.817016601562 -2.9541573524475 407.9182434082
92.739265441895 -2.9670062065125 408.56665039062
93.655456542969 -2.8974936008453 409.22030639648
94.593803405762 -2.8530766963959 409.84408569336
95.547370910645 -2.8349776268005 410.44570922852
96.515731811523 -2.8385615348816 411.02319335938
97.525276184082 -2.8654608726501 411.52471923828
98.543907165527 -2.9538435935974 412.00024414062
99.547660827637 -3.0147078037262 412.51022338867
100.51795959473 -3.0204219818115 413.08471679688
101.50945281982 -3.0125980377197 413.62182617188
102.51611328125 -3.0017507076263 414.12976074219
103.55262756348 -3.022088766098 414.57342529297
104.60282897949 -3.0241339206696 414.9841003418
105.66301727295 -2.9776301383972 415.36541748047
106.73376464844 -2.8858141899109 415.70693969727
107.82897186279 -2.7989366054535 415.96105957031
85.92440032959 -4.8524608612061 400.53616333008
86.664001464844 -4.0272536277771 400.39456176758
87.576431274414 -3.506796836853 399.98385620117
88.479850769043 -2.9883499145508 399.55599975586
89.476181030273 -2.63556432724 399.16223144531
90.479278564453 -2.2894313335419 398.78176879883
91.527786254883 -2.0417420864105 398.44821166992
92.570823669434 -1.7569922208786 398.12805175781
93.633209228516 -1.5577465295792 397.80618286133
94.704742431641 -1.3365216255188 397.53216552734
95.777565002441 -1.1092668771744 397.26840209961
96.854949951172 -0.90353292226791 397.00592041016
97.948631286621 -0.74177032709122 396.78268432617
99.050338745117 -0.60734909772873 396.58358764648
100.17004394531 -0.56057345867157 396.45642089844
101.29306793213 -0.54368948936462 396.35507202148
102.4066619873 -0.44308218359947 396.20672607422
103.52168273926 -0.33924141526222 396.072265625
104.64207458496 -0.25225818157196 395.97555541992
105.76426696777 -0.19219283759594 395.87939453125
106.88807678223 -0.16853068768978 395.7864074707
108.01461791992 -0.13691644370556 395.74060058594
109.14214324951 -0.11351428925991 395.72213745117
110.27001953125 -0.11315854638815 395.73028564453
111.39571380615 -0.14395467936993 395.79342651367
