63.497192382812 3.3936932086945 263.50341796875
81.438102722168 -4.8946843147278 265.19866943359
83.179634094238 -3.6007127761841 263.50408935547
83.109001159668 -3.4321749210358 267.11184692383
63.965213775635 2.7886486053467 263.58178710938
64.537422180176 2.2920415401459 263.65625
65.172897338867 1.866191983223 263.72790527344
65.837364196777 1.485468506813 263.79721069336
66.528106689453 1.1547696590424 263.86349487305
67.227729797363 0.84278637170792 263.92858886719
67.93367767334 0.54482364654541 263.99282836914
68.639068603516 0.24558021128178 264.05712890625
69.348266601562 -0.044573381543159 264.12084960938
70.058296203613 -0.33274355530739 264.18444824219
70.764350891113 -0.63043081760406 264.24868774414
71.472282409668 -0.92371302843094 264.31262207031
72.181228637695 -1.2145524024963 264.37637329102
72.891075134277 -1.5032033920288 264.44003295898
73.601783752441 -1.78979408741 264.50347900391
74.316200256348 -2.0670430660248 264.56637573242
75.031463623047 -2.3421683311462 264.62911987305
75.743659973145 -2.6250855922699 264.69232177734
76.457382202148 -2.9036238193512 264.75524902344
77.170516967773 -3.1834037303925 264.81826782227
77.881782531738 -3.4686172008514 264.88165283203
78.593048095703 -3.7538306713104 264.94506835938
79.304313659668 -4.0390439033508 265.00845336914
80.015571594238 -4.3242573738098 265.07186889648
80.726837158203 -4.6094708442688 265.13525390625
64.212203979492 3.0249555110931 263.45584106445
64.931289672852 2.6628353595734 263.42050170898
65.663566589355 2.3322393894196 263.35766601562
66.410034179688 2.0293519496918 263.33502197266
67.153739929199 1.719308257103 263.31930541992
67.899612426758 1.4141002893448 263.31921386719
68.649787902832 1.1212893724442 263.35025024414
69.406150817871 0.84768187999725 263.40057373047
70.165489196777 0.58461433649063 263.46105957031
70.921165466309 0.30809676647186 263.50537109375
71.677406311035 0.031907878816128 263.54138183594
72.43482208252 -0.24314405024052 263.55285644531
73.19115447998 -0.5211216211319 263.56573486328
73.944564819336 -0.8067307472229 263.58227539062
74.709991455078 -1.0552837848663 263.62478637695
75.478828430176 -1.2917541265488 263.67419433594
76.247291564941 -1.5331498384476 263.70010375977
77.014945983887 -1.7774065732956 263.72271728516
77.781814575195 -2.0243999958038 263.7421875
78.555183410645 -2.2502627372742 263.76089477539
79.331809997559 -2.4647097587585 263.77917480469
80.108024597168 -2.6814138889313 263.78021240234
80.883193969727 -2.9008519649506 263.75924682617
81.657920837402 -3.1194505691528 263.72079467773
82.428337097168 -3.338419675827 263.63146972656
64.165840148926 2.9932994842529 263.73794555664
64.898239135742 2.6850073337555 263.91403198242
65.642692565918 2.3900814056396 264.05981445312
66.394081115723 2.1036500930786 264.18563842773
67.144889831543 1.8142900466919 264.30813598633
67.895446777344 1.5233151912689 264.42837524414
68.645843505859 1.2274394035339 264.53704833984
69.395538330078 0.93009454011917 264.64660644531
70.143844604492 0.62995505332947 264.75799560547
70.90901184082 0.36827972531319 264.85018920898
71.682182312012 0.12762552499771 264.9323425293
72.449417114258 -0.12810124456882 265.02401733398
73.219116210938 -0.37783598899841 265.11148071289
73.992050170898 -0.61937433481216 265.19323730469
74.759353637695 -0.87430161237717 265.28659057617
75.521392822266 -1.1408207416534 265.39013671875
76.285552978516 -1.3943077325821 265.50952148438
77.052520751953 -1.6417943239212 265.62335205078
77.8251953125 -1.8771566152573 265.72357177734
78.59871673584 -2.10431432724 265.83541870117
79.368576049805 -2.3312983512878 265.97052001953
80.135246276855 -2.5588414669037 266.12182617188
80.891418457031 -2.7799942493439 266.32614135742
81.63794708252 -2.9901103973389 266.57315063477
82.376327514648 -3.206467628479 266.83853149414
