55.185005187988 -3.2837007045746 265.27075195312
67.806449890137 4.4754552841187 269.7255859375
72.537467956543 -0.36883410811424 271.58117675781
73.845657348633 2.1941998004913 265.00979614258
55.32409286499 -2.7785587310791 265.57598876953
55.667282104492 -2.3477973937988 265.83126831055
56.074069976807 -1.9592068195343 266.05938720703
56.517490386963 -1.6010149717331 266.26821899414
56.984798431396 -1.2657027244568 266.46243286133
57.466777801514 -0.94597935676575 266.64685058594
57.954452514648 -0.6326476931572 266.82723999023
58.450050354004 -0.32857769727707 267.00177001953
58.948574066162 -0.028054278343916 267.1741027832
59.454139709473 0.26368528604507 267.34094238281
59.965454101562 0.54796582460403 267.50308227539
60.477554321289 0.83120453357697 267.66455078125
60.992904663086 1.11006295681 267.82327270508
61.505325317383 1.3928643465042 267.98446655273
62.011135101318 1.6843185424805 268.15106201172
62.519821166992 1.972061753273 268.31533813477
63.029525756836 2.2584383487701 268.47885131836
63.540412902832 2.543285369873 268.6413269043
64.055000305176 2.8231871128082 268.80068969727
64.563186645508 3.111563205719 268.96536254883
65.055274963379 3.4197797775269 269.14254760742
65.552047729492 3.7224297523499 269.31622314453
66.083145141602 3.9785244464874 269.46069335938
66.635688781738 4.1984519958496 269.58264160156
67.211013793945 4.3692736625671 269.67407226562
55.717308044434 -3.0757117271423 265.75726318359
56.288196563721 -2.8132512569427 266.13452148438
56.970455169678 -2.56427526474 266.33319091797
57.649082183838 -2.2399098873138 266.33410644531
58.327602386475 -1.964414358139 266.49176025391
59.027118682861 -1.7578454017639 266.67590332031
59.717502593994 -1.5652395486832 266.90203857422
60.393604278564 -1.3711371421814 267.1706237793
61.081153869629 -1.1588095426559 267.39166259766
61.769836425781 -0.94467753171921 267.60797119141
62.470958709717 -0.74821418523788 267.79876708984
63.16040802002 -0.57184898853302 268.03674316406
63.832782745361 -0.41162249445915 268.33529663086
64.536430358887 -0.28643208742142 268.57223510742
65.254081726074 -0.18988752365112 268.76983642578
65.991058349609 -0.13288363814354 268.91320800781
66.716133117676 -0.063999399542809 269.09262084961
67.40909576416 0.036932799965143 269.36926269531
68.08748626709 0.067570827901363 269.69107055664
68.755348205566 0.096029080450535 270.0364074707
69.455795288086 0.1610237210989 270.23239135742
70.098358154297 0.14213192462921 270.51773071289
70.72826385498 0.10908511281013 270.76965332031
71.452545166016 0.079485192894936 270.76473999023
72.045631408691 -0.12265834957361 271.12045288086
55.813808441162 -2.9000639915466 265.14666748047
56.434146881104 -2.4553682804108 265.23205566406
57.050048828125 -2.0129172801971 265.36267089844
57.740447998047 -1.6942479610443 265.43240356445
58.4489402771 -1.4070363044739 265.51376342773
59.149219512939 -1.1068964004517 265.62213134766
59.867340087891 -0.86688804626465 265.75009155273
60.583480834961 -0.6067887544632 265.83554077148
61.273696899414 -0.29743984341621 265.95584106445
61.974319458008 -0.017950525507331 266.05288696289
62.707935333252 0.21368372440338 266.03359985352
63.438819885254 0.4499494433403 266.03552246094
64.157165527344 0.7074801325798 266.13491821289
64.878479003906 0.95814073085785 266.22229003906
65.621429443359 1.1587607860565 266.22222900391
66.366081237793 1.3494325876236 266.18865966797
67.089920043945 1.5276688337326 266.02380371094
67.822380065918 1.7202969789505 265.95474243164
68.571105957031 1.8786878585815 265.89001464844
69.320846557617 2.0181879997253 265.78701782227
70.055168151855 2.1447749137878 265.60601806641
70.797424316406 2.1947693824768 265.42324829102
71.552825927734 2.196195602417 265.27630615234
72.316040039062 2.1957805156708 265.18051147461
73.080848693848 2.1949901580811 265.09515380859
