66.111488342285 -7.6969127655029 278.69439697266
68.571189880371 -4.2013783454895 278.92291259766
73.683532714844 -5.6805377006531 283.69158935547
74.006576538086 -5.4952163696289 275.70565795898
66.04207611084 -7.5346713066101 278.69268798828
66.034591674805 -7.3583054542542 278.6953125
66.048858642578 -7.1823778152466 278.69943237305
66.056221008301 -7.0060267448425 278.70306396484
66.086158752441 -6.8321228027344 278.70822143555
66.137023925781 -6.6631941795349 278.71472167969
66.203804016113 -6.4999279975891 278.72216796875
66.27759552002 -6.3397240638733 278.72998046875
66.355979919434 -6.1817345619202 278.73809814453
66.437591552734 -6.025438785553 278.74639892578
66.546234130859 -5.8866209983826 278.75622558594
66.66251373291 -5.7541584968567 278.76644897461
66.785461425781 -5.6278924942017 278.77700805664
66.914016723633 -5.5073738098145 278.78787231445
67.051208496094 -5.3968334197998 278.79904174805
67.177169799805 -5.2735953330994 278.80975341797
67.318649291992 -5.1685857772827 278.82113647461
67.455123901367 -5.0571427345276 278.83233642578
67.592872619629 -4.9472808837891 278.84359741211
67.727355957031 -4.8334336280823 278.85470581055
67.872024536133 -4.7328934669495 278.86627197266
68.018585205078 -4.6351351737976 278.87789916992
68.16512298584 -4.5374217033386 278.88952636719
68.29663848877 -4.4201350212097 278.90051269531
68.443267822266 -4.3225874900818 278.91213989258
66.297317504883 -7.4614696502686 278.92807006836
66.376113891602 -7.0992574691772 279.03030395508
66.546379089355 -6.7922630310059 279.18606567383
66.794250488281 -6.5713610649109 279.38247680664
67.041313171387 -6.3695378303528 279.59893798828
67.296157836914 -6.2118892669678 279.84191894531
67.534545898438 -6.0471367835999 280.09652709961
67.757186889648 -5.8898458480835 280.36871337891
67.98844909668 -5.6786341667175 280.59103393555
68.260597229004 -5.6047620773315 280.85348510742
68.572288513184 -5.6022901535034 281.08081054688
68.892112731934 -5.6176776885986 281.29586791992
69.229782104492 -5.6528840065002 281.47918701172
69.561141967773 -5.6869125366211 281.67385864258
69.888298034668 -5.7199487686157 281.8757019043
70.220733642578 -5.7568979263306 282.06796264648
70.566825866699 -5.8047561645508 282.23162841797
70.90950012207 -5.8411459922791 282.40509033203
71.24437713623 -5.8556714057922 282.59613037109
71.594161987305 -5.8844323158264 282.75640869141
71.940635681152 -5.8951940536499 282.92578125
72.264152526855 -5.8788166046143 283.13537597656
72.611869812012 -5.8467235565186 283.29946899414
72.959678649902 -5.8150730133057 283.46347045898
73.315383911133 -5.7406644821167 283.59301757812
66.292190551758 -7.4306311607361 278.55633544922
66.462699890137 -7.1244406700134 278.53201293945
66.697708129883 -6.8664646148682 278.49276733398
66.961402893066 -6.657555103302 278.38998413086
67.241065979004 -6.4867134094238 278.26159667969
67.529502868652 -6.3404383659363 278.12255859375
67.819641113281 -6.2109589576721 277.97100830078
68.108512878418 -6.0988125801086 277.80395507812
68.393920898438 -5.9961543083191 277.62539672852
68.687049865723 -5.9255595207214 277.44412231445
69.006851196289 -5.8702702522278 277.30792236328
69.33708190918 -5.8401365280151 277.18978881836
69.668701171875 -5.8355159759521 277.07165527344
70.000068664551 -5.8352284431458 276.95275878906
70.330474853516 -5.8463840484619 276.83169555664
70.662994384766 -5.8549675941467 276.71636962891
70.99536895752 -5.8434953689575 276.60089111328
71.326866149902 -5.8176546096802 276.48516845703
71.661071777344 -5.7872905731201 276.37869262695
71.996376037598 -5.7625503540039 276.27426147461
72.333564758301 -5.7487287521362 276.17395019531
72.675300598145 -5.7316265106201 276.09106445312
73.011940002441 -5.6924614906311 275.99572753906
73.345352172852 -5.639214515686 275.89596557617
73.682762145996 -5.5774393081665 275.8166809082
