89.3427734375 -6.5009188652039 328.81811523438
50.510280609131 -22.716505050659 328.83224487305
34.689571380615 -12.747177124023 341.4108581543
31.3369140625 -13.662064552307 315.82867431641
88.468116760254 -7.8756637573242 328.81649780273
87.102813720703 -8.7719430923462 328.81634521484
85.669387817383 -9.5544948577881 328.81646728516
84.177307128906 -10.218791007996 328.81698608398
82.67049407959 -10.848972320557 328.81750488281
81.156616210938 -11.461636543274 328.81814575195
79.607757568359 -11.979900360107 328.81893920898
78.04322052002 -12.448714256287 328.81985473633
76.493980407715 -12.965824127197 328.82067871094
74.959831237793 -13.526190757751 328.82141113281
73.488311767578 -14.233345031738 328.82174682617
71.947906494141 -14.776260375977 328.82250976562
70.415977478027 -15.342662811279 328.82321166992
68.875434875488 -15.885204315186 328.8239440918
67.337478637695 -16.435024261475 328.82467651367
65.799598693848 -16.985055923462 328.82540893555
64.25609588623 -17.519094467163 328.82623291016
62.701000213623 -18.018346786499 328.82705688477
61.166446685791 -18.577602386475 328.82775878906
59.630905151367 -19.134113311768 328.82849121094
58.114826202393 -19.741664886475 328.8291015625
56.587471008301 -20.320289611816 328.8298034668
55.056354522705 -20.888872146606 328.83044433594
53.534557342529 -21.481956481934 328.83108520508
52.020397186279 -22.09428024292 328.83166503906
87.256011962891 -6.6208987236023 329.42520141602
85.113571166992 -6.7476506233215 329.78820800781
82.980895996094 -6.8170638084412 330.21807861328
80.856925964355 -6.847583770752 330.69320678711
78.739952087402 -6.9075756072998 331.19592285156
76.632614135742 -7.0039248466492 331.73236083984
74.518241882324 -7.0979719161987 332.24081420898
72.398567199707 -7.1905198097229 332.72689819336
70.291122436523 -7.3580098152161 333.24514770508
68.186553955078 -7.5407824516296 333.76983642578
66.081581115723 -7.7244882583618 334.29254150391
63.957302093506 -7.9596338272095 334.70495605469
61.833042144775 -8.1950654983521 335.11727905273
59.716247558594 -8.5218877792358 335.50494384766
57.602237701416 -8.8739652633667 335.88562011719
55.490398406982 -9.2381153106689 336.26702880859
53.389835357666 -9.6594181060791 336.65179443359
51.289249420166 -10.080651283264 337.03656005859
49.177547454834 -10.460715293884 337.40289306641
47.0654296875 -10.821716308594 337.78570556641
44.959892272949 -11.142586708069 338.23480224609
42.864250183105 -11.452833175659 338.73477172852
40.786102294922 -11.751615524292 339.30917358398
38.715839385986 -12.06928730011 339.9016418457
36.706874847412 -12.386855125427 340.67697143555
87.124938964844 -6.7299857139587 328.21688842773
84.851081848145 -6.9368014335632 327.8681640625
82.603507995605 -7.1310892105103 327.37322998047
80.351203918457 -7.1342878341675 326.8606262207
78.106712341309 -7.1287789344788 326.31503295898
75.869651794434 -7.2004899978638 325.74401855469
73.630424499512 -7.3143682479858 325.18859863281
71.402839660645 -7.4575924873352 324.5944519043
69.178550720215 -7.6412100791931 323.99917602539
66.957214355469 -7.8938102722168 323.41833496094
64.713676452637 -8.1313934326172 322.92272949219
62.452320098877 -8.355263710022 322.50827026367
60.194889068604 -8.6185626983643 322.09582519531
57.952934265137 -8.9992303848267 321.69033813477
55.712173461914 -9.3880033493042 321.28598022461
53.478157043457 -9.8195266723633 320.88766479492
51.243667602539 -10.246744155884 320.48742675781
49.004810333252 -10.628901481628 320.06652832031
46.766021728516 -11.01092338562 319.64517211914
44.541530609131 -11.365498542786 319.13372802734
42.317584991455 -11.694710731506 318.60327148438
40.079780578613 -11.964082717896 318.09796142578
37.869625091553 -12.243083000183 317.48718261719
35.712280273438 -12.609765052795 316.74755859375
33.570796966553 -13.11683177948 316.04577636719
