100.83995056152 -3.9708676338196 436.91934204102
91.255706787109 -0.92711573839188 444.21716308594
89.001731872559 -5.6907515525818 443.75500488281
93.734016418457 -3.824978351593 447.13076782227
100.58722686768 -3.5548346042633 436.97692871094
100.24163818359 -3.2628865242004 437.16693115234
99.877044677734 -3.0284037590027 437.39685058594
99.51587677002 -2.7811450958252 437.61862182617
99.143737792969 -2.5835809707642 437.8701171875
98.771171569824 -2.3884959220886 438.12289428711
98.394485473633 -2.2281863689423 438.39340209961
98.016410827637 -2.090184211731 438.67407226562
97.637901306152 -1.9734543561935 438.96371459961
97.259452819824 -1.8660014867783 439.25695800781
96.881416320801 -1.7722973823547 439.55541992188
96.503204345703 -1.6744953393936 439.85232543945
96.126617431641 -1.604196190834 440.15893554688
95.751029968262 -1.5452316999435 440.46914672852
95.377838134766 -1.5066428184509 440.78540039062
95.000709533691 -1.4293948411942 441.08963012695
94.624320983887 -1.3619515895844 441.39712524414
94.248046875 -1.2956416606903 441.70501708984
93.875762939453 -1.2632834911346 442.02301025391
93.499183654785 -1.1933808326721 442.32971191406
93.125190734863 -1.1489024162292 442.6442565918
92.751693725586 -1.1079330444336 442.95983886719
92.378318786621 -1.0678372383118 443.2756652832
92.004608154297 -1.0251116752625 443.59075927734
91.631065368652 -0.98393326997757 443.90628051758
100.30271911621 -3.9379885196686 436.97622680664
99.765487670898 -3.9051089286804 437.03308105469
99.275169372559 -3.8894066810608 437.26110839844
98.788566589355 -3.8746502399445 437.49758911133
98.332504272461 -3.8741595745087 437.78890991211
97.911399841309 -3.8872363567352 438.12860107422
97.490730285645 -3.9004838466644 438.46890258789
97.061592102051 -3.9185655117035 438.79818725586
96.61360168457 -3.9480903148651 439.10040283203
96.165138244629 -3.9779043197632 439.40194702148
95.732040405273 -4.0425095558167 439.71997070312
95.318046569824 -4.1437177658081 440.05346679688
94.904716491699 -4.2461981773376 440.38751220703
94.386161804199 -4.2446775436401 440.52984619141
93.947372436523 -4.3197755813599 440.83709716797
93.567428588867 -4.4449329376221 441.20162963867
93.170295715332 -4.5768456459045 441.54470825195
92.736488342285 -4.72345495224 441.83319091797
92.311103820801 -4.8656377792358 442.13540649414
91.819885253906 -4.9941654205322 442.32281494141
91.329277038574 -5.1261878013611 442.50936889648
90.840446472168 -5.2499952316284 442.70593261719
90.362632751465 -5.3680143356323 442.93096923828
89.913818359375 -5.4907636642456 443.20742797852
89.45777130127 -5.5907592773438 443.48120117188
100.69079589844 -3.7586176395416 437.33905029297
100.500831604 -3.5598957538605 437.7487487793
100.19117736816 -3.4150671958923 438.10433959961
99.866821289062 -3.3249833583832 438.46496582031
99.541046142578 -3.2415902614594 438.82604980469
99.212989807129 -3.1727657318115 439.18811035156
98.877998352051 -3.1846976280212 439.54971313477
98.542655944824 -3.2005882263184 439.91131591797
98.207321166992 -3.2164785861969 440.27291870117
97.895851135254 -3.2014679908752 440.65505981445
97.591018676758 -3.1782603263855 441.04235839844
97.277694702148 -3.2018015384674 441.42242431641
96.976211547852 -3.2290847301483 441.81204223633
96.62939453125 -3.3907508850098 442.1174621582
96.365516662598 -3.3846418857574 442.52770996094
96.067321777344 -3.4294726848602 442.91720581055
95.751556396484 -3.5080463886261 443.28793334961
95.442253112793 -3.5788657665253 443.6657409668
95.157737731934 -3.6182758808136 444.06658935547
94.949424743652 -3.6099953651428 444.51226806641
94.903938293457 -3.5184905529022 444.99157714844
94.69701385498 -3.5545456409454 445.43078613281
94.447822570801 -3.6472504138947 445.84625244141
94.209884643555 -3.7064940929413 446.2744140625
93.971954345703 -3.7657346725464 446.70260620117
