68.262229919434 -3.8262963294983 269.65182495117
79.991828918457 0.74910515546799 273.45150756836
82.077941894531 -3.2216813564301 273.95001220703
82.476318359375 0.099158503115177 269.47186279297
68.473037719727 -3.4917402267456 269.98156738281
68.813629150391 -3.2090353965759 270.24719238281
69.179298400879 -2.9417259693146 270.49481201172
69.568565368652 -2.6913590431213 270.72302246094
69.99308013916 -2.4709677696228 270.91732788086
70.425415039062 -2.2584352493286 271.10287475586
70.870101928711 -2.0592877864838 271.27352905273
71.32194519043 -1.8686269521713 271.43481445312
71.781234741211 -1.6874582767487 271.58569335938
72.246284484863 -1.5141490697861 271.72793579102
72.715423583984 -1.3467996120453 271.86373901367
73.188941955566 -1.1861306428909 271.9921875
73.664237976074 -1.0282859802246 272.11755371094
74.142776489258 -0.87585216760635 272.23715209961
74.622451782227 -0.72532111406326 272.35461425781
75.102996826172 -0.57632505893707 272.4704284668
75.586524963379 -0.43268641829491 272.58047485352
76.071075439453 -0.29093703627586 272.68844604492
76.555274963379 -0.14856179058552 272.79718017578
77.035888671875 0.00029181252466515 272.9128112793
77.529205322266 0.12402147054672 273.00146484375
78.013534545898 0.2661651968956 273.10986328125
78.510887145996 0.38031575083733 273.18823242188
79.003059387207 0.50665217638016 273.27963256836
79.495635986328 0.63206887245178 273.37005615234
68.688636779785 -3.8914921283722 270.00238037109
69.130310058594 -3.6537325382233 270.25476074219
69.659538269043 -3.5582282543182 270.42770385742
70.183891296387 -3.4593997001648 270.61328125
70.710494995117 -3.360823392868 270.79229736328
71.245140075684 -3.2644267082214 270.94723510742
71.781845092773 -3.1740636825562 271.09860229492
72.32056427002 -3.0946569442749 271.24899291992
72.857559204102 -3.0071127414703 271.40103149414
73.39469909668 -2.9167654514313 271.55047607422
73.942832946777 -2.8431642055511 271.66479492188
74.481155395508 -2.7943153381348 271.82897949219
75.020935058594 -2.7629735469818 271.99234008789
75.570259094238 -2.7628104686737 272.12408447266
76.117866516113 -2.7828185558319 272.26147460938
76.664070129395 -2.8131585121155 272.40237426758
77.206329345703 -2.8624749183655 272.55294799805
77.750503540039 -2.9138748645782 272.69564819336
78.298698425293 -2.9699075222015 272.82006835938
78.845008850098 -3.0193679332733 272.95486450195
79.380615234375 -3.0405745506287 273.13327026367
79.916488647461 -3.0658140182495 273.31030273438
80.453231811523 -3.1078112125397 273.48141479492
80.993629455566 -3.1467878818512 273.64138793945
81.535789489746 -3.1842350959778 273.79568481445
68.709403991699 -3.4843122959137 269.55780029297
69.176490783691 -3.1944894790649 269.71957397461
69.724052429199 -3.0224080085754 269.76528930664
70.26741027832 -2.8445203304291 269.8337097168
70.808609008789 -2.6583003997803 269.89691162109
71.350654602051 -2.4798192977905 269.97259521484
71.904609680176 -2.3357927799225 270.02920532227
72.424163818359 -2.1041779518127 270.11779785156
72.961357116699 -1.9059793949127 270.17630004883
73.515884399414 -1.7694240808487 270.24978637695
74.07250213623 -1.6308505535126 270.29769897461
74.64185333252 -1.5487394332886 270.31927490234
75.199867248535 -1.4067369699478 270.32385253906
75.756866455078 -1.261546254158 270.31069946289
76.317985534668 -1.1407634019852 270.2646484375
76.877319335938 -1.0211187601089 270.19842529297
77.43132019043 -0.8898965716362 270.11239624023
77.993743896484 -0.79047751426697 270.03915405273
78.552619934082 -0.68478780984879 269.94943237305
79.116264343262 -0.58935445547104 269.88040161133
79.67830657959 -0.47936546802521 269.82049560547
80.238655090332 -0.35759609937668 269.76791381836
80.798141479492 -0.23877544701099 269.70135498047
81.357284545898 -0.12049744278193 269.63104248047
81.914215087891 -0.00067677139304578 269.54702758789
