51.903663635254 -8.0567245483398 264.2698059082
75.645065307617 2.9291205406189 267.81900024414
79.302101135254 0.30484041571617 274.54623413086
81.466682434082 -1.1022425889969 264.62731933594
52.187965393066 -7.1038379669189 264.15087890625
53.027816772461 -6.5102596282959 264.23611450195
53.935066223145 -6.0321311950684 264.36029052734
54.856422424316 -5.584342956543 264.49380493164
55.782802581787 -5.1481308937073 264.630859375
56.705654144287 -4.7037959098816 264.76541137695
57.637470245361 -4.2805843353271 264.90628051758
58.564144134521 -3.8450312614441 265.04345703125
59.492866516113 -3.4143612384796 265.18212890625
60.427688598633 -2.9985523223877 265.3251953125
61.363773345947 -2.5859096050262 265.46911621094
62.303623199463 -2.1829431056976 265.6159362793
63.242969512939 -1.7786382436752 265.76229858398
64.184921264648 -1.3811739683151 265.91064453125
65.125679016113 -0.98056691884995 266.05810546875
66.067207336426 -0.58205628395081 266.20617675781
67.017532348633 -0.20771001279354 266.36108398438
67.963775634766 0.1781233549118 266.51278686523
68.914596557617 0.55104696750641 266.66809082031
69.866333007812 0.9213011264801 266.82421875
70.821434020996 1.2815581560135 266.98303222656
71.785026550293 1.6149175167084 267.14920043945
72.74976348877 1.9444493055344 267.31640625
73.712623596191 2.2802572250366 267.48187255859
74.678153991699 2.6070694923401 267.64981079102
52.820755004883 -7.62872838974 264.86880493164
53.860614776611 -7.2788763046265 265.29223632812
54.901512145996 -6.9298572540283 265.71383666992
55.997081756592 -6.6537294387817 266.04019165039
57.100791931152 -6.390664100647 266.34945678711
58.204502105713 -6.1276097297668 266.65875244141
59.287582397461 -5.7888369560242 266.96728515625
60.359687805176 -5.4161477088928 267.27505493164
61.431781768799 -5.0434150695801 267.58282470703
62.510437011719 -4.6919765472412 267.89270019531
63.597686767578 -4.3707990646362 268.20538330078
64.684951782227 -4.0497007369995 268.51806640625
65.772216796875 -3.7286028862 268.8307800293
66.841537475586 -3.3824455738068 269.17684936523
67.895606994629 -3.0169098377228 269.54879760742
68.949600219727 -2.6512997150421 269.9208984375
70.004180908203 -2.2948424816132 270.30017089844
71.060005187988 -1.9749097824097 270.70745849609
72.115829467773 -1.6551760435104 271.11492919922
73.169364929199 -1.3324790000916 271.52597045898
74.206336975098 -0.98936730623245 271.96185302734
75.245536804199 -0.68614238500595 272.42135620117
76.275344848633 -0.42622956633568 272.92626953125
77.315437316895 -0.14194396138191 273.39575195312
78.346290588379 0.15406292676926 273.8782043457
53.043991088867 -7.8857293128967 264.06695556641
54.164909362793 -7.5554370880127 263.98977661133
55.301029205322 -7.2718806266785 264.01577758789
56.437149047852 -6.9883251190186 264.04177856445
57.573181152344 -6.7047009468079 264.06921386719
58.705379486084 -6.4181175231934 264.15771484375
59.835163116455 -6.1305708885193 264.27066040039
60.964950561523 -5.8430242538452 264.38360595703
62.094718933105 -5.5552463531494 264.49600219727
63.223724365234 -5.2548661231995 264.57946777344
64.351913452148 -4.9473247528076 264.64627075195
65.480094909668 -4.6397838592529 264.71307373047
66.608421325684 -4.3327622413635 264.77981567383
67.746734619141 -4.0641422271729 264.8424987793
68.886520385742 -3.8015863895416 264.90417480469
70.026176452637 -3.5334756374359 264.93807983398
71.165618896484 -3.2632420063019 264.96032714844
72.309326171875 -3.0121796131134 264.98764038086
73.455024719238 -2.7698535919189 265.0090637207
74.595886230469 -2.5110280513763 264.95162963867
75.739654541016 -2.2633862495422 264.90362548828
76.892387390137 -2.056572675705 264.88864135742
78.022262573242 -1.767399430275 264.78112792969
79.179779052734 -1.5891593694687 264.76574707031
80.326538085938 -1.3577346801758 264.70886230469
