67.268348693848 -1.2146691083908 269.32171630859
80.610809326172 -3.8600895404816 271.74606323242
83.308486938477 -0.89723324775696 268.79373168945
83.249198913574 -0.086882278323174 275.12762451172
67.687561035156 -1.5307364463806 269.41708374023
68.185485839844 -1.6981309652328 269.51321411133
68.69206237793 -1.8377830982208 269.60852050781
69.20482635498 -1.953460931778 269.7028503418
69.719139099121 -2.0622763633728 269.796875
70.235847473145 -2.1597311496735 269.89028930664
70.751205444336 -2.263680934906 269.9841003418
71.268844604492 -2.3562099933624 270.07736206055
71.785148620605 -2.4555950164795 270.17092895508
72.302879333496 -2.54763007164 270.26412963867
72.82007598877 -2.6425232887268 270.35748291016
73.337272644043 -2.7374219894409 270.45077514648
73.854476928711 -2.8322026729584 270.54415893555
74.371597290039 -2.9275238513947 270.63748168945
74.888259887695 -3.025107383728 270.73095703125
75.406806945801 -3.1126897335052 270.8239440918
75.926750183105 -3.1921019554138 270.91647338867
76.44539642334 -3.2790915966034 271.00942993164
76.962242126465 -3.3758108615875 271.10284423828
77.480880737305 -3.4628975391388 271.19577026367
78.00040435791 -3.544778585434 271.28845214844
78.519027709961 -3.6319525241852 271.38137817383
79.040298461914 -3.7027244567871 271.47344970703
79.562057495117 -3.770227432251 271.56521606445
80.085830688477 -3.8212594985962 271.65606689453
67.885620117188 -1.2114292383194 269.26565551758
68.503265380859 -1.2617603540421 269.24722290039
69.123001098633 -1.2749421596527 269.23385620117
69.742340087891 -1.3009660243988 269.22088623047
70.362091064453 -1.3187236785889 269.21685791016
70.982078552246 -1.3228257894516 269.22183227539
71.601783752441 -1.3132144212723 269.22146606445
72.212203979492 -1.221830368042 269.28005981445
72.822357177734 -1.1189367771149 269.31115722656
73.442283630371 -1.1298817396164 269.31350708008
74.061958312988 -1.1491945981979 269.3200378418
74.68196105957 -1.1487431526184 269.32391357422
75.301460266113 -1.1360454559326 269.34548950195
75.921371459961 -1.1334030628204 269.33465576172
76.541107177734 -1.1161124706268 269.3424987793
77.160888671875 -1.0989190340042 269.34066772461
77.78050994873 -1.0870499610901 269.32165527344
78.400199890137 -1.0708516836166 269.30947875977
79.018714904785 -1.0277646780014 269.30749511719
79.634712219238 -0.98833292722702 269.24896240234
80.244300842285 -0.9343980550766 269.14935302734
80.856559753418 -0.90909457206726 269.05484008789
81.467864990234 -0.80754411220551 269.03433227539
82.080993652344 -0.8047821521759 268.94253540039
82.694358825684 -0.84549033641815 268.86157226562
67.880653381348 -1.1486667394638 269.55114746094
68.504119873047 -1.1765908002853 269.75936889648
69.128524780273 -1.196240067482 269.96569824219
69.754096984863 -1.199693441391 270.16928100586
70.382743835449 -1.1829913854599 270.36260986328
71.009704589844 -1.1736917495728 270.56170654297
71.638145446777 -1.1388499736786 270.75216674805
72.264724731445 -1.0291632413864 270.91943359375
72.895248413086 -0.98296350240707 271.10147094727
73.520690917969 -0.93575155735016 271.29998779297
74.149063110352 -0.91637635231018 271.49392700195
74.772247314453 -0.89495784044266 271.70373535156
75.39525604248 -0.85419094562531 271.91122436523
76.016670227051 -0.81703007221222 272.12405395508
76.630645751953 -0.78725379705429 272.35858154297
77.245315551758 -0.74303698539734 272.58892822266
77.848625183105 -0.69419467449188 272.84677124023
78.454162597656 -0.62420040369034 273.09429931641
79.05931854248 -0.54546701908112 273.34014892578
79.661277770996 -0.45436650514603 273.58953857422
80.245552062988 -0.3343665599823 273.86715698242
80.83422088623 -0.21153850853443 274.1340637207
81.42830657959 -0.23850253224373 274.41519165039
82.03352355957 -0.25094982981682 274.67288208008
82.65601348877 -0.23450045287609 274.88513183594
