52.921882629395 -48.211479187012 335.06060791016
66.239700317383 -22.683507919312 332.27825927734
50.934871673584 -26.73752784729 325.71014404297
54.300899505615 -25.059171676636 344.19763183594
54.210788726807 -48.288097381592 334.88681030273
55.473167419434 -48.042602539062 334.70455932617
56.690967559814 -47.618934631348 334.5217590332
57.884536743164 -47.129558563232 334.33978271484
59.072620391846 -46.62674331665 334.15814208984
60.15637588501 -45.928516387939 333.98342895508
61.156444549561 -45.111042022705 333.8157043457
62.15550994873 -44.29182434082 333.64804077148
63.074295043945 -43.38285446167 333.48797607422
63.89591217041 -42.383514404297 333.337890625
64.63843536377 -41.322746276855 333.19641113281
65.335395812988 -40.230609893799 333.05987548828
65.974960327148 -39.10319519043 332.92999267578
66.53556060791 -37.933685302734 332.8092956543
66.99723815918 -36.720764160156 332.70056152344
67.357200622559 -35.472801208496 332.60440063477
67.623008728027 -34.200504302979 332.52032470703
67.801948547363 -32.9123878479 332.44750976562
67.874031066895 -31.613395690918 332.3889465332
67.84211730957 -30.312173843384 332.34457397461
67.716117858887 -29.016222000122 332.31323242188
67.494430541992 -27.73295211792 332.29550170898
67.288475036621 -26.446716308594 332.27554321289
66.930320739746 -25.195861816406 332.27774047852
66.581878662109 -23.940595626831 332.27844238281
53.168182373047 -47.946369171143 334.09750366211
53.70112991333 -47.386947631836 333.41223144531
54.253345489502 -46.6962890625 332.87847900391
54.689788818359 -45.87015914917 332.43649291992
55.110332489014 -45.034324645996 331.9973449707
55.516139984131 -44.189853668213 331.56094360352
55.796184539795 -43.287620544434 331.14157104492
56.053073883057 -42.377735137939 330.7239074707
56.262893676758 -41.455730438232 330.30657958984
56.431495666504 -40.509498596191 329.9264831543
56.574131011963 -39.550834655762 329.56747436523
56.567440032959 -38.561897277832 329.26901245117
55.773502349854 -38.055522918701 328.87600708008
54.82258605957 -37.688827514648 328.71832275391
54.230125427246 -36.901184082031 328.42443847656
54.13854598999 -35.976940155029 327.97332763672
54.213905334473 -35.037776947021 327.55322265625
54.187995910645 -34.025672912598 327.35150146484
54.028171539307 -33.007396697998 327.28897094727
53.717998504639 -32.034530639648 327.12908935547
53.367317199707 -31.08350944519 326.93612670898
52.841300964355 -30.278081893921 326.55807495117
52.316211700439 -29.470802307129 326.18399047852
51.836494445801 -28.573274612427 326.0036315918
51.383590698242 -27.65131187439 325.88897705078
53.530303955078 -47.895980834961 335.90957641602
54.282909393311 -47.199333190918 336.29531860352
54.981861114502 -46.399173736572 336.56439208984
55.613792419434 -45.544868469238 336.83291625977
56.181522369385 -44.638233184814 337.07162475586
56.732391357422 -43.715179443359 337.28561401367
57.294345855713 -42.857074737549 337.67071533203
57.786552429199 -41.949440002441 338.03805541992
58.163707733154 -40.963268280029 338.33038330078
58.54381942749 -39.975429534912 338.61492919922
58.809158325195 -38.961845397949 338.93493652344
58.313705444336 -38.145832061768 339.43450927734
57.322208404541 -37.819004058838 339.75366210938
56.608470916748 -37.151725769043 340.20278930664
56.427391052246 -36.173412322998 340.66021728516
56.378051757812 -35.152397155762 341.04849243164
56.536128997803 -34.128273010254 341.39581298828
56.43493270874 -33.065063476562 341.64144897461
56.276168823242 -32.008232116699 341.87814331055
56.073577880859 -31.025960922241 342.31948852539
55.827754974365 -30.08913230896 342.82968139648
55.412456512451 -29.135103225708 343.17370605469
54.962760925293 -28.170463562012 343.43487548828
54.597297668457 -27.15896987915 343.64251708984
54.449096679688 -26.109071731567 343.92007446289
