58.335155487061 -6.2120838165283 271.34530639648
68.676986694336 3.337185382843 273.94039916992
75.140823364258 0.61564254760742 281.89593505859
77.674522399902 -0.30813094973564 271.30349731445
58.119304656982 -5.678008556366 271.26129150391
58.204860687256 -5.1001744270325 271.26245117188
58.398452758789 -4.5498065948486 271.2958984375
58.652946472168 -4.0263438224792 271.34802246094
58.967662811279 -3.5389888286591 271.41897583008
59.317245483398 -3.0778534412384 271.50106811523
59.699157714844 -2.6451909542084 271.59368896484
60.093715667725 -2.2249541282654 271.69036865234
60.5078125 -1.825564622879 271.79357910156
60.9294090271 -1.4348253011703 271.89935302734
61.371635437012 -1.0696257352829 272.01205444336
61.81909942627 -0.71144545078278 272.12658691406
62.277290344238 -0.36835011839867 272.24481201172
62.748504638672 -0.04504731670022 272.36758422852
63.222465515137 0.27382385730743 272.49136352539
63.700714111328 0.58563250303268 272.61663818359
64.186370849609 0.88463854789734 272.74459838867
64.670707702637 1.1859648227692 272.87210083008
65.160827636719 1.4768908023834 273.00164794922
65.655876159668 1.7585154771805 273.13302612305
66.157287597656 2.0274932384491 273.26672363281
66.648300170898 2.3167433738708 273.39663696289
67.14372253418 2.597644329071 273.52813720703
67.639717102051 2.8774027824402 273.65985107422
68.162567138672 3.0967943668365 273.8017578125
58.602394104004 -5.6661581993103 271.88870239258
59.110782623291 -5.1099600791931 272.20794677734
59.696353912354 -4.6907782554626 272.59927368164
60.338626861572 -4.306746006012 272.93420410156
61.001281738281 -3.9693329334259 273.27966308594
61.669956207275 -3.659330368042 273.63891601562
62.328762054443 -3.3647027015686 274.02816772461
62.985347747803 -3.0852043628693 274.43209838867
63.640979766846 -2.8161025047302 274.84448242188
64.306694030762 -2.5679457187653 275.25387573242
64.981430053711 -2.3404037952423 275.6604309082
65.643577575684 -2.0967857837677 276.07827758789
66.302200317383 -1.8484641313553 276.49890136719
66.969505310059 -1.602245926857 276.90689086914
67.645309448242 -1.3587090969086 277.30227661133
68.318115234375 -1.1278892755508 277.7102355957
68.986541748047 -0.91526919603348 278.13491821289
69.662963867188 -0.72729450464249 278.55856323242
70.347648620605 -0.56700611114502 278.98031616211
71.036155700684 -0.40128573775291 279.39367675781
71.728668212891 -0.22961042821407 279.79782104492
72.416542053223 -0.058546420186758 280.21008300781
73.100692749023 0.11225441843271 280.62857055664
73.777954101562 0.3261636197567 281.0383605957
74.428359985352 0.49280074238777 281.50903320312
58.839401245117 -5.6874256134033 271.04177856445
59.429203033447 -5.1630477905273 271.01824951172
60.130584716797 -4.7999486923218 270.9821472168
60.840217590332 -4.4522862434387 271.01055908203
61.562099456787 -4.1305046081543 271.03463745117
62.297733306885 -3.8410959243774 271.05355834961
63.040748596191 -3.5713193416595 271.07333374023
63.795024871826 -3.3346838951111 271.09167480469
64.555244445801 -3.1171610355377 271.09609985352
65.309074401855 -2.8784811496735 271.09072875977
66.071304321289 -2.6682679653168 271.08087158203
66.837699890137 -2.4736666679382 271.07330322266
67.602905273438 -2.2745804786682 271.08181762695
68.367248535156 -2.076584815979 271.12496948242
69.131149291992 -1.8741018772125 271.15209960938
69.893730163574 -1.6649432182312 271.15444946289
70.657745361328 -1.4613000154495 271.16082763672
71.432540893555 -1.3092365264893 271.20391845703
72.209053039551 -1.1641502380371 271.23944091797
72.987747192383 -1.0288965702057 271.26455688477
73.767951965332 -0.90305781364441 271.2917175293
74.549102783203 -0.78359723091125 271.32015991211
75.327201843262 -0.64281690120697 271.3258972168
76.108772277832 -0.52266734838486 271.32424926758
76.894721984863 -0.43607848882675 271.33233642578
