98.820953369141 -8.8629875183105 405.71478271484
87.630867004395 9.7081995010376 408.06274414062
94.86735534668 11.648862838745 415.87338256836
96.827247619629 14.494180679321 403.99346923828
97.802017211914 -8.7214088439941 405.65365600586
96.775520324707 -8.6746673583984 405.57513427734
95.761077880859 -8.5016822814941 405.52008056641
94.76106262207 -8.2560272216797 405.47903442383
93.77938079834 -7.9435987472534 405.45138549805
92.804756164551 -7.609471321106 405.42822265625
91.884246826172 -7.1460995674133 405.43258666992
91.022659301758 -6.581310749054 405.45989990234
90.21598815918 -5.9415421485901 405.5051574707
89.46671295166 -5.2366561889648 405.56680297852
88.76261138916 -4.4877018928528 405.64013671875
88.129745483398 -3.6793217658997 405.72998046875
87.584754943848 -2.8113162517548 405.83786010742
87.093818664551 -1.9128956794739 405.95571899414
86.691627502441 -0.97336268424988 406.08834838867
86.377876281738 -0.0025863533373922 406.23403930664
86.116180419922 0.98244899511337 406.38665771484
85.943740844727 1.9852809906006 406.54995727539
85.84920501709 2.9970710277557 406.72146606445
85.817169189453 4.011766910553 406.89877319336
85.894035339355 5.022518157959 407.08459472656
86.03254699707 6.0259613990784 407.27429199219
86.271423339844 7.0093741416931 407.46896362305
86.632736206055 7.9539713859558 407.66708374023
87.073173522949 8.864236831665 407.86584472656
98.828598022461 -8.5503492355347 406.62432861328
98.105186462402 -8.1145067214966 407.16159057617
97.267051696777 -7.6468777656555 407.47146606445
96.449592590332 -7.097119808197 407.68811035156
95.680999755859 -6.4587278366089 407.82061767578
95.004898071289 -5.7119855880737 407.87744140625
94.410301208496 -4.8968925476074 407.88619995117
93.935981750488 -4.0174717903137 407.97964477539
93.702857971191 -3.0744915008545 408.2546081543
93.550712585449 -2.1083950996399 408.50146484375
93.512489318848 -1.1795500516891 408.8908996582
93.742156982422 -0.29904887080193 409.32891845703
93.912338256836 0.59320390224457 409.77041625977
94.058822631836 1.4923931360245 410.20629882812
94.18733215332 2.4112310409546 410.60522460938
94.375358581543 3.3264245986938 410.98843383789
94.556045532227 4.2580804824829 411.3337097168
94.822143554688 5.2155747413635 411.50158691406
94.974235534668 6.1645193099976 411.80630493164
94.972946166992 7.0412745475769 412.30477905273
94.968070983887 7.9050889015198 412.82800292969
94.963455200195 8.7681579589844 413.35247802734
94.958847045898 9.631236076355 413.876953125
94.954231262207 10.494317054749 414.40139770508
95.073989868164 11.307597160339 414.98419189453
98.712440490723 -8.0744075775146 405.08023071289
98.505508422852 -7.2976818084717 404.47045898438
97.648612976074 -6.8936686515808 404.09902954102
96.767631530762 -6.433488368988 403.88549804688
96.045516967773 -5.7282700538635 403.75527954102
95.437492370605 -4.9127702713013 403.71807861328
94.959091186523 -4.0176420211792 403.79791259766
94.552070617676 -3.0849123001099 403.77392578125
94.123687744141 -2.2076737880707 403.81210327148
94.333038330078 -1.2982257604599 404.14950561523
94.209053039551 -0.29748398065567 404.08883666992
94.341598510742 0.71183699369431 404.0778503418
94.502319335938 1.7162485122681 404.052734375
94.724952697754 2.7082326412201 404.09930419922
94.975318908691 3.6894927024841 404.19863891602
95.147918701172 4.690381526947 404.25805664062
95.28742980957 5.6807518005371 404.44137573242
95.456672668457 6.6296544075012 404.75225830078
95.584259033203 7.6383271217346 404.69808959961
95.711853027344 8.6469984054565 404.64392089844
95.83943939209 9.6556711196899 404.58975219727
95.96703338623 10.664341926575 404.53555297852
96.094612121582 11.673014640808 404.48138427734
96.222206115723 12.681686401367 404.42721557617
96.349792480469 13.690358161926 404.373046875
