62.234634399414 4.1750259399414 281.50537109375
70.563858032227 -2.5246524810791 280.3166809082
75.199951171875 -0.95531094074249 279.54180908203
74.036643981934 -2.0222234725952 283.17834472656
62.020233154297 3.8312077522278 281.3210144043
62.02986907959 3.4182789325714 281.15090942383
62.140510559082 3.0113642215729 281.00271606445
62.305854797363 2.6179296970367 280.87069702148
62.557159423828 2.2621643543243 280.77087402344
62.856750488281 1.939430475235 280.69409179688
63.187446594238 1.6444878578186 280.63482666016
63.540184020996 1.373609662056 280.58984375
63.914581298828 1.1309723854065 280.56076049805
64.301277160645 0.90732938051224 280.54193115234
64.692596435547 0.69154071807861 280.52728271484
65.079452514648 0.46817502379417 280.50866699219
65.477729797363 0.26515334844589 280.5007019043
65.880493164062 0.071037143468857 280.49725341797
66.280227661133 -0.12914884090424 280.49075317383
66.673934936523 -0.34067296981812 280.47839355469
67.074180603027 -0.53986793756485 280.47232055664
67.476913452148 -0.73404783010483 280.46890258789
67.874687194824 -0.93804186582565 280.46041870117
68.268814086914 -1.1488215923309 280.44842529297
68.667770385742 -1.3505352735519 280.44110107422
69.056663513184 -1.5704975128174 280.42425537109
69.447784423828 -1.7866076231003 280.4094543457
69.820114135742 -2.0322508811951 280.37875366211
70.188484191895 -2.2833960056305 280.3450012207
62.525539398193 3.8525528907776 281.15615844727
62.736759185791 3.3916447162628 280.93222045898
63.22908782959 3.1346151828766 280.88150024414
63.766445159912 2.9827609062195 280.880859375
64.301895141602 2.8251328468323 280.89733886719
64.83780670166 2.6685643196106 280.9079284668
65.37427520752 2.513688325882 280.91421508789
65.913314819336 2.3686559200287 280.92950439453
66.45344543457 2.2282593250275 280.94854736328
66.993072509766 2.0847616195679 280.95086669922
67.530197143555 1.9351381063461 280.92028808594
68.062911987305 1.7699596881866 280.89270019531
68.593551635742 1.5980347394943 280.86645507812
69.128494262695 1.4402813911438 280.83862304688
69.665298461914 1.2893112897873 280.80944824219
70.191612243652 1.1164499521255 280.73919677734
70.709999084473 0.93185949325562 280.64492797852
71.192642211914 0.7571719288826 280.42535400391
71.682312011719 0.50749653577805 280.32681274414
72.188018798828 0.28927263617516 280.23486328125
72.713287353516 0.11689216643572 280.15612792969
73.225738525391 -0.10177830606699 280.11856079102
73.733825683594 -0.3133419752121 280.02420043945
74.230422973633 -0.53912496566772 279.90487670898
74.717399597168 -0.7597051858902 279.74356079102
62.399253845215 3.6682510375977 281.55111694336
62.569267272949 3.1782803535461 281.42721557617
63.018890380859 2.8902740478516 281.42202758789
63.531185150146 2.744033575058 281.47091674805
64.056007385254 2.6526823043823 281.52185058594
64.579696655273 2.5508713722229 281.56198120117
65.088035583496 2.3912577629089 281.61199951172
65.592758178711 2.2219529151917 281.66644287109
66.093215942383 2.043025970459 281.72888183594
66.587547302246 1.8551621437073 281.81088256836
67.078201293945 1.6557900905609 281.88760375977
67.564262390137 1.4432946443558 281.95819091797
68.049118041992 1.229585647583 282.03308105469
68.525825500488 1.0087015628815 282.13479614258
69.002914428711 0.78881442546844 282.23687744141
69.484748840332 0.58204704523087 282.34396362305
69.969253540039 0.37891376018524 282.44583129883
70.455932617188 0.17255647480488 282.52914428711
70.943840026855 -0.038781724870205 282.58972167969
71.397338867188 -0.29820731282234 282.70547485352
71.816940307617 -0.61030036211014 282.81903076172
72.253059387207 -0.91062355041504 282.89636230469
72.7041015625 -1.189089179039 282.96984863281
73.174476623535 -1.394394993782 283.12112426758
73.62393951416 -1.6822730302811 283.15612792969
