70.682731628418 0.53377878665924 268.26025390625
80.870635986328 1.3861869573593 268.49227905273
82.563552856445 0.96966195106506 269.7258605957
82.001235961914 0.15942269563675 268.37496948242
71.052734375 0.65928083658218 268.20742797852
71.440505981445 0.72950327396393 268.19180297852
71.830078125 0.7902894616127 268.18243408203
72.220718383789 0.84432244300842 268.17749023438
72.611846923828 0.8949294090271 268.17483520508
73.003379821777 0.94235002994537 268.17422485352
73.395797729492 0.98139977455139 268.17916870117
73.788940429688 1.0106836557388 268.19046020508
74.182022094727 1.0409928560257 268.20108032227
74.575225830078 1.0691523551941 268.21313476562
74.968627929688 1.0928112268448 268.22808837891
75.362037658691 1.1160000562668 268.24331665039
75.755493164062 1.1380904912949 268.25927734375
76.148719787598 1.1657898426056 268.27160644531
76.542068481445 1.1906576156616 268.28579711914
76.935470581055 1.2144206762314 268.30068969727
77.328895568848 1.2372844219208 268.31619262695
77.72241973877 1.256353020668 268.33410644531
78.115982055664 1.2728081941605 268.35369873047
78.509429931641 1.2949861288071 268.36962890625
78.902931213379 1.3150672912598 268.38687133789
79.296394348145 1.3365933895111 268.40325927734
79.689964294434 1.3517715930939 268.42370605469
80.083526611328 1.363049030304 268.44671630859
80.477058410645 1.3721415996552 268.47113037109
71.126007080078 0.52047145366669 268.38830566406
71.5751953125 0.54404753446579 268.4919128418
72.025352478027 0.57464617490768 268.58929443359
72.476936340332 0.61493515968323 268.67596435547
72.935317993164 0.61852937936783 268.73016357422
73.394409179688 0.61496067047119 268.77798461914
73.851181030273 0.63075858354568 268.84255981445
74.311424255371 0.64213180541992 268.87585449219
74.770599365234 0.67028391361237 268.91366577148
75.227607727051 0.71092182397842 268.96426391602
75.685562133789 0.74367517232895 269.01184082031
76.144439697266 0.76713389158249 269.05596923828
76.603164672852 0.78872042894363 269.10250854492
77.061805725098 0.80928176641464 269.15036010742
77.520462036133 0.82914340496063 269.19836425781
77.979187011719 0.84641855955124 269.24670410156
78.43936920166 0.86552381515503 269.27722167969
78.898162841797 0.89438152313232 269.31884765625
79.348411560059 0.94705951213837 269.40579223633
79.807716369629 0.95028847455978 269.45150756836
80.267021179199 0.95351737737656 269.49722290039
80.72632598877 0.95674628019333 269.54296875
81.18563079834 0.9599751830101 269.58868408203
81.644943237305 0.96320414543152 269.63439941406
82.104248046875 0.96643298864365 269.68011474609
71.115478515625 0.48647803068161 268.29150390625
71.548698425293 0.43505728244781 268.27856445312
71.982612609863 0.38837811350822 268.27380371094
72.414939880371 0.35644263029099 268.32437133789
72.850624084473 0.33100038766861 268.32818603516
73.286659240723 0.31546601653099 268.33920288086
73.722183227539 0.31845858693123 268.36740112305
74.158576965332 0.31360331177711 268.36260986328
74.594627380371 0.3059050142765 268.34582519531
75.031066894531 0.30556336045265 268.3430480957
75.467346191406 0.31211379170418 268.35333251953
75.903633117676 0.32094395160675 268.36111450195
76.339866638184 0.33410853147507 268.36404418945
76.775093078613 0.31363302469254 268.33862304688
77.209983825684 0.2898368537426 268.310546875
77.644432067871 0.26281487941742 268.27874755859
78.07804107666 0.24647052586079 268.23184204102
78.514183044434 0.23760908842087 268.21813964844
78.950424194336 0.23478639125824 268.23123168945
79.386299133301 0.22470377385616 268.25112915039
79.822120666504 0.21382363140583 268.2717590332
80.257942199707 0.20294333994389 268.29241943359
80.693771362305 0.19206321239471 268.31304931641
81.129592895508 0.18118311464787 268.33367919922
81.565414428711 0.1703027933836 268.35430908203
