59.946159362793 3.9356801509857 273.63562011719
65.92049407959 -7.8336701393127 273.57846069336
68.836639404297 -2.8900210857391 272.51376342773
65.997779846191 -3.3280763626099 277.31130981445
59.91841506958 3.4254093170166 273.54281616211
59.925849914551 2.9126830101013 273.4606628418
60.00989151001 2.4033708572388 273.40319824219
60.076873779297 1.8922079801559 273.3401184082
60.22721862793 1.3962454795837 273.30575561523
60.401260375977 0.90756189823151 273.28005981445
60.598052978516 0.42720654606819 273.26290893555
60.800132751465 -0.051016259938478 273.2477722168
61.031349182129 -0.51608258485794 273.24398803711
61.266166687012 -0.97935020923615 273.24160766602
61.530185699463 -1.4265239238739 273.25112915039
61.787040710449 -1.8779057264328 273.25765991211
62.069133758545 -2.3136661052704 273.27471923828
62.355545043945 -2.746533870697 273.29360961914
62.659572601318 -3.1667983531952 273.32012939453
62.978321075439 -3.5755348205566 273.35321044922
63.267990112305 -4.0061588287354 273.37350463867
63.536220550537 -4.450779914856 273.38473510742
63.855876922607 -4.8586831092834 273.4182434082
64.129524230957 -5.2998824119568 273.43176269531
64.412261962891 -5.7352223396301 273.44909667969
64.694320678711 -6.1710052490234 273.46615600586
64.962738037109 -6.6155104637146 273.47747802734
65.244979858398 -7.0511722564697 273.49462890625
65.562385559082 -7.461009979248 273.52703857422
60.232723236084 3.6834762096405 273.41567993164
60.492111206055 3.3966286182404 273.20211791992
60.840106964111 3.1407783031464 273.11791992188
61.174793243408 2.8524062633514 273.11706542969
61.517631530762 2.5841042995453 273.06045532227
61.853797912598 2.3128869533539 272.97308349609
62.162178039551 2.0038847923279 272.90795898438
62.457202911377 1.6765487194061 272.87655639648
62.752883911133 1.3498408794403 272.84561157227
63.082401275635 1.0556392669678 272.83938598633
63.411918640137 0.76143759489059 272.83316040039
63.728973388672 0.45541426539421 272.8030090332
64.045043945312 0.14858373999596 272.77087402344
64.409942626953 -0.095659516751766 272.81958007812
64.774833679199 -0.33990278840065 272.86825561523
65.141799926758 -0.58239310979843 272.89239501953
65.512580871582 -0.82164269685745 272.87109375
65.877708435059 -1.067942738533 272.8522644043
66.188507080078 -1.3818764686584 272.85720825195
66.535705566406 -1.6431996822357 272.7815246582
66.901008605957 -1.8861100673676 272.81045532227
67.283485412598 -2.1040785312653 272.80364990234
67.671669006348 -2.3099641799927 272.76467895508
68.059997558594 -2.5033164024353 272.68103027344
68.448318481445 -2.6966688632965 272.59741210938
60.095314025879 3.6570978164673 273.89791870117
60.244274139404 3.3780813217163 274.15963745117
60.349456787109 3.0020878314972 274.28698730469
60.468452453613 2.6350512504578 274.41693115234
60.731559753418 2.3614430427551 274.57369995117
60.951316833496 2.0483205318451 274.71096801758
61.13159942627 1.6992162466049 274.83047485352
61.381172180176 1.3979578018188 274.93054199219
61.67297744751 1.1256309747696 275.02227783203
61.914966583252 0.81773883104324 275.14596557617
62.201332092285 0.53906708955765 275.23840332031
62.537799835205 0.31181937456131 275.25415039062
62.857425689697 0.055775068700314 275.24618530273
63.10754776001 -0.22287811338902 275.3547668457
63.298847198486 -0.51144570112228 275.57565307617
63.563346862793 -0.77249765396118 275.72741699219
63.878345489502 -1.0145642757416 275.83154296875
64.21858215332 -1.2367279529572 275.86785888672
64.568778991699 -1.4510343074799 275.87744140625
64.747123718262 -1.7279431819916 276.0944519043
65.042778015137 -1.9629621505737 276.24359130859
65.354263305664 -2.1923053264618 276.3815612793
65.593299865723 -2.4574065208435 276.5778503418
65.812545776367 -2.7322824001312 276.79006958008
65.928024291992 -3.0260226726532 277.04196166992
