133.12129211426 8.7140827178955 329.55386352539
106.10325622559 -9.7767009735107 323.88870239258
98.869621276855 -11.098570823669 334.98767089844
97.514205932617 -2.1696155071259 320.57629394531
133.16000366211 7.6043152809143 328.82507324219
132.57469177246 6.5434784889221 328.27426147461
131.83403015137 5.5446248054504 327.79989624023
130.98825073242 4.6031408309937 327.38735961914
130.09979248047 3.689549446106 327.00296020508
129.15409851074 2.8180723190308 326.65924072266
128.1739654541 1.9750702381134 326.34204101562
127.16297912598 1.1598401069641 326.05010986328
126.12181854248 0.37418964505196 325.78436279297
125.04677581787 -0.37508201599121 325.55017089844
123.96374511719 -1.1151124238968 325.32385253906
122.83995819092 -1.8044912815094 325.13989257812
121.71530914307 -2.4926788806915 324.95693969727
120.56014251709 -3.1374716758728 324.8092956543
119.41814422607 -3.8016428947449 324.64596557617
118.25471496582 -4.4337005615234 324.50848388672
117.0796585083 -5.0470414161682 324.38586425781
115.89586639404 -5.645604133606 324.27484130859
114.69919586182 -6.2211818695068 324.18179321289
113.4924621582 -6.7776470184326 324.10348510742
112.28688049316 -7.3363332748413 324.0234375
111.07147979736 -7.8753638267517 323.95846557617
109.84309387207 -8.3863658905029 323.91467285156
108.61560821533 -8.8993978500366 323.86935424805
107.36974334717 -9.3680610656738 323.85717773438
132.55416870117 7.2976050376892 329.94784545898
131.50660705566 6.1141386032104 330.01721191406
130.43138122559 4.9582896232605 330.12091064453
129.3314666748 3.8297057151794 330.25415039062
128.12478637695 2.8324038982391 330.48266601562
126.91731262207 1.8374757766724 330.71728515625
125.707862854 0.84632480144501 330.95736694336
124.46298980713 -0.10717536509037 331.16702270508
123.184715271 -1.0220447778702 331.34564208984
121.89795684814 -1.9296839237213 331.49850463867
120.60869598389 -2.8341910839081 331.64752197266
119.24485015869 -3.6284022331238 331.75732421875
117.87170410156 -4.4070105552673 331.86264038086
116.50442504883 -5.1848154067993 332.03137207031
115.1382522583 -5.9610095024109 332.21520996094
113.69708251953 -6.5874705314636 332.39819335938
112.24024200439 -7.1767339706421 332.58065795898
110.77727508545 -7.7505044937134 332.76351928711
109.28678894043 -8.2477645874023 332.94815063477
107.79886627197 -8.749981880188 333.1399230957
106.31480407715 -9.2594480514526 333.34225463867
104.826171875 -9.7458572387695 333.56649780273
103.33200836182 -10.198738098145 333.82196044922
101.8370513916 -10.639340400696 334.09375
100.32147216797 -10.99915599823 334.37005615234
132.04557800293 8.4855375289917 328.53964233398
130.89082336426 7.8199038505554 327.84466552734
129.65238952637 7.2410407066345 327.21875
128.38252258301 6.7315120697021 326.59530639648
127.1024017334 6.241322517395 325.97763061523
125.78765106201 5.7523694038391 325.43612670898
124.46224212646 5.2646765708923 324.92004394531
123.14084625244 4.7782258987427 324.39263916016
121.80724334717 4.2895464897156 323.89910888672
120.46321105957 3.8004081249237 323.43545532227
119.09309387207 3.3178949356079 323.04708862305
117.71054840088 2.8396017551422 322.69976806641
116.3158493042 2.366229057312 322.39700317383
114.92372894287 1.8900630474091 322.08685302734
113.52954101562 1.4143600463867 321.78546142578
112.12658691406 0.94343638420105 321.51931762695
110.70908355713 0.51415657997131 321.25991821289
109.27729797363 0.11391170322895 321.03485107422
107.83094024658 -0.25778886675835 320.85931396484
106.38500976562 -0.63258653879166 320.68728637695
104.9109954834 -0.90808629989624 320.57690429688
103.45227050781 -1.2720602750778 320.55307006836
101.97910308838 -1.5720136165619 320.52890014648
100.48205566406 -1.7033636569977 320.47875976562
98.994026184082 -1.9193340539932 320.48449707031
