61.169918060303 6.0103945732117 281.70492553711
67.806465148926 -3.7029509544373 280.31072998047
69.510383605957 0.073946624994278 278.18276977539
68.459770202637 -1.4477039575577 283.94580078125
61.186023712158 5.5589113235474 281.59503173828
61.298908233643 5.1225628852844 281.50384521484
61.47428894043 4.6998763084412 281.42568969727
61.681392669678 4.2895708084106 281.35546875
61.91487121582 3.8924553394318 281.29263305664
62.144176483154 3.493111371994 281.22860717773
62.378639221191 3.0967395305634 281.16610717773
62.630062103271 2.7098948955536 281.10858154297
62.885593414307 2.3255577087402 281.05236816406
63.139087677002 1.9399757385254 280.99548339844
63.396057128906 1.5566762685776 280.93969726562
63.667198181152 1.1824845075607 280.88836669922
63.924533843994 0.79931372404099 280.83264160156
64.176284790039 0.41269266605377 280.77523803711
64.424591064453 0.023972909897566 280.716796875
64.672187805176 -0.36516541242599 280.65814208984
64.926368713379 -0.75031900405884 280.60147094727
65.180976867676 -1.1352218389511 280.54495239258
65.438117980957 -1.5184788703918 280.48919677734
65.708160400391 -1.893413901329 280.4375
66.00611114502 -2.2475035190582 280.39532470703
66.327827453613 -2.5804703235626 280.36206054688
66.673713684082 -2.8895270824432 280.33847045898
67.051300048828 -3.1606683731079 280.32922363281
67.42887878418 -3.4318096637726 280.31997680664
61.416641235352 5.9298300743103 281.3742980957
61.695701599121 5.6329097747803 281.25546264648
61.984535217285 5.3324422836304 281.17474365234
62.285152435303 5.0392827987671 281.11242675781
62.606861114502 4.7693786621094 281.05004882812
62.936740875244 4.5099139213562 280.98635864258
63.269420623779 4.263165473938 280.89318847656
63.60200881958 4.0200881958008 280.79067993164
63.92121887207 3.7707104682922 280.66357421875
64.234855651855 3.5196685791016 280.52648925781
64.574897766113 3.2910990715027 280.41525268555
64.913192749023 3.0602669715881 280.30349731445
65.230445861816 2.8045990467072 280.18423461914
65.547409057617 2.5487082004547 280.06469726562
65.850807189941 2.2820498943329 279.93395996094
66.140380859375 2.0061230659485 279.79187011719
66.424850463867 1.7601733207703 279.59487915039
66.707893371582 1.5323939323425 279.37539672852
67.013748168945 1.2880861759186 279.21127319336
67.346069335938 1.0945727825165 279.03143310547
67.690048217773 0.93299120664597 278.84219360352
68.043426513672 0.77332204580307 278.66940307617
68.410827636719 0.61564016342163 278.5266418457
68.780807495117 0.43301892280579 278.42660522461
69.143936157227 0.24660615622997 278.30987548828
61.339538574219 5.6762742996216 281.88217163086
61.556121826172 5.3212232589722 281.89669799805
61.820960998535 5.0001749992371 281.90097045898
62.116744995117 4.7085247039795 281.92977905273
62.413311004639 4.417820930481 281.95938110352
62.725048065186 4.1455135345459 282.00451660156
63.043510437012 3.882488489151 282.05718994141
63.357891082764 3.6146066188812 282.10989379883
63.665866851807 3.3397717475891 282.16403198242
63.957614898682 3.0573587417603 282.25607299805
64.233154296875 2.7667531967163 282.36981201172
64.489990234375 2.4495575428009 282.45217895508
64.731864929199 2.122282743454 282.5403137207
64.965492248535 1.7898745536804 282.63137817383
65.205978393555 1.4614703655243 282.71911621094
65.448104858398 1.1340495347977 282.80599975586
65.690452575684 0.80709439516068 282.89367675781
65.948471069336 0.51216316223145 283.03436279297
66.236236572266 0.23263020813465 283.1457824707
66.544639587402 -0.0331288613379 283.23309326172
66.845687866211 -0.28760704398155 283.36706542969
67.133842468262 -0.52469873428345 283.55157470703
67.474884033203 -0.73499500751495 283.66491699219
67.812774658203 -0.95638680458069 283.76586914062
68.144645690918 -1.1887845993042 283.86193847656
