61.720775604248 1.9204678535461 265.63244628906
68.881980895996 -1.4899467229843 274.79708862305
66.932960510254 2.5188813209534 275.18966674805
64.737403869629 -2.6694815158844 275.18936157227
62.11897277832 1.7406897544861 265.80926513672
62.467510223389 1.5798060894012 266.08312988281
62.825710296631 1.4151339530945 266.34182739258
63.148975372314 1.2643060684204 266.65017700195
63.439323425293 1.126812338829 266.99536132812
63.74063873291 0.9848541021347 267.32916259766
64.035217285156 0.84563392400742 267.67004394531
64.325294494629 0.70824706554413 268.01553344727
64.608337402344 0.57374775409698 268.3678894043
64.893951416016 0.43819156289101 268.7177734375
65.1767578125 0.30378621816635 269.07034301758
65.453765869141 0.17175857722759 269.42840576172
65.728233337402 0.040784429758787 269.7887878418
65.994209289551 -0.086699523031712 270.15670776367
66.257637023926 -0.21313115954399 270.52682495117
66.510162353516 -0.33505246043205 270.90594482422
66.758728027344 -0.45532935857773 271.28817749023
67.026214599609 -0.58343195915222 271.65478515625
67.263069152832 -0.69884037971497 272.04586791992
67.510818481445 -0.81878137588501 272.42874145508
67.76732635498 -0.94234728813171 272.80462646484
68.020629882812 -1.0645843744278 273.18313598633
68.271583557129 -1.1858501434326 273.56350708008
68.441474914551 -1.2730858325958 273.99447631836
68.636337280273 -1.3708869218826 274.41259765625
61.980434417725 2.0612916946411 265.88366699219
62.242225646973 2.0123782157898 266.21496582031
62.500602722168 1.9748357534409 266.55044555664
62.751979827881 1.9194977283478 266.88888549805
62.974945068359 1.8743929862976 267.24887084961
63.183513641357 1.8272851705551 267.6171875
63.385883331299 1.7925583124161 267.99008178711
63.583137512207 1.7680411338806 268.36672973633
63.776580810547 1.759357213974 268.74597167969
63.950553894043 1.7504979372025 269.13430786133
64.120979309082 1.7754868268967 269.52349853516
64.292778015137 1.8135099411011 269.91125488281
64.464942932129 1.8608009815216 270.29791259766
64.632484436035 1.9307975769043 270.68310546875
64.800071716309 2.00541472435 271.06744384766
64.968238830566 2.084082365036 271.45071411133
65.143455505371 2.1580047607422 271.8317565918
65.326690673828 2.2207086086273 272.21072387695
65.52197265625 2.2626161575317 272.58685302734
65.704048156738 2.3122413158417 272.96813964844
65.866012573242 2.3736112117767 273.35720825195
66.062812805176 2.4127171039581 273.73245239258
66.267837524414 2.4466555118561 274.10400390625
66.505668640137 2.4609181880951 274.45700073242
66.736534118652 2.4794189929962 274.81384277344
61.803466796875 1.5942134857178 265.86560058594
61.990482330322 1.4104198217392 266.20669555664
62.186340332031 1.2545663118362 266.55661010742
62.384075164795 1.1107510328293 266.91070556641
62.562648773193 0.97026169300079 267.27551269531
62.733528137207 0.82230627536774 267.64163208008
62.892124176025 0.68215817213058 268.01620483398
63.042026519775 0.54264569282532 268.39462280273
63.182327270508 0.39861929416656 268.77508544922
63.303058624268 0.23937638103962 269.15588378906
63.41561126709 0.073771841824055 269.53680419922
63.503921508789 -0.090143270790577 269.92419433594
63.573913574219 -0.25586062669754 270.31503295898
63.640735626221 -0.44483438134193 270.69583129883
63.69868850708 -0.63279634714127 271.07852172852
63.748825073242 -0.81986665725708 271.46279907227
63.819828033447 -1.0130822658539 271.84063720703
63.882606506348 -1.199836730957 272.22320556641
63.954074859619 -1.3883897066116 272.60321044922
64.035484313965 -1.5795248746872 272.98007202148
64.130401611328 -1.7565695047379 273.36065673828
64.242637634277 -1.9381822347641 273.73403930664
64.365928649902 -2.1200995445251 274.10391235352
64.545066833496 -2.2845592498779 274.45468139648
64.65486907959 -2.4615848064423 274.82189941406
