61.944435119629 -2.1477859020233 271.51245117188
67.099624633789 6.4177846908569 271.82968139648
70.523223876953 6.2386646270752 274.79977416992
70.264053344727 6.3772678375244 268.61120605469
61.816928863525 -1.7699222564697 271.53271484375
61.758731842041 -1.3755253553391 271.55261230469
61.789222717285 -0.97789478302002 271.5710144043
61.874183654785 -0.58816438913345 271.58807373047
62.020362854004 -0.21689178049564 271.60317993164
62.191223144531 0.14366911351681 271.61734008789
62.390441894531 0.48948046565056 271.63031005859
62.605770111084 0.82554680109024 271.64254760742
62.824443817139 1.1594511270523 271.65460205078
63.049743652344 1.4889318943024 271.66635131836
63.284198760986 1.8119819164276 271.67755126953
63.521831512451 2.1327002048492 271.68872070312
63.768947601318 2.4461913108826 271.69924926758
63.999557495117 2.7719855308533 271.71072387695
64.237823486328 3.0922224521637 271.72174072266
64.492858886719 3.3993165493011 271.73190307617
64.755226135254 3.7001917362213 271.74157714844
65.002265930176 4.0137434005737 271.75219726562
65.249649047852 4.3270292282104 271.76272583008
65.498115539551 4.6394548416138 271.77322387695
65.757476806641 4.9429078102112 271.78305053711
66.041511535645 5.2233982086182 271.79144287109
66.288597106934 5.5369086265564 271.8020324707
66.552886962891 5.8360991477966 271.81164550781
66.820953369141 6.1319222450256 271.82098388672
61.994590759277 -1.7737628221512 271.81350708008
62.159442901611 -1.3378912210464 271.9423828125
62.461013793945 -0.98093593120575 272.07675170898
62.751689910889 -0.61599397659302 272.2131652832
63.072666168213 -0.27745252847672 272.35025024414
63.398422241211 0.053914491087198 272.49313354492
63.744380950928 0.37471431493759 272.61071777344
64.09220123291 0.68839645385742 272.74127197266
64.44108581543 0.99543917179108 272.88415527344
64.802070617676 1.2963902950287 273.00875854492
65.176483154297 1.5814416408539 273.13122558594
65.554718017578 1.8613959550858 273.25326538086
65.904357910156 2.1728827953339 273.38427734375
66.25129699707 2.4908158779144 273.50659179688
66.60107421875 2.8133099079132 273.60705566406
66.950531005859 3.1360011100769 273.7080078125
67.300277709961 3.4581792354584 273.80947875977
67.66463470459 3.7619142532349 273.91638183594
68.030090332031 4.0655555725098 274.01974487305
68.393669128418 4.3749256134033 274.11215209961
68.757110595703 4.6834392547607 274.20788574219
69.119537353516 4.9870147705078 274.32159423828
69.481254577637 5.2882933616638 274.443359375
69.839889526367 5.5815672874451 274.59103393555
70.19100189209 5.8932914733887 274.71740722656
61.993968963623 -1.7151606082916 271.31396484375
62.113189697266 -1.2647570371628 271.20849609375
62.38655090332 -0.89452642202377 271.07693481445
62.696083068848 -0.54671144485474 270.96588134766
63.033798217773 -0.22233322262764 270.86642456055
63.378910064697 0.092805117368698 270.76272583008
63.727596282959 0.4022601544857 270.65399169922
64.072456359863 0.71088010072708 270.53155517578
64.417839050293 1.0189024209976 270.40905761719
64.769943237305 1.3202090263367 270.28903198242
65.117736816406 1.6254463195801 270.16641235352
65.450187683105 1.9439467191696 270.03524780273
65.786804199219 2.2604067325592 269.90991210938
66.129776000977 2.5734961032867 269.7936706543
66.483268737793 2.8800935745239 269.6926574707
66.838455200195 3.185631275177 269.59436035156
67.193115234375 3.4958708286285 269.50985717773
67.544166564941 3.8108620643616 269.42797851562
67.884727478027 4.1380181312561 269.34945678711
68.225105285645 4.463623046875 269.26406860352
68.564483642578 4.7839550971985 269.15740966797
68.906806945801 5.1014122962952 269.05154418945
69.259841918945 5.407883644104 268.94854736328
69.600662231445 5.7248187065125 268.83645629883
69.936462402344 6.0462746620178 268.72210693359
