67.138671875 -5.8962516784668 273.29266357422
72.391670227051 6.1155800819397 274.85162353516
76.112594604492 5.0927877426147 278.17990112305
78.362854003906 7.3588652610779 270.8623046875
66.896629333496 -5.4289288520813 273.33505249023
66.803512573242 -4.9115271568298 273.38912963867
66.77458190918 -4.3869466781616 273.44662475586
66.808464050293 -3.8629410266876 273.50659179688
66.906692504883 -3.3472852706909 273.56832885742
67.044097900391 -2.8406791687012 273.63064575195
67.18953704834 -2.3363535404205 273.69302368164
67.362434387207 -1.8407754898071 273.75555419922
67.554641723633 -1.3523528575897 273.8180847168
67.757881164551 -0.86840564012527 273.88052368164
67.979110717773 -0.39240607619286 273.94284057617
68.221672058105 0.073130026459694 274.0048828125
68.475273132324 0.53276723623276 274.0666809082
68.751983642578 0.97896492481232 274.1279296875
69.028884887695 1.4250431060791 274.1891784668
69.320953369141 1.8614155054092 274.24990844727
69.613525390625 2.2974381446838 274.31069946289
69.901092529297 2.7367615699768 274.37161254883
70.178039550781 3.1828060150146 274.43286132812
70.483032226562 3.6103007793427 274.49319458008
70.810974121094 4.0205955505371 274.55252075195
71.115447998047 4.448459148407 274.61285400391
71.415100097656 4.8796920776367 274.67333984375
71.740516662598 5.2919783592224 274.73278808594
72.052513122559 5.7144184112549 274.79284667969
67.236015319824 -5.3832206726074 273.59616088867
67.20751953125 -4.7853660583496 273.72692871094
67.277229309082 -4.2113924026489 273.89175415039
67.730697631836 -3.8000726699829 273.95416259766
68.081855773926 -3.354222536087 274.11791992188
68.336326599121 -2.8733141422272 274.38793945312
68.732818603516 -2.4269006252289 274.53561401367
69.129829406738 -1.9736680984497 274.66079711914
69.494041442871 -1.5100917816162 274.82461547852
69.810752868652 -1.0336651802063 275.04983520508
70.210311889648 -0.61568462848663 275.2604675293
70.609352111816 -0.18808150291443 275.45172119141
71.008331298828 0.24057579040527 275.64086914062
71.412979125977 0.66760230064392 275.82141113281
71.807960510254 1.0942704677582 276.01834106445
72.193473815918 1.4930958747864 276.17785644531
72.688430786133 1.8078968524933 275.99176025391
73.125129699707 2.1757111549377 276.11547851562
73.461212158203 2.5308754444122 276.43121337891
73.568496704102 2.7959320545197 276.9723815918
73.894500732422 3.239734172821 277.24710083008
74.288955688477 3.6600542068481 277.45947265625
74.770713806152 3.9999284744263 277.62713623047
75.196487426758 4.37340259552 277.85894775391
75.612060546875 4.7590556144714 278.09777832031
67.25040435791 -5.2603855133057 273.146484375
67.249015808105 -4.5656924247742 273.20623779297
67.465209960938 -3.9141201972961 273.13720703125
67.919822692871 -3.3859350681305 273.19491577148
68.292633056641 -2.8045098781586 273.10516357422
68.761260986328 -2.2992267608643 273.13610839844
69.247581481934 -1.8225493431091 273.08047485352
69.519104003906 -1.1813297271729 273.00805664062
69.985893249512 -0.66269510984421 272.96774291992
70.429786682129 -0.12716315686703 272.89566040039
70.859954833984 0.41817766427994 272.80801391602
71.307022094727 0.94711309671402 272.70568847656
71.754402160645 1.4757449626923 272.60308837891
72.218803405762 1.9899399280548 272.50827026367
72.715995788574 2.4763159751892 272.42849731445
73.215812683105 2.9574327468872 272.33651733398
73.721069335938 3.427638053894 272.21923828125
74.223304748535 3.8978309631348 272.09265136719
74.701232910156 4.3679227828979 271.89083862305
75.234199523926 4.8171300888062 271.87890625
75.773284912109 5.2614550590515 271.87594604492
76.318008422852 5.6618657112122 271.6940612793
76.82991027832 6.0987792015076 271.50997924805
77.296905517578 6.5856585502625 271.32290649414
77.8154296875 6.9942183494568 271.10208129883
