56.512630462646 2.7619500160217 271.23193359375
71.437217712402 -3.9580233097076 270.0983581543
73.914337158203 -1.4003674983978 266.89907836914
74.447776794434 -1.7265939712524 273.10699462891
56.572902679443 2.1231601238251 271.18441772461
56.983501434326 1.6236093044281 271.13107299805
57.488452911377 1.2183358669281 271.08023071289
58.0361328125 0.87236803770065 271.03164672852
58.60998916626 0.57127296924591 270.9850769043
59.196334838867 0.29500472545624 270.93963623047
59.7822265625 0.01818030141294 270.89422607422
60.389003753662 -0.21014510095119 270.8512878418
60.986057281494 -0.46259152889252 270.80706787109
61.5920753479 -0.69294250011444 270.76406860352
62.204574584961 -0.90567880868912 270.72198486328
62.812881469727 -1.1300122737885 270.67926025391
63.424633026123 -1.3448524475098 270.63705444336
64.042869567871 -1.5404504537582 270.59591674805
64.667915344238 -1.713198184967 270.55612182617
65.277297973633 -1.9345709085464 270.51354980469
65.896202087402 -2.128128528595 270.47250366211
66.516616821289 -2.3168289661407 270.43173217773
67.132148742676 -2.5207381248474 270.39013671875
67.745483398438 -2.7310807704926 270.34820556641
68.36173248291 -2.9328351020813 270.30670166016
68.978118896484 -3.1341722011566 270.26525878906
69.59587097168 -3.33132147789 270.22399902344
70.208602905273 -3.5433955192566 270.1819152832
70.825996398926 -3.7416794300079 270.14068603516
56.853893280029 2.4506199359894 271.14385986328
57.128402709961 2.3156592845917 270.85311889648
57.80530166626 2.1650898456573 270.62109375
58.474655151367 1.9354693889618 270.41873168945
59.177845001221 1.7584184408188 270.27984619141
59.884281158447 1.5812650918961 270.1555480957
60.581535339355 1.3731758594513 270.02502441406
61.295616149902 1.2109065055847 269.93258666992
62.017227172852 1.0691375732422 269.85720825195
62.727279663086 0.90068572759628 269.74014282227
63.436405181885 0.73274827003479 269.61614990234
64.14624786377 0.57668620347977 269.48098754883
64.856101989746 0.42062419652939 269.34582519531
65.568626403809 0.27851286530495 269.21005249023
66.283409118652 0.14810451865196 269.07373046875
66.991912841797 0.021325308829546 268.90737915039
67.695289611816 -0.10248892009258 268.71649169922
68.383346557617 -0.2463850826025 268.48913574219
69.085838317871 -0.36818063259125 268.29376220703
69.788604736328 -0.48399624228477 268.09594726562
70.491897583008 -0.58826839923859 267.89343261719
71.185844421387 -0.72518628835678 267.67883300781
71.865188598633 -0.90004295110703 267.44619750977
72.542030334473 -1.0812493562698 267.21051025391
73.190673828125 -1.2631232738495 266.9621887207
56.906543731689 2.3998551368713 271.4997253418
57.565528869629 2.1634829044342 271.63110351562
58.258678436279 1.9643166065216 271.7197265625
58.946411132812 1.7417579889297 271.79745483398
59.646480560303 1.54965031147 271.84341430664
60.351943969727 1.3725744485855 271.8674621582
61.065422058105 1.2295007705688 271.85842895508
61.774307250977 1.0659219026566 271.85052490234
62.483936309814 0.90544974803925 271.84466552734
63.197170257568 0.76091128587723 271.84072875977
63.910804748535 0.61830699443817 271.83862304688
64.622871398926 0.4695206284523 271.85687255859
65.332221984863 0.31309655308723 271.8908996582
66.032623291016 0.13662350177765 271.97732543945
66.743423461914 0.0044643171131611 272.06039428711
67.452941894531 -0.1250624358654 272.15585327148
68.161064147949 -0.24519756436348 272.2727355957
68.873077392578 -0.36180612444878 272.36306762695
69.583801269531 -0.49983537197113 272.4284362793
70.278457641602 -0.65425664186478 272.58081054688
70.976867675781 -0.80571347475052 272.71743774414
71.671676635742 -0.96286016702652 272.861328125
72.351654052734 -1.1591199636459 273.0234375
73.051879882812 -1.327184677124 273.10317993164
73.754570007324 -1.5051965713501 273.1145324707
