-9.9225053787231 -11.060144424438 -25.251159667969
-11.987359046936 12.773234367371 -20.349033355713
-22.654851913452 7.7655086517334 -30.174558639526
-22.67978477478 4.4693374633789 -13.16766166687
-9.3473653793335 -10.291729927063 -25.09877204895
-9.0410032272339 -9.387487411499 -24.91618347168
-8.7871131896973 -8.4678640365601 -24.729976654053
-8.6096906661987 -7.5313076972961 -24.539625167847
-8.460075378418 -6.590151309967 -24.348085403442
-8.380087852478 -5.6409959793091 -24.154291152954
-8.3303728103638 -4.6899104118347 -23.95983505249
-8.3219909667969 -3.7376852035522 -23.764780044556
-8.3404054641724 -2.7856419086456 -23.569524765015
-8.3638906478882 -1.8337134122849 -23.374254226685
-8.4272680282593 -0.88360494375229 -23.178997039795
-8.5035457611084 0.065572485327721 -22.983819961548
-8.5963573455811 1.0133066177368 -22.788791656494
-8.7155284881592 1.9581620693207 -22.594123840332
-8.8402128219604 2.9023246765137 -22.399545669556
-8.9879159927368 3.8432557582855 -22.2054271698
-9.1309289932251 4.7848901748657 -22.011205673218
-9.3266315460205 5.7172937393188 -21.81841468811
-9.53297996521 6.6474761962891 -21.625980377197
-9.7618799209595 7.5725431442261 -21.434394836426
-10.00589466095 8.4938697814941 -21.243444442749
-10.304715156555 9.3994588851929 -21.055234909058
-10.549299240112 10.320624351501 -20.864315032959
-10.888098716736 11.212563514709 -20.678546905518
-11.370930671692 12.038129806519 -20.505109786987
-10.152805328369 -10.313057899475 -25.723316192627
-10.333906173706 -9.4163646697998 -25.804697036743
-10.604021072388 -8.5602445602417 -26.000576019287
-10.923852920532 -7.7053270339966 -26.10856628418
-11.245003700256 -6.8523459434509 -26.227375030518
-11.56822681427 -6.0029525756836 -26.364326477051
-11.934058189392 -5.1760721206665 -26.529493331909
-12.303845405579 -4.3514194488525 -26.696746826172
-12.710391998291 -3.5466167926788 -26.87520980835
-13.128164291382 -2.748542547226 -27.057880401611
-13.54730796814 -1.9568194150925 -27.263626098633
-13.968698501587 -1.1695882081985 -27.481384277344
-14.442807197571 -0.40510711073875 -27.66996383667
-14.955477714539 0.33952483534813 -27.835901260376
-15.475777626038 1.0781410932541 -28.004678726196
-16.040487289429 1.7792719602585 -28.190050125122
-16.605728149414 2.4800162315369 -28.375200271606
-17.198173522949 3.1609733104706 -28.548831939697
-17.801778793335 3.8328504562378 -28.71879196167
-18.467630386353 4.4241724014282 -28.946437835693
-19.138210296631 5.0084085464478 -29.178419113159
-19.838851928711 5.5580835342407 -29.40599822998
-20.562633514404 6.0785026550293 -29.629926681519
-21.276578903198 6.6021037101746 -29.876844406128
-21.987701416016 7.1368341445923 -30.107309341431
-10.191195487976 -10.489303588867 -24.575704574585
-10.326889038086 -9.6599950790405 -24.182552337646
-10.58566570282 -8.9053468704224 -23.707780838013
-10.865065574646 -8.1688737869263 -23.216484069824
-11.188307762146 -7.4403767585754 -22.740356445312
-11.531252861023 -6.7151865959167 -22.273162841797
-11.930503845215 -6.0230951309204 -21.800447463989
-12.364246368408 -5.3550086021423 -21.323770523071
-12.732424736023 -4.6944336891174 -20.785331726074
-13.148436546326 -4.0342335700989 -20.282396316528
-13.596220970154 -3.3760924339294 -19.804655075073
-14.048178672791 -2.7330121994019 -19.310611724854
-14.523555755615 -2.1017575263977 -18.823352813721
-15.034226417542 -1.4853143692017 -18.353147506714
-15.594058990479 -0.89286351203918 -17.908744812012
-16.166101455688 -0.30695667862892 -17.471284866333
-16.804626464844 0.246935531497 -17.08736038208
-17.455465316772 0.76893693208694 -16.680141448975
-18.104181289673 1.273975610733 -16.24885559082
-18.7405834198 1.7648230791092 -15.784141540527
-19.418218612671 2.1770031452179 -15.301703453064
-20.191274642944 2.4351344108582 -14.857376098633
-20.967470169067 2.6572253704071 -14.399022102356
-21.534597396851 3.2290594577789 -13.93958568573
-22.119096755981 3.8499982357025 -13.572576522827
