67.494613647461 -5.6216959953308 269.73611450195
77.548950195312 2.4603340625763 274.05584716797
83.328880310059 -0.014533231966197 275.60955810547
82.845840454102 5.6854615211487 269.58618164062
67.456916809082 -5.2084889411926 270.08917236328
67.545555114746 -4.7850551605225 270.42041015625
67.729339599609 -4.3701539039612 270.72180175781
68.000999450684 -3.9772007465363 270.98385620117
68.322052001953 -3.6040465831757 271.21759033203
68.678863525391 -3.2495350837708 271.42724609375
69.060050964355 -2.9102580547333 271.61840820312
69.463134765625 -2.5867514610291 271.79113769531
69.875389099121 -2.2705624103546 271.95559692383
70.296348571777 -1.9617877006531 272.11184692383
70.731384277344 -1.6659272909164 272.25390625
71.167488098145 -1.3711280822754 272.39489746094
71.6103515625 -1.0830824375153 272.5285949707
72.058616638184 -0.80071192979813 272.65625
72.508438110352 -0.52003467082977 272.78216552734
72.956245422363 -0.23717571794987 272.91036987305
73.404853820801 0.044830162078142 273.03762817383
73.854927062988 0.32522794604301 273.16326904297
74.312629699707 0.59702217578888 273.27993774414
74.775718688965 0.86240637302399 273.38989257812
75.238182067871 1.128541469574 273.50067138672
75.692779541016 1.4039195775986 273.62103271484
76.154266357422 1.6712357997894 273.73303222656
76.615211486816 1.9392070770264 273.845703125
77.077964782715 2.204984664917 273.95611572266
67.951103210449 -5.4474453926086 270.21600341797
68.341773986816 -5.044216632843 270.61254882812
68.908149719238 -4.7676768302917 270.8932800293
69.539306640625 -4.55513048172 271.08148193359
70.157287597656 -4.3091192245483 271.27276611328
70.765594482422 -4.0412392616272 271.46588134766
71.378540039062 -3.7838780879974 271.65869140625
71.994041442871 -3.5328276157379 271.8515625
72.616470336914 -3.3009791374207 272.04632568359
73.242332458496 -3.080607175827 272.24340820312
73.867080688477 -2.8613221645355 272.44512939453
74.494293212891 -2.6560885906219 272.65393066406
75.117301940918 -2.445708990097 272.87005615234
75.736373901367 -2.2287094593048 273.09075927734
76.36580657959 -2.0409524440765 273.30892944336
77.007652282715 -1.8665393590927 273.50048828125
77.645492553711 -1.6987590789795 273.71054077148
78.279014587402 -1.5162199735641 273.92132568359
78.911460876465 -1.3193360567093 274.12219238281
79.547393798828 -1.1397696733475 274.32806396484
80.19637298584 -0.96604043245316 274.49444580078
80.82682800293 -0.77093911170959 274.70306396484
81.444030761719 -0.58611845970154 274.95599365234
82.070701599121 -0.38033437728882 275.16586303711
82.694297790527 -0.17232038080692 275.38256835938
67.940803527832 -5.0405240058899 269.78372192383
68.384033203125 -4.5131845474243 270.03451538086
68.939491271973 -4.0254502296448 270.05847167969
69.517875671387 -3.5672042369843 270.10931396484
70.117660522461 -3.1370232105255 270.15896606445
70.723876953125 -2.7163302898407 270.21054077148
71.340148925781 -2.3077244758606 270.23358154297
71.958549499512 -1.9021347761154 270.25213623047
72.571739196777 -1.4884357452393 270.2610168457
73.176170349121 -1.0619686841965 270.2532043457
73.782958984375 -0.63920050859451 270.23620605469
74.375991821289 -0.19699065387249 270.22891235352
74.968284606934 0.24618551135063 270.2214050293
75.567115783691 0.6802961230278 270.20733642578
76.177238464355 1.0977059602737 270.17990112305
76.799613952637 1.4957020282745 270.14083862305
77.426132202148 1.8876513242722 270.10748291016
78.042335510254 2.2955830097198 270.07342529297
78.658935546875 2.7039222717285 270.05523681641
79.278549194336 3.1079380512238 270.05950927734
79.885108947754 3.5280909538269 270.00787353516
80.462814331055 3.9737646579742 269.88607788086
81.007553100586 4.4640693664551 269.78576660156
81.59041595459 4.9163827896118 269.73178100586
82.21605682373 5.3057851791382 269.66680908203
