109.51723480225 43.592628479004 325.76165771484
59.482124328613 -13.707377433777 326.05853271484
56.808475494385 -5.307605266571 332.46661376953
58.702682495117 -6.1421637535095 319.02877807617
110.51425170898 40.727699279785 326.03369140625
110.44081115723 37.592323303223 326.16748046875
109.89705657959 34.500846862793 326.3674621582
109.05944061279 31.470947265625 326.50360107422
108.03424835205 28.494239807129 326.49185180664
106.760887146 25.61727142334 326.62249755859
105.35070037842 22.806602478027 326.72473144531
103.84603881836 20.041707992554 326.8073425293
102.12749481201 17.404111862183 326.82992553711
100.29079437256 14.850089073181 326.86074829102
98.340309143066 12.378437995911 326.90536499023
96.245025634766 10.033526420593 326.90426635742
94.051063537598 7.7749948501587 326.87197875977
91.765884399414 5.6145076751709 326.81707763672
89.36848449707 3.5746295452118 326.73434448242
86.929054260254 1.5887200832367 326.66415405273
84.351753234863 -0.22018976509571 326.63513183594
81.724906921387 -1.9541815519333 326.59561157227
79.056549072266 -3.6254053115845 326.54727172852
76.305137634277 -5.1548686027527 326.47695922852
73.502868652344 -6.5872182846069 326.40374755859
70.674827575684 -7.9700002670288 326.32931518555
67.823150634766 -9.2941751480103 326.16622924805
64.997711181641 -10.684267997742 326.16732788086
62.247451782227 -12.21635723114 326.11801147461
109.15809631348 40.689430236816 326.53784179688
108.59409332275 37.731021881104 326.84494018555
107.66718292236 34.854679107666 327.03894042969
106.66246795654 32.004180908203 327.22744750977
105.62008666992 29.167385101318 327.41174316406
104.32050323486 26.434736251831 327.52917480469
102.92602539062 23.748876571655 327.63180541992
101.32579040527 21.179573059082 327.70950317383
99.484489440918 18.775701522827 327.74212646484
97.5537109375 16.443334579468 327.79232788086
95.606552124023 14.124696731567 327.84469604492
93.612434387207 11.845727920532 327.85034179688
91.542182922363 9.635931968689 327.84881591797
89.274002075195 7.6295356750488 327.83959960938
87.003997802734 5.6254100799561 327.83001708984
84.551361083984 3.8499667644501 327.78427124023
81.966270446777 2.274537563324 327.71002197266
79.32120513916 0.80008924007416 327.71246337891
76.66389465332 -0.65187096595764 327.73135375977
73.869400024414 -1.8079886436462 327.88717651367
71.017608642578 -2.7677946090698 328.22760009766
68.157653808594 -3.5432021617889 328.85189819336
65.354301452637 -4.411506652832 329.59866333008
62.561668395996 -4.9825172424316 330.62112426758
59.720474243164 -5.0984969139099 331.66241455078
109.43124389648 40.641731262207 325.36276245117
108.89800262451 37.710113525391 325.33489990234
108.08960723877 34.841903686523 325.32855224609
107.08319854736 32.037403106689 325.37756347656
105.91422271729 29.29665184021 325.42517089844
104.58224487305 26.631336212158 325.47784423828
103.16519165039 24.009984970093 325.5126953125
101.63390350342 21.453468322754 325.51510620117
99.960487365723 18.987659454346 325.5224609375
98.14429473877 16.625 325.5354309082
96.28980255127 14.293271064758 325.47256469727
94.217514038086 12.151741027832 325.49261474609
92.088676452637 10.066354751587 325.50283813477
89.894752502441 8.0496025085449 325.49472045898
87.559417724609 6.1984152793884 325.50942993164
85.1669921875 4.4216256141663 325.51495361328
82.654434204102 2.8197956085205 325.46981811523
80.059310913086 1.3564680814743 325.39974975586
77.400428771973 0.013913152739406 325.30776977539
74.694671630859 -1.1763695478439 324.92950439453
71.984016418457 -2.3373827934265 324.49960327148
69.280723571777 -3.2734763622284 323.66479492188
66.588928222656 -4.1145815849304 322.70162963867
63.93994140625 -4.8956112861633 321.58187866211
61.320110321045 -5.585720539093 320.34042358398
