70.239074707031 -5.9040446281433 262.89953613281
79.914794921875 -10.437326431274 264.69360351562
83.158905029297 -9.2472715377808 261.78430175781
82.839256286621 -7.649872303009 266.43298339844
70.336936950684 -6.3008151054382 263.02624511719
70.600891113281 -6.6203622817993 263.13577270508
70.896392822266 -6.9134669303894 263.23843383789
71.226417541504 -7.1708307266235 263.33142089844
71.577102661133 -7.4020810127258 263.41720581055
71.936515808105 -7.6208972930908 263.49942016602
72.304954528809 -7.8257036209106 263.57769775391
72.681465148926 -8.0168075561523 263.6520690918
73.066871643066 -8.1912832260132 263.72164916992
73.458503723145 -8.3528680801392 263.78747558594
73.855400085449 -8.5025453567505 263.84985351562
74.256034851074 -8.6430959701538 263.90951538086
74.658416748047 -8.7791271209717 263.96789550781
75.060668945312 -8.9154939651489 264.0263671875
75.467124938965 -9.040322303772 264.08145141602
75.875190734863 -9.1604232788086 264.13510131836
76.283798217773 -9.2788715362549 264.18823242188
76.698081970215 -9.3762140274048 264.23510742188
77.070869445801 -9.5737943649292 264.31134033203
77.474067687988 -9.7073450088501 264.36898803711
77.863945007324 -9.8726844787598 264.43594360352
78.267364501953 -10.005937576294 264.49349975586
78.676597595215 -10.12248134613 264.54611206055
79.086769104004 -10.236084938049 264.59786987305
79.500900268555 -10.336268424988 264.64559936523
70.601119995117 -6.2545375823975 262.76147460938
71.039283752441 -6.5398268699646 262.78680419922
71.500770568848 -6.7783403396606 262.8518371582
71.982383728027 -6.976966381073 262.9040222168
72.474853515625 -7.1522822380066 262.93328857422
72.978004455566 -7.2957286834717 262.95391845703
73.482704162598 -7.4341320991516 262.97021484375
73.992576599121 -7.5532445907593 262.96960449219
74.502853393555 -7.6691522598267 262.95156860352
75.012725830078 -7.7803468704224 262.90887451172
75.522216796875 -7.8967061042786 262.87664794922
76.030731201172 -8.0160121917725 262.83999633789
76.538368225098 -8.1366453170776 262.79635620117
77.048095703125 -8.2425804138184 262.74053955078
77.558242797852 -8.3446636199951 262.68142700195
78.067520141602 -8.4432964324951 262.61026000977
78.575714111328 -8.5386667251587 262.52777099609
79.084327697754 -8.640007019043 262.45559692383
79.591949462891 -8.7452411651611 262.3821105957
80.097709655762 -8.8508558273315 262.29718017578
80.607543945312 -8.9534378051758 262.23626708984
81.118621826172 -9.0530424118042 262.18112182617
81.63362121582 -9.1233415603638 262.11798095703
82.150947570801 -9.15101146698 262.0419921875
82.656005859375 -9.164981842041 261.90460205078
70.598663330078 -6.1016087532043 263.21038818359
71.023368835449 -6.3399486541748 263.37902832031
71.495529174805 -6.5137343406677 263.49285888672
71.975540161133 -6.6678781509399 263.60217285156
72.457466125488 -6.8163824081421 263.71081542969
72.937477111816 -6.9601440429688 263.83346557617
73.417259216309 -7.100790977478 263.96026611328
73.909362792969 -7.2036566734314 264.0758972168
74.403594970703 -7.2982811927795 264.18939208984
74.902641296387 -7.3652458190918 264.30139160156
75.392486572266 -7.4361433982849 264.44677734375
75.878326416016 -7.5057320594788 264.60559082031
76.371520996094 -7.5646567344666 264.74490356445
76.865386962891 -7.6197776794434 264.88339233398
77.360763549805 -7.6647963523865 265.02008056641
77.854774475098 -7.691997051239 265.16613769531
78.34797668457 -7.7114992141724 265.31610107422
78.842796325684 -7.733603477478 265.46029663086
79.339874267578 -7.7556467056274 265.59646606445
79.83903503418 -7.7775292396545 265.72482299805
80.333541870117 -7.7969341278076 265.87045288086
80.829071044922 -7.812038898468 266.01306152344
81.334045410156 -7.8161916732788 266.11837768555
81.835983276367 -7.7585525512695 266.22259521484
82.33438873291 -7.6835708618164 266.33251953125
