59.979225158691 -5.3142223358154 272.17346191406
64.947639465332 2.4150803089142 276.80444335938
67.784759521484 -1.8159761428833 279.08782958984
69.144546508789 1.0352663993835 273.23086547852
59.942058563232 -4.9443497657776 272.34530639648
59.963214874268 -4.5775241851807 272.52627563477
60.013156890869 -4.2151107788086 272.71029663086
60.110664367676 -3.8640656471252 272.8974609375
60.200252532959 -3.510728597641 273.08428955078
60.289432525635 -3.1572923660278 273.27108764648
60.398490905762 -2.8099281787872 273.45855712891
60.552974700928 -2.4800021648407 273.6457824707
60.713375091553 -2.1528193950653 273.83279418945
60.898090362549 -1.8377947807312 274.01831054688
61.087249755859 -1.5252268314362 274.20349121094
61.278903961182 -1.2140235900879 274.3883972168
61.483604431152 -0.91045784950256 274.5719909668
61.695606231689 -0.61141818761826 274.75473022461
61.932174682617 -0.32908913493156 274.93389892578
62.185325622559 -0.059420816600323 275.10983276367
62.425891876221 0.21995474398136 275.28829956055
62.67484664917 0.49293154478073 275.46514892578
62.930759429932 0.76034319400787 275.64056396484
63.192699432373 1.022730588913 275.81466674805
63.433856964111 1.301661491394 275.99295043945
63.72864151001 1.5331786870956 276.15808105469
64.046852111816 1.7381058931351 276.31463623047
64.34309387207 1.9681286811829 276.47924804688
64.64852142334 2.1881387233734 276.64074707031
60.117713928223 -5.1561274528503 272.55136108398
60.290496826172 -4.9061007499695 272.85894775391
60.528297424316 -4.6791291236877 273.13983154297
60.779281616211 -4.4614734649658 273.41662597656
61.062118530273 -4.270498752594 273.68215942383
61.345462799072 -4.0796303749084 273.94723510742
61.638801574707 -3.8904933929443 274.20248413086
61.931968688965 -3.703104019165 274.45919799805
62.223358154297 -3.5245821475983 274.72415161133
62.51469039917 -3.3462870121002 274.98931884766
62.795486450195 -3.1699197292328 275.26684570312
63.071937561035 -2.9943969249725 275.54922485352
63.362957000732 -2.8408782482147 275.8298034668
63.656425476074 -2.6911880970001 276.10986328125
63.970184326172 -2.5524845123291 276.37310791016
64.299430847168 -2.437349319458 276.62866210938
64.649078369141 -2.3634030818939 276.87203979492
64.997993469238 -2.2954034805298 277.11825561523
65.34058380127 -2.2226338386536 277.37185668945
65.656028747559 -2.1299443244934 277.65267944336
65.982749938965 -2.03471326828 277.91943359375
66.329650878906 -1.9658023118973 278.16818237305
66.686973571777 -1.9377784729004 278.41006469727
67.039581298828 -1.9065471887589 278.65838623047
67.412162780762 -1.8612623214722 278.87313842773
60.231674194336 -4.9578943252563 272.0924987793
60.475200653076 -4.5928525924683 272.16110229492
60.755397796631 -4.2658801078796 272.26992797852
61.072113037109 -3.9737386703491 272.37771606445
61.406219482422 -3.6997864246368 272.48068237305
61.736305236816 -3.4211621284485 272.58404541016
62.067794799805 -3.1469895839691 272.69458007812
62.40132522583 -2.8778941631317 272.81127929688
62.733432769775 -2.6013793945312 272.91384887695
63.0569190979 -2.3153185844421 273.01776123047
63.371437072754 -2.0205419063568 273.12481689453
63.676975250244 -1.7175880670547 273.23471069336
64.018936157227 -1.4384063482285 273.28308105469
64.396209716797 -1.204554438591 273.29815673828
64.784858703613 -0.99083971977234 273.27490234375
65.174087524414 -0.78260082006454 273.22579956055
65.56819152832 -0.58675652742386 273.16580200195
65.961669921875 -0.38983297348022 273.1051940918
66.343902587891 -0.16516534984112 273.1130065918
66.718742370605 0.072499223053455 273.10775756836
67.080276489258 0.32783350348473 273.1169128418
67.446685791016 0.57122963666916 273.15927124023
67.849411010742 0.75177103281021 273.1916809082
68.275909423828 0.87492072582245 273.20620727539
68.711982727051 0.94843506813049 273.22296142578
