58.307933807373 -4.1405911445618 264.28796386719
63.656463623047 0.41055017709732 266.75601196289
67.304969787598 -0.39911696314812 270.37384033203
68.686813354492 0.51865512132645 265.2431640625
58.339141845703 -3.8564736843109 264.35668945312
58.423526763916 -3.5867033004761 264.43740844727
58.547527313232 -3.3351819515228 264.52545166016
58.709678649902 -3.1085340976715 264.61901855469
58.889163970947 -2.8961415290833 264.71438598633
59.079486846924 -2.6938629150391 264.81069946289
59.283458709717 -2.5057969093323 264.9079284668
59.488502502441 -2.318924665451 265.0051574707
59.705127716064 -2.1458117961884 265.10278320312
59.920654296875 -1.9712793827057 265.20028686523
60.139545440674 -1.8010445833206 265.29791259766
60.367588043213 -1.6432676315308 265.39553833008
60.590179443359 -1.4779241085052 265.4931640625
60.81901550293 -1.32126557827 265.59072875977
61.04662322998 -1.1628460884094 265.68829345703
61.280967712402 -1.0144287347794 265.78564453125
61.514877319336 -0.8653592467308 265.88305664062
61.756469726562 -0.72876590490341 265.98001098633
61.994216918945 -0.5857612490654 266.07720947266
62.234714508057 -0.44727903604507 266.17419433594
62.472442626953 -0.3042408823967 266.27142333984
62.71435546875 -0.168192461133 266.36831665039
62.962985992432 -0.044318176805973 266.4645690918
63.211524963379 0.079766683280468 266.56076049805
63.438068389893 0.23969699442387 266.65835571289
58.517375946045 -3.980877161026 264.64300537109
58.805110931396 -3.7343678474426 264.87826538086
59.138645172119 -3.5530943870544 265.11282348633
59.511917114258 -3.4091963768005 265.3117980957
59.891548156738 -3.2767550945282 265.50622558594
60.248001098633 -3.1178021430969 265.72381591797
60.603706359863 -2.9494669437408 265.93545532227
60.963481903076 -2.7797584533691 266.13900756836
61.320095062256 -2.6004514694214 266.33987426758
61.677967071533 -2.423672914505 266.54034423828
62.054286956787 -2.2881948947906 266.73944091797
62.438674926758 -2.1767601966858 266.93814086914
62.817401885986 -2.0728251934052 267.15130615234
63.194972991943 -1.9696480035782 267.36679077148
63.562618255615 -1.8689638376236 267.59997558594
63.931697845459 -1.770702123642 267.83184814453
64.312843322754 -1.6802632808685 268.04650878906
64.663307189941 -1.5702873468399 268.30099487305
65.00959777832 -1.4544289112091 268.55853271484
65.360122680664 -1.3298795223236 268.80609130859
65.713539123535 -1.1980830430984 269.04568481445
66.066741943359 -1.0678693056107 269.28634643555
66.407997131348 -0.96744072437286 269.55648803711
66.700820922852 -0.77635502815247 269.83471679688
66.993064880371 -0.58428585529327 270.11288452148
58.678276062012 -3.9328103065491 264.19644165039
59.000373840332 -3.6317648887634 264.23922729492
59.351737976074 -3.370023727417 264.30892944336
59.720012664795 -3.1292819976807 264.3642578125
60.108913421631 -2.925653219223 264.42886352539
60.505374908447 -2.7397956848145 264.50122070312
60.898677825928 -2.5498223304749 264.57992553711
61.291103363037 -2.3590095043182 264.66091918945
61.685523986816 -2.1732459068298 264.74389648438
62.083480834961 -1.996511220932 264.82965087891
62.486614227295 -1.8278441429138 264.90707397461
62.895820617676 -1.6695128679276 264.97375488281
63.309436798096 -1.5182967185974 265.02868652344
63.72945022583 -1.379306435585 265.06390380859
64.150634765625 -1.2427761554718 265.09448242188
64.574089050293 -1.1115511655807 265.11529541016
65.000968933105 -0.99529057741165 265.15005493164
65.425178527832 -0.8689626455307 265.18249511719
65.839447021484 -0.71125566959381 265.20205688477
66.254035949707 -0.55450433492661 265.22467041016
66.666137695312 -0.39178764820099 265.25033569336
67.075065612793 -0.22109867632389 265.27490234375
67.475456237793 -0.030217504128814 265.27127075195
67.874572753906 0.1637077331543 265.26287841797
68.277809143066 0.3488981127739 265.26712036133
