71.721649169922 -9.6911296844482 277.6858215332
75.31364440918 1.5654425621033 271.810546875
79.102096557617 4.12575340271 274.99505615234
80.732116699219 0.90585422515869 268.1396484375
71.415199279785 -9.3389463424683 277.44702148438
71.301139831543 -8.8992366790771 277.18414306641
71.25284576416 -8.4467096328735 276.92263793945
71.240249633789 -7.9903678894043 276.66363525391
71.267753601074 -7.5322299003601 276.40899658203
71.326766967773 -7.0746903419495 276.15875244141
71.436782836914 -6.6215777397156 275.91772460938
71.564903259277 -6.1711764335632 275.68060302734
71.71076965332 -5.7240142822266 275.44760131836
71.863739013672 -5.2783117294312 275.21640014648
72.028228759766 -4.8351912498474 274.98815917969
72.206642150879 -4.3955330848694 274.76370239258
72.389289855957 -3.9570257663727 274.54040527344
72.585426330566 -3.5223577022552 274.32107543945
72.787544250488 -3.0895264148712 274.10354614258
73.005027770996 -2.6617345809937 273.89093017578
73.208702087402 -2.2294037342072 273.67385864258
73.425315856934 -1.8013305664062 273.4609375
73.656639099121 -1.3785364627838 273.25299072266
73.906631469727 -0.96324509382248 273.05160522461
74.147216796875 -0.54409801959991 272.84680175781
74.372085571289 -0.11892101168633 272.63665771484
74.616409301758 0.29873660206795 272.43322753906
74.846229553223 0.72207534313202 272.22470092773
75.067642211914 1.1484867334366 272.01336669922
71.620346069336 -9.0825786590576 277.646484375
71.641845703125 -8.4912738800049 277.44537353516
71.779731750488 -7.9090194702148 277.26058959961
71.979965209961 -7.3371586799622 277.09860229492
72.189422607422 -6.7768521308899 276.90951538086
72.41983795166 -6.2277946472168 276.71481323242
72.723770141602 -5.7132511138916 276.52658081055
73.072380065918 -5.2257761955261 276.34259033203
73.375602722168 -4.7032294273376 276.1750793457
73.64070892334 -4.1561627388 276.0202331543
73.918167114258 -3.6123025417328 275.8759765625
74.197540283203 -3.066721200943 275.74255371094
74.499114990234 -2.5296552181244 275.62475585938
74.832008361816 -2.0075285434723 275.52655029297
75.121978759766 -1.455935716629 275.4541015625
75.414306640625 -0.90632796287537 275.37670898438
75.692268371582 -0.34748932719231 275.31488037109
76.01448059082 0.18742778897285 275.26086425781
76.399597167969 0.67489159107208 275.1735534668
76.784149169922 1.1662611961365 275.10858154297
77.159912109375 1.6668610572815 275.06622314453
77.530784606934 2.1714675426483 275.02874755859
77.913307189941 2.668016910553 275.00219726562
78.292373657227 3.1674888134003 274.98211669922
78.69140625 3.6515884399414 274.98532104492
71.766387939453 -9.2961444854736 277.16168212891
71.876350402832 -8.795729637146 276.74597167969
72.092811584473 -8.3022117614746 276.35986328125
72.326599121094 -7.8099074363708 275.98294067383
72.586517333984 -7.3098692893982 275.6337890625
72.863235473633 -6.8120875358582 275.29510498047
73.177703857422 -6.3221917152405 274.97802734375
73.503364562988 -5.8294792175293 274.67706298828
73.85270690918 -5.3542981147766 274.37448120117
74.220817565918 -4.8980002403259 274.06509399414
74.589660644531 -4.4552788734436 273.73727416992
74.963203430176 -4.021710395813 273.40274047852
75.349494934082 -3.6104037761688 273.05508422852
75.732460021973 -3.2252442836761 272.67498779297
76.130477905273 -2.8472056388855 272.30322265625
76.526985168457 -2.4672033786774 271.93200683594
76.900314331055 -2.081619977951 271.54299926758
77.291931152344 -1.6825931072235 271.18682861328
77.704689025879 -1.31216776371 270.82376098633
78.141983032227 -0.97552073001862 270.45642089844
78.561729431152 -0.62008517980576 270.08633422852
79.00048828125 -0.29957887530327 269.70724487305
79.421737670898 -0.093287535011768 269.24029541016
79.833778381348 0.2952199280262 268.89593505859
80.260322570801 0.59480357170105 268.486328125
