49.17431640625 -43.119457244873 321.29089355469
51.673725128174 -21.711339950562 343.97006225586
37.725959777832 -15.146032333374 328.44091796875
32.918830871582 -31.176511764526 343.86071777344
50.437683105469 -43.029426574707 321.92337036133
51.601257324219 -42.76781463623 322.68618774414
52.739189147949 -42.47049331665 323.47412109375
53.748584747314 -42.021903991699 324.35961914062
54.691013336182 -41.507823944092 325.28247070312
55.511310577393 -40.89045715332 326.25723266602
56.237579345703 -40.204864501953 327.26058959961
56.79711151123 -39.4172706604 328.29541015625
57.441688537598 -38.678932189941 329.31698608398
57.790836334229 -37.791366577148 330.36245727539
58.116912841797 -36.894115447998 331.40786743164
58.295612335205 -35.944728851318 332.44268798828
58.353450775146 -34.961647033691 333.45971679688
58.273983001709 -33.949947357178 334.44680786133
58.10192489624 -32.924728393555 335.40780639648
57.79415512085 -31.888414382935 336.32186889648
57.357585906982 -30.851558685303 337.18121337891
56.866130828857 -29.817638397217 338.01409912109
56.244663238525 -28.798992156982 338.77587890625
55.57018661499 -27.790163040161 339.50497436523
54.893695831299 -26.781736373901 340.23272705078
54.276515960693 -25.762367248535 340.9970703125
53.657520294189 -24.743286132812 341.76031494141
53.050109863281 -23.722345352173 342.53036499023
52.392776489258 -22.710090637207 343.27026367188
49.846977233887 -42.011070251465 321.68838500977
50.586360931396 -41.077545166016 322.33712768555
51.307163238525 -40.105911254883 322.94982910156
51.963199615479 -39.121643066406 323.61303710938
52.378856658936 -38.073055267334 324.36563110352
52.438327789307 -36.937343597412 325.10388183594
52.092891693115 -35.806591033936 325.76763916016
51.475212097168 -34.722244262695 326.29809570312
50.653923034668 -33.667335510254 326.52459716797
49.688987731934 -32.714630126953 326.52893066406
48.641929626465 -31.853830337524 326.48834228516
47.742134094238 -30.856428146362 326.67300415039
47.032726287842 -29.767702102661 327.06024169922
46.655723571777 -28.525157928467 327.45062255859
46.317092895508 -27.217668533325 327.57089233398
45.772266387939 -25.976287841797 327.59204101562
44.995571136475 -24.868648529053 327.68600463867
44.240642547607 -23.766078948975 327.91696166992
43.396244049072 -22.713726043701 328.05288696289
42.566211700439 -21.641817092896 328.08599853516
41.738376617432 -20.568780899048 328.13400268555
40.919231414795 -19.488048553467 328.12655639648
40.118801116943 -18.393699645996 328.09918212891
39.373485565186 -17.260829925537 328.08709716797
38.583560943604 -16.162006378174 328.17379760742
49.210800170898 -42.763710021973 322.56130981445
49.900463104248 -42.323890686035 323.59777832031
50.40047454834 -41.964786529541 324.7658996582
50.898937225342 -41.563953399658 325.92102050781
51.372024536133 -40.964744567871 326.99826049805
51.498943328857 -40.310882568359 328.13748168945
50.968860626221 -39.530368804932 329.06079101562
50.123001098633 -38.919319152832 329.86987304688
49.208202362061 -38.364864349365 330.64389038086
48.224033355713 -37.960235595703 331.42532348633
47.062156677246 -37.589775085449 331.93118286133
46.056564331055 -37.056461334229 332.59979248047
45.288452148438 -36.523960113525 333.5325012207
44.506439208984 -35.940044403076 334.42163085938
43.870056152344 -35.506301879883 335.49392700195
42.994617462158 -35.123245239258 336.4045715332
41.867092132568 -34.797607421875 337.00961303711
40.809989929199 -34.412715911865 337.70071411133
39.882537841797 -34.026836395264 338.55770874023
38.955799102783 -33.659481048584 339.42352294922
37.931007385254 -33.322643280029 340.18499755859
36.905395507812 -33.034313201904 340.96496582031
35.918079376221 -32.543617248535 341.69155883789
34.936851501465 -32.105613708496 342.45895385742
33.959838867188 -31.724742889404 343.26132202148
