72.61882019043 -7.5965504646301 266.97659301758
78.396118164062 5.9066824913025 267.34680175781
80.689765930176 1.8492883443832 270.82760620117
81.883033752441 1.5933736562729 266.03463745117
72.556671142578 -7.0312623977661 266.90835571289
72.574310302734 -6.460663318634 266.8616027832
72.641021728516 -5.8928828239441 266.82864379883
72.803001403809 -5.343487739563 266.82357788086
72.990882873535 -4.8023867607117 266.82632446289
73.20573425293 -4.2715229988098 266.83752441406
73.43408203125 -3.7464292049408 266.85299682617
73.678932189941 -3.2290079593658 266.87359619141
73.935859680176 -2.7176446914673 266.89813232422
74.190383911133 -2.2050461769104 266.92190551758
74.449966430664 -1.6950670480728 266.947265625
74.72477722168 -1.1934052705765 266.97760009766
75.009811401367 -0.69769591093063 267.01126098633
75.283416748047 -0.19535946846008 267.04122924805
75.523796081543 0.32420727610588 267.06045532227
75.789131164551 0.83111941814423 267.08770751953
76.032707214355 1.349157333374 267.10797119141
76.285743713379 1.8625079393387 267.13122558594
76.512962341309 2.3881044387817 267.14627075195
76.745162963867 2.9114720821381 267.16290283203
76.979072570801 3.4340591430664 267.18005371094
77.214210510254 3.9560830593109 267.19763183594
77.47737121582 4.4641513824463 267.22418212891
77.761375427246 4.9604692459106 267.2575378418
78.047859191895 5.4553127288818 267.29165649414
72.787384033203 -7.2582025527954 267.31735229492
72.94425201416 -6.7834630012512 267.41232299805
73.199569702148 -6.3622345924377 267.54034423828
73.390159606934 -5.8930993080139 267.59127807617
73.669082641602 -5.4826335906982 267.70413208008
73.972373962402 -5.0819954872131 267.78485107422
74.273666381836 -4.6810622215271 267.87139892578
74.571098327637 -4.2805199623108 267.97198486328
74.873291015625 -3.8843996524811 268.07580566406
75.190956115723 -3.5029044151306 268.18789672852
75.509506225586 -3.1222796440125 268.30044555664
75.83171081543 -2.7493331432343 268.42736816406
76.158752441406 -2.3886077404022 268.5754699707
76.486145019531 -2.0289075374603 268.72528076172
76.813545227051 -1.6691999435425 268.87506103516
77.153259277344 -1.3294144868851 269.04287719727
77.500556945801 -1.0035610198975 269.22235107422
77.848609924316 -0.67914861440659 269.40301513672
78.196174621582 -0.35845518112183 269.59106445312
78.543518066406 -0.039435099810362 269.78234863281
78.888694763184 0.30446004867554 269.92932128906
79.21272277832 0.65509551763535 270.10559082031
79.555274963379 0.97835719585419 270.29840087891
79.917144775391 1.2837237119675 270.48498535156
80.290023803711 1.5767161846161 270.66973876953
72.924919128418 -7.2830996513367 266.72009277344
73.138252258301 -6.8209962844849 266.66519165039
73.360130310059 -6.3667402267456 266.58728027344
73.639724731445 -5.9384317398071 266.57421875
73.97087097168 -5.548095703125 266.57196044922
74.276672363281 -5.1378755569458 266.55432128906
74.57633972168 -4.722936630249 266.54629516602
74.900619506836 -4.3269453048706 266.55657958984
75.243278503418 -3.9471154212952 266.5774230957
75.586151123047 -3.5674760341644 266.59808349609
75.933860778809 -3.1921246051788 266.61538696289
76.294731140137 -2.8289976119995 266.61981201172
76.664810180664 -2.4752843379974 266.6145324707
77.049911499023 -2.1381967067719 266.60195922852
77.443008422852 -1.8122516870499 266.56527709961
77.837539672852 -1.488539814949 266.52450561523
78.229774475098 -1.1654813289642 266.46206665039
78.624412536621 -0.84512037038803 266.40100097656
79.016120910645 -0.52816271781921 266.31051635742
79.417388916016 -0.21309080719948 266.26776123047
79.819869995117 0.10160042345524 266.23483276367
80.205711364746 0.4372909963131 266.21142578125
80.610038757324 0.75053495168686 266.18869018555
81.017021179199 1.0567110776901 266.13635253906
81.447006225586 1.3296604156494 266.08416748047
