135.7530670166 39.971408843994 315.62405395508
102.18510437012 1.7416256666183 312.70440673828
90.413803100586 7.5507006645203 318.10897827148
91.390846252441 7.761549949646 306.29098510742
135.91168212891 37.972385406494 315.59405517578
135.3938293457 36.035591125488 315.52197265625
134.56756591797 34.209106445312 315.43231201172
133.57496643066 32.467906951904 315.3337097168
132.43937683105 30.816783905029 315.22775268555
131.25823974609 29.198080062866 315.11950683594
130.00196838379 27.637250900269 315.00762939453
128.66871643066 26.141889572144 314.89215087891
127.29895782471 24.680015563965 314.77496337891
125.95017242432 23.198755264282 314.65875244141
124.53874206543 21.777250289917 314.53973388672
123.06308746338 20.422763824463 314.41793823242
121.58643341064 19.069370269775 314.29611206055
120.09903717041 17.727840423584 314.17376708984
118.64158630371 16.353710174561 314.05279541016
117.18147277832 14.982422828674 313.93167114258
115.71839904785 13.614315032959 313.81036376953
114.26934051514 12.231557846069 313.68969726562
112.67977905273 11.013216972351 313.56335449219
111.20159912109 9.6616306304932 313.44146728516
109.79576873779 8.2345571517944 313.32266235352
108.35377502441 6.8441591262817 313.20230102539
106.8706817627 5.4978542327881 313.08020019531
105.36547851562 4.1763906478882 312.95718383789
103.78617858887 2.9447448253632 312.83120727539
134.86575317383 38.172332763672 316.52697753906
133.72967529297 36.330490112305 316.81039428711
132.29180908203 34.679050445557 316.89279174805
130.693359375 33.171581268311 316.93673706055
129.04141235352 31.720449447632 316.97717285156
127.55612945557 30.100038528442 317.06365966797
125.84605407715 28.751111984253 317.05816650391
124.00579833984 27.54953956604 316.98162841797
122.19527435303 26.302671432495 316.90036010742
120.37786865234 25.066095352173 316.81579589844
118.57759094238 23.80530166626 316.73580932617
116.81800079346 22.48681640625 316.66711425781
114.89692687988 21.439643859863 316.58187866211
112.93553924561 20.464328765869 316.50674438477
111.27018737793 19.029556274414 316.59219360352
109.60321044922 17.597007751465 316.67706298828
107.71580505371 16.467008590698 316.68548583984
105.83456420898 15.329097747803 316.71572875977
104.00093078613 14.130086898804 316.91427612305
102.18064880371 12.908353805542 317.09451293945
100.36051940918 11.687615394592 317.28070068359
98.520957946777 10.502548217773 317.50628662109
96.670135498047 9.3400211334229 317.73742675781
94.669929504395 8.4766969680786 318.04257202148
92.590423583984 7.8616528511047 318.17904663086
134.23089599609 38.597484588623 314.92446899414
132.73112487793 37.188274383545 314.26434326172
131.38800048828 35.532173156738 313.88040161133
130.15699768066 33.821411132812 313.38455200195
128.61383056641 32.340167999268 313.08428955078
127.02704620361 30.89022064209 312.81256103516
125.26322937012 29.644569396973 312.66448974609
123.52956390381 28.360504150391 312.48059082031
121.80012512207 27.071697235107 312.27960205078
120.05086517334 25.807518005371 312.08981323242
118.28115844727 24.571319580078 311.91079711914
116.48034667969 23.377710342407 311.74816894531
114.72356414795 22.135969161987 311.51821899414
113.0309677124 20.823362350464 311.19232177734
111.33477020264 19.51202583313 310.88021850586
109.54765319824 18.319402694702 310.60137939453
107.76226043701 17.127223968506 310.30966186523
105.96951293945 15.960347175598 309.97009277344
104.17353820801 14.819719314575 309.56134033203
102.3881149292 13.669912338257 309.13208007812
100.64491271973 12.527366638184 308.54165649414
98.899604797363 11.343218803406 308.05508422852
97.164428710938 10.143356323242 307.57052612305
95.451507568359 8.9626617431641 306.96560668945
93.481918334961 8.2510938644409 306.57708740234
