72.697410583496 -5.7490067481995 267.19793701172
75.206871032715 0.92383450269699 275.75848388672
80.73184967041 -2.2619869709015 274.17858886719
77.755989074707 3.5938835144043 270.55908203125
72.492431640625 -5.6236505508423 267.56756591797
72.411468505859 -5.4242482185364 267.95257568359
72.380462646484 -5.2021145820618 268.33242797852
72.370651245117 -4.9714913368225 268.70825195312
72.402381896973 -4.7259922027588 269.07336425781
72.449966430664 -4.4755048751831 269.43334960938
72.503089904785 -4.2233438491821 269.79135131836
72.578460693359 -3.9649891853333 270.14086914062
72.664596557617 -3.7039034366608 270.48580932617
72.746536254883 -3.4438307285309 270.83258056641
72.839096069336 -3.1811933517456 271.17468261719
72.935615539551 -2.9176139831543 271.51495361328
73.041030883789 -2.6520726680756 271.85104370117
73.175926208496 -2.3808693885803 272.17172241211
73.303771972656 -2.1108686923981 272.49630737305
73.446876525879 -1.8383479118347 272.81225585938
73.592842102051 -1.5653810501099 273.12652587891
73.75138092041 -1.290738940239 273.43316650391
73.909713745117 -1.0161075592041 273.73992919922
74.071655273438 -0.7410295009613 274.04437255859
74.248687744141 -0.46434891223907 274.33880615234
74.429985046387 -0.1873340010643 274.63031005859
74.624404907227 0.090575903654099 274.91235351562
74.80297088623 0.36735668778419 275.2057800293
75.002334594727 0.64549547433853 275.4841003418
72.941421508789 -5.8370151519775 267.53598022461
73.106063842773 -5.6622543334961 267.90609741211
73.316772460938 -5.4570655822754 268.23602294922
73.499092102051 -5.2708988189697 268.59313964844
73.720565795898 -5.07155418396 268.92034912109
73.950477600098 -4.881326675415 269.24697875977
74.20760345459 -4.7022099494934 269.55795288086
74.505737304688 -4.4921789169312 269.80667114258
74.841499328613 -4.3619995117188 270.06365966797
75.16340637207 -4.2422103881836 270.34210205078
75.503631591797 -4.0935482978821 270.58242797852
75.844863891602 -3.983140707016 270.84130859375
76.193939208984 -3.8375372886658 271.07107543945
76.538467407227 -3.6787881851196 271.29898071289
76.886779785156 -3.5359754562378 271.53164672852
77.22745513916 -3.3816401958466 271.76812744141
77.57258605957 -3.2569432258606 272.01547241211
77.927108764648 -3.1455543041229 272.25579833984
78.289733886719 -3.0210776329041 272.47668457031
78.626579284668 -2.8587980270386 272.71343994141
78.96800994873 -2.6976988315582 272.94427490234
79.275459289551 -2.5478596687317 273.22500610352
79.613746643066 -2.4560444355011 273.49517822266
79.964424133301 -2.3750672340393 273.75271606445
80.343795776367 -2.3206613063812 273.97406005859
72.676223754883 -5.3244404792786 267.22341918945
72.751411437988 -4.9728994369507 267.47998046875
72.872016906738 -4.6372976303101 267.7412109375
73.009574890137 -4.3022050857544 267.99472045898
73.15242767334 -3.9627273082733 268.23922729492
73.316314697266 -3.6229996681213 268.46896362305
73.525604248047 -3.2884261608124 268.66781616211
73.737037658691 -2.9358835220337 268.83023071289
73.963569641113 -2.5821027755737 268.96786499023
74.207145690918 -2.2416338920593 269.11004638672
74.443702697754 -1.8919458389282 269.24105834961
74.686828613281 -1.5378190279007 269.34545898438
74.951126098633 -1.2002636194229 269.45358276367
75.207489013672 -0.85667252540588 269.56063842773
75.420257568359 -0.48154202103615 269.65728759766
75.670372009277 -0.1329793035984 269.76416015625
75.908058166504 0.22209614515305 269.87707519531
76.112907409668 0.60731518268585 269.94857788086
76.338539123535 0.97904407978058 270.02639770508
76.626594543457 1.2865545749664 270.15997314453
76.863128662109 1.6327785253525 270.30017089844
77.078628540039 1.9892394542694 270.44842529297
77.268608093262 2.3698751926422 270.56838989258
77.383094787598 2.7968392372131 270.57571411133
77.549430847168 3.2055218219757 270.60375976562
