163.71281433105 18.061141967773 654.57379150391
161.4324798584 -26.68613243103 665.69049072266
154.90130615234 -17.291555404663 652.79162597656
173.87762451172 -17.279699325562 654.25610351562
163.38488769531 18.011898040771 656.63787841797
163.07427978516 17.187923431396 658.53656005859
162.79164123535 15.991520881653 660.23126220703
162.53192138672 14.592101097107 661.76696777344
162.2893371582 13.071348190308 663.18572998047
162.06221008301 11.457282066345 664.50018310547
161.84906005859 9.7700157165527 665.72137451172
161.67327880859 7.9244956970215 666.69494628906
161.48475646973 6.1272277832031 667.75274658203
161.31970214844 4.245466709137 668.65637207031
161.1667175293 2.3268723487854 669.48120117188
161.02040100098 0.38966566324234 670.26263427734
160.89251708984 -1.5928157567978 670.92456054688
160.77444458008 -3.5959596633911 671.52294921875
160.67939758301 -5.638708114624 671.97326660156
160.6259765625 -7.723831653595 672.158203125
160.58674621582 -9.81529712677 672.25317382812
160.56344604492 -11.909132003784 672.24719238281
160.55892944336 -13.999430656433 672.12322998047
160.57977294922 -16.07407951355 671.84075927734
160.62394714355 -18.1233253479 671.41278076172
160.72177124023 -20.07200050354 670.65405273438
160.85285949707 -21.927196502686 669.69219970703
161.04638671875 -23.526479721069 668.35528564453
161.2742767334 -24.927892684937 666.81622314453
163.21710205078 17.30931854248 655.41748046875
162.9105682373 16.098140716553 656.20404052734
162.43952941895 15.020174980164 655.44055175781
161.98027038574 13.633646965027 655.68090820312
161.57133483887 12.255191802979 656.14929199219
161.26292419434 10.812547683716 656.45642089844
160.7900390625 9.4049434661865 656.70867919922
160.21145629883 8.0252351760864 656.73168945312
159.83755493164 6.5865859985352 656.98474121094
159.43190002441 5.1411261558533 657.14044189453
159.04251098633 3.6838183403015 657.23577880859
158.72338867188 2.2073793411255 657.31066894531
158.11608886719 0.84099841117859 657.42272949219
157.83976745605 -0.64521735906601 657.39190673828
157.67259216309 -2.1444003582001 657.27429199219
157.69831848145 -3.6201319694519 657.20147705078
157.40309143066 -4.9038743972778 657.01251220703
157.35104370117 -6.261679649353 656.76684570312
157.08569335938 -7.6486105918884 656.45550537109
156.66087341309 -9.0282011032104 656.041015625
156.42538452148 -10.442079544067 655.55474853516
156.0866394043 -11.807464599609 655.00103759766
155.65078735352 -13.166062355042 654.49914550781
155.2931060791 -14.534259796143 653.97808837891
155.09721374512 -15.912907600403 653.38488769531
163.88011169434 17.204050064087 655.56420898438
164.27276611328 15.836263656616 655.65490722656
164.82887268066 14.563424110413 655.43133544922
165.15200805664 13.144039154053 655.86950683594
165.46701049805 11.731010437012 656.40142822266
165.79118347168 10.258516311646 656.72869873047
166.21752929688 8.8063802719116 657.02856445312
166.59317016602 7.3357043266296 657.29425048828
166.96708679199 5.873960018158 657.57092285156
167.22259521484 4.3857688903809 657.80883789062
167.66304016113 2.9475297927856 658.06317138672
167.92080688477 1.5572177171707 658.19769287109
168.31700134277 0.11620915681124 658.24835205078
168.58097839355 -1.4013284444809 658.20330810547
168.88438415527 -2.9117865562439 658.29260253906
169.05397033691 -4.4127759933472 658.12548828125
168.86140441895 -5.7957763671875 657.87133789062
169.34494018555 -7.1311507225037 657.67828369141
169.32920837402 -8.592885017395 657.28839111328
169.7287902832 -10.021246910095 656.97845458984
170.1602935791 -11.387095451355 656.52789306641
170.67926025391 -12.731478691101 656.04351806641
171.13319396973 -14.148850440979 655.66998291016
171.59397888184 -15.493020057678 655.10528564453
172.61344909668 -16.484970092773 654.64990234375
