72.392280578613 15.972134590149 264.3616027832
78.524017333984 9.1340160369873 268.11151123047
80.834625244141 9.5189599990845 266.0732421875
80.102005004883 11.132160186768 270.09848022461
72.392280578613 15.605484008789 264.49548339844
72.455543518066 15.248262405396 264.63885498047
72.592918395996 14.915084838867 264.78863525391
72.763916015625 14.598271369934 264.93923950195
72.965293884277 14.299559593201 265.08944702148
73.177276611328 14.008063316345 265.23922729492
73.407943725586 13.730415344238 265.38775634766
73.64134979248 13.454946517944 265.53604125977
73.883460998535 13.186639785767 265.68350219727
74.13451385498 12.926078796387 265.82989501953
74.390045166016 12.669620513916 265.97579956055
74.640472412109 12.408528327942 266.12231445312
74.902305603027 12.157965660095 266.2673034668
75.168029785156 11.911192893982 266.41168212891
75.440956115723 11.671730995178 266.55493164062
75.71703338623 11.435534477234 266.69757080078
75.991149902344 11.197292327881 266.84060668945
76.257774353027 10.951419830322 266.98486328125
76.537330627441 10.718936920166 267.12683105469
76.806167602539 10.475273132324 267.27075195312
77.075202941895 10.231801986694 267.41461181641
77.36612701416 10.012259483337 267.55426025391
77.647651672363 9.7819499969482 267.69586181641
77.957191467285 9.5861053466797 267.83059692383
78.262786865234 9.3848609924316 267.96649169922
72.625335693359 15.634137153625 264.31140136719
72.912002563477 15.340662956238 264.38342285156
73.214668273926 15.062151908875 264.44973754883
73.514472961426 14.780015945435 264.51364135742
73.822219848633 14.507522583008 264.58096313477
74.144355773926 14.253810882568 264.65472412109
74.467056274414 14.001256942749 264.72979736328
74.79411315918 13.75782585144 264.81555175781
75.122749328613 13.517996788025 264.90536499023
75.451171875 13.277433395386 264.99392700195
75.779075622559 13.035093307495 265.07955932617
76.106979370117 12.792750358582 265.16522216797
76.435028076172 12.550830841064 265.25143432617
76.76490020752 12.313823699951 265.34411621094
77.095718383789 12.076235771179 265.43170166016
77.429649353027 11.836977005005 265.50091552734
77.769119262695 11.610569953918 265.583984375
78.08837890625 11.346499443054 265.62774658203
78.413475036621 11.087965965271 265.65972900391
78.754005432129 10.850153923035 265.69192504883
79.101928710938 10.627635002136 265.74685668945
79.453147888184 10.410727500916 265.80313110352
79.80233001709 10.19575881958 265.87689208984
80.146430969238 9.9701614379883 265.94235229492
80.490524291992 9.7445611953735 266.0078125
72.480972290039 15.691864013672 264.65747070312
72.712829589844 15.438035011292 264.89678955078
72.970832824707 15.219344139099 265.14422607422
73.241775512695 15.001036643982 265.37786865234
73.512985229492 14.782890319824 265.61135864258
73.788818359375 14.567894935608 265.84216308594
74.085166931152 14.367483139038 266.06051635742
74.38151550293 14.167071342468 266.27883911133
74.677856445312 13.966658592224 266.49719238281
74.974906921387 13.766572952271 266.71481323242
75.282989501953 13.571579933167 266.92150878906
75.591423034668 13.376766204834 267.12783813477
75.899513244629 13.182432174683 267.33511352539
76.204887390137 12.991878509521 267.5498046875
76.510185241699 12.801706314087 267.7649230957
76.813499450684 12.621772766113 267.99136352539
77.126625061035 12.453762054443 268.21353149414
77.45378112793 12.304141998291 268.42855834961
77.779205322266 12.151392936707 268.64401245117
78.111328125 12.005938529968 268.85400390625
78.464630126953 11.839928627014 269.00650024414
78.801788330078 11.666790008545 269.18521118164
79.126251220703 11.530237197876 269.41265869141
79.451499938965 11.397542953491 269.64126586914
79.776756286621 11.264852523804 269.86987304688
