85.193283081055 -61.217842102051 331.67425537109
100.17066955566 -52.147281646729 345.46221923828
83.192337036133 -33.333339691162 342.4739074707
83.350997924805 -55.487525939941 356.52142333984
86.15217590332 -61.341548919678 331.62658691406
87.11759185791 -61.391437530518 331.67718505859
88.07625579834 -61.377861022949 331.81079101562
89.015159606934 -61.296279907227 332.03186035156
89.938430786133 -61.17907333374 332.29809570312
90.8359375 -61.015830993652 332.62200927734
91.707641601562 -60.815288543701 332.99212646484
92.572189331055 -60.60542678833 333.37362670898
93.387115478516 -60.339431762695 333.82330322266
94.178848266602 -60.050998687744 334.2998046875
94.916397094727 -59.716785430908 334.83026123047
95.628936767578 -59.363864898682 335.38235473633
96.290092468262 -58.976463317871 335.97384643555
96.888572692871 -58.552715301514 336.60577392578
97.441703796387 -58.10591506958 337.26266479492
97.94255065918 -57.6354637146 337.94448852539
98.393600463867 -57.145015716553 338.64669799805
98.772956848145 -56.629718780518 339.37307739258
99.112449645996 -56.102436065674 340.11050415039
99.410835266113 -55.564037322998 340.85760498047
99.649848937988 -55.011795043945 341.61587524414
99.85188293457 -54.452163696289 342.37945556641
100.03817749023 -53.889617919922 343.14492797852
100.128074646 -53.31307220459 343.91729736328
100.16204071045 -52.73108291626 344.69009399414
86.209289550781 -59.953609466553 331.91958618164
87.574378967285 -59.151992797852 332.39840698242
88.968894958496 -58.626510620117 333.08099365234
89.319068908691 -58.337341308594 334.62771606445
89.801345825195 -57.782005310059 335.57989501953
90.39404296875 -57.069522857666 334.20068359375
90.253105163574 -56.775562286377 334.42272949219
89.701522827148 -56.6545753479 335.45327758789
90.028755187988 -55.72017288208 334.11877441406
90.376647949219 -54.42569732666 334.72778320312
90.394706726074 -53.842590332031 336.11288452148
90.579460144043 -52.469478607178 336.83740234375
90.008071899414 -51.268756866455 337.80996704102
89.73307800293 -50.009304046631 338.244140625
89.344467163086 -48.552555084229 338.92086791992
89.154891967773 -46.927593231201 339.21188354492
88.46654510498 -45.520038604736 339.76376342773
87.81568145752 -44.417552947998 340.72912597656
87.21240234375 -43.50997543335 341.91644287109
87.087356567383 -42.002002716064 341.2297668457
86.74730682373 -40.529056549072 341.17749023438
86.166679382324 -39.090114593506 341.77072143555
85.553565979004 -37.644813537598 342.31506347656
84.766220092773 -36.232234954834 342.62951660156
83.937950134277 -34.80615234375 342.66369628906
86.105880737305 -61.427989959717 332.50973510742
87.079948425293 -61.368045806885 333.31625366211
88.091003417969 -61.327606201172 334.07550048828
89.152412414551 -61.296588897705 334.76251220703
90.096328735352 -61.172973632812 335.57196044922
90.315223693848 -61.033134460449 336.75836181641
89.644981384277 -60.225185394287 337.33630371094
89.022933959961 -59.556209564209 337.91470336914
89.219337463379 -60.01802444458 338.97537231445
89.550445556641 -59.309169769287 339.97174072266
89.046752929688 -58.548358917236 340.8427734375
89.394729614258 -57.974586486816 341.89056396484
89.067581176758 -57.615859985352 343.02648925781
88.574851989746 -57.363388061523 344.16528320312
88.045066833496 -57.172367095947 345.30004882812
87.688934326172 -57.084461212158 346.49645996094
87.471138000488 -57.080158233643 347.74310302734
87.058082580566 -56.981742858887 348.93664550781
86.645027160645 -56.883327484131 350.13018798828
86.180862426758 -56.684150695801 351.29141235352
85.629959106445 -56.625728607178 352.42752075195
85.062477111816 -56.598724365234 353.55963134766
84.528327941895 -56.521476745605 354.70574951172
83.967926025391 -56.104858398438 355.55725097656
83.356735229492 -55.031490325928 355.83865356445
