68.96061706543 6.6382761001587 266.45986938477
77.929557800293 -6.7099485397339 268.35913085938
81.440101623535 -4.1429953575134 265.74230957031
81.28231048584 -4.6524376869202 272.19683837891
68.880714416504 6.0019674301147 266.45468139648
68.887153625488 5.3610382080078 266.46585083008
69.040191650391 4.7394099235535 266.50439453125
69.23274230957 4.1294031143188 266.55020141602
69.491073608398 3.5452363491058 266.60800170898
69.778106689453 2.9751644134521 266.67098999023
70.092491149902 2.4203069210052 266.73895263672
70.433471679688 1.8819826841354 266.81161499023
70.784912109375 1.350686788559 266.88613891602
71.149864196777 0.82893681526184 266.96310424805
71.526397705078 0.31578952074051 267.04208374023
71.918685913086 -0.18496936559677 267.12387084961
72.318771362305 -0.6792950630188 267.20703125
72.709648132324 -1.1811974048615 267.28857421875
73.116722106934 -1.6695749759674 267.37295532227
73.530807495117 -2.1518037319183 267.45852661133
73.953002929688 -2.6266896724701 267.54556274414
74.37614440918 -3.1007068157196 267.63278198242
74.802291870117 -3.5719308853149 267.7204284668
75.220176696777 -4.0507440567017 267.80673217773
75.648368835449 -4.5200338363647 267.89483642578
76.072372436523 -4.9932518005371 267.98217773438
76.509582519531 -5.4538607597351 268.07174682617
76.94970703125 -5.9115815162659 268.16189575195
77.410820007324 -6.3473830223083 268.25564575195
69.333831787109 6.1901435852051 266.17736816406
69.660469055176 5.6294016838074 266.1044921875
69.962188720703 5.0497117042542 266.10510253906
70.270919799805 4.4748587608337 266.13577270508
70.637161254883 3.9347851276398 266.169921875
71.038391113281 3.4210443496704 266.21694946289
71.458221435547 2.9238955974579 266.27618408203
71.89811706543 2.4507031440735 266.37496948242
72.340293884277 1.9773205518723 266.46166992188
72.782417297363 1.4999133348465 266.52328491211
73.229995727539 1.0273396968842 266.5793762207
73.72794342041 0.60659861564636 266.62557983398
74.230506896973 0.18897275626659 266.63885498047
74.734840393066 -0.22645339369774 266.62957763672
75.272659301758 -0.59734046459198 266.61074829102
75.823143005371 -0.94888651371002 266.58728027344
76.380882263184 -1.2881534099579 266.55642700195
76.92204284668 -1.6503751277924 266.50082397461
77.481628417969 -1.9823150634766 266.43902587891
78.05419921875 -2.2962024211884 266.41064453125
78.634429931641 -2.5923593044281 266.35845947266
79.201858520508 -2.897941827774 266.24975585938
79.756614685059 -3.2192413806915 266.12261962891
80.314811706543 -3.549099445343 266.04037475586
80.88037109375 -3.8478364944458 265.90591430664
69.298622131348 6.1858997344971 266.85311889648
69.55069732666 5.5784893035889 267.07565307617
69.869804382324 4.981324672699 267.23205566406
70.237457275391 4.4068417549133 267.35894775391
70.698188781738 3.8993539810181 267.47470092773
71.159774780273 3.3926901817322 267.59063720703
71.631988525391 2.8966853618622 267.7087097168
72.133972167969 2.4321191310883 267.83215332031
72.608123779297 1.9365067481995 267.94409179688
73.052223205566 1.4114791154861 268.04498291016
73.525863647461 0.91771864891052 268.16537475586
74.039337158203 0.48008221387863 268.33245849609
74.570251464844 0.071211278438568 268.51727294922
75.105125427246 -0.33736297488213 268.69100952148
75.646728515625 -0.73743522167206 268.86279296875
76.157287597656 -1.1471773386002 269.09616088867
76.673942565918 -1.5210242271423 269.37258911133
77.158790588379 -1.9254955053329 269.6633605957
77.64575958252 -2.3204338550568 269.96319580078
78.169998168945 -2.6586077213287 270.2698059082
78.708625793457 -2.9918012619019 270.55612182617
79.229232788086 -3.3087577819824 270.8903503418
79.74649810791 -3.6470675468445 271.20849609375
80.264045715332 -3.9862434864044 271.52523803711
80.782501220703 -4.3190770149231 271.84716796875
