62.170322418213 6.4579820632935 270.68313598633
65.192726135254 -0.17398253083229 271.79440307617
69.615203857422 -0.55207043886185 270.51400756836
68.237060546875 -0.3489388525486 275.50372314453
62.078948974609 6.1837186813354 270.65502929688
62.072032928467 5.8930907249451 270.65606689453
62.106307983398 5.6047329902649 270.6711730957
62.164516448975 5.3207502365112 270.69436645508
62.231922149658 5.0391192436218 270.720703125
62.320571899414 4.7642092704773 270.75424194336
62.43323135376 4.499354839325 270.79586791992
62.552444458008 4.2377376556396 270.83966064453
62.679416656494 3.9802703857422 270.88613891602
62.813682556152 3.7269775867462 270.93502807617
62.945869445801 3.4724605083466 270.98321533203
63.08150100708 3.2200903892517 271.03256225586
63.243419647217 2.9856448173523 271.09069824219
63.380306243896 2.7339553833008 271.14044189453
63.534481048584 2.4937114715576 271.1960144043
63.680603027344 2.2478833198547 271.24884033203
63.828014373779 2.0029237270355 271.30212402344
63.967399597168 1.7527605295181 271.35275268555
64.118850708008 1.5105737447739 271.40737915039
64.268226623535 1.26695728302 271.46130371094
64.435073852539 1.0363892316818 271.52108764648
64.585647583008 0.7936035990715 271.57543945312
64.731101989746 0.54733580350876 271.62808227539
64.885223388672 0.30704554915428 271.68359375
65.035621643066 0.064126156270504 271.73785400391
62.429958343506 6.2023282051086 270.53106689453
62.622509002686 5.8595242500305 270.48294067383
62.871570587158 5.5517611503601 270.4645690918
63.143688201904 5.2635698318481 270.47189331055
63.42183303833 4.9813923835754 270.48477172852
63.705261230469 4.7044544219971 270.49630737305
63.989929199219 4.4288172721863 270.50836181641
64.2802734375 4.1592779159546 270.52279663086
64.570587158203 3.8897051811218 270.53720092773
64.859367370605 3.6183567047119 270.54873657227
65.143882751465 3.3423223495483 270.55255126953
65.433219909668 3.071483373642 270.56182861328
65.737121582031 2.8183252811432 270.58853149414
66.020904541016 2.541647195816 270.580078125
66.302680969238 2.2630269527435 270.56845092773
66.571304321289 1.9728552103043 270.59643554688
66.846015930176 1.6873736381531 270.61019897461
67.141380310059 1.4264131784439 270.56817626953
67.437965393066 1.163557767868 270.55908203125
67.732147216797 0.89807432889938 270.54745483398
68.034629821777 0.6420139670372 270.55630493164
68.34903717041 0.40066224336624 270.55026245117
68.662742614746 0.15942284464836 270.52697753906
68.979774475098 -0.078467309474945 270.51992797852
69.292198181152 -0.32246494293213 270.52328491211
62.252330780029 6.2609763145447 271.01583862305
62.341674804688 5.8890237808228 271.13122558594
62.575645446777 5.602783203125 271.28909301758
62.782516479492 5.3101773262024 271.47171020508
62.991779327393 5.018750667572 271.65325927734
63.225433349609 4.7393832206726 271.82385253906
63.465797424316 4.464536190033 271.99243164062
63.715950012207 4.2041368484497 272.16952514648
63.967170715332 3.9453988075256 272.34759521484
64.218101501465 3.6866102218628 272.52597045898
64.465042114258 3.427131652832 272.70886230469
64.709991455078 3.1673488616943 272.89398193359
64.954887390137 2.9078681468964 273.07955932617
65.198715209961 2.6540367603302 273.27416992188
65.441268920898 2.4050550460815 273.47650146484
65.678993225098 2.1535515785217 273.68142700195
65.913734436035 1.8999892473221 273.88711547852
66.167335510254 1.6403319835663 274.06033325195
66.427551269531 1.375708937645 274.21527099609
66.674911499023 1.1088335514069 274.38656616211
66.911933898926 0.84475159645081 274.57580566406
67.175842285156 0.60544556379318 274.76245117188
67.439712524414 0.36270642280579 274.94467163086
67.69539642334 0.12231970578432 275.14114379883
67.963066101074 -0.11563336104155 275.32412719727
