71.930534362793 -6.013237953186 271.74868774414
84.822059631348 -8.5350408554077 271.69650268555
87.850555419922 -4.0472164154053 270.73202514648
87.076431274414 -8.1286697387695 276.71716308594
72.120765686035 -6.4263195991516 271.49703979492
72.509803771973 -6.7360134124756 271.33950805664
72.968109130859 -6.9668283462524 271.24340820312
73.45783996582 -7.1402616500854 271.18963623047
73.956825256348 -7.2899913787842 271.15286254883
74.464736938477 -7.4107136726379 271.13650512695
74.976829528809 -7.5135684013367 271.13265991211
75.491226196289 -7.6041893959045 271.13726806641
76.00715637207 -7.6849613189697 271.14865112305
76.523765563965 -7.7607574462891 271.1633605957
77.040817260742 -7.8328037261963 271.18072509766
77.557014465332 -7.9116215705872 271.19342041016
78.075035095215 -7.9744138717651 271.21704101562
78.593269348145 -8.0346345901489 271.24240112305
79.110382080078 -8.1060838699341 271.26016235352
79.629379272461 -8.1548109054565 271.29330444336
80.148834228516 -8.1885662078857 271.33648681641
80.667823791504 -8.2376642227173 271.36938476562
81.187217712402 -8.2751893997192 271.41006469727
81.705703735352 -8.3321971893311 271.43762207031
82.225135803223 -8.3582515716553 271.48593139648
82.744400024414 -8.4009046554565 271.5231628418
83.263763427734 -8.4403562545776 271.56253051758
83.783226013184 -8.4725522994995 271.60678100586
84.302627563477 -8.5102195739746 271.64736938477
72.393013000488 -6.1798729896545 271.40609741211
72.986923217773 -6.2289004325867 271.30099487305
73.603820800781 -6.2137956619263 271.18051147461
74.222862243652 -6.1756019592285 271.09106445312
74.845481872559 -6.0957012176514 271.05279541016
75.468406677246 -6.014054775238 271.02517700195
76.091415405273 -5.9320006370544 271.00006103516
76.714454650879 -5.8505344390869 270.97436523438
77.338653564453 -5.786337852478 270.93255615234
77.963165283203 -5.7199120521545 270.92330932617
78.587791442871 -5.6499915122986 270.9440612793
79.211242675781 -5.5694742202759 270.96206665039
79.834594726562 -5.4902067184448 270.96676635742
80.457595825195 -5.415322303772 270.92486572266
81.080528259277 -5.3390507698059 270.88903808594
81.70280456543 -5.2501845359802 270.90835571289
82.320205688477 -5.1522250175476 270.87341308594
82.932037353516 -5.0438671112061 270.7763671875
83.547256469727 -4.9431777000427 270.69384765625
84.162078857422 -4.8270020484924 270.64401245117
84.775520324707 -4.6889715194702 270.63232421875
85.394172668457 -4.5805497169495 270.65765380859
86.009574890137 -4.4530792236328 270.66549682617
86.623260498047 -4.3169379234314 270.67742919922
87.236907958984 -4.1820769309998 270.70471191406
72.365081787109 -6.4188890457153 271.8837890625
72.949630737305 -6.4852824211121 271.9736328125
73.530464172363 -6.625120639801 272.15386962891
74.106399536133 -6.7913746833801 272.34014892578
74.685554504395 -6.9417614936829 272.52520751953
75.286125183105 -6.9865698814392 272.70223999023
75.885848999023 -7.0344228744507 272.88119506836
76.481521606445 -7.0967001914978 273.06915283203
77.078880310059 -7.1370677947998 273.25723266602
77.677230834961 -7.177960395813 273.44122314453
78.276969909668 -7.2625479698181 273.60610961914
78.867240905762 -7.3764820098877 273.78677368164
79.45906829834 -7.4803056716919 273.96737670898
80.056533813477 -7.5475296974182 274.14779663086
80.65210723877 -7.610378742218 274.33560180664
81.244934082031 -7.6668653488159 274.53411865234
81.843971252441 -7.6929030418396 274.71850585938
82.445709228516 -7.7057290077209 274.89678955078
83.025802612305 -7.7945871353149 275.11837768555
83.614639282227 -7.8599648475647 275.32125854492
84.217239379883 -7.8867683410645 275.49502563477
84.811492919922 -7.9277701377869 275.68392944336
85.346946716309 -8.0688743591309 275.97961425781
85.919738769531 -8.0997447967529 276.22994995117
86.498085021973 -8.1142072677612 276.47357177734
