123.37813568115 25.701232910156 624.69769287109
165.91093444824 11.358286857605 602.96899414062
145.42756652832 5.016833782196 623.01226806641
139.07554626465 3.2193095684052 610.61071777344
124.60549163818 27.139192581177 623.89361572266
126.27821350098 27.994167327881 622.90637207031
128.01081848145 28.673652648926 621.88189697266
129.7790222168 29.265665054321 620.86407470703
131.62675476074 29.624052047729 619.88916015625
133.48951721191 29.868144989014 618.89642333984
135.35928344727 29.975803375244 617.90460205078
137.24739074707 29.901138305664 616.93243408203
139.08876037598 29.539058685303 615.93896484375
140.93077087402 29.078451156616 614.98846435547
142.77691650391 28.548654556274 614.07922363281
144.59718322754 27.931131362915 613.17468261719
146.40919494629 27.285556793213 612.27160644531
148.14309692383 26.42166519165 611.40948486328
149.84942626953 25.480627059937 610.56176757812
151.58612060547 24.624294281006 609.68865966797
153.33149719238 23.807872772217 608.79333496094
155.03939819336 23.004688262939 607.81756591797
156.70484924316 22.007415771484 606.95306396484
158.28601074219 20.830589294434 606.17260742188
159.78897094727 19.508283615112 605.46771240234
161.23014831543 18.082292556763 604.83154296875
162.63896179199 16.612817764282 604.23419189453
163.87828063965 14.982829093933 603.68646240234
165.00148010254 13.222560882568 603.29473876953
124.33897399902 25.154800415039 625.18725585938
125.3447265625 24.465908050537 625.16009521484
126.28629302979 23.692832946777 625.10864257812
127.16471862793 22.856687545776 624.98059082031
127.99575042725 21.989917755127 624.76684570312
128.80715942383 21.112340927124 624.52374267578
129.59492492676 20.21657371521 624.26947021484
130.3429107666 19.302452087402 623.96527099609
131.05319213867 18.389144897461 623.57940673828
131.83728027344 17.483110427856 623.35363769531
132.64985656738 16.586317062378 623.20227050781
133.45893859863 15.681628227234 623.08190917969
134.27699279785 14.782645225525 622.98071289062
135.10650634766 13.893716812134 622.88415527344
135.89080810547 12.977331161499 622.70611572266
136.69961547852 12.073288917542 622.58154296875
137.49824523926 11.158559799194 622.46734619141
138.24771118164 10.209922790527 622.30865478516
139.04650878906 9.2927923202515 622.23016357422
139.89384460449 8.4167146682739 622.24822998047
140.71699523926 7.5289621353149 622.38690185547
141.39981079102 6.5499491691589 622.62237548828
142.19166564941 5.7402601242065 623.04974365234
143.15982055664 5.1879091262817 623.53009033203
144.23046875 4.9075179100037 623.103515625
123.47973632812 25.002738952637 623.69573974609
124.0475769043 24.348909378052 622.828125
124.70496368408 23.535926818848 622.18804931641
125.39965057373 22.69522857666 621.62823486328
126.11602020264 21.839393615723 621.12115478516
126.85124206543 20.940391540527 620.72894287109
127.59357452393 20.038633346558 620.35668945312
128.3643951416 19.141607284546 620.03436279297
129.13586425781 18.244691848755 619.71319580078
129.78176879883 17.266162872314 619.3564453125
130.37538146973 16.266321182251 618.96838378906
130.89796447754 15.270126342773 618.48187255859
131.49485778809 14.313032150269 618.00213623047
132.12309265137 13.373430252075 617.52758789062
132.77032470703 12.446383476257 617.05383300781
133.43658447266 11.532513618469 616.58081054688
134.08853149414 10.613995552063 616.09704589844
134.6668548584 9.6735439300537 615.56481933594
135.24430847168 8.7128801345825 615.06848144531
135.79754638672 7.7423067092896 614.56390380859
136.29049682617 6.7582497596741 614.02447509766
136.70944213867 5.7720637321472 613.42950439453
137.11781311035 4.7912445068359 612.81793212891
137.52578735352 3.8109931945801 612.20520019531
138.30085754395 3.1477036476135 611.54614257812
