92.416481018066 5.5051717758179 404.14642333984
109.48170471191 -7.6571035385132 404.48937988281
111.89807891846 -1.2656778097153 398.47055053711
111.02812194824 -0.68186295032501 410.60360717773
92.055183410645 4.6776394844055 404.13510131836
92.047508239746 3.7752492427826 404.13171386719
92.246078491211 2.8943674564362 404.1330871582
92.594856262207 2.061497926712 404.1379699707
93.087493896484 1.3047231435776 404.14654541016
93.638511657715 0.58936506509781 404.15661621094
94.265510559082 -0.060396131128073 404.16857910156
94.93229675293 -0.66923308372498 404.18167114258
95.631828308105 -1.2401407957077 404.19555664062
96.355499267578 -1.780104637146 404.21017456055
97.09627532959 -2.2963356971741 404.2253112793
97.863082885742 -2.7730283737183 404.24111938477
98.647331237793 -3.2204122543335 404.25738525391
99.428329467773 -3.6734590530396 404.27368164062
100.23377990723 -4.0814337730408 404.29064941406
101.04708099365 -4.4734997749329 404.30776977539
101.86794281006 -4.8494749069214 404.32522583008
102.70413208008 -5.1899876594543 404.34317016602
103.53769683838 -5.5368490219116 404.36099243164
104.34913635254 -5.9327716827393 404.37808227539
105.20975494385 -6.2049932479858 404.39682006836
106.06944274902 -6.4807753562927 404.41555786133
106.92658233643 -6.7643933296204 404.43414306641
107.79140472412 -7.0236349105835 404.45300292969
108.64471435547 -7.3185830116272 404.47143554688
92.810417175293 4.8795809745789 403.72052001953
93.109565734863 4.0948905944824 403.57067871094
93.758659362793 3.601243019104 403.40878295898
94.59407043457 3.6229333877563 403.31402587891
95.358627319336 3.3080983161926 403.10946655273
96.092979431152 2.8849744796753 403.00054931641
96.837844848633 2.4925620555878 402.86520385742
97.639289855957 2.2211737632751 402.74551391602
98.447540283203 1.9713122844696 402.62533569336
99.262939453125 1.7512054443359 402.49694824219
100.05907440186 1.4994603395462 402.31530761719
100.84532928467 1.2365829944611 402.10815429688
101.64241790771 1.0049610137939 401.90484619141
102.44145202637 0.77878803014755 401.70303344727
103.24395751953 0.55747431516647 401.50979614258
104.04891967773 0.34068554639816 401.32174682617
104.85849761963 0.14224551618099 401.13320922852
105.67150115967 -0.041535656899214 400.94476318359
106.49239349365 -0.19218787550926 400.7610168457
107.30703735352 -0.33974993228912 400.55108642578
108.07917022705 -0.5019536614418 400.22268676758
108.85381317139 -0.64918595552444 399.89315795898
109.63076782227 -0.78033566474915 399.56225585938
110.40092468262 -0.9219034910202 399.22003173828
111.14949798584 -1.0937893390656 398.84527587891
92.656555175781 4.8493270874023 404.5927734375
93.008483886719 4.1095976829529 404.71139526367
93.643951416016 3.613299369812 404.75030517578
94.404243469238 3.5734956264496 405.06918334961
95.180053710938 3.3091249465942 405.20477294922
95.939308166504 2.9963929653168 405.33081054688
96.678558349609 2.643975019455 405.47094726562
97.429168701172 2.3223211765289 405.62274169922
98.202735900879 2.0685691833496 405.78881835938
98.981254577637 1.8326712846756 405.95816040039
99.759948730469 1.6005594730377 406.13116455078
100.53462982178 1.3972856998444 406.35220336914
101.29711151123 1.1645731925964 406.58645629883
102.06247711182 0.94299882650375 406.82189941406
102.83725738525 0.75645262002945 407.05615234375
103.5756149292 0.50298082828522 407.34048461914
104.33638000488 0.29404374957085 407.60107421875
105.1127166748 0.12583890557289 407.84454345703
105.90341186523 0.016939168795943 408.07553100586
106.69358825684 -0.092632301151752 408.30776977539
107.46130371094 -0.23045746982098 408.59408569336
108.21201324463 -0.38556426763535 408.91467285156
108.96478271484 -0.50196838378906 409.24661254883
109.71758270264 -0.58633017539978 409.587890625
110.38975524902 -0.6396416425705 410.07339477539
