-12.295253753662 -19.940795898438 -7.5862483978271
-5.8479857444763 -4.3532934188843 -10.933320045471
-19.220258712769 4.8895516395569 -19.999528884888
-19.509737014771 7.5537776947021 -5.8137922286987
-11.657005310059 -19.648889541626 -7.6323709487915
-11.052171707153 -19.295238494873 -7.6936326026917
-10.489904403687 -18.879699707031 -7.7703685760498
-9.9573125839233 -18.428440093994 -7.8561954498291
-9.4724950790405 -17.928453445435 -7.9546632766724
-9.0122632980347 -17.406869888306 -8.058837890625
-8.5882139205933 -16.85694694519 -8.1706285476685
-8.1963119506836 -16.284881591797 -8.2884998321533
-7.82457447052 -15.700263023376 -8.4098749160767
-7.4983077049255 -15.090546607971 -8.5384283065796
-7.2056283950806 -14.464998245239 -8.6716632843018
-6.9546003341675 -13.822702407837 -8.8100519180298
-6.7495374679565 -13.165314674377 -8.9533500671387
-6.5314407348633 -12.511865615845 -9.0953321456909
-6.3635468482971 -11.844757080078 -9.2420358657837
-6.2022852897644 -11.176151275635 -9.3892936706543
-6.0913558006287 -10.498193740845 -9.5402946472168
-6.022225856781 -9.8152542114258 -9.6937675476074
-5.9872198104858 -9.1301078796387 -9.8488368988037
-6.0560908317566 -8.4480972290039 -10.006513595581
-6.1158185005188 -7.7652053833008 -10.164099693298
-6.1378707885742 -7.0799317359924 -10.321022987366
-6.0651082992554 -6.3973231315613 -10.47430229187
-5.9723310470581 -5.7168946266174 -10.626449584961
-5.8607177734375 -5.0390305519104 -10.777403831482
-12.200834274292 -19.551273345947 -8.7286548614502
-11.90678024292 -18.72420501709 -9.4596252441406
-11.532537460327 -17.721382141113 -10.025333404541
-11.164420127869 -16.715475082397 -10.588068962097
-10.982890129089 -15.615565299988 -11.060276985168
-10.801361083984 -14.515655517578 -11.53248500824
-10.731880187988 -13.419893264771 -12.01109790802
-10.939032554626 -12.334367752075 -12.505524635315
-11.146185874939 -11.248843193054 -12.99995136261
-11.355881690979 -10.164973258972 -13.496344566345
-11.678728103638 -9.1547698974609 -14.080289840698
-12.001574516296 -8.1445655822754 -14.664235115051
-12.324421882629 -7.1343612670898 -15.24817943573
-12.708020210266 -6.0947728157043 -15.733096122742
-13.103035926819 -5.0496621131897 -16.19939994812
-13.498052597046 -4.0045509338379 -16.665704727173
-13.893068313599 -2.9594402313232 -17.132009506226
-14.324168205261 -1.8929986953735 -17.492914199829
-14.789866447449 -0.80610370635986 -17.752758026123
-15.255565643311 0.28079131245613 -18.012599945068
-15.733560562134 1.3526363372803 -18.292282104492
-16.37384223938 2.2258470058441 -18.833833694458
-17.089365005493 3.0618116855621 -19.307655334473
-18.001573562622 3.8004157543182 -19.604431152344
-18.913780212402 4.5390200614929 -19.901206970215
-11.963341712952 -19.039939880371 -7.1288194656372
-11.83846950531 -17.876394271851 -7.056342124939
-11.654683113098 -16.724380493164 -6.9589657783508
-11.406087875366 -15.583546638489 -6.8604502677917
-11.143599510193 -14.441284179688 -6.8285098075867
-11.01944732666 -13.286341667175 -6.8008418083191
-11.071570396423 -12.115242958069 -6.7786169052124
-11.123693466187 -10.944144248962 -6.7563920021057
-11.297196388245 -9.7945156097412 -6.6181597709656
-11.486904144287 -8.6477527618408 -6.4644403457642
-11.707362174988 -7.5066494941711 -6.3125653266907
-11.956001281738 -6.3707327842712 -6.162380695343
-12.204640388489 -5.2348160743713 -6.0121955871582
-12.453279495239 -4.0988993644714 -5.8620109558105
-12.767322540283 -2.9806203842163 -5.7521357536316
-13.222826004028 -1.9004884958267 -5.7294430732727
-13.678329467773 -0.82035648822784 -5.706750869751
-14.133832931519 0.25977551937103 -5.6840586662292
-14.589336395264 1.3399075269699 -5.6613659858704
-15.210515022278 2.3106565475464 -5.8203229904175
-15.880198478699 3.249382019043 -6.0324606895447
-16.549880981445 4.1881070137024 -6.2445983886719
-17.219564437866 5.126832485199 -6.4567360877991
-17.924213409424 6.0205612182617 -6.5049014091492
-18.718301773071 6.799186706543 -6.1336216926575
