88.800132751465 21.707084655762 360.80880737305
52.016162872314 11.295676231384 357.89080810547
48.362697601318 19.983125686646 363.20098876953
48.848152160645 21.115720748901 352.64883422852
88.470817565918 20.237585067749 360.79565429688
87.418113708496 19.12903213501 360.7197265625
86.196624755859 18.208892822266 360.62826538086
84.880767822266 17.429552078247 360.52770996094
83.513847351074 16.74373626709 360.42208862305
82.120376586914 16.115461349487 360.31372070312
80.676475524902 15.613697052002 360.20004272461
79.206176757812 15.195826530457 360.08340454102
77.722671508789 14.828448295593 359.96524047852
76.223030090332 14.533915519714 359.84506225586
74.716163635254 14.280682563782 359.7239074707
73.195610046387 14.129621505737 359.60064697266
71.67147064209 14.020604133606 359.47671508789
70.147773742676 13.905548095703 359.35284423828
68.623985290527 13.792193412781 359.22900390625
67.103454589844 13.64040851593 359.10577392578
65.584030151367 13.477875709534 358.98272705078
64.066780090332 13.295834541321 358.86004638672
62.549022674561 13.118221282959 358.73724365234
61.033866882324 12.922121047974 358.61486816406
59.541339874268 12.592940330505 358.49560546875
58.035457611084 12.333223342896 358.37454223633
56.544651031494 11.996298789978 358.25549316406
55.042053222656 11.717210769653 358.13494873047
53.535003662109 11.463551521301 358.01376342773
87.465270996094 21.19610786438 361.48416137695
85.968162536621 20.678819656372 361.5849609375
84.427963256836 20.295583724976 361.54058837891
82.877578735352 19.968126296997 361.43792724609
81.326889038086 19.642116546631 361.33554077148
79.769287109375 19.351388931274 361.23986816406
78.187088012695 19.232299804688 361.17706298828
76.60489654541 19.113210678101 361.11428833008
75.022636413574 18.994794845581 361.0520324707
73.43871307373 18.894466400146 361.00381469727
71.851264953613 18.856426239014 361.00473022461
70.26416015625 18.808368682861 361.01968383789
68.678009033203 18.745296478271 361.05847167969
67.091110229492 18.73334312439 361.11306762695
65.506546020508 18.666919708252 361.19027709961
63.929119110107 18.515716552734 361.27600097656
62.350399017334 18.673141479492 361.21151733398
60.765678405762 18.772531509399 361.21099853516
59.180515289307 18.804302215576 361.29794311523
57.60306930542 18.858446121216 361.47164916992
56.025417327881 18.879173278809 361.65063476562
54.44947052002 18.879795074463 361.84307861328
52.904708862305 19.152034759521 362.09008789062
51.356204986572 19.362188339233 362.37182617188
49.829128265381 19.568000793457 362.75521850586
87.671432495117 21.034093856812 359.88604736328
86.213500976562 20.469593048096 359.49664306641
84.719932556152 19.977935791016 359.14758300781
83.157936096191 19.669548034668 358.900390625
81.584426879883 19.415023803711 358.66687011719
79.987113952637 19.323944091797 358.47598266602
78.390098571777 19.231477737427 358.28381347656
76.807998657227 19.069101333618 358.02548217773
75.228523254395 18.897071838379 357.75765991211
73.638168334961 18.798065185547 357.51876831055
72.041488647461 18.762588500977 357.30551147461
70.439468383789 18.780895233154 357.13430786133
68.834831237793 18.871770858765 357.02032470703
67.230186462402 18.962770462036 356.90646362305
65.62565612793 19.075372695923 356.81188964844
64.021186828613 19.190822601318 356.71987915039
62.416709899902 19.306316375732 356.62796020508
60.837520599365 19.360240936279 356.31491088867
59.265117645264 19.403936386108 355.96600341797
57.697277069092 19.539216995239 355.62045288086
56.131187438965 19.696954727173 355.27606201172
54.586040496826 19.702646255493 354.82104492188
53.035396575928 19.901823043823 354.43405151367
51.50337600708 20.188949584961 354.02627563477
50.197971343994 20.377729415894 353.10934448242
