72.451683044434 5.6960234642029 270.45257568359
72.087921142578 -6.1859240531921 272.07348632812
75.160621643066 -6.382438659668 269.61517333984
75.701675415039 -6.2027101516724 274.3874206543
71.967170715332 5.486177444458 270.48376464844
71.564125061035 5.1468997001648 270.53207397461
71.222434997559 4.7468547821045 270.58837890625
70.916061401367 4.3196730613708 270.64819335938
70.655128479004 3.8638188838959 270.71173095703
70.436897277832 3.3864028453827 270.77789306641
70.256317138672 2.8937466144562 270.84600830078
70.106536865234 2.391193151474 270.91528320312
70.027587890625 1.8731507062912 270.98629760742
70.015914916992 1.348982334137 271.05773925781
70.009208679199 0.82475858926773 271.12927246094
70.02783203125 0.30094993114471 271.20050048828
70.107528686523 -0.21590521931648 271.2705078125
70.327377319336 -0.69293028116226 271.33435058594
70.488563537598 -1.1915110349655 271.40142822266
70.492576599121 -1.7113963365555 271.47225952148
70.360061645508 -2.1902561187744 271.53823852539
70.763397216797 -2.5122232437134 271.57992553711
70.52872467041 -2.9819755554199 271.64514160156
70.578033447266 -3.451575756073 271.70889282227
70.743156433105 -3.9489636421204 271.77578735352
71.006385803223 -4.4030385017395 271.83627319336
71.288917541504 -4.8465323448181 271.89520263672
71.559928894043 -5.2970314025879 271.95516967773
71.905471801758 -5.6940898895264 272.00741577148
72.40372467041 5.4749913215637 270.05792236328
72.166023254395 5.0557179450989 269.91122436523
71.968467712402 4.5871872901917 269.89462280273
71.834053039551 4.0969171524048 269.9313659668
71.756629943848 3.5953741073608 269.98110961914
71.716514587402 3.0871002674103 270.01019287109
71.707122802734 2.5809376239777 270.04986572266
71.792434692383 2.0829429626465 270.12203979492
71.911735534668 1.5924319028854 270.19781494141
72.051452636719 1.1046378612518 270.25552368164
72.19319152832 0.61679327487946 270.30740356445
72.340217590332 0.12953889369965 270.33605957031
72.504791259766 -0.35266384482384 270.30227661133
72.679512023926 -0.82994872331619 270.25332641602
72.878120422363 -1.2963703870773 270.19686889648
73.124153137207 -1.7419627904892 270.15661621094
73.347862243652 -2.1976280212402 270.10235595703
73.556129455566 -2.656174659729 270.01824951172
73.786949157715 -3.1046183109283 269.93838500977
74.010780334473 -3.5595614910126 269.87768554688
74.221817016602 -4.022469997406 269.83337402344
74.422485351562 -4.4891076087952 269.78118896484
74.607513427734 -4.9583067893982 269.70123291016
74.791915893555 -5.431291103363 269.6462097168
74.99405670166 -5.9001350402832 269.63610839844
72.43758392334 5.4237403869629 270.87649536133
72.23420715332 5.0501403808594 271.16567993164
72.029067993164 4.5928750038147 271.32064819336
71.909934997559 4.1033911705017 271.4514465332
71.894119262695 3.5916335582733 271.56857299805
71.901008605957 3.0818228721619 271.69125366211
71.937629699707 2.5638766288757 271.77227783203
71.986503601074 2.0482332706451 271.86004638672
72.068092346191 1.5373163223267 271.95095825195
72.188812255859 1.0366834402084 272.05194091797
72.361328125 0.55415296554565 272.16714477539
72.565063476562 0.079665869474411 272.26452636719
72.784164428711 -0.38601166009903 272.37033081055
73.010871887207 -0.83924394845963 272.50765991211
73.243934631348 -1.2737114429474 272.689453125
73.490615844727 -1.7042303085327 272.8625793457
73.727813720703 -2.1350195407867 273.04782104492
73.955558776855 -2.5664312839508 273.24322509766
74.173049926758 -3.0091736316681 273.423828125
74.36107635498 -3.4747462272644 273.57836914062
74.57984161377 -3.9182434082031 273.75561523438
74.775192260742 -4.388614654541 273.88513183594
74.978843688965 -4.858437538147 274.00311279297
75.211555480957 -5.3106389045715 274.13549804688
75.434417724609 -5.7749643325806 274.23977661133
