95.63924407959 29.153804779053 333.08660888672
77.379692077637 9.5194082260132 333.86010742188
68.10555267334 12.910574913025 344.14797973633
67.212394714355 16.190036773682 328.61642456055
95.919013977051 28.132444381714 332.91076660156
95.677619934082 27.087434768677 332.82360839844
95.274085998535 26.091159820557 332.77090454102
94.776710510254 25.137243270874 332.73999023438
94.215766906738 24.218908309937 332.72467041016
93.57804107666 23.351902008057 332.7292175293
92.91707611084 22.502925872803 332.74005126953
92.150917053223 21.748170852661 332.78109741211
91.457763671875 20.925029754639 332.80078125
90.745445251465 20.118566513062 332.82592773438
90.031745910645 19.313346862793 332.85150146484
89.362899780273 18.470325469971 332.86447143555
88.60279083252 17.709566116333 332.90368652344
87.767074584961 17.034307479858 332.96676635742
86.973266601562 16.309196472168 333.01635742188
86.14395904541 15.625854492188 333.07736206055
85.324203491211 14.930847167969 333.13519287109
84.57275390625 14.161211967468 333.17178344727
83.739410400391 13.482928276062 333.2341003418
82.91138458252 12.798021316528 333.29467773438
82.017974853516 12.203630447388 333.3779296875
81.079933166504 11.685586929321 333.47854614258
80.147308349609 11.157424926758 333.57693481445
79.230293273926 10.601540565491 333.66909790039
78.295890808105 10.076677322388 333.76818847656
94.806335449219 28.523506164551 333.87335205078
93.841575622559 27.814741134644 334.40090942383
92.866134643555 27.201709747314 335.02075195312
91.838317871094 26.568246841431 335.52465820312
90.779327392578 25.923025131226 335.94158935547
89.698204040527 25.265329360962 336.27383422852
88.615013122559 24.605855941772 336.59561157227
87.550453186035 23.915943145752 336.9157409668
86.495208740234 23.211441040039 337.23492431641
85.435554504395 22.51283454895 337.55239868164
84.338798522949 21.866455078125 337.85418701172
83.242164611816 21.220003128052 338.15625
82.160514831543 20.565000534058 338.49203491211
81.089462280273 19.904884338379 338.85095214844
79.985427856445 19.310787200928 339.22494506836
78.850212097168 18.789556503296 339.61395263672
77.756759643555 18.21612739563 340.04672241211
76.669143676758 17.635713577271 340.48486328125
75.573104858398 17.06453704834 340.9140625
74.500953674316 16.461687088013 341.35995483398
73.463829040527 15.816036224365 341.82818603516
72.400619506836 15.225746154785 342.31079101562
71.326354980469 14.674063682556 342.81414794922
70.220962524414 14.208221435547 343.33645629883
69.122650146484 13.633996963501 343.75564575195
94.536331176758 28.720495223999 332.79348754883
93.529373168945 28.100639343262 332.49035644531
92.474449157715 27.644334793091 332.07913208008
91.406211853027 27.095718383789 331.85662841797
90.350250244141 26.514110565186 331.66094970703
89.313674926758 25.898639678955 331.46527099609
88.265502929688 25.287055969238 331.32769775391
87.210548400879 24.679225921631 331.23129272461
86.151573181152 24.077976226807 331.13781738281
85.083541870117 23.491903305054 331.05117797852
84.012680053711 22.91036605835 330.96942138672
82.921981811523 22.362672805786 330.92370605469
81.831207275391 21.815147399902 330.87786865234
80.733596801758 21.282934188843 330.81750488281
79.620254516602 20.790254592896 330.72058105469
78.49764251709 20.326225280762 330.59371948242
77.36644744873 19.894144058228 330.43444824219
76.220855712891 19.500343322754 330.27883911133
75.064994812012 19.140338897705 330.11737060547
73.929840087891 18.725206375122 329.94198608398
72.806495666504 18.289884567261 329.74133300781
71.660774230957 17.952821731567 329.48574829102
70.549049377441 17.491939544678 329.27795410156
69.402496337891 17.1380443573 329.0505065918
68.249404907227 16.755435943604 328.92575073242
