61.825942993164 -21.463371276855 335.75259399414
9.3257312774658 -7.6259899139404 350.30413818359
-1.2604466676712 4.8490033149719 345.05450439453
-6.482804775238 -8.6548757553101 341.83264160156
60.033149719238 -21.105234146118 336.91839599609
58.099704742432 -20.652933120728 337.78927612305
56.103096008301 -20.148056030273 338.46768188477
54.088161468506 -19.6252784729 339.07458496094
52.068458557129 -19.097486495972 339.66098022461
50.046840667725 -18.567653656006 340.23886108398
48.02197265625 -18.034275054932 340.80191040039
45.983783721924 -17.485277175903 341.2978515625
43.937839508057 -16.926103591919 341.74844360352
41.896877288818 -16.373592376709 342.22885131836
39.848247528076 -15.810647964478 342.66223144531
37.796699523926 -15.243397712708 343.07574462891
35.747222900391 -14.679226875305 343.50347900391
33.7028465271 -14.122200965881 343.96377563477
31.65763092041 -13.564056396484 344.4189453125
29.618190765381 -13.013481140137 344.90798950195
27.57935333252 -12.463683128357 345.400390625
25.540008544922 -11.91323184967 345.88998413086
23.49845123291 -11.359946250916 346.36697387695
21.463151931763 -10.814523696899 346.87854003906
19.431241989136 -10.273124694824 347.40753173828
17.404438018799 -9.7375936508179 347.96151733398
15.376725196838 -9.201024055481 348.51113891602
13.365393638611 -8.6819133758545 349.13296508789
11.348915100098 -8.1575164794922 349.73333740234
59.722515106201 -19.760105133057 335.77542114258
57.100715637207 -18.923231124878 336.08218383789
54.478916168213 -18.086359024048 336.3889465332
51.857112884521 -17.249486923218 336.69570922852
49.235313415527 -16.412614822388 337.00247192383
46.613513946533 -15.575741767883 337.30923461914
43.999160766602 -14.707859992981 337.59210205078
41.385887145996 -13.835470199585 337.87145996094
38.772617340088 -12.963080406189 338.15081787109
36.15934753418 -12.090690612793 338.43020629883
33.546073913574 -11.218301773071 338.70956420898
30.932804107666 -10.345911979675 338.98892211914
28.34020614624 -9.424388885498 339.29022216797
25.7896900177 -8.402853012085 339.63607788086
23.239175796509 -7.381317615509 339.98196411133
20.688659667969 -6.3597817420959 340.3278503418
18.138143539429 -5.3382458686829 340.67370605469
15.586313247681 -4.3350496292114 341.05541992188
13.030956268311 -3.381044626236 341.53326416016
10.59241104126 -2.1243262290955 341.87930297852
8.1685018539429 -0.84345376491547 342.25927734375
5.7321286201477 0.38051679730415 342.74328613281
3.2957546710968 1.6044872999191 343.22729492188
0.90057146549225 2.7030544281006 344.04647827148
-1.4776320457458 3.7499268054962 345.00381469727
59.150478363037 -21.307945251465 335.57556152344
56.502193450928 -20.751457214355 335.91873168945
53.853904724121 -20.194971084595 336.26190185547
51.205615997314 -19.638483047485 336.60507202148
48.571369171143 -18.987827301025 336.87814331055
45.94083404541 -18.312271118164 337.13265991211
43.31029510498 -17.636713027954 337.38717651367
40.679759979248 -16.961156845093 337.64169311523
38.049224853516 -16.285600662231 337.8962097168
35.418689727783 -15.610042572021 338.15072631836
32.788154602051 -14.93448638916 338.40524291992
30.157619476318 -14.258929252625 338.65975952148
27.523199081421 -13.598978042603 338.91082763672
24.858150482178 -13.062104225159 339.134765625
22.193101882935 -12.525230407715 339.35873413086
19.528053283691 -11.988356590271 339.58267211914
16.863004684448 -11.451483726501 339.806640625
14.197957038879 -10.914609909058 340.03057861328
11.50675201416 -10.560694694519 340.287109375
8.8101739883423 -10.244362831116 340.55029296875
6.1135959625244 -9.9280309677124 340.81350708008
3.417017698288 -9.6116981506348 341.07669067383
0.71468365192413 -9.3085117340088 341.28524780273
-1.9927816390991 -9.0170440673828 341.44509887695
-4.7002468109131 -8.7255764007568 341.60494995117
