85.799926757812 -31.232877731323 326.65188598633
66.26815032959 -27.160520553589 334.9033203125
60.168285369873 -30.095581054688 327.87554931641
64.027641296387 -34.970531463623 338.36019897461
85.442764282227 -30.646793365479 327.09115600586
84.702331542969 -30.438568115234 327.43435668945
83.951705932617 -30.252500534058 327.76809692383
83.209617614746 -30.047687530518 328.10989379883
82.465072631836 -29.848110198975 328.44940185547
81.725250244141 -29.638515472412 328.79315185547
80.976287841797 -29.448701858521 329.12857055664
80.22705078125 -29.259468078613 329.46368408203
79.474983215332 -29.076717376709 329.79602050781
78.71703338623 -28.907878875732 330.1223449707
77.956550598145 -28.745267868042 330.44586181641
77.191307067871 -28.594905853271 330.7639465332
76.441566467285 -28.407052993774 331.09848022461
75.673782348633 -28.263311386108 331.41363525391
74.901313781738 -28.132482528687 331.72290039062
74.127799987793 -28.004833221436 332.03079223633
73.365531921387 -27.847295761108 332.35198974609
72.573226928711 -27.782684326172 332.63000488281
71.805763244629 -27.638168334961 332.94549560547
71.022132873535 -27.541633605957 333.23886108398
70.23413848877 -27.460227966309 333.52505493164
69.448318481445 -27.371145248413 333.81488037109
68.649932861328 -27.332040786743 334.08041381836
67.859992980957 -27.257778167725 334.36312866211
67.058906555176 -27.231727600098 334.6220703125
84.82022857666 -31.3698387146 326.5690612793
83.830017089844 -31.349529266357 326.64709472656
82.845024108887 -31.308668136597 326.77001953125
81.869644165039 -31.235969543457 326.94454956055
80.893325805664 -31.172445297241 327.1169128418
79.911735534668 -31.188152313232 327.26968383789
78.930099487305 -31.202327728271 327.42190551758
77.946266174316 -31.143510818481 327.54727172852
76.962440490723 -31.081819534302 327.6711730957
75.976097106934 -31.06396484375 327.78909301758
74.989196777344 -31.067470550537 327.90362548828
73.998886108398 -31.082448959351 327.98196411133
73.006484985352 -31.063638687134 328.02450561523
72.017616271973 -30.969284057617 328.00607299805
71.026947021484 -30.897172927856 327.9841003418
70.03490447998 -30.849458694458 327.95822143555
69.045944213867 -30.760744094849 327.92352294922
68.055549621582 -30.682064056396 327.9186706543
67.064559936523 -30.622591018677 327.95758056641
66.073661804199 -30.559503555298 327.99282836914
65.081008911133 -30.517782211304 327.99179077148
64.088272094727 -30.496870040894 327.95819091797
63.116989135742 -30.29651260376 327.90115356445
62.138801574707 -30.128265380859 327.85717773438
61.154922485352 -29.994052886963 327.82461547852
84.970474243164 -31.27392578125 327.14999389648
84.080543518066 -31.393136978149 327.51354980469
83.201217651367 -31.474802017212 327.91171264648
82.332153320312 -31.540431976318 328.33450317383
81.447898864746 -31.686954498291 328.70199584961
80.56371307373 -31.807495117188 329.07894897461
79.680839538574 -31.891174316406 329.46871948242
78.797988891602 -31.974578857422 329.85864257812
77.921501159668 -32.218997955322 330.19000244141
77.053497314453 -32.412719726562 330.57382202148
76.204040527344 -32.492233276367 331.03216552734
75.355316162109 -32.604789733887 331.4853515625
74.508392333984 -32.757278442383 331.93011474609
73.68733215332 -32.887710571289 332.42721557617
72.873245239258 -33.081787109375 332.91482543945
72.057205200195 -33.367565155029 333.35104370117
71.222343444824 -33.635139465332 333.76306152344
70.391830444336 -33.861015319824 334.20742797852
69.591735839844 -33.988117218018 334.73742675781
68.79271697998 -34.099254608154 335.27374267578
67.992820739746 -34.201992034912 335.81039428711
67.213043212891 -34.279796600342 336.37969970703
66.467071533203 -34.320503234863 336.99603271484
65.702606201172 -34.452434539795 337.57516479492
64.913360595703 -34.719966888428 338.06661987305
