73.344825744629 -8.7282390594482 415.15344238281
91.933837890625 -17.283573150635 416.97671508789
101.77339935303 -10.276539802551 411.17581176758
100.47428131104 -9.9492845535278 422.40447998047
73.232917785645 -9.5297536849976 415.24298095703
73.708190917969 -10.208780288696 415.34384155273
74.224678039551 -10.856773376465 415.44287109375
74.820030212402 -11.434403419495 415.53704833984
75.461723327637 -11.96001625061 415.62707519531
76.167457580566 -12.398629188538 415.70974731445
76.867561340332 -12.845959663391 415.79315185547
77.587562561035 -13.261148452759 415.87365722656
78.31755065918 -13.658834457397 415.95248413086
79.061103820801 -14.031025886536 416.02899169922
79.818473815918 -14.374345779419 416.10266113281
80.602638244629 -14.653370857239 416.16989135742
81.383323669434 -14.941765785217 416.23812866211
82.16495513916 -15.227530479431 416.30606079102
82.960464477539 -15.473226547241 416.36990356445
83.762557983398 -15.697044372559 416.43145751953
84.573066711426 -15.88934803009 416.48962402344
85.377410888672 -16.105253219604 416.55035400391
86.187789916992 -16.297927856445 416.60864257812
87.008972167969 -16.439846038818 416.66134643555
87.836952209473 -16.537023544312 416.70913696289
88.658874511719 -16.674829483032 416.76135253906
89.472045898438 -16.855899810791 416.818359375
90.291030883789 -17.009645462036 416.87240600586
91.10676574707 -17.179216384888 416.92816162109
74.275444030762 -9.3591270446777 414.99517822266
75.27823638916 -9.8598203659058 414.87939453125
76.351287841797 -10.226739883423 414.77227783203
77.440864562988 -10.548246383667 414.6904296875
78.543617248535 -10.82631111145 414.6155090332
79.674171447754 -10.957310676575 414.5693359375
80.806594848633 -11.078382492065 414.5251159668
81.937850952148 -11.205158233643 414.46954345703
83.068473815918 -11.335053443909 414.40771484375
84.201316833496 -11.415386199951 414.31503295898
85.33235168457 -11.489957809448 414.19702148438
86.461616516113 -11.545608520508 414.05554199219
87.590560913086 -11.57639503479 413.90213012695
88.72241973877 -11.559735298157 413.89859008789
89.814498901367 -11.572710037231 413.81488037109
90.804565429688 -11.740230560303 413.27569580078
91.910331726074 -11.684342384338 413.08349609375
93.037239074707 -11.622893333435 412.93090820312
94.165237426758 -11.559909820557 412.79788208008
95.297073364258 -11.443885803223 412.7317199707
96.424774169922 -11.357634544373 412.5908203125
97.538543701172 -11.261018753052 412.36965942383
98.629997253418 -11.190068244934 412.06573486328
99.703399658203 -11.017999649048 411.75387573242
100.758934021 -10.693727493286 411.4853515625
74.246452331543 -9.2650051116943 415.51644897461
75.169036865234 -9.8109016418457 415.81475830078
76.160858154297 -10.217982292175 416.12432861328
77.210510253906 -10.507538795471 416.36437988281
78.294013977051 -10.703974723816 416.55773925781
79.389106750488 -10.83699131012 416.74008178711
80.484909057617 -10.910908699036 416.94079589844
81.5810546875 -10.980019569397 417.12869262695
82.687866210938 -11.042570114136 417.1650390625
83.744285583496 -11.090742111206 417.28567504883
84.681838989258 -11.249863624573 417.8395690918
85.772171020508 -11.243984222412 418.05081176758
86.872833251953 -11.125975608826 418.20895385742
87.953887939453 -11.045593261719 418.46432495117
88.986190795898 -11.054709434509 418.87707519531
90.002067565918 -11.069938659668 419.24273681641
91.067779541016 -11.079209327698 419.49377441406
92.13158416748 -11.07753276825 419.83325195312
93.204788208008 -11.034622192383 420.14114379883
94.300811767578 -10.909741401672 420.32534790039
95.403594970703 -10.789520263672 420.44448852539
96.43628692627 -10.716988563538 420.71252441406
97.395957946777 -10.612087249756 421.24615478516
98.422065734863 -10.391153335571 421.63226318359
99.448173522949 -10.170218467712 422.01837158203
