104.06495666504 -12.583450317383 410.87155151367
98.034217834473 0.71343106031418 407.96780395508
99.421997070312 6.3588247299194 411.16326904297
101.1752166748 6.1923060417175 404.94058227539
103.47745513916 -12.437987327576 410.72235107422
102.88996124268 -12.292524337769 410.57312011719
102.32809448242 -12.094532966614 410.41540527344
101.83093261719 -11.763917922974 410.23623657227
101.35033416748 -11.411468505859 410.06079101562
100.92603302002 -10.984788894653 409.89801025391
100.50173187256 -10.558109283447 409.73526000977
100.18212127686 -10.039863586426 409.60397338867
99.865653991699 -9.5188627243042 409.4736328125
99.579284667969 -8.9842567443848 409.33673095703
99.346534729004 -8.4254112243652 409.18807983398
99.171989440918 -7.849467754364 409.06137084961
99.142143249512 -7.2310180664062 408.98919677734
99.112297058105 -6.6125679016113 408.91705322266
99.082450866699 -5.9941177368164 408.84487915039
98.998260498047 -5.381805896759 408.7682800293
98.903533935547 -4.7692537307739 408.70458984375
98.810104370117 -4.1557235717773 408.65225219727
98.70881652832 -3.5505220890045 408.54257202148
98.614440917969 -2.9435822963715 408.43658447266
98.521301269531 -2.3320715427399 408.36068725586
98.425712585449 -1.7234307527542 408.27639770508
98.321029663086 -1.1165997982025 408.19204711914
98.240989685059 -0.50410223007202 408.12747192383
98.136543273926 0.10301385819912 408.041015625
103.64916992188 -12.065288543701 411.2658996582
103.12412261963 -11.503779411316 411.23223876953
102.7532043457 -10.898775100708 411.0595703125
102.61392211914 -10.231057167053 410.69674682617
102.44922637939 -9.4908132553101 410.60516357422
102.27870178223 -8.7387647628784 410.5595703125
102.0228729248 -8.0104990005493 410.52703857422
101.78881072998 -7.2762770652771 410.49432373047
101.63762664795 -6.5193772315979 410.46078491211
101.48644256592 -5.7624773979187 410.42727661133
101.34051513672 -5.0047426223755 410.4153137207
101.20822143555 -4.2448453903198 410.4592590332
101.07592773438 -3.4849479198456 410.50323486328
100.91694641113 -2.729325056076 410.50891113281
100.75060272217 -1.9748820066452 410.50405883789
100.59477233887 -1.2266887426376 410.5859375
100.44580078125 -0.4798868894577 410.70520019531
100.29273223877 0.2766418159008 410.73852539062
100.15721893311 1.0364081859589 410.76458740234
100.04961395264 1.8013198375702 410.77905273438
99.982833862305 2.5695374011993 410.82315063477
99.901573181152 3.3351860046387 410.88296508789
99.758796691895 4.0841732025146 410.98922729492
99.591674804688 4.8251185417175 411.10891723633
99.523574829102 5.5941753387451 411.12127685547
103.86013031006 -12.238381385803 410.19003295898
103.42992401123 -11.71161365509 409.80337524414
103.10614013672 -11.127290725708 409.38125610352
102.80876159668 -10.4028673172 409.32934570312
102.52475738525 -9.6670913696289 409.29135131836
102.34725189209 -8.9047937393188 409.17782592773
102.16974639893 -8.1424961090088 409.06427001953
101.96603393555 -7.421290397644 408.82452392578
101.78202819824 -6.6991710662842 408.56814575195
101.66902923584 -5.9395780563354 408.37908935547
101.57183074951 -5.1763591766357 408.19937133789
101.53106689453 -4.4001936912537 408.05310058594
101.49672698975 -3.6358296871185 407.85879516602
101.46836853027 -2.8824429512024 407.6198425293
101.43895721436 -2.1289505958557 407.38153076172
101.35192871094 -1.3696666955948 407.17803955078
101.2914276123 -0.60801017284393 406.97735595703
101.28007507324 0.15704725682735 406.77780151367
101.24337005615 0.91369342803955 406.55056762695
101.22901916504 1.6725817918777 406.33047485352
101.25233459473 2.4352476596832 406.12243652344
101.30023193359 3.18328166008 405.87197875977
101.29241943359 3.9271423816681 405.61712646484
101.17933654785 4.6730194091797 405.38046264648
101.1815032959 5.4336066246033 405.16381835938
