129.89674377441 64.729339599609 347.51611328125
50.211536407471 -64.189788818359 339.7737121582
37.666984558105 -57.088752746582 350.91540527344
42.807605743408 -53.811225891113 330.96011352539
130.40835571289 58.795516967773 347.38391113281
129.16947937012 53.022308349609 347.16213989258
127.43218231201 47.330924987793 346.91583251953
125.47557067871 41.711780548096 346.65972900391
123.33318328857 36.159706115723 346.39544677734
121.06531524658 30.657888412476 346.12576293945
118.55766296387 25.261320114136 345.84609985352
115.93133544922 19.922027587891 345.56161499023
113.14956665039 14.66323184967 345.27093505859
110.1700592041 9.5150499343872 344.97259521484
107.02020263672 4.4691972732544 344.66787719727
103.66989898682 -0.44593587517738 344.35592651367
100.11157989502 -5.2131147384644 344.0368347168
96.692596435547 -10.080714225769 343.72250366211
93.084854125977 -14.80708026886 343.40185546875
89.309028625488 -19.402492523193 343.07571411133
85.461975097656 -23.939197540283 342.74731445312
81.604141235352 -28.466701507568 342.41857910156
77.811698913574 -33.049285888672 342.09188842773
74.053161621094 -37.659759521484 341.76626586914
70.189575195312 -42.18106842041 341.43737792969
66.301048278809 -46.681873321533 341.1076965332
62.433628082275 -51.200828552246 340.77868652344
58.485946655273 -55.649963378906 340.447265625
54.426158905029 -59.995441436768 340.11260986328
128.52546691895 58.981761932373 348.68695068359
126.93601226807 53.144260406494 348.5973815918
125.05435180664 47.394584655762 348.45782470703
122.83279418945 41.78076171875 348.27487182617
120.27344512939 36.301940917969 348.04873657227
117.55267333984 30.903463363647 347.78073120117
115.00062561035 25.418907165527 347.64099121094
112.14710998535 20.103477478027 347.43151855469
108.88970947266 15.013418197632 347.11608886719
105.63095855713 9.924674987793 346.79345703125
102.04518890381 5.0720205307007 346.50198364258
98.223266601562 0.38826271891594 346.24932861328
94.644325256348 -4.4907684326172 346.17807006836
90.957038879395 -9.2865018844604 346.08383178711
87.172142028809 -14.005136489868 345.9626159668
82.971305847168 -18.34268951416 345.56576538086
78.727684020996 -22.648082733154 345.337890625
74.440055847168 -26.916337966919 345.251953125
70.003356933594 -31.028514862061 345.40875244141
65.536750793457 -35.059253692627 345.94747924805
61.044570922852 -39.020351409912 346.81286621094
56.440032958984 -42.865520477295 347.60720825195
52.073081970215 -46.892108917236 348.66229248047
47.888774871826 -51.134872436523 349.50701904297
43.149894714355 -54.711360931396 349.96432495117
129.22843933105 59.35474395752 345.45474243164
127.39207458496 53.79914855957 345.03335571289
125.64527130127 48.219333648682 344.56683349609
123.70862579346 42.709224700928 344.12936401367
121.4063949585 37.32360458374 343.79278564453
118.99593353271 31.993358612061 343.35034179688
116.46738433838 26.719362258911 342.92807006836
113.72179412842 21.54852104187 342.55038452148
110.80577850342 16.473300933838 342.18344116211
107.78829956055 11.455006599426 341.82284545898
104.23916625977 6.8046169281006 341.51486206055
100.61291503906 2.2052733898163 341.21417236328
97.295845031738 -2.6221928596497 340.88082885742
93.622436523438 -7.1723909378052 340.51040649414
89.804901123047 -11.610451698303 340.125
85.806205749512 -15.888000488281 339.79089355469
81.751976013184 -20.115686416626 339.46569824219
77.808486938477 -24.418622970581 338.87228393555
73.692123413086 -28.517707824707 338.14395141602
69.303749084473 -32.296051025391 337.20333862305
64.889808654785 -35.993106842041 336.08172607422
60.469909667969 -39.671253204346 334.91799926758
56.025241851807 -43.233966827393 333.51602172852
52.016677856445 -47.238330841064 332.09725952148
48.128841400146 -51.342300415039 330.87460327148
