69.406150817871 4.3215856552124 267.49450683594
77.562889099121 -3.3516571521759 269.32208251953
81.566307067871 -2.702141046524 266.76263427734
80.415817260742 -1.7477452754974 272.04864501953
69.46607208252 3.8808228969574 267.56304931641
69.556510925293 3.44562458992 267.6335144043
69.724212646484 3.0345771312714 267.70736694336
69.93839263916 2.6458957195282 267.78216552734
70.181831359863 2.2748761177063 267.85711669922
70.451042175293 1.9220032691956 267.93167114258
70.744125366211 1.588548541069 268.00564575195
71.054405212402 1.2708698511124 268.07885742188
71.372688293457 0.96109843254089 268.15167236328
71.700317382812 0.6611140370369 268.2239074707
72.040672302246 0.37538892030716 268.2951965332
72.383033752441 0.092028431594372 268.36630249023
72.734703063965 -0.17986750602722 268.43670654297
73.087799072266 -0.44996464252472 268.50689697266
73.450637817383 -0.70709407329559 268.576171875
73.80908203125 -0.97019988298416 268.64581298828
74.166625976562 -1.2344896793365 268.71563720703
74.533401489258 -1.4860858917236 268.78442382812
74.89949798584 -1.7386558055878 268.85327148438
75.271278381348 -1.98297727108 268.92144775391
75.642250061035 -2.2285003662109 268.98971557617
76.020408630371 -2.4630532264709 269.05709838867
76.400909423828 -2.6938836574554 269.12414550781
76.78311920166 -2.921945810318 269.19094848633
77.168411254883 -3.144912481308 269.25723266602
69.703689575195 3.8595235347748 267.4504699707
70.009490966797 3.4045355319977 267.43798828125
70.420478820801 3.0424845218658 267.41397094727
70.879692077637 2.7409210205078 267.43707275391
71.29541015625 2.3800337314606 267.4743347168
71.732284545898 2.0451445579529 267.51553344727
72.178695678711 1.72299015522 267.55572509766
72.633522033691 1.4119931459427 267.58901977539
73.092514038086 1.106254696846 267.60665893555
73.571418762207 0.8319998383522 267.6120300293
74.056495666504 0.56923645734787 267.59924316406
74.530769348145 0.28863614797592 267.580078125
75.033271789551 0.060981296002865 267.56079101562
75.536178588867 -0.16406917572021 267.52810668945
76.04712677002 -0.36968034505844 267.49398803711
76.543075561523 -0.60954064130783 267.46044921875
77.046852111816 -0.8288705945015 267.40737915039
77.552207946777 -1.0481312274933 267.37155151367
78.056114196777 -1.2705248594284 267.33465576172
78.559516906738 -1.4934448003769 267.29434204102
79.065139770508 -1.7084631919861 267.24102783203
79.572067260742 -1.9153379201889 267.17071533203
80.074562072754 -2.123459815979 267.07754516602
80.570487976074 -2.3653907775879 267.06561279297
81.074821472168 -2.5712068080902 266.97720336914
69.688873291016 3.91592669487 267.66326904297
70.038307189941 3.5574474334717 267.8176574707
70.373764038086 3.1898875236511 267.98034667969
70.750045776367 2.85555768013 268.12573242188
71.146072387695 2.5409774780273 268.26232910156
71.557739257812 2.2439074516296 268.39169311523
71.950889587402 1.9271786212921 268.53213500977
72.348335266113 1.61791908741 268.6770324707
72.75373840332 1.3205596208572 268.8239440918
73.185661315918 1.0640264749527 268.97225952148
73.638359069824 0.84812450408936 269.1240234375
74.090438842773 0.63952833414078 269.28582763672
74.509048461914 0.38063034415245 269.46490478516
74.95435333252 0.1693050712347 269.64263916016
75.410690307617 -0.018206678330898 269.81927490234
75.863090515137 -0.20573359727859 270.00564575195
76.308822631836 -0.38909637928009 270.21133422852
76.753189086914 -0.58037674427032 270.41268920898
77.202392578125 -0.77603578567505 270.5983581543
77.661697387695 -0.93762373924255 270.79205322266
78.113655090332 -1.1190342903137 270.98556518555
78.563331604004 -1.303062081337 271.18179321289
79.01929473877 -1.4569458961487 271.38906860352
79.487266540527 -1.5590094327927 271.60168457031
79.958038330078 -1.6458162069321 271.81484985352
