87.962760925293 4.5243182182312 405.65005493164
100.75003814697 1.5606979131699 406.54776000977
104.64517974854 5.2967000007629 403.79183959961
103.5347366333 4.0368337631226 410.66656494141
88.241600036621 4.0941233634949 405.61212158203
88.670364379883 3.8082094192505 405.61291503906
89.134971618652 3.5855123996735 405.62741088867
89.615661621094 3.4009370803833 405.64965820312
90.109550476074 3.2565088272095 405.67962646484
90.607414245605 3.1270999908447 405.71237182617
91.107856750488 3.0086176395416 405.74713134766
91.609283447266 2.8946821689606 405.78268432617
92.114364624023 2.7994272708893 405.82153320312
92.619766235352 2.706072807312 405.86080932617
93.126480102539 2.6207361221313 405.90139770508
93.634895324707 2.5475504398346 405.94409179688
94.145858764648 2.4983086585999 405.99087524414
94.656028747559 2.4403660297394 406.03616333008
95.167533874512 2.3985517024994 406.08413696289
95.679336547852 2.3618295192719 406.13293457031
96.185752868652 2.2746307849884 406.17327880859
96.693481445312 2.1962051391602 406.21505737305
97.19947052002 2.1063764095306 406.25491333008
97.700942993164 1.992565870285 406.29049682617
98.209510803223 1.9206222295761 406.33343505859
98.711738586426 1.8104293346405 406.36962890625
99.21949005127 1.7322466373444 406.41149902344
99.728561401367 1.6641608476639 406.455078125
100.23957061768 1.6155668497086 406.501953125
88.529388427734 4.4886174201965 405.36679077148
89.084396362305 4.2434616088867 405.33502197266
89.746215820312 4.2874732017517 405.26354980469
90.414817810059 4.2894849777222 405.22747802734
91.085006713867 4.2936086654663 405.21774291992
91.755264282227 4.313307762146 405.22229003906
92.425163269043 4.3414301872253 405.22427368164
93.094581604004 4.3807234764099 405.22280883789
93.763786315918 4.4208550453186 405.21350097656
94.432579040527 4.4626741409302 405.18844604492
95.101379394531 4.5044937133789 405.1633605957
95.767028808594 4.5799322128296 405.14532470703
96.43123626709 4.6708765029907 405.13055419922
97.088386535645 4.7195081710815 405.01666259766
97.736442565918 4.7517862319946 404.85992431641
98.331771850586 4.7335457801819 404.5556640625
98.931564331055 4.8091883659363 404.84582519531
99.507141113281 4.8609833717346 404.78671264648
100.06065368652 4.891049861908 404.40939331055
100.67569732666 4.9212093353271 404.18563842773
101.33662414551 4.9514384269714 404.07647705078
101.99619293213 4.98725938797 403.96109008789
102.65545654297 5.0314674377441 403.85314941406
103.31842803955 5.1321129798889 403.8505859375
103.98664093018 5.1830372810364 403.82922363281
88.478317260742 4.377161026001 405.94534301758
89.053215026855 4.2165856361389 406.09085083008
89.657028198242 4.1491475105286 406.2861328125
90.269355773926 4.0987987518311 406.4560546875
90.89013671875 4.0647134780884 406.60015869141
91.516105651855 4.0514316558838 406.72299194336
92.143157958984 4.0424618721008 406.84143066406
92.766311645508 4.0585098266602 406.97784423828
93.389045715332 4.0772657394409 407.1162109375
94.009620666504 4.0867991447449 407.26483154297
94.623306274414 4.0877017974854 407.43887329102
95.233497619629 4.0843000411987 407.62585449219
95.849868774414 4.1469478607178 407.77835083008
96.464721679688 4.2076268196106 407.93807983398
97.066024780273 4.2480940818787 408.12814331055
97.573959350586 4.1583309173584 408.50396728516
98.131080627441 4.1148066520691 408.79925537109
98.723045349121 4.1040320396423 409.03750610352
99.316505432129 4.0797114372253 409.2707824707
99.911239624023 4.0466775894165 409.4997253418
100.50933837891 3.9987828731537 409.71719360352
101.10546112061 3.9785099029541 409.9436340332
101.69682312012 3.9573698043823 410.18246459961
102.29223632812 3.9526033401489 410.41217041016
102.90693664551 3.9828283786774 410.56536865234
