91.228103637695 9.3205080032349 409.69458007812
108.17705535889 -7.5918598175049 409.25299072266
111.28143310547 -4.2415585517883 405.73669433594
111.14888763428 -4.4645705223083 413.15728759766
91.284996032715 8.3748054504395 409.64010620117
91.57275390625 7.4709777832031 409.59591674805
91.925392150879 6.5903177261353 409.55523681641
92.38729095459 5.7614669799805 409.52127075195
92.910140991211 4.9693622589111 409.49154663086
93.459953308105 4.195659160614 409.46380615234
94.045181274414 3.4482741355896 409.43881225586
94.639007568359 2.7077467441559 409.41458129883
95.27286529541 2.0010054111481 409.39361572266
95.921516418457 1.3077863454819 409.37393188477
96.595932006836 0.63957053422928 409.35665893555
97.297943115234 0.00029650892247446 409.34204101562
98.002098083496 -0.63660973310471 409.32763671875
98.725776672363 -1.2512922286987 409.31512451172
99.463363647461 -1.84923350811 409.30413818359
100.21994018555 -2.4229907989502 409.29522705078
100.99779510498 -2.9676010608673 409.28875732422
101.75501251221 -3.5405244827271 409.27987670898
102.5369720459 -4.0792303085327 409.27392578125
103.32066345215 -4.61541223526 409.26815795898
104.11141967773 -5.1411414146423 409.26321411133
104.91227722168 -5.6513509750366 409.25961303711
105.72392272949 -6.1442317962646 409.25732421875
106.53324890137 -6.6409020423889 409.25479125977
107.35027313232 -7.1248154640198 409.25323486328
91.758201599121 8.566837310791 409.41879272461
92.276405334473 7.7704291343689 409.26943969727
92.889976501465 7.0357723236084 409.17376708984
93.517875671387 6.3123259544373 409.08636474609
94.194183349609 5.6301617622375 409.03555297852
94.892562866211 4.9695134162903 409.00198364258
95.617500305176 4.340518951416 408.93746948242
96.349189758301 3.7202930450439 408.86486816406
97.105682373047 3.1332514286041 408.77307128906
97.88680267334 2.5831444263458 408.66098022461
98.667991638184 2.0331671237946 408.54870605469
99.456657409668 1.4981678724289 408.41787719727
100.25576782227 0.98685777187347 408.25872802734
101.05509185791 0.47587642073631 408.09970092773
101.88846588135 0.016826638951898 407.95791625977
102.73471832275 -0.42033118009567 407.82345581055
103.58103179932 -0.8573477268219 407.68890380859
104.44087982178 -1.2618062496185 407.53915405273
105.30452728271 -1.6563347578049 407.38488769531
106.1700592041 -2.045646905899 407.22796630859
107.05558776855 -2.3711214065552 407.04025268555
107.92991638184 -2.7153759002686 406.83438110352
108.7790145874 -3.0970711708069 406.59213256836
109.6429977417 -3.4324071407318 406.33441162109
110.44413757324 -3.8579144477844 406.01434326172
91.62109375 8.4912414550781 409.98165893555
92.127143859863 7.6812086105347 410.09588623047
92.738914489746 6.9438781738281 410.18356323242
93.395729064941 6.2422986030579 410.22952270508
94.067123413086 5.5539898872375 410.26406860352
94.748794555664 4.8756899833679 410.29278564453
95.485885620117 4.2580013275146 410.32266235352
96.221702575684 3.6402914524078 410.37496948242
96.964233398438 3.0322601795197 410.44302368164
97.740371704102 2.4696779251099 410.52572631836
98.529098510742 1.926175236702 410.61645507812
99.337425231934 1.4147515296936 410.72033691406
100.15078735352 0.91177868843079 410.826171875
100.96990966797 0.4187947511673 410.93447875977
101.78575134277 -0.073128908872604 411.06915283203
102.61156463623 -0.54203563928604 411.22366333008
103.46060180664 -0.98143464326859 411.3323059082
104.31155395508 -1.4110968112946 411.46270751953
105.16496276855 -1.817730307579 411.64175415039
106.0453414917 -2.1908164024353 411.74884033203
106.91842651367 -2.5627319812775 411.90719604492
107.74405670166 -2.9687428474426 412.18869018555
108.56613922119 -3.3861291408539 412.46380615234
109.40930175781 -3.7752590179443 412.71557617188
110.26781463623 -4.1236271858215 412.97506713867
