7.4683866500854 -13.12866973877 -20.583396911621
-8.3557844161987 18.554664611816 -14.35488319397
-12.495145797729 3.8764145374298 -25.149541854858
-7.4979209899902 2.2666485309601 -6.1972160339355
8.2471532821655 -11.725736618042 -20.696228027344
8.7293291091919 -10.191807746887 -20.722589492798
9.0493431091309 -8.6155853271484 -20.703590393066
9.3277130126953 -7.0315990447998 -20.673139572144
9.5139932632446 -5.4348587989807 -20.617666244507
9.6266479492188 -3.8320372104645 -20.542448043823
9.6964511871338 -2.2273397445679 -20.455856323242
9.7374296188354 -0.62207424640656 -20.361656188965
9.467137336731 0.95335084199905 -20.187635421753
9.136155128479 2.5160737037659 -19.998504638672
8.6695976257324 4.0393004417419 -19.776348114014
8.0891389846802 5.5186047554016 -19.527145385742
7.5115003585815 6.9991407394409 -19.278594970703
6.7380175590515 8.3784980773926 -18.985216140747
5.8838982582092 9.7055473327637 -18.674077987671
4.9676604270935 10.987192153931 -18.349588394165
3.9112937450409 12.147498130798 -17.996227264404
2.7499756813049 13.195840835571 -17.62261390686
1.5399150848389 14.184200286865 -17.240119934082
0.23507256805897 15.036190986633 -16.841646194458
-1.1002668142319 15.837285041809 -16.438491821289
-2.4851760864258 16.545265197754 -16.028400421143
-3.9154596328735 17.15279006958 -15.612958908081
-5.3920178413391 17.633758544922 -15.193639755249
-6.8913221359253 18.037368774414 -14.77340221405
7.0747389793396 -12.08246421814 -20.807331085205
7.0191206932068 -10.955346107483 -20.94450378418
6.9394416809082 -9.8346328735352 -21.135654449463
6.7458095550537 -8.7385931015015 -21.375608444214
6.4472064971924 -7.673086643219 -21.645071029663
6.0773086547852 -6.6338558197021 -21.930940628052
5.5482397079468 -5.6618285179138 -22.173072814941
4.9112329483032 -4.7387180328369 -22.376392364502
4.2751350402832 -3.8422727584839 -22.662511825562
3.6589977741241 -2.9682374000549 -23.057432174683
3.0261714458466 -2.1082019805908 -23.455347061157
2.2353003025055 -1.4364757537842 -23.821716308594
1.1956650018692 -1.11634349823 -24.16277885437
0.14550222456455 -0.74352306127548 -24.39887046814
-0.90623092651367 -0.36284357309341 -24.619304656982
-1.9444042444229 0.084823355078697 -24.761463165283
-2.963977098465 0.56615895032883 -24.915014266968
-3.9369912147522 1.107673406601 -25.135673522949
-5.0343728065491 1.3586399555206 -25.315727233887
-6.0655331611633 1.8266974687576 -25.374362945557
-7.0374264717102 2.4098746776581 -25.4465675354
-8.0641899108887 2.8433680534363 -25.426454544067
-9.1644220352173 3.1192848682404 -25.312397003174
-10.27289390564 3.3758225440979 -25.247547149658
-11.384019851685 3.6261184215546 -25.198543548584
7.4128384590149 -12.233783721924 -19.918264389038
7.4081554412842 -11.201992988586 -19.522342681885
7.4169945716858 -10.133806228638 -19.197988510132
7.3622994422913 -9.0773410797119 -18.845781326294
7.0786514282227 -8.1094665527344 -18.394353866577
6.697286605835 -7.1836385726929 -17.900684356689
6.4021048545837 -6.2923221588135 -17.308446884155
6.1726627349854 -5.4273309707642 -16.641025543213
5.943220615387 -4.5623397827148 -15.973602294922
5.5998473167419 -3.7430891990662 -15.305894851685
5.1703271865845 -2.9584240913391 -14.637972831726
4.5322651863098 -2.370857000351 -13.989112854004
3.7110385894775 -2.0145559310913 -13.332984924316
2.892541885376 -1.8719975948334 -12.587299346924
2.0740451812744 -1.7294392585754 -11.841614723206
1.173073887825 -1.3970189094543 -11.279923439026
0.26290160417557 -1.0434169769287 -10.738759040833
-0.64727067947388 -0.68981510400772 -10.197595596313
-1.4469479322433 -0.24428778886795 -9.5665464401245
-2.207772731781 0.23356264829636 -8.9038915634155
-2.9699096679688 0.70973521471024 -8.2417278289795
-3.8012721538544 1.0973929166794 -7.6054382324219
-4.5653309822083 1.7769614458084 -7.1606454849243
-5.4440150260925 2.1906991004944 -6.7208151817322
-6.4490132331848 2.0276482105255 -6.2711353302002
