67.076179504395 5.3205909729004 271.04931640625
82.563957214355 -7.9255213737488 273.31680297852
89.467407226562 -1.7862280607224 268.67239379883
84.223731994629 -2.0888175964355 280.04330444336
66.963684082031 4.5079536437988 270.95880126953
67.183479309082 3.7101273536682 270.94128417969
67.46265411377 2.9310507774353 270.93814086914
67.835487365723 2.1925265789032 270.95852661133
68.307876586914 1.5144528150558 271.00540161133
68.829574584961 0.87466186285019 271.06597900391
69.394714355469 0.27425450086594 271.13919067383
69.986694335938 -0.2985982298851 271.2204284668
70.608070373535 -0.83803290128708 271.31072998047
71.246215820312 -1.3565450906754 271.40637207031
71.907905578613 -1.8431043624878 271.50970458984
72.585945129395 -2.3052747249603 271.61856079102
73.294242858887 -2.7167167663574 271.73809814453
73.979316711426 -3.1678764820099 271.84942626953
74.671882629395 -3.6067979335785 271.96328735352
75.377372741699 -4.0233359336853 272.08181762695
76.075355529785 -4.453085899353 272.19760131836
76.785675048828 -4.8608169555664 272.31790161133
77.501579284668 -5.2580471038818 272.44021606445
78.20777130127 -5.6733241081238 272.55899047852
78.929107666016 -6.059947013855 272.68334960938
79.644645690918 -6.4578719139099 272.80557250977
80.369049072266 -6.8383612632751 272.93106079102
81.104949951172 -7.194459438324 273.06112670898
81.857887268066 -7.5100135803223 273.19805908203
67.758346557617 4.8130702972412 270.70739746094
68.442626953125 4.2245926856995 270.52496337891
69.194541931152 3.706175327301 270.39785766602
69.985214233398 3.2547779083252 270.26257324219
70.804023742676 2.8560564517975 270.12393188477
71.655403137207 2.5289285182953 269.98818969727
72.508483886719 2.2057251930237 269.85461425781
73.379417419434 1.9239177703857 269.74349975586
74.250350952148 1.6421103477478 269.63238525391
75.12385559082 1.3747930526733 269.50671386719
75.998992919922 1.1054421663284 269.39837646484
76.877113342285 0.84390753507614 269.29852294922
77.777893066406 0.66749984025955 269.21041870117
78.674011230469 0.46526378393173 269.13232421875
79.56965637207 0.2587511241436 269.0592956543
80.471000671387 0.074971579015255 268.99536132812
81.371795654297 -0.11550664901733 268.9479675293
82.27156829834 -0.31497576832771 268.91983032227
83.165504455566 -0.54116034507751 268.91979980469
84.059440612793 -0.76734495162964 268.91976928711
84.972206115723 -0.8979457616806 268.91152954102
85.881141662598 -1.0460928678513 268.90948486328
86.767364501953 -1.298492193222 268.94403076172
87.66088104248 -1.5033669471741 268.9123840332
88.564147949219 -1.6447974443436 268.79238891602
67.488395690918 4.7815437316895 271.43731689453
68.021598815918 4.2207679748535 271.66125488281
68.508522033691 3.6467137336731 271.96783447266
69.133674621582 3.2509572505951 272.30484008789
69.751243591309 2.856333732605 272.66333007812
70.358993530273 2.4552583694458 273.0319519043
71.036437988281 2.1704568862915 273.38684082031
71.696662902832 1.8674728870392 273.75765991211
72.340026855469 1.5464532375336 274.1438293457
72.976829528809 1.2218337059021 274.53720092773
73.586647033691 0.88239133358002 274.96026611328
74.196464538574 0.54294896125793 275.38336181641
74.91552734375 0.32837221026421 275.69604492188
75.633850097656 0.12021521478891 276.01602172852
76.269943237305 -0.14243274927139 276.45474243164
76.947662353516 -0.38009682297707 276.83764648438
77.653526306152 -0.60087215900421 277.18276977539
78.367614746094 -0.80373382568359 277.52169799805
79.084228515625 -1.0011073350906 277.85873413086
79.797943115234 -1.2309864759445 278.18051147461
80.520278930664 -1.4530031681061 278.48785400391
81.254890441895 -1.6541969776154 278.78103637695
82.014488220215 -1.7817400693893 279.04852294922
82.778861999512 -1.8952077627182 279.31109619141
83.503845214844 -1.9930245876312 279.6708984375
