81.855354309082 12.505588531494 314.87414550781
83.373893737793 -3.0110020637512 331.22857666016
77.348731994629 2.1829378604889 343.24020385742
71.048645019531 -8.6120052337646 331.81503295898
82.558395385742 11.96924495697 315.03604125977
83.027168273926 11.328197479248 315.4599609375
83.405319213867 10.676206588745 315.95223999023
83.687858581543 10.023712158203 316.50439453125
83.895164489746 9.3775205612183 317.09606933594
84.06046295166 8.7373266220093 317.70721435547
84.219100952148 8.0982809066772 318.32119750977
84.309959411621 7.4726305007935 318.96228027344
84.391128540039 6.8492527008057 319.60678100586
84.409523010254 6.2424793243408 320.27172851562
84.457908630371 5.6273369789124 320.92736816406
84.452644348145 5.0277590751648 321.59906005859
84.43921661377 4.4307579994202 322.27282714844
84.371765136719 3.8522601127625 322.95947265625
84.333938598633 3.2632925510406 323.63943481445
84.313926696777 2.6683897972107 324.31497192383
84.264823913574 2.0833237171173 324.99755859375
84.172004699707 1.5144513845444 325.68923950195
84.05598449707 0.95487207174301 326.38497924805
84.024757385254 0.36367818713188 327.06332397461
83.957550048828 -0.21491481363773 327.74990844727
83.85481262207 -0.77989983558655 328.44338989258
83.74047088623 -1.3401989936829 329.13885498047
83.642265319824 -1.9069761037827 329.83151245117
83.509506225586 -2.4595987796783 330.52984619141
82.177459716797 12.117896080017 315.94799804688
82.318298339844 11.535696029663 316.97189331055
82.221519470215 11.028438568115 318.03988647461
82.166030883789 10.529981613159 319.1149597168
82.133316040039 10.038826942444 320.19430541992
82.093765258789 9.6013736724854 321.29629516602
82.002136230469 9.1828174591064 322.40249633789
81.725471496582 8.8025360107422 323.49157714844
81.535461425781 8.4474401473999 324.607421875
81.386962890625 8.1037626266479 325.73309326172
81.208541870117 7.7238864898682 326.84268188477
81.05126953125 7.3265881538391 327.94934082031
80.991889953613 6.9044675827026 329.05639648438
80.782989501953 6.4774146080017 330.1432800293
80.516639709473 6.0563521385193 331.21987915039
80.201217651367 5.6718163490295 332.296875
79.87809753418 5.3067007064819 333.37835693359
79.534248352051 4.9963436126709 334.47048950195
79.208419799805 4.6877474784851 335.56860351562
78.894050598145 4.3792595863342 336.67010498047
78.623695373535 4.0618987083435 337.78073120117
78.361221313477 3.7643337249756 338.8987121582
78.06233215332 3.4815857410431 340.01138305664
77.762222290039 3.124938249588 341.10223388672
77.555473327637 2.6539325714111 342.17123413086
81.619125366211 11.501504898071 315.3337097168
81.606903076172 10.612374305725 316.03051757812
81.34497833252 9.7754688262939 316.74340820312
81.037796020508 8.9482221603394 317.44946289062
80.683738708496 8.1131105422974 318.12362670898
80.307167053223 7.2851815223694 318.79440307617
79.865943908691 6.4782929420471 319.451171875
79.509582519531 5.6030077934265 320.07098388672
79.152435302734 4.7282071113586 320.69091796875
78.701454162598 3.9094288349152 321.32611083984
78.236755371094 3.0996251106262 321.96292114258
77.778991699219 2.2635822296143 322.57015991211
77.331871032715 1.4710382223129 323.24032592773
76.904541015625 0.75586295127869 324.00393676758
76.557151794434 -0.068735368549824 324.69427490234
76.136581420898 -0.87081170082092 325.37030029297
75.641082763672 -1.6320862770081 326.04275512695
75.160934448242 -2.4511344432831 326.65582275391
74.615325927734 -3.2180190086365 327.28149414062
74.037994384766 -3.9477841854095 327.9228515625
73.55061340332 -4.7460908889771 328.55722045898
73.074333190918 -5.5175204277039 329.23199462891
72.516593933105 -6.270854473114 329.86340332031
71.933975219727 -7.0240173339844 330.47207641602
71.491310119629 -7.818018913269 331.1435546875
