110.13961791992 32.478080749512 320.80026245117
95.654159545898 21.438545227051 326.10278320312
93.018760681152 29.346097946167 334.2492980957
89.446166992188 28.684247970581 320.97732543945
110.03332519531 31.740650177002 320.84967041016
109.6156539917 31.136808395386 321.00708007812
109.12124633789 30.601821899414 321.19061279297
108.62432861328 30.069454193115 321.37496948242
108.12950897217 29.534938812256 321.55859375
107.61229705811 29.024782180786 321.74981689453
107.08812713623 28.522674560547 321.94326782227
106.58383178711 27.99825668335 322.13012695312
106.04892730713 27.509017944336 322.32723999023
105.51749420166 27.015563964844 322.52319335938
104.977684021 26.532426834106 322.72198486328
104.43738555908 26.049915313721 322.92083740234
103.87265777588 25.599878311157 323.12789916992
103.31888580322 25.134912490845 323.33126831055
102.72707366943 24.725746154785 323.54727172852
102.12281036377 24.33744430542 323.7673034668
101.52848052979 23.932386398315 323.9841003418
100.91271972656 23.564878463745 324.20791625977
100.2954788208 23.200107574463 324.43215942383
99.669960021973 22.851482391357 324.65908813477
99.028656005859 22.536451339722 324.89105224609
98.370101928711 22.263927459717 325.12844848633
97.707672119141 22.002098083496 325.36706542969
97.022163391113 21.817409515381 325.61260986328
96.332633972168 21.649990081787 325.85928344727
109.66486358643 32.174858093262 321.44427490234
109.04496002197 31.906396865845 321.96908569336
108.35368347168 31.664619445801 322.41152954102
107.66226196289 31.42289352417 322.8537902832
106.96663665771 31.189428329468 323.29388427734
106.25337982178 30.992832183838 323.72360229492
105.53964233398 30.797243118286 324.1530456543
104.8244934082 30.638982772827 324.59521484375
104.10939025879 30.51685333252 325.04879760742
103.39429473877 30.396560668945 325.50296020508
102.70600891113 30.231672286987 325.98348999023
102.02462768555 30.05598449707 326.47027587891
101.3381729126 29.94845199585 326.96911621094
100.65038299561 29.8942527771 327.47497558594
99.965194702148 29.850763320923 327.98556518555
99.288482666016 29.825731277466 328.50848388672
98.620742797852 29.7907371521 329.04229736328
98.017074584961 29.672399520874 329.63537597656
97.417449951172 29.55841255188 330.23498535156
96.789428710938 29.573539733887 330.81353759766
96.156303405762 29.598663330078 331.38851928711
95.520500183105 29.543977737427 331.95751953125
94.907592773438 29.433210372925 332.54376220703
94.31022644043 29.289653778076 333.13912963867
93.662605285645 29.25950050354 333.69415283203
109.37638092041 32.369220733643 320.52908325195
108.58322906494 32.186206817627 320.60244750977
107.79006958008 32.003196716309 320.67584228516
107.00759124756 31.7783203125 320.74746704102
106.2258682251 31.550790786743 320.81903076172
105.45166015625 31.305156707764 320.90979003906
104.67991638184 31.054054260254 321.00643920898
103.90888977051 30.797008514404 321.0924987793
103.13882446289 30.533536911011 321.16705322266
102.35605621338 30.311794281006 321.24502563477
101.56951141357 30.104276657104 321.32415771484
100.76910400391 29.964326858521 321.41204833984
99.965324401855 29.842294692993 321.49584960938
99.155982971191 29.732381820679 321.52523803711
98.346641540527 29.622480392456 321.55453491211
97.538078308105 29.503377914429 321.55859375
96.729454040527 29.384656906128 321.55651855469
95.913887023926 29.335517883301 321.53646850586
95.097808837891 29.299446105957 321.51016235352
94.281562805176 29.270708084106 321.48040771484
93.468162536621 29.208137512207 321.43106079102
92.655349731445 29.140453338623 321.37875366211
91.846870422363 29.038301467896 321.31631469727
91.039924621582 28.932291030884 321.24166870117
90.240951538086 28.817125320435 321.11383056641
