99.919883728027 -2.4126121997833 454.48330688477
109.26854705811 -11.97585773468 463.58901977539
117.85716247559 -13.299317359924 460.99691772461
114.68503570557 -8.5386590957642 467.60739135742
99.62467956543 -2.9467830657959 454.80093383789
99.553894042969 -3.511545419693 455.19317626953
99.462516784668 -4.0757088661194 455.58010864258
99.50724029541 -4.6293454170227 455.99130249023
99.611366271973 -5.1711344718933 456.40774536133
99.68790435791 -5.7185392379761 456.82180786133
99.86563873291 -6.2391548156738 457.24011230469
100.1012878418 -6.7381725311279 457.65637207031
100.37973022461 -7.2178468704224 458.06857299805
100.72380065918 -7.6624479293823 458.47073364258
101.10934448242 -8.0806274414062 458.86352539062
101.53570556641 -8.4692468643188 459.24438476562
101.99008178711 -8.8351364135742 459.61529541016
102.45816040039 -9.1889953613281 459.98080444336
102.9441986084 -9.525897026062 460.33822631836
103.50803375244 -9.7723140716553 460.64828491211
104.17620849609 -9.7972450256348 460.82247924805
104.77481079102 -9.9954605102539 461.10577392578
105.3503036499 -10.229116439819 461.40933227539
105.93274688721 -10.452652931213 461.70718383789
106.50925445557 -10.684838294983 462.00991821289
107.08349609375 -10.920237541199 462.31448364258
107.65892791748 -11.15395450592 462.61807250977
108.23943328857 -11.380331993103 462.91757202148
108.82232666016 -11.603169441223 463.21508789062
100.18656921387 -3.2015392780304 454.26693725586
100.39832305908 -3.9947171211243 454.63400268555
100.66340637207 -4.7532987594604 455.03747558594
101.04322052002 -5.3836889266968 455.54156494141
101.57215118408 -5.909960269928 456.02572631836
102.21159362793 -6.3726406097412 456.4563293457
102.87682342529 -6.8164930343628 456.86749267578
103.52360534668 -7.2984170913696 457.26184082031
104.21099853516 -7.7510471343994 457.59664916992
104.99932861328 -8.0986604690552 457.85433959961
105.78765869141 -8.4462738037109 458.11206054688
106.56066894531 -8.8757400512695 458.26010131836
107.32557678223 -9.3086071014404 458.44161987305
108.08704376221 -9.7273197174072 458.67303466797
108.87113952637 -10.081569671631 458.9241027832
109.68206787109 -10.369741439819 459.18423461914
110.49978637695 -10.664650917053 459.41461181641
111.31043243408 -10.943885803223 459.68417358398
112.11839294434 -11.216197013855 459.9697265625
112.9379196167 -11.501822471619 460.20532226562
113.76364135742 -11.803840637207 460.39077758789
114.5922088623 -12.113377571106 460.55319213867
115.41733551025 -12.425588607788 460.72747802734
116.22010803223 -12.727291107178 460.9836730957
117.01908874512 -13.015035629272 461.15670776367
100.137840271 -2.6139540672302 455.26089477539
100.43030548096 -3.0350747108459 455.86148071289
100.70674133301 -3.6033692359924 456.38641357422
100.86429595947 -4.1233916282654 457.01681518555
101.30828857422 -4.6165008544922 457.51684570312
101.81428527832 -4.990734577179 458.05389404297
102.35936737061 -5.3239250183105 458.58334350586
102.96942138672 -5.7034587860107 459.00341796875
103.52718353271 -5.9478425979614 459.56747436523
104.08032226562 -6.1802988052368 460.1442565918
104.71128845215 -6.3726844787598 460.64971923828
105.34711456299 -6.5430955886841 461.15768432617
105.96279907227 -6.67240858078 461.70254516602
106.60076904297 -6.9371013641357 462.16107177734
107.2458190918 -7.2205452919006 462.60293579102
107.91924285889 -7.4035015106201 463.05645751953
108.61724090576 -7.5382061004639 463.48797607422
109.32336425781 -7.6569519042969 463.91220092773
109.98714447021 -7.767409324646 464.39987182617
110.65528869629 -7.910304069519 464.84902954102
111.33126831055 -8.0930328369141 465.22216796875
111.92582702637 -8.1505670547485 465.80169677734
112.63865661621 -8.2529582977295 466.21597290039
113.35814666748 -8.3578729629517 466.62094116211
114.02696990967 -8.4496603012085 467.10571289062
