95.54027557373 -36.600883483887 342.9641418457
52.65604019165 17.071977615356 363.34893798828
32.425788879395 3.6052379608154 334.01788330078
31.759435653687 -11.696184158325 379.07708740234
98.805381774902 -35.080196380615 343.36840820312
101.31619262695 -32.539901733398 344.0231628418
103.29442596436 -29.615804672241 344.79614257812
104.67189788818 -26.407251358032 345.76712036133
105.52030181885 -23.020566940308 346.75134277344
106.00625610352 -19.60710144043 347.85366821289
105.95589447021 -16.11340713501 348.83923339844
105.4436416626 -12.67592716217 349.86862182617
104.31657409668 -9.4505548477173 351.07754516602
102.80129241943 -6.3211960792542 352.11837768555
100.93446350098 -3.3920841217041 353.17727661133
98.584159851074 -0.81782531738281 354.18145751953
95.968048095703 1.4971652030945 355.11682128906
93.023216247559 3.4291710853577 355.94281005859
89.803619384766 4.9533181190491 356.64791870117
86.584022521973 6.4774646759033 357.35299682617
83.019836425781 6.923436164856 357.82397460938
79.439712524414 7.3195371627808 358.28414916992
75.943161010742 8.130220413208 358.74932861328
72.48705291748 9.1414489746094 359.21694946289
69.10302734375 10.295574188232 359.82656860352
65.76734161377 11.545513153076 360.53143310547
62.485973358154 12.901054382324 361.29290771484
59.272686004639 14.417199134827 362.03674316406
55.998481750488 15.830551147461 362.68203735352
96.129898071289 -33.42378616333 343.22665405273
96.284934997559 -30.212980270386 343.64831542969
96.528602600098 -26.986711502075 343.85571289062
94.929016113281 -24.179725646973 344.1237487793
93.229804992676 -21.463979721069 344.60787963867
90.881126403809 -19.267059326172 345.01724243164
88.390464782715 -17.215389251709 345.32580566406
85.671257019043 -15.455854415894 345.46765136719
82.836288452148 -13.884154319763 345.52346801758
79.960441589355 -12.395031929016 345.38143920898
77.054801940918 -11.058525085449 344.85165405273
74.060806274414 -9.9822130203247 344.22811889648
71.067237854004 -8.9036331176758 343.60720825195
68.104141235352 -7.6609196662903 343.17599487305
65.159126281738 -6.3242392539978 342.9587097168
62.083923339844 -5.3911881446838 342.53192138672
59.118412017822 -4.1805119514465 342.03070068359
56.152339935303 -2.9720542430878 341.5280456543
53.140594482422 -1.9443953037262 340.908203125
50.104526519775 -1.0500284433365 340.20565795898
47.06827545166 -0.15602125227451 339.50344848633
44.008518218994 0.69281327724457 338.84878540039
40.944400787354 1.5307050943375 338.20260620117
38.170356750488 2.3854379653931 336.75857543945
35.334129333496 3.0895383358002 335.35458374023
96.096878051758 -33.835254669189 344.78436279297
96.698738098145 -30.98729133606 346.45721435547
96.585144042969 -28.153179168701 348.24896240234
95.330322265625 -25.569452285767 349.98086547852
93.323135375977 -23.264854431152 351.3688659668
91.065582275391 -21.016696929932 352.42385864258
88.44189453125 -19.175107955933 353.41955566406
85.614356994629 -17.639987945557 354.37365722656
83.054077148438 -15.992838859558 355.78820800781
80.313217163086 -14.566982269287 357.10140991211
77.44091796875 -13.348141670227 358.33242797852
74.504844665527 -12.919318199158 359.90301513672
71.557632446289 -12.626100540161 361.48287963867
68.459365844727 -12.334630012512 362.74282836914
65.368881225586 -12.050559997559 364.02334594727
62.299835205078 -11.784899711609 365.35827636719
59.258850097656 -11.475515365601 366.74682617188
56.263408660889 -11.10062122345 368.21569824219
53.185298919678 -10.891925811768 369.53952026367
50.042465209961 -10.844710350037 370.71926879883
46.953968048096 -10.822158813477 372.03527832031
43.945804595947 -10.8375415802 373.52603149414
40.930381774902 -10.896388053894 375.00091552734
37.86739730835 -11.060503005981 376.36575317383
34.795726776123 -11.306444168091 377.69842529297
