70.124282836914 39.208084106445 308.1496887207
86.029029846191 -38.287208557129 325.43371582031
84.60684967041 -35.544143676758 337.35397338867
73.879470825195 -40.569076538086 325.09649658203
71.695243835449 38.116821289062 306.94897460938
72.380813598633 35.052501678467 307.57168579102
72.912467956543 31.991891860962 308.35772705078
73.38623046875 28.936981201172 309.20333862305
73.885482788086 25.878992080688 310.02297973633
74.377395629883 22.82186126709 310.85009765625
74.845321655273 19.767663955688 311.70159912109
75.294845581055 16.715940475464 312.57180786133
75.755210876465 13.662720680237 313.43103027344
76.212615966797 10.610065460205 314.29318237305
76.625671386719 7.5639123916626 315.19998168945
77.078735351562 4.5117039680481 316.06655883789
77.557640075684 1.4561026096344 316.90698242188
78.039199829102 -1.5996582508087 317.74462890625
78.574241638184 -4.6607503890991 318.52728271484
79.011024475098 -7.7106032371521 319.41027832031
79.482421875 -10.765274047852 320.25830078125
79.951309204102 -13.819608688354 321.10885620117
80.457565307617 -16.877727508545 321.92105102539
81.116470336914 -19.945386886597 322.57385253906
81.866989135742 -23.011558532715 323.12777709961
82.539443969727 -26.079465866089 323.76605224609
83.301490783691 -29.144899368286 324.30728149414
84.213249206543 -32.194660186768 324.68099975586
85.016708374023 -35.257122039795 325.17651367188
70.417411804199 36.299297332764 309.33096313477
70.754737854004 33.36026763916 310.4221496582
71.073707580566 30.422468185425 311.52212524414
71.339057922363 27.482904434204 312.63162231445
71.638946533203 24.557836532593 313.7702331543
72.054397583008 21.645709991455 314.90570068359
72.526344299316 18.70753288269 315.94818115234
72.927925109863 15.794003486633 317.08502197266
73.314659118652 12.880463600159 318.22702026367
73.70597076416 9.9575576782227 319.34320068359
74.095512390137 7.036937713623 320.46597290039
74.56861114502 4.0839757919312 321.46524047852
75.087989807129 1.1155819892883 322.3932800293
75.433036804199 -1.7874870300293 323.57458496094
75.974761962891 -4.7145795822144 324.6142578125
76.538230895996 -7.6479783058167 325.62423706055
77.109169006348 -10.593794822693 326.5930480957
77.743545532227 -13.550469398499 327.48635864258
78.392608642578 -16.450193405151 328.54119873047
79.118545532227 -19.335021972656 329.58673095703
79.936935424805 -22.205562591553 330.60287475586
80.838005065918 -25.084476470947 331.52062988281
81.763557434082 -27.889846801758 332.62313842773
82.674407958984 -30.572360992432 334.0075378418
83.558006286621 -33.162860870361 335.57308959961
69.91389465332 36.131565093994 308.84832763672
69.960823059082 33.075248718262 309.65710449219
70.12377166748 30.042818069458 310.53756713867
70.335273742676 27.041788101196 311.51043701172
70.454299926758 24.002933502197 312.37564086914
70.598503112793 20.945552825928 313.16876220703
70.897308349609 17.888605117798 313.91918945312
71.160064697266 14.813071250916 314.60437011719
71.221557617188 11.767749786377 315.45260620117
71.142524719238 8.7886323928833 316.50900268555
71.327171325684 5.7268977165222 317.27639770508
71.512115478516 2.6650700569153 318.04348754883
71.77564239502 -0.3915459215641 318.80834960938
72.120475769043 -3.4548308849335 319.51174926758
72.451553344727 -6.5236730575562 320.19729614258
72.91072845459 -9.5846223831177 320.84310913086
73.334655761719 -12.648701667786 321.49813842773
73.647834777832 -15.725402832031 322.15631103516
73.904418945312 -18.818735122681 322.75863647461
74.13835144043 -21.900936126709 323.42398071289
74.527824401855 -24.998340606689 323.92541503906
75.03067779541 -28.107692718506 324.201171875
75.182388305664 -31.25714302063 324.43469238281
75.069107055664 -34.402816772461 324.73303222656
74.736511230469 -37.547061920166 324.73739624023
