42.679306030273 -33.862819671631 329.607421875
53.283199310303 -2.5506978034973 331.86685180664
30.426090240479 1.8186775445938 317.09829711914
28.912540435791 -0.46471554040909 345.16390991211
44.197574615479 -33.860305786133 329.65258789062
45.67008972168 -33.489151000977 329.71936035156
47.090480804443 -32.953453063965 329.79483032227
48.427398681641 -32.234733581543 329.87911987305
49.706748962402 -31.418434143066 329.96780395508
50.914848327637 -30.500852584839 330.06066894531
51.987632751465 -29.428131103516 330.15908813477
53.021034240723 -28.317934036255 330.2587890625
53.904350280762 -27.084848403931 330.36151123047
54.745162963867 -25.822776794434 330.46484375
55.407424926758 -24.458309173584 330.56924438477
56.000904083252 -23.062633514404 330.6735534668
56.463562011719 -21.618225097656 330.77700805664
56.788257598877 -20.13653755188 330.87866210938
57.000457763672 -18.634431838989 330.97821044922
57.123485565186 -17.122344970703 331.07583618164
57.091236114502 -15.605314254761 331.16909790039
56.901359558105 -14.099486351013 331.25698852539
56.596004486084 -12.612489700317 331.34024047852
56.201778411865 -11.146329879761 331.41958618164
55.711040496826 -9.70934009552 331.49429321289
55.14440536499 -8.3003425598145 331.56500244141
54.672420501709 -6.8574247360229 331.64059448242
54.438663482666 -5.3576664924622 331.7268371582
53.816627502441 -3.9724893569946 331.79440307617
43.852458953857 -32.774879455566 328.95297241211
45.190380096436 -31.68780708313 328.77767944336
46.327758789062 -30.411039352417 328.48980712891
47.289947509766 -29.030921936035 328.10046386719
47.660179138184 -27.390893936157 327.70355224609
47.460628509521 -25.714756011963 327.32299804688
46.834754943848 -24.142824172974 326.94317626953
46.063545227051 -22.619928359985 326.63482666016
45.382987976074 -21.0562915802 326.32772827148
44.969158172607 -19.385591506958 326.11117553711
44.528881072998 -17.729791641235 325.84606933594
43.938251495361 -16.155860900879 325.41857910156
43.247261047363 -14.620776176453 325.00015258789
42.476783752441 -13.126106262207 324.57464599609
41.725940704346 -11.661312103271 324.0270690918
40.967483520508 -10.228853225708 323.41442871094
39.923374176025 -8.8789129257202 323.10418701172
38.829193115234 -7.6016397476196 322.68307495117
37.878768920898 -6.3213763237 321.99984741211
36.969226837158 -5.0592970848083 321.23220825195
36.084003448486 -3.757595539093 320.50323486328
35.147277832031 -2.4925737380981 319.77508544922
33.986629486084 -1.3609135150909 319.15737915039
32.774559020996 -0.30677160620689 318.50241088867
31.613340377808 0.71659767627716 317.71908569336
43.924320220947 -32.937049865723 330.36380004883
45.213310241699 -31.900148391724 330.84893798828
46.142055511475 -30.546304702759 331.3835144043
47.014312744141 -29.188884735107 331.99145507812
47.429557800293 -27.632850646973 332.60168457031
47.250633239746 -25.99994468689 333.12573242188
46.657726287842 -24.452722549438 333.61114501953
45.978706359863 -22.939813613892 334.09194946289
45.363212585449 -21.422283172607 334.63931274414
44.786754608154 -19.876411437988 335.14807128906
44.135318756104 -18.327438354492 335.54473876953
43.537448883057 -16.788482666016 336.05017089844
42.865604400635 -15.269501686096 336.52154541016
42.130569458008 -13.820885658264 337.10699462891
41.390422821045 -12.389796257019 337.72579956055
40.369960784912 -11.087228775024 338.21896362305
39.328544616699 -9.8315525054932 338.78448486328
38.2864112854 -8.6241312026978 339.44592285156
37.256355285645 -7.4339208602905 340.15548706055
36.312744140625 -6.2132177352905 340.93029785156
35.250568389893 -5.0423269271851 341.62466430664
34.164836883545 -3.9285550117493 342.37420654297
32.985420227051 -2.9342787265778 343.14984130859
31.711153030396 -2.0479445457458 343.90606689453
30.330320358276 -1.2464019060135 344.56359863281
