58.340496063232 -6.3028535842896 270.40548706055
78.315727233887 7.9410862922668 279.63107299805
84.717712402344 1.5167955160141 282.0478515625
85.791763305664 7.9775948524475 272.92687988281
57.710018157959 -5.4065895080566 270.94073486328
57.336109161377 -4.4134669303894 271.54165649414
57.153743743896 -3.3841469287872 272.16940307617
57.186710357666 -2.3459303379059 272.80776977539
57.433437347412 -1.3312170505524 273.4367980957
57.879589080811 -0.36927643418312 274.03820800781
58.501434326172 0.51769828796387 274.59777832031
59.247165679932 1.3318358659744 275.11560058594
60.077205657959 2.0827424526215 275.59658813477
61.069389343262 2.675169467926 275.98413085938
62.15673828125 3.133008480072 276.29135131836
63.301326751709 3.477499961853 276.53033447266
64.491722106934 3.6842575073242 276.6858215332
65.71012878418 3.7056739330292 276.72814941406
66.928497314453 3.6529314517975 276.72494506836
68.146545410156 3.6663708686829 276.76239013672
69.351783752441 3.8108236789703 276.87994384766
70.547332763672 4.0023608207703 277.02618408203
71.73072052002 4.23805809021 277.19931030273
72.876625061035 4.5798482894897 277.43664550781
73.948913574219 5.0438995361328 277.7473449707
74.73030090332 5.8326907157898 278.24703979492
75.144035339355 6.7936086654663 278.79748535156
76.032905578613 7.4502420425415 279.21246337891
77.219253540039 7.5463724136353 279.35781860352
58.322731018066 -5.6132206916809 271.44857788086
58.330402374268 -4.588520526886 272.17053222656
58.699935913086 -3.5662894248962 272.79949951172
59.318725585938 -2.6442496776581 273.38604736328
60.149852752686 -1.8647640943527 273.91775512695
61.096897125244 -1.2036426067352 274.41207885742
62.18461227417 -0.73603028059006 274.83093261719
63.364444732666 -0.51349866390228 275.20428466797
64.576179504395 -0.4447338283062 275.53475952148
65.808563232422 -0.44270542263985 275.78854370117
67.036064147949 -0.44138953089714 276.06506347656
68.265075683594 -0.43079161643982 276.33462524414
69.491706848145 -0.41099891066551 276.61312866211
70.693031311035 -0.39155688881874 276.98681640625
71.893997192383 -0.34852799773216 277.35974121094
73.094184875488 -0.29116094112396 277.73318481445
74.287307739258 -0.22495584189892 278.12728881836
75.477844238281 -0.14113533496857 278.52575683594
76.664001464844 -0.024649225175381 278.92910766602
77.84642791748 0.080595307052135 279.34625244141
79.025352478027 0.17803344130516 279.77496337891
80.184944152832 0.31813654303551 280.24282836914
81.343467712402 0.52059173583984 280.69003295898
82.495155334473 0.79056453704834 281.11889648438
83.618087768555 1.1330336332321 281.57162475586
58.447666168213 -5.0364971160889 270.56744384766
58.657169342041 -3.9671120643616 271.25915527344
59.049381256104 -2.9477813243866 271.943359375
59.724960327148 -2.0111632347107 272.5188293457
60.576290130615 -1.168285369873 272.99667358398
61.589263916016 -0.43423500657082 273.31317138672
62.720191955566 0.14471952617168 273.53479003906
63.940849304199 0.56176447868347 273.57043457031
65.20597076416 0.81272029876709 273.50341796875
66.475021362305 1.0334068536758 273.41152954102
67.725357055664 1.3313418626785 273.28494262695
68.974365234375 1.6351829767227 273.15979003906
70.212791442871 1.983570098877 273.04556274414
71.450866699219 2.3334283828735 272.93200683594
72.686050415039 2.6954238414764 272.82534790039
73.922180175781 3.0612208843231 272.74621582031
75.156684875488 3.437647819519 272.69720458984
76.382690429688 3.8415575027466 272.65386962891
77.60326385498 4.2592034339905 272.59140014648
78.817909240723 4.6916193962097 272.51651000977
80.001564025879 5.1998262405396 272.42379760742
81.186470031738 5.7133793830872 272.4411315918
82.368728637695 6.2244033813477 272.53713989258
83.541313171387 6.7455363273621 272.68405151367
84.706855773926 7.284951210022 272.82034301758
