44.854690551758 -52.690982818604 336.10192871094
57.920291900635 -10.334610939026 327.14895629883
22.308645248413 -14.706711769104 325.83258056641
34.001579284668 -14.011186599731 352.72686767578
46.769165039062 -52.506595611572 335.35092163086
48.577564239502 -51.853748321533 334.59701538086
50.341865539551 -51.083862304688 333.84902954102
52.057788848877 -50.204578399658 333.10940551758
53.650680541992 -49.100631713867 332.39605712891
55.148845672607 -47.857929229736 331.70611572266
56.515235900879 -46.454502105713 331.05166625977
57.752178192139 -44.920150756836 330.43463134766
58.88941192627 -43.299324035645 329.84774780273
59.843425750732 -41.545749664307 329.31875610352
60.688556671143 -39.727119445801 328.8254699707
61.402538299561 -37.842067718506 328.37622070312
62.000350952148 -35.908111572266 327.96697998047
62.493846893311 -33.937675476074 327.59426879883
62.934490203857 -31.951362609863 327.24032592773
63.143180847168 -29.914503097534 326.97067260742
63.151268005371 -27.858528137207 326.7760925293
63.046405792236 -25.801555633545 326.6247253418
62.795597076416 -23.753828048706 326.53012084961
62.431659698486 -21.72155380249 326.48034667969
62.065086364746 -19.6897315979 326.43157958984
61.536945343018 -17.69327545166 326.44805908203
60.823211669922 -15.757584571838 326.54132080078
59.988609313965 -13.874073028564 326.6858215332
59.033199310303 -12.053756713867 326.88250732422
45.286052703857 -51.437026977539 334.56384277344
46.431533813477 -50.070762634277 333.51019287109
47.520515441895 -48.820266723633 332.25723266602
48.516426086426 -47.380020141602 331.16708374023
49.195045471191 -45.601737976074 330.34750366211
49.62671661377 -43.935817718506 329.18005371094
49.163276672363 -41.999450683594 328.59228515625
48.319049835205 -40.138759613037 328.72729492188
47.266159057617 -38.38111114502 328.83929443359
46.044582366943 -36.76872253418 328.46139526367
45.138622283936 -35.047199249268 327.72644042969
44.019775390625 -33.308097839355 327.60073852539
42.439018249512 -31.963800430298 327.66796875
40.877960205078 -30.659027099609 327.98098754883
39.497646331787 -29.272542953491 327.95791625977
38.24324798584 -27.769773483276 327.25595092773
36.987007141113 -26.15030670166 326.94580078125
35.5090675354 -24.731903076172 326.87484741211
33.828475952148 -23.510808944702 326.91424560547
32.169975280762 -22.258754730225 326.83471679688
30.534189224243 -20.979423522949 326.74603271484
28.970071792603 -19.614030838013 326.62841796875
27.359310150146 -18.312480926514 326.47332763672
25.675754547119 -17.110557556152 326.25973510742
23.99220085144 -15.908635139465 326.0461730957
45.9443359375 -51.265342712402 336.44763183594
47.481918334961 -49.957996368408 336.21145629883
48.960018157959 -48.583477020264 335.97247314453
50.27734375 -47.043781280518 335.82223510742
51.202487945557 -45.278644561768 335.97436523438
52.002635955811 -43.416969299316 336.1162109375
52.420768737793 -41.526943206787 336.34548950195
52.066535949707 -39.578327178955 336.80221557617
51.418209075928 -37.751487731934 337.41122436523
50.684028625488 -35.979644775391 338.05944824219
49.700580596924 -34.371837615967 338.82034301758
48.717136383057 -32.764030456543 339.58126831055
47.749019622803 -31.133255004883 340.31115722656
46.485614776611 -29.695497512817 340.86685180664
45.245609283447 -28.349353790283 341.43411254883
45.056327819824 -26.620338439941 342.48568725586
44.573432922363 -24.993848800659 343.45248413086
43.188793182373 -23.684679031372 344.15719604492
41.440559387207 -22.743103027344 344.5910949707
40.064018249512 -21.661209106445 345.42446899414
39.122360229492 -20.415138244629 346.72515869141
38.117099761963 -19.1422996521 347.94845581055
37.088218688965 -17.859521865845 349.14306640625
36.059337615967 -16.576742172241 350.33767700195
35.030460357666 -15.293964385986 351.53225708008
