48.573810577393 4.1255087852478 266.47311401367
81.014633178711 -1.8260124921799 268.88906860352
81.890487670898 -1.4684513807297 266.35494995117
81.504913330078 0.3160545527935 269.51461791992
49.649757385254 3.5230903625488 266.80776977539
50.838241577148 3.1054062843323 267.02178955078
52.06424331665 2.7805202007294 267.17596435547
53.310569763184 2.5215177536011 267.2878112793
54.554203033447 2.2525699138641 267.40603637695
55.799121856689 1.9883298873901 267.52127075195
57.045364379883 1.7290345430374 267.63336181641
58.295783996582 1.4860651493073 267.7350769043
59.547119140625 1.2468144893646 267.83435058594
60.799793243408 1.0131964683533 267.93002319336
62.054122924805 0.78672844171524 268.02114868164
63.31001663208 0.56729131937027 268.10781860352
64.566528320312 0.35069134831429 268.19262695312
65.824501037598 0.1410010010004 268.27301025391
67.083946228027 -0.0614233314991 268.34884643555
68.346267700195 -0.24876666069031 268.41500854492
69.608116149902 -0.4386765062809 268.48284912109
70.872245788574 -0.61570745706558 268.54251098633
72.13703918457 -0.78878128528595 268.59963989258
73.402320861816 -0.9589142203331 268.65493774414
74.667816162109 -1.1276851892471 268.70935058594
75.93717956543 -1.2699543237686 268.74691772461
77.206344604492 -1.4136908054352 268.7854309082
78.470733642578 -1.5892161130905 268.84411621094
79.740646362305 -1.7271735668182 268.87896728516
49.813655853271 3.7361578941345 266.39224243164
51.064598083496 3.3771479129791 266.43383789062
52.337348937988 3.1021289825439 266.44155883789
53.604396820068 2.801938533783 266.44018554688
54.886096954346 2.5735137462616 266.46551513672
56.17370223999 2.3832597732544 266.50350952148
57.452938079834 2.1436462402344 266.5451965332
58.731010437012 1.9011424779892 266.60275268555
60.016056060791 1.6978414058685 266.65682983398
61.302082061768 1.5005549192429 266.70983886719
62.586513519287 1.290735244751 266.75241088867
63.869152069092 1.0690141916275 266.78811645508
65.153060913086 0.8550261259079 266.82528686523
66.443466186523 0.68093115091324 266.83734130859
67.731552124023 0.49022629857063 266.84442138672
69.022262573242 0.31807571649551 266.83840942383
70.30827331543 0.11373167484999 266.8359375
71.598258972168 -0.063610695302486 266.82675170898
72.895401000977 -0.17706508934498 266.81463623047
74.194885253906 -0.26034414768219 266.81549072266
75.483818054199 -0.44382047653198 266.79147338867
76.774421691895 -0.61599463224411 266.77401733398
78.066055297852 -0.76093590259552 266.69473266602
79.350830078125 -0.95632791519165 266.61245727539
80.625785827637 -1.1826165914536 266.47509765625
49.77564239502 3.9374783039093 266.88635253906
51.02326965332 3.749963760376 267.12936401367
52.281875610352 3.567925453186 267.31265258789
53.539363861084 3.3572788238525 267.47131347656
54.796897888184 3.1387391090393 267.61856079102
56.064792633057 2.9498271942139 267.70565795898
57.327743530273 2.7363457679749 267.80667114258
58.589916229248 2.5189628601074 267.90911865234
59.859893798828 2.3336539268494 267.96932983398
61.129234313965 2.1472170352936 268.03894042969
62.397060394287 1.9573829174042 268.12496948242
63.664310455322 1.7673088312149 268.21865844727
64.935020446777 1.5925265550613 268.2932434082
66.210586547852 1.443478345871 268.33203125
67.488082885742 1.3129575252533 268.37448120117
68.763816833496 1.1757756471634 268.44149780273
70.038650512695 1.0382715463638 268.52346801758
71.317932128906 0.93030035495758 268.57400512695
72.598709106445 0.83817929029465 268.61813354492
73.878944396973 0.74897384643555 268.68017578125
75.158332824707 0.64594274759293 268.73825073242
76.437049865723 0.546630859375 268.81463623047
77.714836120605 0.44478270411491 268.90249633789
78.994659423828 0.47798976302147 269.0071105957
80.262855529785 0.42745444178581 269.2053527832
