58.342361450195 7.4614849090576 270.60830688477
67.323417663574 0.66942453384399 270.5774230957
69.363456726074 3.2755308151245 269.13327026367
68.532752990723 2.3497142791748 273.64202880859
58.342311859131 7.0403866767883 270.49816894531
58.588592529297 6.6713843345642 270.44952392578
58.814094543457 6.2905492782593 270.39376831055
59.090324401855 5.9425454139709 270.3564453125
59.41316986084 5.6347336769104 270.33868408203
59.741107940674 5.332423210144 270.32336425781
60.087696075439 5.051118850708 270.31713867188
60.43567276001 4.7715978622437 270.31167602539
60.795211791992 4.5069861412048 270.31234741211
61.152675628662 4.2397112846375 270.31192016602
61.524364471436 3.9925622940063 270.31951904297
61.89412689209 3.7425818443298 270.32598876953
62.274066925049 3.5085391998291 270.3385925293
62.651432037354 3.2702805995941 270.34967041016
63.031787872314 3.0369284152985 270.36251831055
63.415859222412 2.8098804950714 270.37777709961
63.802387237549 2.5871605873108 270.39468383789
64.187187194824 2.3613851070404 270.4104309082
64.571395874023 2.1346032619476 270.42575073242
64.946937561035 1.8934506177902 270.43569946289
65.331573486328 1.6674557924271 270.45135498047
65.73046875 1.4686566591263 270.47686767578
66.124649047852 1.2602838277817 270.49899291992
66.527336120605 1.0697028636932 270.52737426758
66.919883728027 0.85813695192337 270.54837036133
58.600925445557 7.2274742126465 270.34326171875
58.965892791748 6.9798884391785 270.19763183594
59.379028320312 6.777117729187 270.13711547852
59.77220916748 6.5446138381958 270.05752563477
60.195747375488 6.3535852432251 270.03869628906
60.619819641113 6.1628360748291 270.02850341797
61.04695892334 5.975989818573 270.02850341797
61.475330352783 5.7921271324158 270.03393554688
61.909366607666 5.6229720115662 270.03536987305
62.333267211914 5.430878162384 270.05178833008
62.759437561035 5.2439861297607 270.05810546875
63.190616607666 5.070499420166 270.05426025391
63.634769439697 4.9297976493835 270.04312133789
64.076385498047 4.7812814712524 270.0344543457
64.51513671875 4.6296353340149 269.99404907227
64.955009460449 4.4855484962463 269.94055175781
65.378395080566 4.3082180023193 269.85885620117
65.818748474121 4.1702117919922 269.79290771484
66.254470825195 4.0263066291809 269.71105957031
66.70922088623 3.9366812705994 269.66061401367
67.157760620117 3.8325319290161 269.5895690918
67.601684570312 3.7228562831879 269.49954223633
68.043472290039 3.6143429279327 269.39813232422
68.489768981934 3.5028719902039 269.3225402832
68.931030273438 3.3718926906586 269.24935913086
58.549354553223 7.1658592224121 270.81430053711
58.868572235107 6.8912239074707 270.93203735352
59.25838470459 6.7152261734009 270.96157836914
59.638206481934 6.450747013092 271.04473876953
59.932621002197 6.1514778137207 271.22723388672
60.344329833984 5.9302186965942 271.29397583008
60.761772155762 5.720808506012 271.36151123047
61.141689300537 5.541024684906 271.40252685547
61.543857574463 5.3634896278381 271.43276977539
61.970100402832 5.1704506874084 271.46835327148
62.40873336792 5.0041222572327 271.51544189453
62.814876556396 4.7798690795898 271.59292602539
63.233428955078 4.5876159667969 271.69769287109
63.672275543213 4.4375371932983 271.78500366211
64.074516296387 4.2389106750488 271.92297363281
64.500732421875 4.07594871521 272.04516601562
64.920417785645 3.9027750492096 272.16775512695
65.322486877441 3.7081911563873 272.31936645508
65.747024536133 3.5530033111572 272.45697021484
66.15860748291 3.3753573894501 272.60385131836
66.553367614746 3.1724812984467 272.76577758789
66.952110290527 2.9722018241882 272.92111206055
67.360023498535 2.7963893413544 273.07983398438
67.791809082031 2.6896319389343 273.23901367188
68.191497802734 2.5291526317596 273.42929077148
