57.019145965576 6.1356287002563 271.63772583008
70.503173828125 1.6096948385239 269.38931274414
72.358283996582 2.9836609363556 267.93682861328
72.415809631348 2.6285784244537 270.76049804688
57.433433532715 5.7797994613647 271.53015136719
57.906558990479 5.5099124908447 271.43151855469
58.401298522949 5.2733459472656 271.33651733398
58.902637481689 5.050838470459 271.24325561523
59.419136047363 4.8632321357727 271.15463256836
59.946636199951 4.707188129425 271.07040405273
60.477306365967 4.5611581802368 270.98764038086
61.00931930542 4.4195957183838 270.90551757812
61.540573120117 4.2754521369934 270.8229675293
62.072643280029 4.1340889930725 270.74087524414
62.602577209473 3.9858109951019 270.65777587891
63.128879547119 3.8257222175598 270.57293701172
63.653945922852 3.6618988513947 270.48754882812
64.177589416504 3.4938771724701 270.4016418457
64.698448181152 3.3181138038635 270.31466674805
65.216117858887 3.1337149143219 270.22640991211
65.743637084961 2.9773502349854 270.14212036133
66.270248413086 2.8182055950165 270.05743408203
66.796684265137 2.6585130691528 269.97268676758
67.323509216309 2.5000085830688 269.88809204102
67.850875854492 2.3432137966156 269.8037109375
68.380241394043 2.1928181648254 269.72030639648
68.910316467285 2.0447008609772 269.63720703125
69.441848754883 1.9020110368729 269.55493164062
69.972511291504 1.7558529376984 269.47213745117
57.558364868164 6.037965297699 271.34661865234
58.14924621582 5.9437036514282 271.18222045898
58.745525360107 5.8536190986633 271.03594970703
59.340808868408 5.7474055290222 270.89663696289
59.930564880371 5.6071400642395 270.76409912109
60.510768890381 5.4483575820923 270.61175537109
61.09241104126 5.291482925415 270.46298217773
61.68238067627 5.1466526985168 270.33642578125
62.274532318115 5.0032825469971 270.21871948242
62.868747711182 4.8614239692688 270.10992431641
63.471355438232 4.7422022819519 270.02215576172
64.073066711426 4.6230254173279 269.92837524414
64.664207458496 4.49067735672 269.79385375977
65.25902557373 4.3607048988342 269.67407226562
65.856956481934 4.2330121994019 269.5680847168
66.453010559082 4.1121201515198 269.44497680664
67.047966003418 3.9968309402466 269.31158447266
67.647598266602 3.8811438083649 269.20153808594
68.247108459473 3.766051530838 269.09017944336
68.842842102051 3.6640677452087 268.94964599609
69.436614990234 3.5600411891937 268.80242919922
70.017333984375 3.444340467453 268.61688232422
70.599166870117 3.332624912262 268.43237304688
71.183563232422 3.2305333614349 268.25039672852
71.775390625 3.1208419799805 268.09951782227
57.587589263916 5.9436302185059 271.74923706055
58.17845916748 5.791187286377 271.75723266602
58.775455474854 5.6656322479248 271.74105834961
59.369655609131 5.5279603004456 271.72094726562
59.955158233643 5.3574690818787 271.69747924805
60.544284820557 5.2096695899963 271.63821411133
61.133930206299 5.0696229934692 271.56655883789
61.723335266113 4.9484915733337 271.46478271484
62.315696716309 4.8131847381592 271.40795898438
62.908100128174 4.6766519546509 271.35458374023
63.495578765869 4.5328435897827 271.27322387695
64.085067749023 4.3932800292969 271.19940185547
64.677505493164 4.2605004310608 271.13760375977
65.269958496094 4.1288533210754 271.07357788086
65.8623046875 4.0039343833923 270.99639892578
66.458290100098 3.8967819213867 270.92056274414
67.053871154785 3.7722110748291 270.87377929688
67.648910522461 3.6418251991272 270.83682250977
68.244773864746 3.5199458599091 270.78662109375
68.8408203125 3.4008796215057 270.73202514648
69.437980651855 3.2837655544281 270.68603515625
70.035697937012 3.1613862514496 270.67230224609
70.632820129395 3.0355176925659 270.67831420898
71.225006103516 2.891193151474 270.70858764648
71.819671630859 2.7567873001099 270.73565673828
