67.471084594727 4.130247592926 267.46661376953
81.030563354492 -2.1266226768494 269.54132080078
82.508499145508 -2.352418422699 268.37835693359
82.667343139648 -0.94653081893921 269.09545898438
67.952583312988 3.835033416748 267.60333251953
68.450172424316 3.5585954189301 267.71984863281
68.965835571289 3.3066256046295 267.81088256836
69.474945068359 3.0452089309692 267.91162109375
69.986518859863 2.7872669696808 268.0087890625
70.494750976562 2.5246305465698 268.11080932617
71.00560760498 2.2656645774841 268.20901489258
71.510841369629 1.9989849328995 268.31530761719
72.025939941406 1.7461540699005 268.40719604492
72.535461425781 1.4853276014328 268.50732421875
73.051086425781 1.2332828044891 268.59838867188
73.571006774902 0.98783183097839 268.68273925781
74.094444274902 0.74799811840057 268.76138305664
74.621650695801 0.51450860500336 268.83361816406
75.147727966309 0.27911001443863 268.90771484375
75.684814453125 0.063932366669178 268.96173095703
76.210708618164 -0.17177784442902 269.03616333008
76.746520996094 -0.38948193192482 269.09268188477
77.282287597656 -0.60727381706238 269.14926147461
77.820381164551 -0.82044154405594 269.20123291016
78.351409912109 -1.047177195549 269.26672363281
78.883209228516 -1.272493481636 269.3307800293
79.434417724609 -1.45490026474 269.35299682617
79.971824645996 -1.6694594621658 269.40637207031
80.510566711426 -1.8812769651413 269.45709228516
68.040550231934 3.865177154541 267.39413452148
68.601379394531 3.5790305137634 267.45544433594
69.169380187988 3.3058216571808 267.50903320312
69.753051757812 3.0629317760468 267.53143310547
70.342269897461 2.8333497047424 267.54791259766
70.91975402832 2.5782313346863 267.58782958984
71.492660522461 2.3127672672272 267.62628173828
72.060371398926 2.0387394428253 267.67910766602
72.625205993652 1.7614043951035 267.74411010742
73.190231323242 1.4864295721054 267.81692504883
73.769081115723 1.2314622402191 267.80871582031
74.33861541748 0.95655912160873 267.82369995117
74.912651062012 0.69092226028442 267.83349609375
75.48217010498 0.41632065176964 267.85366821289
76.052314758301 0.14343218505383 267.87896728516
76.61353302002 -0.14480981230736 267.92489624023
77.183975219727 -0.41555669903755 267.96307373047
77.771102905273 -0.650883436203 267.96621704102
78.354629516602 -0.89505958557129 267.9729309082
78.931480407715 -1.1532818078995 267.99966430664
79.527976989746 -1.3608448505402 268.0341796875
80.11678314209 -1.5784833431244 268.11193847656
80.709892272949 -1.779235124588 268.20181274414
81.311019897461 -1.9670916795731 268.26080322266
81.901786804199 -2.1770095825195 268.34475708008
68.083999633789 4.0270252227783 267.45050048828
68.654174804688 3.7936909198761 267.53851318359
69.243812561035 3.5979130268097 267.57516479492
69.815757751465 3.3600316047668 267.63589477539
70.380645751953 3.109815120697 267.71124267578
70.958847045898 2.8929264545441 267.78890991211
71.544761657715 2.6925776004791 267.85147094727
72.111663818359 2.45827293396 267.95684814453
72.685096740723 2.252420425415 268.08407592773
73.26490020752 2.0493516921997 268.18408203125
73.842361450195 1.8394644260406 268.28344726562
74.419723510742 1.6490935087204 268.41687011719
74.999435424805 1.4819045066833 268.56979370117
75.58324432373 1.3062685728073 268.69512939453
76.177719116211 1.1427203416824 268.78030395508
76.770774841309 0.97951650619507 268.87536621094
77.360595703125 0.78815573453903 268.92913818359
77.948135375977 0.59864008426666 269.00839233398
78.544570922852 0.4259133040905 269.05123901367
79.141143798828 0.25356951355934 269.09375
79.737045288086 0.076385542750359 269.12387084961
80.30982208252 -0.16693718731403 269.13473510742
80.893997192383 -0.37801426649094 269.17474365234
81.475227355957 -0.5997753739357 269.15493774414
82.066688537598 -0.7936315536499 269.15225219727
