64.083068847656 -2.6130702495575 270.46069335938
71.989349365234 2.9234557151794 275.02758789062
76.128036499023 -0.80802172422409 275.3694152832
73.884819030762 3.4682600498199 271.17178344727
64.184844970703 -2.3297865390778 270.75
64.364608764648 -2.058539390564 271.01190185547
64.582527160645 -1.7980482578278 271.25512695312
64.826217651367 -1.5469433069229 271.48333740234
65.100570678711 -1.3098173141479 271.69079589844
65.385688781738 -1.0784039497375 271.88998413086
65.68083190918 -0.85276925563812 272.0810546875
65.98681640625 -0.63393044471741 272.26275634766
66.29801940918 -0.4185938835144 272.43969726562
66.617309570312 -0.20897766947746 272.60894775391
66.943923950195 -0.0049022664315999 272.77084350586
67.270576477051 0.19916304945946 272.93264770508
67.591331481934 0.40768122673035 273.10046386719
67.918533325195 0.61131864786148 273.26171875
68.24666595459 0.81421887874603 273.42199707031
68.57600402832 1.0161243677139 273.5810546875
68.906944274902 1.2167634963989 273.73840332031
69.235374450684 1.4194217920303 273.89837646484
69.570579528809 1.6165124177933 274.05108642578
69.901184082031 1.8174203634262 274.20877075195
70.247016906738 1.9982163906097 274.35766601562
70.591850280762 2.176442861557 274.5110168457
70.942543029785 2.3449263572693 274.66180419922
71.289070129395 2.5324666500092 274.80062866211
71.641548156738 2.7136549949646 274.93255615234
64.443550109863 -2.5045437812805 270.81137084961
64.828399658203 -2.2864882946014 271.0725402832
65.297691345215 -2.1497325897217 271.23892211914
65.770347595215 -1.9983787536621 271.38153076172
66.243751525879 -1.8375197649002 271.51049804688
66.708915710449 -1.6776624917984 271.66744995117
67.162559509277 -1.521751999855 271.85858154297
67.619621276855 -1.3888911008835 272.0588684082
68.078483581543 -1.271898150444 272.26489257812
68.538200378418 -1.1627945899963 272.47332763672
68.99658203125 -1.0564173460007 272.68536376953
69.43627166748 -0.98769479990005 272.94732666016
69.873519897461 -0.92423593997955 273.21463012695
70.319328308105 -0.8517604470253 273.46502685547
70.767784118652 -0.77992761135101 273.71081542969
71.222663879395 -0.71010410785675 273.94509887695
71.684883117676 -0.65027230978012 274.16748046875
72.152214050293 -0.6033171415329 274.38195800781
72.628150939941 -0.60209584236145 274.58224487305
73.117515563965 -0.57915085554123 274.74554443359
73.613334655762 -0.54393011331558 274.8854675293
74.115814208984 -0.5437895655632 275.00457763672
74.619979858398 -0.56998074054718 275.11312866211
75.117309570312 -0.65117132663727 275.22604370117
75.623252868652 -0.72678929567337 275.29669189453
64.387916564941 -2.2829461097717 270.46618652344
64.62767791748 -1.9572669267654 270.66207885742
64.999061584473 -1.7186319828033 270.75592041016
65.386421203613 -1.5010849237442 270.83560180664
65.776008605957 -1.2861423492432 270.9114074707
66.16764831543 -1.0737864971161 270.98385620117
66.560928344727 -0.86597329378128 271.06048583984
66.95630645752 -0.66149914264679 271.13516235352
67.355270385742 -0.45840728282928 271.19268798828
67.753929138184 -0.25466272234917 271.24981689453
68.143173217773 -0.0308548938483 271.29592895508
68.528594970703 0.20035502314568 271.33709716797
68.911895751953 0.4383807182312 271.3489074707
69.291198730469 0.68296533823013 271.34457397461
69.658874511719 0.94467282295227 271.35137939453
70.020462036133 1.213947057724 271.373046875
70.380157470703 1.4847476482391 271.40484619141
70.737327575684 1.7571181058884 271.44903564453
71.106109619141 2.0171048641205 271.45993041992
71.481651306152 2.2671446800232 271.44689941406
71.860656738281 2.5094954967499 271.41033935547
72.255989074707 2.7220120429993 271.36270141602
72.66438293457 2.9076991081238 271.31323242188
73.051948547363 3.126567363739 271.23846435547
73.469444274902 3.2947597503662 271.20477294922
