61.013671875 -3.5958688259125 271.08901977539
69.270111083984 1.1090853214264 272.91287231445
70.414619445801 -0.66293436288834 276.20913696289
72.049362182617 -1.5495938062668 271.51742553711
61.07954788208 -3.2170472145081 271.09030151367
61.27229309082 -2.8849358558655 271.12423706055
61.505989074707 -2.5816340446472 271.16925048828
61.76770401001 -2.3034689426422 271.22201538086
62.05103302002 -2.04869389534 271.28094482422
62.353912353516 -1.819002866745 271.34567260742
62.668956756592 -1.6074078083038 271.41400146484
62.988849639893 -1.4037536382675 271.48382568359
63.317302703857 -1.2151812314987 271.5563659668
63.646961212158 -1.0288956165314 271.62924194336
63.983470916748 -0.85619980096817 271.70428466797
64.31632232666 -0.67608225345612 271.77819824219
64.657119750977 -0.51268649101257 271.85467529297
65.003875732422 -0.3633579313755 271.93313598633
65.351898193359 -0.21724642813206 272.01208496094
65.704650878906 -0.083923354744911 272.09265136719
66.060752868652 0.03938989341259 272.17437744141
66.419120788574 0.15535631775856 272.25698852539
66.776954650879 0.27308928966522 272.33941650391
67.135101318359 0.38963395357132 272.421875
67.470718383789 0.56416952610016 272.49667358398
67.82209777832 0.70131754875183 272.57678222656
68.18399810791 0.80464738607407 272.66070556641
68.540298461914 0.92731332778931 272.74255371094
68.90397644043 1.02365899086 272.8271484375
61.288112640381 -3.2981240749359 271.24291992188
61.643493652344 -3.1974124908447 271.44366455078
62.01615524292 -3.134765625 271.65328979492
62.36873626709 -2.9604043960571 271.83474731445
62.722099304199 -2.7896139621735 272.01809692383
63.081363677979 -2.618287563324 272.18853759766
63.445888519287 -2.4464831352234 272.34744262695
63.810409545898 -2.2746789455414 272.50637817383
64.183891296387 -2.1221902370453 272.66339111328
64.562759399414 -1.98199903965 272.81936645508
64.962837219238 -1.9290127754211 272.97680664062
65.362915039062 -1.876026391983 273.13424682617
65.753257751465 -1.7932387590408 273.30081176758
66.134674072266 -1.6993044614792 273.48248291016
66.509834289551 -1.6230590343475 273.68521118164
66.899948120117 -1.556267619133 273.85803222656
67.251358032227 -1.4360957145691 274.08102416992
67.61222076416 -1.3443747758865 274.30178833008
67.987327575684 -1.2797095775604 274.50756835938
68.352523803711 -1.2151012420654 274.72796630859
68.691429138184 -1.1327304840088 274.98489379883
69.031364440918 -1.0434275865555 275.23803710938
69.372009277344 -0.9494434595108 275.48861694336
69.717651367188 -0.85780930519104 275.73306274414
70.065582275391 -0.76634573936462 275.9743347168
61.418018341064 -3.5121455192566 270.9621887207
61.754489898682 -3.2403390407562 270.91946411133
62.177616119385 -3.1251459121704 270.90991210938
62.596138000488 -2.9965116977692 270.93365478516
63.001163482666 -2.8282344341278 270.93905639648
63.415222167969 -2.6873507499695 270.97402954102
63.833827972412 -2.5643315315247 271.02081298828
64.254135131836 -2.4508924484253 271.07534790039
64.678398132324 -2.3615188598633 271.14291381836
65.104530334473 -2.2819883823395 271.21102905273
65.531860351562 -2.1985809803009 271.26559448242
65.960273742676 -2.1116902828217 271.30395507812
66.39079284668 -2.03280377388 271.33477783203
66.823623657227 -1.9609515666962 271.34091186523
67.258979797363 -1.9100452661514 271.35809326172
67.693855285645 -1.8957879543304 271.41403198242
68.130722045898 -1.855853676796 271.42340087891
68.565948486328 -1.8007559776306 271.41351318359
69.002006530762 -1.7516593933105 271.41339111328
69.438827514648 -1.7107238769531 271.42199707031
69.875968933105 -1.6723817586899 271.4221496582
70.31322479248 -1.6375252008438 271.43179321289
70.74169921875 -1.545925617218 271.40863037109
71.176422119141 -1.4980621337891 271.44381713867
71.61296081543 -1.5184365510941 271.48361206055
