58.739719390869 -28.051654815674 340.2219543457
53.028381347656 -2.3917908668518 338.87164306641
42.17720413208 -9.7997779846191 328.25897216797
38.206996917725 -8.9854135513306 344.52960205078
59.76448059082 -27.529523849487 340.41970825195
60.446613311768 -26.584991455078 340.54620361328
61.072540283203 -25.600971221924 340.66119384766
61.618698120117 -24.568964004517 340.7600402832
62.05899810791 -23.48574256897 340.83755493164
62.404251098633 -22.367511749268 340.89602661133
62.631633758545 -21.218446731567 340.9309387207
62.764335632324 -20.054231643677 340.9469909668
62.801582336426 -18.882955551147 340.94415283203
62.744506835938 -17.71266746521 340.92272949219
62.592716217041 -16.551330566406 340.88272094727
62.35523223877 -15.405267715454 340.82583618164
62.006549835205 -14.289149284363 340.7473449707
61.592426300049 -13.196608543396 340.65612792969
61.113964080811 -12.132140159607 340.55239868164
60.507225036621 -11.137807846069 340.42401123047
59.819278717041 -10.19998550415 340.28005981445
59.083755493164 -9.3004703521729 340.12701416016
58.385669708252 -8.3712120056152 339.98110961914
57.528541564941 -7.5914778709412 339.80517578125
56.692741394043 -6.7921981811523 339.63327026367
56.214012145996 -5.7274613380432 339.52947998047
55.499252319336 -4.811023235321 339.38043212891
54.751514434814 -3.9219970703125 339.22506713867
53.812164306641 -3.2479467391968 339.03381347656
59.130229949951 -27.238201141357 339.49642944336
59.376892089844 -26.143510818481 339.19641113281
59.775897979736 -25.101690292358 338.89205932617
59.717468261719 -24.007579803467 338.5139465332
59.383232116699 -22.960012435913 338.13958740234
58.928199768066 -21.951763153076 337.78579711914
58.346012115479 -20.997930526733 337.46774291992
57.700866699219 -20.102823257446 337.10412597656
56.979995727539 -19.285032272339 336.70318603516
56.15994644165 -18.559459686279 336.31384277344
55.342964172363 -17.837471008301 335.9128112793
54.546661376953 -17.050252914429 335.60473632812
53.806690216064 -16.29341506958 335.12637329102
53.091907501221 -15.606961250305 334.51971435547
52.308296203613 -14.949021339417 333.97082519531
51.381885528564 -14.448385238647 333.48016357422
50.428810119629 -14.069781303406 332.93374633789
49.483730316162 -13.750207901001 332.33776855469
48.514526367188 -13.43842124939 331.77780151367
47.548141479492 -13.029921531677 331.27920532227
46.688259124756 -12.563753128052 330.65182495117
45.811519622803 -12.041947364807 330.09567260742
44.902931213379 -11.481401443481 329.63653564453
43.994354248047 -10.920860290527 329.17733764648
43.085781097412 -10.360319137573 328.71817016602
58.895915985107 -27.07958984375 340.90008544922
59.323322296143 -26.025274276733 341.26150512695
59.278835296631 -24.874988555908 341.58737182617
58.980438232422 -23.753040313721 341.88024902344
58.56636428833 -22.668333053589 342.16729736328
57.980564117432 -21.62557220459 342.21640014648
57.254821777344 -20.673048019409 342.20416259766
56.496116638184 -19.747667312622 342.18347167969
55.596725463867 -18.961086273193 342.26449584961
54.680156707764 -18.196187973022 342.35958862305
53.764110565186 -17.430973052979 342.45648193359
52.865882873535 -16.655040740967 342.61566162109
51.968994140625 -15.879911422729 342.78472900391
50.989551544189 -15.208569526672 342.93887329102
49.940097808838 -14.64861869812 343.07690429688
48.844772338867 -14.188611984253 343.22644042969
47.704368591309 -13.861037254333 343.388671875
46.579654693604 -13.479516029358 343.54232788086
45.473163604736 -13.044981002808 343.68740844727
44.383666992188 -12.57479095459 343.84881591797
43.316989898682 -12.04577255249 343.97720336914
42.28133392334 -11.453755378723 344.08203125
41.304271697998 -10.781374931335 344.24758911133
40.282665252686 -10.171875 344.3854675293
39.244831085205 -9.5786437988281 344.45755004883
