68.533950805664 -3.736762046814 264.00726318359
77.542793273926 -7.9148025512695 271.03604125977
79.440589904785 -7.0878348350525 267.71408081055
78.024635314941 -4.0936274528503 271.68572998047
68.502151489258 -4.1340136528015 264.28652954102
68.604278564453 -4.494234085083 264.59710693359
68.811073303223 -4.8005218505859 264.91372680664
69.071380615234 -5.0683794021606 265.22540283203
69.391876220703 -5.2816348075867 265.5231628418
69.72078704834 -5.4859504699707 265.81799316406
70.076194763184 -5.6593818664551 266.10165405273
70.439476013184 -5.8227143287659 266.38128662109
70.799873352051 -5.9898366928101 266.66244506836
71.169303894043 -6.1449427604675 266.93872070312
71.549499511719 -6.2847838401794 267.20843505859
71.932746887207 -6.4201316833496 267.47613525391
72.317794799805 -6.5526971817017 267.74261474609
72.709579467773 -6.6748156547546 268.00427246094
73.104499816895 -6.7917342185974 268.26354980469
73.502716064453 -6.9031853675842 268.52017211914
73.900321960449 -7.0156445503235 268.77731323242
74.301422119141 -7.1221103668213 269.03155517578
74.706802368164 -7.2209939956665 269.28207397461
75.110282897949 -7.3233137130737 269.53424072266
75.518180847168 -7.4175701141357 269.78244018555
75.924415588379 -7.5148763656616 270.03216552734
76.338577270508 -7.5970516204834 270.27416992188
76.740287780762 -7.7024831771851 270.52789306641
77.139060974121 -7.8129835128784 270.78405761719
68.787033081055 -4.1136164665222 264.03408813477
69.060455322266 -4.4334111213684 264.23663330078
69.434562683105 -4.6620926856995 264.40408325195
69.846008300781 -4.8391013145447 264.55334472656
70.244972229004 -5.0147457122803 264.7366027832
70.650283813477 -5.1787443161011 264.91638183594
71.063438415527 -5.3257546424866 265.09329223633
71.478546142578 -5.4559874534607 265.27774047852
71.899993896484 -5.5594787597656 265.46508789062
72.32633972168 -5.6689677238464 265.63723754883
72.745491027832 -5.7729749679565 265.82669067383
73.182243347168 -5.8284068107605 265.99676513672
73.624313354492 -5.9254751205444 266.1337890625
74.065612792969 -6.0206217765808 266.27444458008
74.502555847168 -6.1260285377502 266.42138671875
74.939308166504 -6.2333688735962 266.5673828125
75.380546569824 -6.3308811187744 266.7067565918
75.821846008301 -6.4235272407532 266.84909057617
76.268577575684 -6.5056929588318 266.98059082031
76.719055175781 -6.582407951355 267.10220336914
77.166313171387 -6.6710338592529 267.22760009766
77.615684509277 -6.7598357200623 267.34497070312
78.070281982422 -6.8404855728149 267.44729614258
78.52360534668 -6.922577381134 267.55392456055
78.978988647461 -7.0135312080383 267.64315795898
68.73934173584 -3.7882695198059 264.41702270508
68.926231384277 -3.9768249988556 264.7731628418
69.287475585938 -3.9608836174011 265.07855224609
69.599731445312 -4.0519948005676 265.43228149414
69.93034362793 -4.1368088722229 265.76913452148
70.286781311035 -4.1960692405701 266.08599853516
70.648292541504 -4.2563862800598 266.39617919922
71.029624938965 -4.3082265853882 266.68408203125
71.40909576416 -4.3610515594482 266.97418212891
71.785079956055 -4.4102578163147 267.26940917969
72.164360046387 -4.444685459137 267.5625
72.545867919922 -4.470043182373 267.85366821289
72.92618560791 -4.5011086463928 268.14584350586
73.30973815918 -4.5259594917297 268.43392944336
73.704147338867 -4.5262212753296 268.70846557617
74.089553833008 -4.53435754776 268.99542236328
74.468536376953 -4.5413947105408 269.29089355469
74.848266601562 -4.5366926193237 269.58486938477
75.246391296387 -4.5001001358032 269.85153198242
75.635917663574 -4.4655303955078 270.13092041016
76.026245117188 -4.4234590530396 270.40808105469
76.421813964844 -4.3695459365845 270.67565917969
76.812324523926 -4.3171906471252 270.95086669922
77.200408935547 -4.2623200416565 271.22897338867
77.595314025879 -4.192271232605 271.49356079102
