54.984916687012 6.0352749824524 270.31439208984
67.113647460938 -2.3479971885681 270.03573608398
73.871520996094 1.4528775215149 267.88720703125
70.833953857422 -0.65185177326202 275.47341918945
54.9430809021 5.4811501502991 270.11444091797
55.157295227051 4.9437212944031 269.97534179688
55.462142944336 4.443163394928 269.86846923828
55.810768127441 3.9684164524078 269.77993774414
56.206428527832 3.5279338359833 269.71325683594
56.62735748291 3.1096339225769 269.65969848633
57.072071075439 2.7150771617889 269.61944580078
57.534049987793 2.3399887084961 269.58963012695
58.01774597168 1.9922910928726 269.57391357422
58.510234832764 1.6569201946259 269.56436157227
58.998302459717 1.3153537511826 269.55166625977
59.504795074463 1.0014661550522 269.5524597168
60.025238037109 0.71144986152649 269.56454467773
60.546440124512 0.42288756370544 269.57730102539
61.078689575195 0.15584819018841 269.59982299805
61.616584777832 -0.099113941192627 269.62771606445
62.155666351318 -0.35137513279915 269.65682983398
62.704391479492 -0.58045166730881 269.69595336914
63.24747467041 -0.82350492477417 269.72906494141
63.7958984375 -1.0533218383789 269.76788330078
64.353652954102 -1.2571165561676 269.81768798828
64.902450561523 -1.4859172105789 269.85696411133
65.467422485352 -1.6657441854477 269.91659545898
66.018821716309 -1.887766957283 269.9587097168
66.57698059082 -2.0903337001801 270.00903320312
55.371509552002 5.7432518005371 269.80184936523
55.929096221924 5.2558608055115 269.58685302734
56.666385650635 5.0478091239929 269.5432434082
57.411251068115 4.8515315055847 269.50686645508
58.162384033203 4.6806931495667 269.4853515625
58.91919708252 4.5329074859619 269.47732543945
59.667530059814 4.3488421440125 269.4704284668
60.411334991455 4.1454086303711 269.46417236328
61.155143737793 3.9419748783112 269.45788574219
61.898948669434 3.7385413646698 269.45162963867
62.64266204834 3.5392348766327 269.42468261719
63.38614654541 3.350248336792 269.34600830078
64.12963104248 3.1612615585327 269.26733398438
64.872817993164 2.9725522994995 269.1865234375
65.603942871094 2.7953255176544 269.01705932617
66.335067749023 2.6180987358093 268.84756469727
67.066184997559 2.4408719539642 268.67810058594
67.81958770752 2.3052949905396 268.58743286133
68.574211120605 2.1720113754272 268.50112915039
69.328834533691 2.0387277603149 268.41482543945
70.083457946777 1.9054442644119 268.32852172852
70.843055725098 1.8035010099411 268.24697875977
71.605751037598 1.721024274826 268.16845703125
72.368446350098 1.6385474205017 268.08990478516
73.131134033203 1.5560705661774 268.01135253906
55.420055389404 5.529932975769 270.53985595703
55.962116241455 5.1780471801758 270.615234375
56.638446807861 5.0188612937927 270.50216674805
57.247890472412 4.7738161087036 270.64138793945
57.817726135254 4.4779267311096 270.9299621582
58.415115356445 4.2053737640381 271.17126464844
59.06046295166 3.9734275341034 271.33029174805
59.705806732178 3.7414813041687 271.48928833008
60.320526123047 3.4486081600189 271.66299438477
60.924415588379 3.1342039108276 271.84191894531
61.528308868408 2.8197999000549 272.02084350586
62.132202148438 2.5053956508636 272.19976806641
62.752517700195 2.2342102527618 272.39151000977
63.376121520996 1.9716832637787 272.58578491211
63.999736785889 1.709410071373 272.78033447266
64.624839782715 1.4952298402786 273.02307128906
65.249954223633 1.2810496091843 273.26577758789
65.875061035156 1.0668693780899 273.5085144043
66.50057220459 0.85068690776825 273.74841308594
67.126281738281 0.63351881504059 273.98687744141
67.751998901367 0.4163506925106 274.22537231445
68.377708435059 0.19918258488178 274.46383666992
69.002075195312 -0.011286521330476 274.71139526367
69.624900817871 -0.21413089334965 274.96923828125
70.24772644043 -0.41697528958321 275.22711181641
