54.990898132324 3.6492910385132 270.39883422852
70.346603393555 -5.8469929695129 271.11001586914
72.454605102539 -0.65078091621399 266.39129638672
73.247978210449 -0.1065436527133 276.45709228516
54.889499664307 2.9208354949951 270.39642333984
55.081275939941 2.2099664211273 270.40698242188
55.415134429932 1.5536571741104 270.42376708984
55.843963623047 0.95513534545898 270.44458007812
56.3489112854 0.41927129030228 270.46859741211
56.892539978027 -0.077226929366589 270.49420166016
57.471611022949 -0.53186750411987 270.52133178711
58.067657470703 -0.96384531259537 270.54913330078
58.697700500488 -1.3445833921432 270.57824707031
59.339347839355 -1.705369591713 270.60781860352
59.997589111328 -2.0348687171936 270.63815307617
60.660732269287 -2.3543672561646 270.66857910156
61.332035064697 -2.6563251018524 270.69931030273
62.008712768555 -2.9460084438324 270.73031616211
62.691886901855 -3.2199921607971 270.76156616211
63.377872467041 -3.4868490695953 270.79290771484
64.068519592285 -3.7413847446442 270.82434082031
64.762329101562 -3.9871578216553 270.85595703125
65.455131530762 -4.2357492446899 270.88754272461
66.151733398438 -4.4734482765198 270.9192199707
66.83723449707 -4.7415580749512 270.95050048828
67.53719329834 -4.9691925048828 270.98233032227
68.23592376709 -5.2005624771118 271.01412963867
68.937431335449 -5.4233593940735 271.04602050781
69.64803314209 -5.6151332855225 271.07824707031
55.485176086426 3.214617729187 270.17459106445
55.891353607178 2.6088049411774 270.08627319336
56.463150024414 2.2010953426361 269.98129272461
57.122985839844 1.8987011909485 269.8674621582
57.802410125732 1.6500650644302 269.77423095703
58.522403717041 1.512785077095 269.72375488281
59.242401123047 1.3755050897598 269.67324829102
59.962394714355 1.2382251024246 269.6227722168
60.681240081787 1.1075292825699 269.55404663086
61.396255493164 0.99871307611465 269.42483520508
62.111270904541 0.88989686965942 269.2956237793
62.794250488281 0.72283238172531 269.09399414062
63.461433410645 0.5270437002182 268.85665893555
64.128616333008 0.33125501871109 268.61932373047
64.795799255371 0.13546632230282 268.38198852539
65.481925964355 -0.033746510744095 268.18392944336
66.176445007324 -0.19118764996529 268.00326538086
66.870964050293 -0.34862878918648 267.82257080078
67.569793701172 -0.48630520701408 267.64462280273
68.276977539062 -0.58564847707748 267.47198486328
68.984161376953 -0.68499171733856 267.29931640625
69.691345214844 -0.78433495759964 267.12664794922
70.396423339844 -0.83387333154678 266.94439697266
71.095809936523 -0.74858313798904 266.73614501953
71.795188903809 -0.66329288482666 266.52786254883
55.459411621094 3.1608145236969 270.79016113281
55.83927154541 2.4734506607056 270.92501831055
56.470264434814 2.1687242984772 271.11218261719
57.196006774902 1.866105556488 271.24130249023
57.921745300293 1.5634868144989 271.37042236328
58.659366607666 1.3124890327454 271.52182006836
59.414752960205 1.1386748552322 271.70657348633
60.170139312744 0.96486061811447 271.89129638672
60.925521850586 0.79104644060135 272.07604980469
61.686405181885 0.76883482933044 272.30947875977
62.441619873047 0.68226033449173 272.53924560547
63.191787719727 0.53528636693954 272.76419067383
63.941951751709 0.38831239938736 272.98913574219
64.692115783691 0.24133844673634 273.21408081055
65.442283630371 0.094364479184151 273.43902587891
66.154037475586 -0.084817916154861 273.73345947266
66.81583404541 -0.3058956861496 274.11828613281
67.477630615234 -0.52697342634201 274.50314331055
68.176284790039 -0.6528046131134 274.8291015625
68.940551757812 -0.60913997888565 275.05032348633
69.704811096191 -0.5654753446579 275.27157592773
70.457511901855 -0.48264327645302 275.51715087891
71.203971862793 -0.37868222594261 275.77587890625
71.95043182373 -0.27472114562988 276.03457641602
72.696899414062 -0.17076006531715 276.29330444336
