76.22575378418 25.914136886597 342.29144287109
38.616058349609 18.370960235596 344.7741394043
40.708770751953 21.666166305542 348.39141845703
37.863063812256 22.790306091309 343.44763183594
75.18187713623 24.877555847168 342.08285522461
73.800704956055 24.307760238647 342.07580566406
72.371452331543 23.873670578003 342.12069702148
70.920967102051 23.521924972534 342.1960144043
69.45613861084 23.243701934814 342.29794311523
67.986930847168 22.994213104248 342.41009521484
66.511009216309 22.799461364746 342.54150390625
65.036140441895 22.594589233398 342.66934204102
63.560321807861 22.398777008057 342.80038452148
62.084003448486 22.208183288574 342.93325805664
60.605770111084 22.038745880127 343.07348632812
59.129611968994 21.846467971802 343.20568847656
57.649917602539 21.696641921997 343.35269165039
56.171031951904 21.535493850708 343.49575805664
54.69217300415 21.373970031738 343.638671875
53.211860656738 21.234375 343.78915405273
51.737445831299 21.025461196899 343.91561889648
50.260860443115 20.837488174438 344.04934692383
48.790924072266 20.592796325684 344.16320800781
47.321483612061 20.344579696655 344.27581787109
45.851463317871 20.100503921509 344.38989257812
44.383605957031 19.841438293457 344.49865722656
42.915916442871 19.58123588562 344.60699462891
41.448894500732 19.317268371582 344.71398925781
40.017883300781 18.88890838623 344.76104736328
75.025596618652 25.438285827637 342.84375
73.730461120605 25.035049438477 343.20678710938
72.36865234375 24.776229858398 343.43399047852
70.993667602539 24.564231872559 343.62777709961
69.606758117676 24.417240142822 343.79312133789
68.214721679688 24.426164627075 343.97695922852
66.840866088867 24.189985275269 344.14996337891
65.461944580078 23.98970413208 344.32562255859
64.07006072998 23.949001312256 344.50964355469
62.684547424316 23.798986434937 344.68594360352
61.298385620117 23.641807556152 344.85043334961
59.908996582031 23.487703323364 344.9885559082
58.518402099609 23.34161567688 345.12319946289
57.12716293335 23.200017929077 345.25598144531
55.735816955566 23.060119628906 345.38879394531
54.338195800781 23.023313522339 345.52493286133
52.940490722656 22.99408531189 345.6604309082
51.557621002197 22.796560287476 345.80786132812
50.183223724365 22.64003944397 346.05227661133
48.810123443604 22.450839996338 346.28033447266
47.441158294678 22.215230941772 346.48886108398
46.070350646973 22.103313446045 346.77435302734
44.715091705322 22.0344581604 347.13729858398
43.379657745361 21.911693572998 347.55535888672
42.044212341309 21.788930892944 347.97338867188
74.869049072266 25.963222503662 341.68295288086
73.388404846191 25.83876991272 341.5283203125
71.90397644043 25.666404724121 341.5735168457
70.429832458496 25.427989959717 341.60726928711
68.953887939453 25.323337554932 341.82034301758
67.475219726562 25.137451171875 341.94003295898
65.999786376953 24.903987884521 342.00064086914
64.520751953125 24.751323699951 342.14822387695
63.05154800415 24.750843048096 342.42498779297
61.573482513428 24.661834716797 342.62942504883
60.096405029297 24.455707550049 342.7375793457
58.619537353516 24.261632919312 342.86196899414
57.144912719727 24.17845916748 343.09295654297
55.674270629883 23.969381332397 343.26452636719
54.201595306396 23.784902572632 343.44250488281
52.722541809082 23.763168334961 343.66058349609
51.240913391113 23.664482116699 343.83572387695
49.759593963623 23.499572753906 343.95489501953
48.270503997803 23.371202468872 344.00045776367
46.781017303467 23.247760772705 344.04336547852
45.286052703857 23.216459274292 344.03631591797
43.791366577148 23.176292419434 344.02462768555
42.30103302002 23.064657211304 343.97561645508
40.810848236084 22.95329284668 343.92492675781
39.33683013916 22.871662139893 343.68710327148
