68.851547241211 -4.3340883255005 337.84735107422
4.5141820907593 -3.3618688583374 336.96545410156
4.2538356781006 -7.4080963134766 334.18200683594
4.886598110199 -6.5437994003296 340.75317382812
66.395988464355 -3.9828219413757 337.76510620117
63.926082611084 -3.8017389774323 337.70901489258
61.444858551025 -3.7580924034119 337.67401123047
58.963520050049 -3.8076832294464 337.65347290039
56.482761383057 -3.8779401779175 337.63613891602
54.0026512146 -3.9717040061951 337.62246704102
51.523536682129 -4.089056968689 337.61242675781
49.045204162598 -4.2213311195374 337.60473632812
46.567726135254 -4.3696246147156 337.59951782227
44.089389801025 -4.5025572776794 337.59188842773
41.610317230225 -4.6196446418762 337.58178710938
39.130302429199 -4.7159609794617 337.56851196289
36.648933410645 -4.7602286338806 337.5471496582
34.167385101318 -4.7963833808899 337.52453613281
31.685789108276 -4.8289513587952 337.50137329102
29.205053329468 -4.9021587371826 337.48449707031
26.724016189575 -4.9575567245483 337.46487426758
24.242286682129 -4.9742336273193 337.43923950195
21.762479782104 -4.8812203407288 337.4352722168
19.2838306427 -4.7806577682495 337.37707519531
16.806661605835 -4.6349754333496 337.34344482422
14.330912590027 -4.4689011573792 337.28866577148
11.853754997253 -4.3308629989624 337.22387695312
9.3760395050049 -4.203929901123 337.15512084961
6.9040484428406 -3.9918670654297 337.10723876953
66.394569396973 -4.4840359687805 337.45220947266
63.906848907471 -4.6344022750854 337.33120727539
61.417179107666 -4.784487247467 337.26708984375
58.927101135254 -4.9345235824585 337.21350097656
56.437606811523 -5.0846862792969 337.13671875
53.951595306396 -5.2851266860962 337.08215332031
51.468578338623 -5.5288486480713 337.04675292969
48.981800079346 -5.7010865211487 336.94906616211
46.496589660645 -5.8930459022522 336.86993408203
44.016578674316 -6.1628150939941 336.86456298828
41.52502822876 -6.212245464325 336.73904418945
39.034141540527 -6.2796087265015 336.6174621582
36.547557830811 -6.4630942344666 336.5212097168
34.057552337646 -6.6018543243408 336.44650268555
31.566091537476 -6.7216243743896 336.38095092773
29.077852249146 -6.7352747917175 336.20086669922
26.589328765869 -6.7426834106445 336.01898193359
24.099720001221 -6.7555313110352 335.85256958008
21.609956741333 -6.7918930053711 335.69454956055
19.119997024536 -6.8589882850647 335.54748535156
16.630899429321 -6.9512968063354 335.41595458984
14.146312713623 -7.1756143569946 335.36563110352
11.664294242859 -7.3059477806091 335.21371459961
9.1863594055176 -7.3197965621948 334.92242431641
6.7141094207764 -7.4099154472351 334.59701538086
66.429344177246 -4.5295481681824 338.21337890625
63.966655731201 -4.6566424369812 338.29254150391
61.503971099854 -4.7837362289429 338.37173461914
59.044467926025 -4.9758310317993 338.36947631836
56.584014892578 -5.0562896728516 338.48678588867
54.123924255371 -5.1153907775879 338.64495849609
51.669136047363 -5.3512187004089 338.71765136719
49.210754394531 -5.5316805839539 338.82263183594
46.748527526855 -5.6356158256531 338.93206787109
44.284740447998 -5.7276043891907 339.01644897461
41.820430755615 -5.840530872345 339.05715942383
39.361469268799 -6.0336198806763 339.09371948242
36.902538299561 -6.2261667251587 339.1496887207
34.440101623535 -6.357358455658 339.20620727539
31.974237442017 -6.4145684242249 339.25924682617
29.508974075317 -6.4526929855347 339.35015869141
27.043914794922 -6.4887838363647 339.44714355469
24.578952789307 -6.5238938331604 339.54699707031
22.11470413208 -6.5001349449158 339.65829467773
19.650064468384 -6.4650826454163 339.76400756836
17.184764862061 -6.4456357955933 339.85977172852
14.720975875854 -6.473283290863 339.98388671875
12.257595062256 -6.5136470794678 340.11566162109
9.7947854995728 -6.5264339447021 340.26223754883
7.3367047309875 -6.5349588394165 340.46310424805
