51.641899108887 10.71706199646 269.66201782227
58.813793182373 -0.50153625011444 269.38101196289
63.979755401611 -0.7537647485733 266.75616455078
61.518894195557 -0.9457271695137 273.3239440918
51.585983276367 10.206398010254 269.56759643555
51.636547088623 9.6920366287231 269.49533081055
51.802154541016 9.1986360549927 269.45095825195
52.003143310547 8.7177581787109 269.41622924805
52.237033843994 8.2513456344604 269.39080810547
52.487293243408 7.793276309967 269.37020874023
52.757694244385 7.3465442657471 269.35580444336
53.034469604492 6.9036750793457 269.34332275391
53.318294525146 6.4652304649353 269.33312988281
53.609001159668 6.0312747955322 269.32507324219
53.908809661865 5.603515625 269.32000732422
54.222454071045 5.1857562065125 269.31948852539
54.536472320557 4.7682814598083 269.31909179688
54.860340118408 4.3584108352661 269.32202148438
55.178699493408 3.944244146347 269.32312011719
55.512554168701 3.5425028800964 269.32946777344
55.848712921143 3.1427011489868 269.3366394043
56.183391571045 2.7416522502899 269.34332275391
56.508575439453 2.3328261375427 269.3466796875
56.828880310059 1.9201560020447 269.34841918945
57.157638549805 1.5142202377319 269.35305786133
57.461921691895 1.0896081924438 269.34942626953
57.814785003662 0.70464169979095 269.3625793457
58.157997131348 0.31094801425934 269.37225341797
58.47244644165 -0.10620386898518 269.37200927734
52.007678985596 10.244178771973 269.38116455078
52.318553924561 9.688720703125 269.20553588867
52.740745544434 9.1913223266602 269.09860229492
53.21598815918 8.7401561737061 269.0087890625
53.691131591797 8.28879737854 268.91946411133
54.164512634277 7.8340787887573 268.83828735352
54.633884429932 7.3724522590637 268.77453613281
55.103256225586 6.9108219146729 268.71084594727
55.573131561279 6.4498062133789 268.64654541016
56.053577423096 6.0018873214722 268.56967163086
56.554973602295 5.5830726623535 268.46636962891
57.056369781494 5.164258480072 268.36309814453
57.557579040527 4.7451996803284 268.25988769531
58.054172515869 4.3199653625488 268.15969848633
58.550216674805 3.8940379619598 268.05972290039
59.041633605957 3.4631452560425 267.95816040039
59.532234191895 3.0335259437561 267.84774780273
60.020553588867 2.6084713935852 267.71231079102
60.508651733398 2.1832835674286 267.57650756836
60.989711761475 1.7540771961212 267.42874145508
61.470760345459 1.3248592615128 267.2809753418
61.951007843018 0.89481550455093 267.13299560547
62.43090057373 0.46429631114006 266.98541259766
62.940250396729 0.049277234822512 266.90927124023
63.450302124023 -0.36450937390327 266.83120727539
51.821601867676 10.170857429504 269.85369873047
52.166820526123 9.6751203536987 269.91802978516
52.54288482666 9.2139129638672 270.04119873047
52.927043914795 8.754786491394 270.14581298828
53.310764312744 8.2950820922852 270.24948120117
53.685894012451 7.8287978172302 270.3551940918
54.069923400879 7.36811876297 270.45321655273
54.465534210205 6.915313243866 270.54141235352
54.861869812012 6.4660549163818 270.64337158203
55.258903503418 6.022442817688 270.76538085938
55.65648651123 5.5798444747925 270.88925170898
56.060253143311 5.1493411064148 271.03402709961
56.472942352295 4.7308049201965 271.18838500977
56.895736694336 4.3236622810364 271.34585571289
57.328765869141 3.9196376800537 271.48196411133
57.725944519043 3.4875423908234 271.63961791992
58.099296569824 3.0395107269287 271.81045532227
58.450786590576 2.580664396286 271.99816894531
58.802719116211 2.1221222877502 272.18569946289
59.195255279541 1.6925495862961 272.36093139648
59.587978363037 1.2630934715271 272.53604125977
59.986915588379 0.83503943681717 272.70016479492
60.381427764893 0.40074914693832 272.85852050781
60.758190155029 -0.051151249557734 273.01071166992
61.144367218018 -0.49435630440712 273.16482543945
