67.121315002441 -1.9043979644775 269.22546386719
79.064781188965 -3.3148620128632 272.10070800781
83.780090332031 0.85777986049652 268.77117919922
82.493545532227 0.65185296535492 279.19787597656
67.263961791992 -2.3688631057739 269.15063476562
67.639572143555 -2.6962678432465 269.17202758789
68.057540893555 -2.9644432067871 269.21926879883
68.505920410156 -3.1709408760071 269.28979492188
68.977951049805 -3.3024966716766 269.38494873047
69.454788208008 -3.4086859226227 269.48751831055
69.934783935547 -3.4917931556702 269.59664916992
70.414176940918 -3.5665061473846 269.70770263672
70.896156311035 -3.5664653778076 269.83758544922
71.379058837891 -3.5909752845764 269.96176147461
71.861694335938 -3.6036219596863 270.08874511719
72.344192504883 -3.6129438877106 270.21655273438
72.826629638672 -3.621533870697 270.34448242188
73.307357788086 -3.6050703525543 270.47808837891
73.788589477539 -3.5942234992981 270.61044311523
74.268920898438 -3.5737431049347 270.74490356445
74.750610351562 -3.5690493583679 270.87588500977
75.231079101562 -3.5497858524323 271.01007080078
75.71117401123 -3.5271081924438 271.14501953125
76.1904296875 -3.4970381259918 271.2815246582
76.669662475586 -3.4668262004852 271.41806030273
77.147880554199 -3.4288830757141 271.55621337891
77.626518249512 -3.3940410614014 271.69375610352
78.107437133789 -3.3796694278717 271.82690429688
78.588272094727 -3.3641526699066 271.9602355957
67.654930114746 -2.2582170963287 269.14633178711
68.315254211426 -2.3145949840546 269.21026611328
68.976142883301 -2.3726465702057 269.14270019531
69.636901855469 -2.3971316814423 269.07659912109
70.297294616699 -2.328275680542 269.01455688477
70.956687927246 -2.2534844875336 268.95385742188
71.59952545166 -2.0804169178009 268.91497802734
72.242362976074 -1.9073491096497 268.87609863281
72.887710571289 -1.7508474588394 268.81533813477
73.533821105957 -1.5994049310684 268.75216674805
74.191314697266 -1.5240527391434 268.67013549805
74.848510742188 -1.4365153312683 268.60104370117
75.505348205566 -1.3348015546799 268.54693603516
76.158500671387 -1.2038309574127 268.51943969727
76.814254760742 -1.1040508747101 268.48358154297
77.477813720703 -1.093080997467 268.41812133789
78.135971069336 -1.0113652944565 268.38021850586
78.782127380371 -0.85220474004745 268.38760375977
79.421035766602 -0.6637048125267 268.41882324219
80.060554504395 -0.47671929001808 268.44152832031
80.70206451416 -0.29464563727379 268.43661499023
81.343193054199 -0.11265344172716 268.41638183594
81.980941772461 0.07693387567997 268.41967773438
82.603515625 0.30133417248726 268.48864746094
83.192153930664 0.5886892080307 268.60800170898
67.508453369141 -2.3898410797119 269.56423950195
68.140403747559 -2.4626986980438 269.89907836914
68.75862121582 -2.4478976726532 270.28845214844
69.375465393066 -2.4000775814056 270.67813110352
69.958724975586 -2.3469414710999 271.11462402344
70.531509399414 -2.2921454906464 271.56579589844
71.104713439941 -2.1514978408813 271.99584960938
71.677947998047 -2.0461311340332 272.42971801758
72.25106048584 -2.0720038414001 272.88299560547
72.830307006836 -1.9847530126572 273.31744384766
73.410820007324 -1.8740395307541 273.74798583984
73.992279052734 -1.8079043626785 274.18499755859
74.580024719238 -1.7461069822311 274.61181640625
75.192832946777 -1.5948144197464 274.97952270508
75.793113708496 -1.5203218460083 275.39025878906
76.396301269531 -1.4084633588791 275.78118896484
77.00830078125 -1.1831759214401 276.11181640625
77.606216430664 -1.0212355852127 276.49737548828
78.200744628906 -0.87798631191254 276.8981628418
78.795616149902 -0.73444151878357 277.29830932617
79.396179199219 -0.45639961957932 277.60720825195
80.006759643555 -0.20489913225174 277.9189453125
80.628456115723 0.0092888940125704 278.23867797852
81.250152587891 0.22347691655159 278.55841064453
81.871849060059 0.43766495585442 278.87814331055
