66.85147857666 6.8241291046143 268.99603271484
73.54222869873 -10.690340995789 271.83306884766
79.433860778809 -6.0308437347412 266.9817199707
77.538429260254 -4.9937143325806 276.23345947266
66.644721984863 6.115119934082 269.08862304688
66.63166809082 5.3781509399414 269.19430541992
66.706230163574 4.6452851295471 269.30340576172
66.845710754395 3.9221911430359 269.41418457031
67.017967224121 3.2062606811523 269.525390625
67.165222167969 2.4847283363342 269.63632202148
67.329658508301 1.7669507265091 269.74743652344
67.526336669922 1.0573796033859 269.85891723633
67.719360351562 0.34685227274895 269.97036743164
67.976097106934 -0.34326618909836 270.08184814453
68.242393493652 -1.0297591686249 270.19323730469
68.521858215332 -1.7110352516174 270.30444335938
68.814407348633 -2.3868162631989 270.41552734375
69.121284484863 -3.0562508106232 270.5263671875
69.44751739502 -3.7164571285248 270.63677978516
69.885498046875 -4.3092947006226 270.74264526367
70.214530944824 -4.9682102203369 270.85296630859
70.543395996094 -5.6272068023682 270.96328735352
70.898918151855 -6.2723407745361 271.07287597656
71.235061645508 -6.9276838302612 271.18304443359
71.593978881836 -7.5709500312805 271.29254150391
71.945068359375 -8.2184858322144 271.40225219727
72.298370361328 -8.8648252487183 271.51190185547
72.683479309082 -9.4929323196411 271.6203918457
73.130065917969 -10.079431533813 271.72573852539
67.324569702148 6.3512005805969 268.74365234375
67.617919921875 5.7130680084229 268.61047363281
67.877044677734 5.0488505363464 268.67108154297
68.207458496094 4.4196887016296 268.57458496094
68.550987243652 3.7952933311462 268.49633789062
68.93497467041 3.1931297779083 268.5002746582
69.393562316895 2.686615228653 268.71185302734
69.858329772949 2.1405262947083 268.70758056641
70.318161010742 1.5922737121582 268.66659545898
70.762359619141 1.0334401130676 268.7311706543
71.241256713867 0.50173312425613 268.68572998047
71.734565734863 -0.0054797260090709 268.56994628906
72.227554321289 -0.48403024673462 268.36706542969
72.747528076172 -0.97783714532852 268.36578369141
73.246627807617 -1.4906466007233 268.32205200195
73.735733032227 -2.0029313564301 268.20947265625
74.229904174805 -2.5085060596466 268.09362792969
74.695350646973 -2.9984178543091 267.8571472168
75.227325439453 -3.4748725891113 267.79354858398
75.808044433594 -3.8921544551849 267.73895263672
76.393089294434 -4.3029198646545 267.68109130859
76.978904724121 -4.7112216949463 267.61630249023
77.610412597656 -5.0348234176636 267.51260375977
78.241645812988 -5.3344278335571 267.35140991211
78.829772949219 -5.6662163734436 267.1100769043
67.159202575684 6.462007522583 269.49026489258
67.455932617188 5.9011368751526 269.76165771484
67.760971069336 5.3047242164612 269.92510986328
68.13353729248 4.7278957366943 269.96118164062
68.411361694336 4.1644849777222 270.248046875
68.694381713867 3.6191117763519 270.5615234375
69.051918029785 3.0734021663666 270.78829956055
69.420700073242 2.5375862121582 271.02008056641
69.829116821289 2.0394153594971 271.2692565918
70.241195678711 1.5420007705688 271.51126098633
70.728462219238 1.0629017353058 271.60452270508
71.255935668945 0.62437564134598 271.61264038086
71.717346191406 0.17174345254898 271.85614013672
72.178901672363 -0.27877169847488 272.10290527344
72.642196655273 -0.70255213975906 272.39056396484
73.104629516602 -1.106795668602 272.70645141602
73.555366516113 -1.5179005861282 273.03033447266
73.998077392578 -1.9321374893188 273.36090087891
74.406784057617 -2.3322606086731 273.74795532227
74.861999511719 -2.7219948768616 274.09124755859
75.35440826416 -3.0968432426453 274.39785766602
75.836570739746 -3.4393570423126 274.75439453125
76.258125305176 -3.7599458694458 275.19769287109
76.697875976562 -4.1366729736328 275.57409667969
77.059677124023 -4.5703735351562 275.97146606445
