76.981224060059 -2.3976926803589 396.06130981445
77.2470703125 3.9379940032959 386.44973754883
80.036781311035 6.2225713729858 388.46035766602
80.71166229248 1.6146415472031 385.60833740234
76.480308532715 -2.305255651474 395.90243530273
76.033241271973 -2.1542408466339 395.65661621094
75.628410339355 -1.9708902835846 395.36328125
75.269287109375 -1.761011838913 395.03128051758
74.963668823242 -1.5267193317413 394.66421508789
74.710266113281 -1.27319252491 394.26989746094
74.500717163086 -1.0069689750671 393.85787963867
74.320556640625 -0.73381048440933 393.43643188477
74.324226379395 -0.44188216328621 392.99322509766
74.374618530273 -0.1490563750267 392.55038452148
74.506164550781 0.13599745929241 392.1223449707
74.677261352539 0.4168421626091 391.70217895508
74.872497558594 0.69252729415894 391.29071044922
75.122024536133 0.9558739066124 390.89999389648
75.321731567383 1.2130185365677 390.51681518555
75.158401489258 1.4896214008331 390.09075927734
75.015510559082 1.7696218490601 389.66027832031
74.90852355957 2.0539577007294 389.22454833984
75.126586914062 2.3235061168671 388.82330322266
75.449264526367 2.5562558174133 388.48175048828
75.884033203125 2.7333767414093 388.22882080078
76.33625793457 2.8959724903107 387.99853515625
76.708602905273 3.112425327301 387.68356323242
76.976516723633 3.3696718215942 387.30279541016
77.139923095703 3.648713350296 386.88510131836
76.96484375 -1.928493976593 395.96328735352
76.707244873047 -1.632963180542 395.66333007812
76.471855163574 -1.4035609960556 395.2936706543
76.288482666016 -1.1659116744995 394.90100097656
76.183227539062 -0.8966943025589 394.50094604492
76.179420471191 -0.63979464769363 394.07791137695
76.188858032227 -0.36243745684624 393.66943359375
76.275184631348 -0.039270013570786 393.30462646484
76.375198364258 0.27243825793266 392.93414306641
76.544960021973 0.59897166490555 392.60394287109
76.78099822998 0.90235608816147 392.29220581055
77.027160644531 1.2214384078979 392.0048828125
77.267082214355 1.5561730861664 391.73043823242
77.533836364746 1.8752026557922 391.46200561523
77.78995513916 2.2054047584534 391.19677734375
78.027618408203 2.5562119483948 390.94119262695
78.252250671387 2.935604095459 390.71649169922
78.509719848633 3.2860221862793 390.47998046875
78.758148193359 3.6418895721436 390.24197387695
79.00080871582 3.9971630573273 389.99722290039
79.243804931641 4.3422703742981 389.73864746094
79.47737121582 4.6902661323547 389.4753112793
79.695831298828 5.0387840270996 389.19995117188
79.889869689941 5.3966016769409 388.91830444336
80.070037841797 5.7614326477051 388.63717651367
76.897048950195 -2.5203592777252 395.59448242188
76.607833862305 -2.3876502513885 395.21881103516
76.371635437012 -2.1477391719818 394.85903930664
76.197021484375 -1.9001635313034 394.47106933594
76.148147583008 -1.6150332689285 394.07211303711
76.143669128418 -1.3505187034607 393.65631103516
76.176086425781 -1.1145504713058 393.22485351562
76.241622924805 -0.90941435098648 392.78161621094
76.36400604248 -0.71138250827789 392.34747314453
76.566513061523 -0.51191294193268 391.94491577148
76.796562194824 -0.3603590130806 391.5364074707
77.072174072266 -0.17558358609676 391.17196655273
77.338844299316 -0.019661124795675 390.78790283203
77.603889465332 0.12314584106207 390.39764404297
77.876525878906 0.2723146378994 390.01507568359
78.147270202637 0.39914456009865 389.62319946289
78.419975280762 0.52578020095825 389.23263549805
78.696273803711 0.64381915330887 388.84188842773
78.975067138672 0.74649101495743 388.44860839844
79.252128601074 0.86216801404953 388.05767822266
79.534118652344 0.98258924484253 387.67178344727
79.806129455566 1.1367185115814 387.2907409668
80.06078338623 1.2602132558823 386.88720703125
80.29362487793 1.3713204860687 386.46722412109
80.507606506348 1.4889775514603 386.0390625
