88.199531555176 -4.7849078178406 407.048828125
108.81285095215 9.6500720977783 412.08877563477
112.32814788818 5.5551042556763 415.6076965332
113.16142272949 6.904146194458 408.71865844727
88.49877166748 -3.8434598445892 407.26040649414
89.008239746094 -2.9982295036316 407.47735595703
89.560981750488 -2.1805617809296 407.69390869141
90.165374755859 -1.3999831676483 407.90927124023
90.820434570312 -0.66078412532806 408.12246704102
91.524642944336 0.032725911587477 408.33251953125
92.272537231445 0.68012577295303 408.5387878418
93.061454772949 1.2784665822983 408.74032592773
93.873634338379 1.8459120988846 408.93872070312
94.726768493652 2.3524105548859 409.13006591797
95.621841430664 2.7843742370605 409.31207275391
96.574729919434 3.0787303447723 409.47451782227
97.50414276123 3.4360473155975 409.64630126953
98.38468170166 3.8956685066223 409.83187866211
99.241836547852 4.3956661224365 410.0224609375
100.11040496826 4.8764657974243 410.21075439453
100.9701461792 5.3721804618835 410.40084838867
101.83153533936 5.8651747703552 410.59060668945
102.69860839844 6.3485379219055 410.77920532227
103.57640075684 6.813108921051 410.96542358398
104.45007324219 7.2850155830383 411.1526184082
105.31876373291 7.7656202316284 411.3408203125
106.18782806396 8.2455911636353 411.52896118164
107.05171966553 8.7343606948853 411.71823120117
107.91325378418 9.2270936965942 411.90798950195
88.895965576172 -4.3601984977722 407.75769042969
89.626792907715 -3.6389317512512 408.09490966797
90.393081665039 -2.97154545784 408.46292114258
91.221244812012 -2.370992898941 408.81146240234
92.10139465332 -1.8397961854935 409.1448059082
93.035491943359 -1.3972345590591 409.46026611328
93.991592407227 -0.9813951253891 409.74481201172
94.946838378906 -0.5673975944519 410.03491210938
95.892562866211 -0.14444813132286 410.34271240234
96.856811523438 0.2624326646328 410.61227416992
97.820594787598 0.68370473384857 410.86065673828
98.780776977539 1.1331737041473 411.07037353516
99.735298156738 1.5870825052261 411.29595947266
100.68083953857 2.0460557937622 411.54760742188
101.62633514404 2.5003263950348 411.80780029297
102.5724105835 2.9335055351257 412.09982299805
103.52201080322 3.3498568534851 412.40466308594
104.48322296143 3.6936686038971 412.75891113281
105.44506835938 4.0333800315857 413.11596679688
106.41608428955 4.3879861831665 413.43109130859
107.38513946533 4.7473115921021 413.74710083008
108.31967926025 5.1257872581482 414.13562011719
109.29010772705 5.2926096916199 414.56185913086
110.27457427979 5.3852024078369 414.99801635742
111.27114105225 5.4882364273071 415.40335083008
89.058639526367 -4.2605743408203 406.65139770508
89.815544128418 -3.4883079528809 406.70492553711
90.584648132324 -2.7308495044708 406.78732299805
91.458038330078 -2.0995292663574 406.89111328125
92.375122070312 -1.5332154035568 406.99313354492
93.326263427734 -1.0269049406052 407.09872436523
94.295249938965 -0.55642265081406 407.20770263672
95.27564239502 -0.10788103193045 407.30682373047
96.259048461914 0.33270463347435 407.41156005859
97.245971679688 0.76321977376938 407.52474975586
98.220207214355 1.2145719528198 407.66369628906
99.184104919434 1.6830661296844 407.81729125977
100.13198852539 2.1818013191223 407.97528076172
101.08344268799 2.6794466972351 408.11404418945
102.03885650635 3.1745095252991 408.23342895508
103.03148651123 3.6003890037537 408.30752563477
104.0133972168 4.046347618103 408.40301513672
104.94863128662 4.565936088562 408.56896972656
105.88472747803 5.0843448638916 408.73361206055
106.88847351074 5.4879508018494 408.77563476562
107.89310455322 5.8894667625427 408.81634521484
108.91702270508 6.2113218307495 408.95840454102
109.96057891846 6.48850440979 409.0378112793
111.01876831055 6.6998157501221 408.94970703125
112.08839416504 6.826642036438 408.84020996094
