57.752254486084 -2.711385011673 265.33813476562
70.187812805176 4.1107158660889 267.23529052734
69.911849975586 1.467188835144 270.50643920898
71.02645111084 0.91551452875137 264.61221313477
57.767295837402 -2.1435787677765 265.28430175781
58.012805938721 -1.6278117895126 265.28350830078
58.374641418457 -1.1863001585007 265.31433105469
58.791984558105 -0.79843080043793 265.36206054688
59.254302978516 -0.4679864346981 265.42486572266
59.739345550537 -0.1737252920866 265.49606323242
60.237075805664 0.097181543707848 265.57220458984
60.740844726562 0.3559128344059 265.65081787109
61.254234313965 0.59364187717438 265.73355102539
61.77258682251 0.81952327489853 265.81848144531
62.290405273438 1.0467222929001 265.90316772461
62.808372497559 1.2735592126846 265.98794555664
63.329822540283 1.4916191101074 266.07437133789
63.855392456055 1.6987551450729 266.16268920898
64.383224487305 1.8995479345322 266.25210571289
64.91431427002 2.0908250808716 266.34317016602
65.447380065918 2.2760052680969 266.43524169922
65.978034973145 2.4685583114624 266.5260925293
66.506057739258 2.6688361167908 266.61560058594
67.031639099121 2.8759329319 266.70394897461
67.555397033691 3.087961435318 266.79141235352
68.079864501953 3.2980861663818 266.87921142578
68.604484558105 3.5078129768372 266.9670715332
69.132141113281 3.709114074707 267.05645751953
69.659629821777 3.9109127521515 267.14569091797
57.99292755127 -2.474169254303 265.69110107422
58.29358291626 -2.0422658920288 265.75573730469
58.743934631348 -1.9577213525772 265.9436340332
59.221992492676 -1.7885171175003 266.14697265625
59.709812164307 -1.6320637464523 266.3401184082
60.176959991455 -1.4492403268814 266.54818725586
60.679389953613 -1.3151068687439 266.71984863281
61.159118652344 -1.1414079666138 266.91839599609
61.623722076416 -0.93285226821899 267.11856079102
62.116207122803 -0.77863723039627 267.30154418945
62.611003875732 -0.62807929515839 267.48083496094
63.093349456787 -0.45082524418831 267.6708984375
63.599990844727 -0.33286711573601 267.83898925781
64.075416564941 -0.15137039124966 268.04211425781
64.548194885254 0.027626857161522 268.25338745117
65.053916931152 0.15333543717861 268.42245483398
65.557525634766 0.28625857830048 268.59252929688
66.055267333984 0.42047762870789 268.77789306641
66.544967651367 0.56355488300323 268.97766113281
67.033042907715 0.71041834354401 269.17715454102
67.538116455078 0.81441783905029 269.36227416992
68.019599914551 0.9557911157608 269.57809448242
68.483612060547 1.1035364866257 269.82879638672
68.943801879883 1.2266589403152 270.09524536133
69.394248962402 1.3588582277298 270.37646484375
58.111293792725 -2.4480607509613 265.09426879883
58.428398132324 -2.0192518234253 265.06414794922
58.933704376221 -1.8536370992661 264.99932861328
59.456546783447 -1.7111036777496 264.9723815918
59.954261779785 -1.5198837518692 264.91067504883
60.486652374268 -1.4324251413345 264.89657592773
60.99089050293 -1.2381838560104 264.86096191406
61.512893676758 -1.0907435417175 264.84765625
62.039207458496 -0.95988172292709 264.8349609375
62.567253112793 -0.83558702468872 264.82510375977
63.08903503418 -0.68926119804382 264.80529785156
63.611450195312 -0.54334354400635 264.79211425781
64.136543273926 -0.40758419036865 264.78884887695
64.661430358887 -0.2706795334816 264.79293823242
65.187118530273 -0.13748751580715 264.78762817383
65.723854064941 -0.088555045425892 264.83483886719
66.247802734375 0.041921526193619 264.83041381836
66.768409729004 0.1925984621048 264.80722045898
67.291786193848 0.32741543650627 264.8154296875
67.823036193848 0.43365067243576 264.80010986328
68.355079650879 0.53558850288391 264.7799987793
68.880821228027 0.65748411417007 264.7380065918
69.414108276367 0.74070590734482 264.70629882812
69.952583312988 0.77742201089859 264.66870117188
70.489624023438 0.83933651447296 264.62799072266
