91.001731872559 20.209602355957 318.59368896484
93.815124511719 6.3622841835022 340.53625488281
83.27766418457 -3.9003942012787 332.67059326172
99.244941711426 -5.8588771820068 329.44277954102
91.226318359375 20.628532409668 319.61807250977
91.447601318359 20.914426803589 320.68795776367
91.66381072998 21.091287612915 321.78216552734
91.870719909668 21.129848480225 322.89169311523
92.067893981934 21.057146072388 324.00131225586
92.256813049316 20.903966903687 325.10412597656
92.438415527344 20.687236785889 326.19747924805
92.610290527344 20.393873214722 327.2744140625
92.776748657227 20.060930252075 328.34063720703
92.939834594727 19.704397201538 329.39974975586
93.095306396484 19.297128677368 330.44152832031
93.233993530273 18.788494110107 331.44021606445
93.351989746094 18.170711517334 332.3782043457
93.456153869629 17.488008499146 333.2717590332
93.552268981934 16.770065307617 334.13818359375
93.629348754883 15.975799560547 334.93731689453
93.701080322266 15.161638259888 335.71667480469
93.76065826416 14.3050365448 336.4501953125
93.801712036133 13.389825820923 337.11056518555
93.839942932129 12.466340065002 337.7594909668
93.869453430176 11.518385887146 338.37261962891
93.886436462402 10.537992477417 338.93292236328
93.901664733887 9.553297996521 339.48568725586
93.903114318848 8.5370960235596 339.97833251953
93.881500244141 7.4768056869507 340.36642456055
90.532135009766 19.791667938232 319.55117797852
90.341796875 19.637382507324 320.72064208984
90.173645019531 19.435377120972 321.8903503418
90.045265197754 18.760738372803 322.85659790039
89.659255981445 18.359161376953 323.91226196289
89.466682434082 17.547729492188 324.71487426758
89.192779541016 16.590629577637 325.365234375
89.033966064453 15.599658966064 326.01443481445
88.91104888916 14.566474914551 326.61175537109
88.706130981445 13.48576259613 327.09371948242
88.489448547363 12.403221130371 327.56729125977
88.240158081055 11.324716567993 328.0322265625
87.937721252441 10.235957145691 328.44009399414
87.678337097168 9.1581583023071 328.90200805664
87.364204406738 8.0585327148438 329.2565612793
87.08455657959 6.9676809310913 329.65640258789
86.797515869141 5.8924632072449 330.10098266602
86.458908081055 4.7983813285828 330.46258544922
86.109069824219 3.6716065406799 330.67691040039
85.717018127441 2.5503602027893 330.84573364258
85.285209655762 1.4415159225464 330.98684692383
85.070587158203 0.3073293864727 331.29104614258
84.762542724609 -0.78698772192001 331.67224121094
84.315086364746 -1.8513895273209 331.98547363281
83.734970092773 -2.8405420780182 332.34191894531
91.671089172363 19.854707717896 319.52709960938
92.221343994141 19.562963485718 320.59051513672
92.734809875488 19.147928237915 321.62954711914
93.245536804199 18.577642440796 322.59130859375
93.708984375 17.781585693359 323.37298583984
94.063659667969 16.788303375244 324.00674438477
94.392417907715 15.710658073425 324.49459838867
94.597961425781 14.696501731873 325.16363525391
94.876007080078 13.726273536682 325.8698425293
95.163139343262 12.683583259583 326.39428710938
95.356399536133 11.566546440125 326.77651977539
95.580780029297 10.440938949585 327.18502807617
95.801292419434 9.2600841522217 327.43841552734
96.101203918457 8.1261434555054 327.81121826172
96.346473693848 7.0001864433289 328.24865722656
96.756660461426 5.9458036422729 328.71487426758
97.155853271484 4.854211807251 329.11965942383
97.408393859863 3.6553649902344 329.21179199219
97.642250061035 2.448646068573 329.30477905273
97.843864440918 1.2407500743866 329.43124389648
97.965911865234 0.038161538541317 329.34902954102
98.05330657959 -1.1562293767929 329.09457397461
98.380813598633 -2.3382806777954 329.01657104492
98.62939453125 -3.5381145477295 329.1513671875
99.054069519043 -4.6521782875061 329.44848632812
