77.52857208252 7.9985508918762 337.42037963867
61.384178161621 -23.637170791626 342.42147827148
42.423427581787 -4.8346223831177 353.98779296875
37.751834869385 -10.858512878418 320.65856933594
78.700813293457 6.9083352088928 337.74847412109
79.519744873047 5.5374975204468 338.10198974609
80.169502258301 4.0793585777283 338.45809936523
80.682548522949 2.5673503875732 338.81286621094
81.067260742188 1.0172253847122 339.1637878418
81.183769226074 -0.5791323184967 339.50003051758
81.126846313477 -2.1818134784698 339.82196044922
80.973854064941 -3.7800793647766 340.13433837891
80.724304199219 -5.3680901527405 340.43591308594
80.307891845703 -6.9247975349426 340.71603393555
79.74129486084 -8.4374237060547 340.97369384766
79.079650878906 -9.9136161804199 341.21527099609
78.28914642334 -11.328957557678 341.43292236328
77.396575927734 -12.685254096985 341.62924194336
76.315956115723 -13.903830528259 341.7805480957
75.168067932129 -15.061553001404 341.91339111328
74.006141662598 -16.205554962158 342.04214477539
72.733673095703 -17.229000091553 342.13638305664
71.38215637207 -18.148077011108 342.2021484375
70.113906860352 -19.176658630371 342.29776000977
68.715354919434 -20.023712158203 342.34460449219
67.241973876953 -20.734079360962 342.35678100586
65.823020935059 -21.546932220459 342.39483642578
64.357688903809 -22.273656845093 342.4111328125
62.863075256348 -22.938312530518 342.412109375
77.510246276855 6.4209394454956 338.50354003906
77.680969238281 4.7301058769226 339.40191650391
77.793395996094 2.9545338153839 340.1328125
77.777961730957 1.151170372963 340.79370117188
77.413078308105 -0.6015664935112 341.3981628418
76.156585693359 -1.8529812097549 341.810546875
74.435752868652 -2.6228883266449 342.13592529297
72.670845031738 -3.2178025245667 342.61688232422
70.829139709473 -3.7334878444672 342.67010498047
69.084686279297 -4.2392287254333 342.93981933594
67.65975189209 -4.758948802948 344.10327148438
65.886695861816 -5.2181587219238 344.68826293945
64.11393737793 -5.3385100364685 345.42517089844
62.276401519775 -5.5178332328796 345.6823425293
60.37748336792 -5.753035068512 345.48501586914
58.852226257324 -5.9566345214844 346.46646118164
57.345443725586 -6.1170153617859 347.62509155273
55.59171295166 -6.154700756073 348.41448974609
53.800350189209 -6.2454314231873 348.32885742188
51.999435424805 -6.3209099769592 348.29696655273
50.228363037109 -6.1806974411011 349.01025390625
48.461513519287 -5.8637533187866 349.68521118164
46.598972320557 -5.8739213943481 350.16583251953
45.188011169434 -5.5419688224792 351.40759277344
43.805717468262 -5.1882953643799 352.69769287109
77.642097473145 5.988787651062 336.70565795898
77.927574157715 3.855978012085 336.57403564453
78.086524963379 1.7167128324509 336.45785522461
77.796730041504 -0.41081881523132 336.37454223633
77.062187194824 -2.4266364574432 336.27529907227
75.149284362793 -3.2773938179016 336.09884643555
73.235969543457 -4.1723990440369 335.72802734375
71.309707641602 -4.8692750930786 335.30413818359
69.295715332031 -5.378466129303 335.10818481445
67.777572631836 -6.7029933929443 334.42803955078
65.995910644531 -7.4362154006958 333.84317016602
63.885612487793 -7.6907978057861 333.48532104492
61.770774841309 -7.9232454299927 333.13726806641
59.670822143555 -8.2759418487549 332.83248901367
57.593673706055 -8.7780838012695 332.57461547852
56.450199127197 -9.2218751907349 330.80172729492
54.70072555542 -9.5895137786865 329.6875
52.789852142334 -9.9375324249268 328.75247192383
50.83443069458 -10.288731575012 327.91540527344
48.865524291992 -10.467959403992 327.06604003906
46.929126739502 -10.832922935486 326.19827270508
45.006607055664 -11.014859199524 325.27996826172
43.095783233643 -10.87601184845 324.29147338867
41.289337158203 -10.844367027283 323.12365722656
39.520584106445 -10.851440429688 321.89111328125
