62.810897827148 7.7059388160706 283.6745300293
70.642288208008 0.92996138334274 282.43081665039
74.567283630371 3.2116484642029 280.15667724609
74.897979736328 1.7393137216568 286.18170166016
62.819030761719 7.305004119873 283.57897949219
62.981575012207 6.9340028762817 283.49807739258
63.178638458252 6.5789484977722 283.42263793945
63.4104347229 6.244152545929 283.35363769531
63.673233032227 5.931577205658 283.29150390625
63.949848175049 5.6304502487183 283.23278808594
64.234100341797 5.3361344337463 283.17608642578
64.526084899902 5.0490765571594 283.12145996094
64.826057434082 4.7699403762817 283.06915283203
65.133018493652 4.498119354248 283.01892089844
65.448989868164 4.2362899780273 282.97152709961
65.765655517578 3.9752571582794 282.92434692383
66.090530395508 3.7240233421326 282.8798828125
66.414703369141 3.4719169139862 282.83517456055
66.741592407227 3.2231955528259 282.79144287109
67.079658508301 2.9891574382782 282.75170898438
67.422233581543 2.7614614963531 282.71377563477
67.77123260498 2.5433232784271 282.67840576172
68.12784576416 2.3373248577118 282.64630126953
68.486480712891 2.1347177028656 282.61514282227
68.841888427734 1.9267308712006 282.58248901367
69.203346252441 1.7290016412735 282.55264282227
69.566009521484 1.5334131717682 282.52325439453
69.932914733887 1.3455717563629 282.49609375
70.299911499023 1.1579403877258 282.46884155273
63.254909515381 7.5547466278076 283.49359130859
63.609050750732 7.1971135139465 283.36340332031
63.973987579346 6.9518537521362 283.09140014648
64.411674499512 6.7316212654114 282.93896484375
64.813941955566 6.5961122512817 282.83322143555
65.261726379395 6.3723092079163 282.7799987793
65.731346130371 6.2296676635742 282.73544311523
66.17276763916 5.9880509376526 282.60189819336
66.629356384277 5.7962265014648 282.4280090332
67.116233825684 5.6226410865784 282.3645324707
67.60326385498 5.4361300468445 282.30853271484
68.084915161133 5.2517838478088 282.20965576172
68.560394287109 5.0547747612 282.11175537109
69.025772094727 4.9015550613403 281.93078613281
69.516632080078 4.7428970336914 281.83993530273
70.001411437988 4.5888810157776 281.70944213867
70.478515625 4.3908138275146 281.6181640625
70.909164428711 4.2222666740417 281.41052246094
71.355072021484 4.0190029144287 281.29241943359
71.817260742188 3.9056124687195 281.09521484375
72.280952453613 3.7760622501373 280.89044189453
72.760704040527 3.6292130947113 280.74005126953
73.221664428711 3.4921765327454 280.53173828125
73.671859741211 3.3502757549286 280.3014831543
74.127212524414 3.2248322963715 280.07171630859
63.172737121582 7.3340034484863 283.85229492188
63.509819030762 6.8821821212769 283.88067626953
63.924545288086 6.529923915863 283.99322509766
64.425392150879 6.5072031021118 283.90869140625
64.668739318848 6.2918834686279 284.01626586914
64.987617492676 6.2490286827087 284.00015258789
65.340049743652 5.8845162391663 284.19445800781
65.846603393555 5.6500172615051 284.24102783203
66.327941894531 5.3698735237122 284.30136108398
66.805236816406 5.0835728645325 284.33114624023
67.294502258301 4.814296245575 284.36877441406
67.810249328613 4.6026387214661 284.44323730469
68.294815063477 4.324923992157 284.51971435547
68.779647827148 4.0456748008728 284.59201049805
69.294731140137 3.8460373878479 284.70840454102
69.814979553223 3.6548161506653 284.8010559082
70.348182678223 3.4950680732727 284.89074707031
70.828636169434 3.2689192295074 285.0573425293
71.317375183105 3.0111539363861 285.15255737305
71.791557312012 2.7587337493896 285.32223510742
72.296943664551 2.5607533454895 285.4801940918
72.822219848633 2.3980705738068 285.60833740234
73.344627380371 2.2313182353973 285.74481201172
73.86833190918 2.0655796527863 285.86694335938
74.372505187988 1.8849114179611 286.0354309082
