72.105133056641 -0.23978371918201 268.64013671875
77.884368896484 1.7122629880905 268.24331665039
80.597755432129 2.5819900035858 273.23168945312
80.724792480469 -1.825049996376 268.7951965332
72.211784362793 -0.074071250855923 268.49096679688
72.3779296875 0.072153396904469 268.38101196289
72.557067871094 0.21123261749744 268.28277587891
72.746955871582 0.34319618344307 268.19552612305
72.937553405762 0.47464859485626 268.10903930664
73.143867492676 0.59291648864746 268.04174804688
73.36043548584 0.70004373788834 267.98971557617
73.582611083984 0.79974180459976 267.94750976562
73.809448242188 0.89219778776169 267.91461181641
74.043312072754 0.97063916921616 267.89910888672
74.275863647461 1.0521194934845 267.88000488281
74.512031555176 1.1245148181915 267.87182617188
74.748825073242 1.1950770616531 267.86587524414
74.987182617188 1.2604229450226 267.86605834961
75.227340698242 1.3180619478226 267.8752746582
75.467544555664 1.375474691391 267.88473510742
75.708786010742 1.4266169071198 267.90130615234
75.950378417969 1.4747408628464 267.92135620117
76.192451477051 1.5165401697159 267.94845581055
76.434616088867 1.5495108366013 267.98526000977
76.676780700684 1.5893609523773 268.01449584961
76.918922424316 1.6216541528702 268.0520324707
77.160354614258 1.6444048881531 268.09973144531
77.401138305664 1.6624073982239 268.15249633789
77.642433166504 1.6840533018112 268.20141601562
72.390884399414 0.012992077507079 268.74169921875
72.735038757324 0.20605923235416 268.7294921875
73.086128234863 0.37001857161522 268.80508422852
73.44019317627 0.51479291915894 268.90277099609
73.795722961426 0.64647901058197 269.01284790039
74.146018981934 0.7494598031044 269.16299438477
74.49161529541 0.86506772041321 269.31484985352
74.834136962891 0.98369169235229 269.47128295898
75.172142028809 1.0823154449463 269.64984130859
75.508857727051 1.1889077425003 269.82626342773
75.843902587891 1.3038356304169 270.00061035156
76.170036315918 1.4098916053772 270.19619750977
76.493545532227 1.5136631727219 270.39730834961
76.813781738281 1.6150395870209 270.60473632812
77.132354736328 1.7137736082077 270.81600952148
77.446571350098 1.8046054840088 271.03707885742
77.761512756348 1.8978507518768 271.2561340332
78.079956054688 2.0003960132599 271.46572875977
78.401657104492 2.0921506881714 271.67538452148
78.725860595703 2.1695494651794 271.88696289062
79.043640136719 2.27583360672 272.095703125
79.363632202148 2.3748068809509 272.30465698242
79.683364868164 2.5159413814545 272.48815917969
79.997520446777 2.5778546333313 272.71868896484
80.297645568848 2.5799224376678 272.97518920898
72.42057800293 -0.28447657823563 268.51007080078
72.72696685791 -0.18236817419529 268.39068603516
73.065818786621 -0.15009188652039 268.33837890625
73.408897399902 -0.15137539803982 268.30786132812
73.751197814941 -0.15275903046131 268.27014160156
74.094589233398 -0.17954461276531 268.26943969727
74.438087463379 -0.20409590005875 268.26312255859
74.781196594238 -0.22201816737652 268.23944091797
75.122055053711 -0.27074646949768 268.24615478516
75.456329345703 -0.34664133191109 268.27987670898
75.790748596191 -0.42669776082039 268.29949951172
76.124526977539 -0.51170897483826 268.30111694336
76.460250854492 -0.58865314722061 268.30426025391
76.796417236328 -0.6634863615036 268.30853271484
77.127174377441 -0.75722455978394 268.32986450195
77.457450866699 -0.85213565826416 268.35327148438
77.78589630127 -0.95121568441391 268.38403320312
78.112678527832 -1.0559757947922 268.41360473633
78.435470581055 -1.1730630397797 268.44064331055
78.754531860352 -1.2923210859299 268.49176025391
79.070602416992 -1.4108519554138 268.56005859375
79.403991699219 -1.4930770397186 268.58694458008
79.735023498535 -1.5759491920471 268.63375854492
80.064949035645 -1.6589820384979 268.68756103516
80.394866943359 -1.7420153617859 268.74139404297
