70.645309448242 -5.4467568397522 267.85165405273
79.334762573242 2.7996978759766 273.17687988281
82.770446777344 -0.12221045792103 274.4416809082
82.138916015625 2.9552440643311 269.51556396484
70.581497192383 -5.0275797843933 268.15447998047
70.690765380859 -4.6091904640198 268.44573974609
70.840065002441 -4.1979999542236 268.72933959961
71.03881072998 -3.7997078895569 269.00057983398
71.299842834473 -3.4245302677155 269.25140380859
71.591537475586 -3.0641002655029 269.48977661133
71.90699005127 -2.7168469429016 269.71722412109
72.23804473877 -2.3791749477386 269.93682861328
72.573608398438 -2.0444414615631 270.15405273438
72.926246643066 -1.7214986085892 270.36187744141
73.293006896973 -1.4090933799744 270.56118774414
73.662956237793 -1.0992102622986 270.75854492188
74.040435791016 -0.79542863368988 270.95104980469
74.428237915039 -0.50045043230057 271.13662719727
74.822410583496 -0.21119327843189 271.31771850586
75.22728729248 0.067925475537777 271.4909362793
75.635925292969 0.34333169460297 271.66125488281
76.056930541992 0.60579490661621 271.8215637207
76.468070983887 0.87865883111954 271.98992919922
76.876922607422 1.1538482904434 272.16009521484
77.288360595703 1.4264129400253 272.32821655273
77.69563293457 1.7031911611557 272.49957275391
78.097450256348 1.9852946996689 272.6750793457
78.504272460938 2.262501001358 272.84680175781
78.916458129883 2.5342974662781 273.01431274414
70.984443664551 -5.3266334533691 268.29275512695
71.232666015625 -4.9707126617432 268.65173339844
71.706817626953 -4.7664194107056 268.90844726562
72.12425994873 -4.5118889808655 269.21466064453
72.572494506836 -4.2275681495667 269.44338989258
73.032676696777 -3.9543814659119 269.66186523438
73.488807678223 -3.6711738109589 269.8757019043
73.96166229248 -3.3984217643738 270.06582641602
74.431930541992 -3.1295285224915 270.26751708984
74.909255981445 -2.8722538948059 270.46774291992
75.392295837402 -2.6325354576111 270.67584228516
75.884567260742 -2.4120411872864 270.88336181641
76.366630554199 -2.2049810886383 271.12551879883
76.85856628418 -2.0418107509613 271.38150024414
77.349029541016 -1.8688410520554 271.63385009766
77.841529846191 -1.7045794725418 271.88803100586
78.340385437012 -1.5414440631866 272.13024902344
78.839286804199 -1.3893928527832 272.37951660156
79.3349609375 -1.2321330308914 272.63198852539
79.827507019043 -1.0665078163147 272.88522338867
80.319213867188 -0.90318238735199 273.14151000977
80.802490234375 -0.74568247795105 273.41677856445
81.304122924805 -0.59247547388077 273.65969848633
81.825904846191 -0.47064769268036 273.87652587891
82.3154296875 -0.31027448177338 274.13876342773
70.954605102539 -4.9985857009888 267.97518920898
71.203460693359 -4.5635461807251 268.20449829102
71.600700378418 -4.1725378036499 268.17962646484
72.033546447754 -3.8416500091553 268.31329345703
72.470977783203 -3.5237228870392 268.46246337891
72.923400878906 -3.2205455303192 268.59698486328
73.382629394531 -2.9374756813049 268.74993896484
73.831184387207 -2.6687133312225 268.95272827148
74.289047241211 -2.384060382843 269.10693359375
74.746719360352 -2.0761489868164 269.208984375
75.21809387207 -1.7925437688828 269.31909179688
75.693031311035 -1.5128413438797 269.42333984375
76.162315368652 -1.214359998703 269.49670410156
76.633865356445 -0.91363674402237 269.54086303711
77.103820800781 -0.60867154598236 269.57025146484
77.567237854004 -0.29267638921738 269.58184814453
78.034957885742 0.017134919762611 269.57986450195
78.500541687012 0.33013924956322 269.57595825195
78.96297454834 0.64773279428482 269.58093261719
79.413307189941 0.98230016231537 269.57708740234
79.863288879395 1.3168076276779 269.55838012695
80.328231811523 1.6307635307312 269.55783081055
80.778350830078 1.9655709266663 269.5510559082
81.224632263184 2.3053760528564 269.54016113281
81.682136535645 2.6300332546234 269.53421020508
