69.848617553711 -2.7706332206726 268.11404418945
76.348770141602 0.61431354284286 269.21234130859
78.86279296875 -1.1827163696289 271.39505004883
81.038414001465 -0.53693372011185 266.53979492188
69.997047424316 -2.5230560302734 268.15875244141
70.145477294922 -2.2754788398743 268.20346069336
70.293907165527 -2.0279016494751 268.24816894531
70.50919342041 -1.8380156755447 268.28768920898
70.748733520508 -1.678143620491 268.3327331543
70.997344970703 -1.5336883068085 268.38330078125
71.253799438477 -1.4071176052094 268.44274902344
71.511993408203 -1.2819142341614 268.49670410156
71.773811340332 -1.1595613956451 268.53921508789
72.036895751953 -1.0408310890198 268.58395385742
72.301582336426 -0.92810082435608 268.63357543945
72.569175720215 -0.82922047376633 268.69638061523
72.835311889648 -0.71660029888153 268.73330688477
73.103332519531 -0.6103218793869 268.77215576172
73.375587463379 -0.525699198246 268.83572387695
73.648162841797 -0.42431691288948 268.86026000977
73.918968200684 -0.31707188487053 268.88214111328
74.190078735352 -0.22012415528297 268.92630004883
74.461898803711 -0.13214109838009 268.98709106445
74.734268188477 -0.035896822810173 269.03039550781
75.003936767578 0.070920377969742 269.06207275391
75.266807556152 0.18981625139713 269.10363769531
75.533271789551 0.30148163437843 269.14144897461
75.805107116699 0.40575894713402 269.16506958008
76.076934814453 0.51003623008728 269.18872070312
70.140930175781 -2.6485757827759 268.32339477539
70.448211669922 -2.5120327472687 268.49655151367
70.765190124512 -2.3661024570465 268.64627075195
71.107597351074 -2.2814378738403 268.78311157227
71.455772399902 -2.2106425762177 268.91708374023
71.796562194824 -2.1195087432861 269.05746459961
72.139381408691 -2.0329358577728 269.19515991211
72.493186950684 -1.9717451334 269.31866455078
72.843437194824 -1.8989341259003 269.44534301758
73.190116882324 -1.8144460916519 269.57513427734
73.540786743164 -1.7421388626099 269.70147705078
73.892692565918 -1.6739975214005 269.82528686523
74.267333984375 -1.6870248317719 269.88571166992
74.581268310547 -1.6003305912018 270.05917358398
74.912734985352 -1.5148779153824 270.21109008789
75.262382507324 -1.4441518783569 270.33825683594
75.598640441895 -1.3615174293518 270.49291992188
75.957000732422 -1.3190709352493 270.6110534668
76.315216064453 -1.2679680585861 270.72564697266
76.671539306641 -1.2043483257294 270.83993530273
77.020988464355 -1.1384361982346 270.97241210938
77.38533782959 -1.1290619373322 271.07891845703
77.758827209473 -1.1354292631149 271.14025878906
78.135711669922 -1.1476455926895 271.18481445312
78.501525878906 -1.1642737388611 271.27960205078
70.238052368164 -2.6003184318542 267.96310424805
70.65510559082 -2.4694724082947 267.87908935547
71.082275390625 -2.3409481048584 267.83734130859
71.492042541504 -2.1688032150269 267.77719116211
71.927322387695 -2.0588927268982 267.73355102539
72.357078552246 -1.9349718093872 267.6760559082
72.776924133301 -1.7871710062027 267.60467529297
73.202278137207 -1.6521027088165 267.54867553711
73.63907623291 -1.5438137054443 267.51812744141
74.077026367188 -1.4417852163315 267.48318481445
74.515319824219 -1.3416296243668 267.44689941406
74.922073364258 -1.1808656454086 267.35400390625
75.34415435791 -1.0630848407745 267.28244018555
75.7890625 -0.99884259700775 267.24667358398
76.224937438965 -0.8976548910141 267.18988037109
76.661430358887 -0.79668682813644 267.13781738281
77.106178283691 -0.73353224992752 267.11798095703
77.534103393555 -0.6284943819046 267.05285644531
77.968215942383 -0.53542149066925 267.00219726562
78.415946960449 -0.49875304102898 266.97158813477
78.863121032715 -0.48312121629715 266.9167175293
79.307472229004 -0.46554031968117 266.84124755859
79.756675720215 -0.4725821018219 266.80978393555
80.187927246094 -0.47193247079849 266.71783447266
80.593765258789 -0.46124252676964 266.53689575195
