57.563320159912 5.5550899505615 272.01849365234
70.035163879395 -3.8621120452881 270.50964355469
73.72981262207 -0.67486155033112 268.03289794922
73.240089416504 -2.1481781005859 274.56033325195
57.659355163574 4.9501175880432 271.88589477539
57.820415496826 4.3578724861145 271.7594909668
58.075927734375 3.7972323894501 271.64498901367
58.421169281006 3.2837164402008 271.54580688477
58.821094512939 2.8091883659363 271.45822143555
59.258476257324 2.3671891689301 271.3798828125
59.72053527832 1.9498151540756 271.30844116211
60.203601837158 1.5558389425278 271.24334716797
60.69514465332 1.1720278263092 271.18099975586
61.198078155518 0.80263698101044 271.12255859375
61.710273742676 0.44568499922752 271.06735229492
62.233890533447 0.10503297299147 271.01644897461
62.760925292969 -0.23048888146877 270.96685791016
63.302223205566 -0.54337924718857 270.92315673828
63.848667144775 -0.84749984741211 270.88168334961
64.40064239502 -1.1418079137802 270.84271240234
64.954963684082 -1.4318155050278 270.80487060547
65.512336730957 -1.7160980701447 270.76843261719
66.067352294922 -2.0048236846924 270.73092651367
66.630516052246 -2.2778408527374 270.69738769531
67.192344665527 -2.5535004138947 270.66317749023
67.760055541992 -2.8171937465668 270.63195800781
68.326988220215 -3.0825347900391 270.60037231445
68.889335632324 -3.3571696281433 270.56640625
69.460014343262 -3.6145718097687 270.53677368164
57.971736907959 5.227686882019 271.65466308594
58.360298156738 4.7016015052795 271.44244384766
58.950416564941 4.3932762145996 271.27850341797
59.616680145264 4.1857399940491 271.26596069336
60.270092010498 3.9662103652954 271.17269897461
60.877281188965 3.6720023155212 270.9885559082
61.497676849365 3.3794598579407 270.85546875
62.145629882812 3.1298763751984 270.77005004883
62.72399520874 2.7951557636261 270.56634521484
63.321804046631 2.4882681369781 270.38265991211
63.961112976074 2.2397882938385 270.24499511719
64.598640441895 1.990035533905 270.10147094727
65.239654541016 1.7428095340729 269.96957397461
65.85848236084 1.4600627422333 269.80825805664
66.477653503418 1.1817936897278 269.6474609375
67.164695739746 1.0696099996567 269.57806396484
67.819709777832 0.85796350240707 269.45455932617
68.441017150879 0.59949314594269 269.26379394531
69.108734130859 0.4307923913002 269.14202880859
69.763534545898 0.23956507444382 268.98892211914
70.431632995605 0.084397777915001 268.86148071289
71.106826782227 -0.05004371330142 268.74523925781
71.75032043457 -0.2403310239315 268.54843139648
72.400146484375 -0.40548348426819 268.36196899414
73.076133728027 -0.51909881830215 268.22750854492
57.896217346191 5.0023255348206 272.21319580078
58.221279144287 4.4546751976013 272.16223144531
58.881088256836 4.2497096061707 272.19134521484
59.510154724121 3.9589982032776 272.23571777344
60.158191680908 3.7164356708527 272.25314331055
60.738922119141 3.3468689918518 272.35818481445
61.328514099121 2.9901745319366 272.45397949219
61.940685272217 2.6662895679474 272.52615356445
62.527488708496 2.2950208187103 272.57791137695
63.115814208984 1.9268378019333 272.6318359375
63.727676391602 1.606006860733 272.71881103516
64.341361999512 1.2892187833786 272.80624389648
64.977920532227 1.02294921875 272.89984130859
65.616546630859 0.76249146461487 272.99526977539
66.259185791016 0.51328754425049 273.09417724609
66.895599365234 0.24778564274311 273.18905639648
67.525131225586 -0.035748537629843 273.27941894531
68.167770385742 -0.27733770012856 273.39166259766
68.80184173584 -0.53191471099854 273.52261352539
69.414154052734 -0.82871919870377 273.66900634766
70.027359008789 -1.1109135150909 273.83557128906
70.647956848145 -1.3693038225174 274.01425170898
71.264137268066 -1.6501412391663 274.15698242188
71.937232971191 -1.7849889993668 274.2737121582
72.571998596191 -2.0096580982208 274.44293212891
