70.672431945801 -6.4214310646057 271.86297607422
72.654067993164 4.7419853210449 268.35601806641
75.768180847168 8.5516920089722 272.29864501953
78.012359619141 5.9094896316528 266.25567626953
70.480110168457 -6.0567855834961 271.65093994141
70.413513183594 -5.6366910934448 271.46539306641
70.368621826172 -5.2111053466797 271.28607177734
70.37434387207 -4.7768363952637 271.12258911133
70.386444091797 -4.3419079780579 270.96124267578
70.414489746094 -3.9056923389435 270.80545043945
70.459190368652 -3.4687519073486 270.65573120117
70.523658752441 -3.0317535400391 270.51351928711
70.597930908203 -2.5950984954834 270.37512207031
70.684631347656 -2.1591699123383 270.24172973633
70.779167175293 -1.7239127159119 270.11151123047
70.882461547852 -1.2895567417145 269.98498535156
70.990013122559 -0.85570597648621 269.86026000977
71.104927062988 -0.42285335063934 269.73870849609
71.216285705566 0.010507393628359 269.61566162109
71.328506469727 0.44374451041222 269.49295043945
71.449089050293 0.8757551908493 269.37390136719
71.578536987305 1.3062524795532 269.25875854492
71.718887329102 1.7346264123917 269.14855957031
71.853759765625 2.1641092300415 269.0358581543
71.98934173584 2.5934488773346 268.92349243164
72.105117797852 3.0261828899384 268.80233764648
72.241172790527 3.4554469585419 268.69021606445
72.369155883789 3.886212348938 268.57443237305
72.517066955566 4.3129234313965 268.46774291992
70.710624694824 -5.8160061836243 271.94140625
70.823387145996 -5.2166996002197 271.85195922852
70.96208190918 -4.6232042312622 271.75970458984
71.10538482666 -4.0317273139954 271.66174316406
71.253318786621 -3.4397330284119 271.57427978516
71.406364440918 -2.8493280410767 271.48513793945
71.565887451172 -2.2637000083923 271.38095092773
71.7939453125 -1.6960827112198 271.30484008789
72.022300720215 -1.1292034387589 271.22467041016
72.259101867676 -0.56279277801514 271.16934204102
72.4951171875 0.0056526213884354 271.13562011719
72.729393005371 0.57548731565475 271.12271118164
72.935127258301 1.1557031869888 271.15179443359
73.175323486328 1.7204998731613 271.20889282227
73.39868927002 2.2896778583527 271.28713989258
73.608390808105 2.8631913661957 271.37142944336
73.819305419922 3.4369158744812 271.45111083984
74.037010192871 4.0080561637878 271.53103637695
74.270851135254 4.5734477043152 271.60589599609
74.52702331543 5.1319193840027 271.65490722656
74.738677978516 5.706072807312 271.72866821289
74.908828735352 6.2844614982605 271.85705566406
75.107711791992 6.8574442863464 271.96722412109
75.317359924316 7.4263076782227 272.07870483398
75.554893493652 7.9876527786255 272.17071533203
70.802726745605 -5.9324951171875 271.5419921875
70.941963195801 -5.4225296974182 271.25997924805
71.156448364258 -4.9074840545654 271.04135131836
71.367454528809 -4.3902635574341 270.82452392578
71.548355102539 -3.8641619682312 270.60189819336
71.733963012695 -3.3319461345673 270.39852905273
71.939697265625 -2.7980690002441 270.2204284668
72.154365539551 -2.2675580978394 270.04287719727
72.398834228516 -1.7494049072266 269.86730957031
72.669830322266 -1.241959810257 269.69961547852
72.958320617676 -0.74250465631485 269.53720092773
73.255294799805 -0.26299071311951 269.33486938477
73.55265045166 0.21562573313713 269.13098144531
73.874465942383 0.67547887563705 268.92111206055
74.20002746582 1.131889462471 268.70956420898
74.54069519043 1.573154091835 268.48977661133
74.882026672363 2.0111706256866 268.26458740234
75.230049133301 2.4462265968323 268.04397583008
75.578811645508 2.886376619339 267.83493041992
75.930976867676 3.3238294124603 267.62591552734
76.288269042969 3.7539641857147 267.41055297852
76.634918212891 4.1869049072266 267.18368530273
76.984329223633 4.6236553192139 266.96865844727
77.32511138916 5.0369701385498 266.70016479492
77.661430358887 5.4621052742004 266.44479370117
