141.38346862793 -11.195311546326 642.39221191406
128.55683898926 -1.5411120653152 653.69842529297
123.71907043457 -13.568077087402 650.58349609375
133.97044372559 -11.150267601013 660.27111816406
141.29008483887 -10.361782073975 642.35675048828
141.14727783203 -9.5429077148438 642.37280273438
140.87852478027 -8.7613906860352 642.52026367188
140.56135559082 -8.0143842697144 642.72143554688
140.20124816895 -7.2979712486267 642.97009277344
139.7928314209 -6.6325483322144 643.27478027344
139.36915588379 -5.9837474822998 643.59729003906
138.89837646484 -5.4016318321228 643.97711181641
138.41497802734 -4.8433694839478 644.37322998047
137.89958190918 -4.3456053733826 644.81060791016
137.36930847168 -3.8850507736206 645.2685546875
136.82618713379 -3.4567108154297 645.74426269531
136.2628326416 -3.0974245071411 646.25085449219
135.693359375 -2.7600388526917 646.76690673828
135.1086730957 -2.4989931583405 647.30987548828
134.52104187012 -2.2639665603638 647.85980224609
133.92620849609 -2.0919432640076 648.42663574219
133.33074951172 -1.9998614788055 649.00646972656
132.73475646973 -1.9746893644333 649.59716796875
132.13963317871 -1.9628911018372 650.18908691406
131.54455566406 -1.9497292041779 650.78082275391
130.94677734375 -1.8646541833878 651.36407470703
130.34942626953 -1.7958250045776 651.94940185547
129.75241088867 -1.7267723083496 652.53430175781
129.15463256836 -1.6339421272278 653.11639404297
140.64141845703 -11.171511650085 642.06414794922
139.85241699219 -10.987537384033 642.00598144531
139.10545349121 -10.700812339783 642.14764404297
138.42817687988 -10.301985740662 642.35412597656
137.76747131348 -9.927864074707 642.63677978516
137.00354003906 -9.8060207366943 642.88403320312
136.2840423584 -9.6323938369751 643.21936035156
135.5782623291 -9.5024089813232 643.60021972656
134.88893127441 -9.4374294281006 644.02563476562
134.20074462891 -9.4097356796265 644.45678710938
133.53167724609 -9.438889503479 644.91705322266
132.8776550293 -9.5154695510864 645.39324951172
132.21504211426 -9.6289854049683 645.84979248047
131.54389953613 -9.7848596572876 646.28070068359
130.86129760742 -9.9708642959595 646.68029785156
130.18016052246 -10.229089736938 647.03997802734
129.50064086914 -10.573699951172 647.32263183594
128.83349609375 -10.959176063538 647.58111572266
128.18263244629 -11.35516166687 647.86395263672
127.54716491699 -11.745645523071 648.1865234375
126.89320373535 -12.075340270996 648.53869628906
126.23565673828 -12.337597846985 648.93780517578
125.60107421875 -12.621975898743 649.3583984375
124.98789215088 -12.936283111572 649.78936767578
124.36280059814 -13.24534034729 650.20672607422
141.74890136719 -10.957143783569 643.05993652344
141.78210449219 -10.671745300293 643.80474853516
141.68643188477 -10.363339424133 644.53472900391
141.49049377441 -9.9516534805298 645.18994140625
141.18710327148 -9.6694145202637 645.87225341797
140.89683532715 -9.2797813415527 646.50555419922
140.55383300781 -9.0490217208862 647.18853759766
140.12963867188 -8.8856945037842 647.84490966797
139.70106506348 -8.7085399627686 648.49468994141
139.21533203125 -8.6665935516357 649.126953125
138.74334716797 -8.6532230377197 649.77081298828
138.28741455078 -8.6699123382568 650.42596435547
137.84553527832 -8.7110662460327 651.08966064453
137.39097595215 -8.8140172958374 651.73791503906
137.02433776855 -8.893874168396 652.44256591797
136.66133117676 -9.0443887710571 653.13751220703
136.33741760254 -9.219443321228 653.84588623047
136.25732421875 -9.4772529602051 654.59680175781
136.06936645508 -9.7466096878052 655.32440185547
135.76806640625 -9.984769821167 656.02429199219
135.43916320801 -10.189894676208 656.72222900391
135.15715026855 -10.447957992554 657.42315673828
134.95634460449 -10.749792098999 658.13415527344
134.57427978516 -10.828961372375 658.83068847656
134.24250793457 -10.960814476013 659.54479980469
