67.24292755127 3.6650784015656 266.37426757812
77.433624267578 -2.1932935714722 269.09240722656
79.593696594238 -0.085385948419571 264.95498657227
79.05322265625 2.0051982402802 271.35595703125
67.336891174316 3.2244639396667 266.54364013672
67.537231445312 2.8179740905762 266.70587158203
67.805976867676 2.4485418796539 266.85775756836
68.115570068359 2.1087131500244 267.00079345703
68.454238891602 1.7942841053009 267.13580322266
68.811386108398 1.4983685016632 267.2649230957
69.190490722656 1.2273337841034 267.38583374023
69.570625305176 0.95760357379913 267.50637817383
69.966987609863 0.70897305011749 267.6198425293
70.369323730469 0.46879601478577 267.73046875
70.779563903809 0.24048280715942 267.83709716797
71.194107055664 0.018941778689623 267.94134521484
71.617523193359 -0.18762880563736 268.04055786133
72.044769287109 -0.3873485326767 268.13739013672
72.475875854492 -0.57984691858292 268.23168945312
72.914665222168 -0.75688683986664 268.32064819336
73.352928161621 -0.93504238128662 268.41000366211
73.799407958984 -1.09494972229 268.49298095703
74.248085021973 -1.24957716465 268.57406616211
74.701812744141 -1.3912428617477 268.65063476562
75.143379211426 -1.5623079538345 268.73751831055
75.600578308105 -1.6942417621613 268.81060791016
76.060775756836 -1.817165851593 268.88046264648
76.503173828125 -1.9864132404327 268.96670532227
76.961929321289 -2.1138434410095 269.03814697266
67.606674194336 3.3324346542358 266.24468994141
68.00463104248 3.029810667038 266.29498291016
68.492980957031 2.9040768146515 266.27969360352
68.936912536621 2.6568987369537 266.27633666992
69.404525756836 2.4593591690063 266.30630493164
69.849487304688 2.21564245224 266.33477783203
70.331672668457 2.052524805069 266.35681152344
70.8212890625 1.913015961647 266.37991333008
71.309112548828 1.766047000885 266.39129638672
71.80078125 1.6321544647217 266.38845825195
72.295791625977 1.512274980545 266.37280273438
72.785415649414 1.3736947774887 266.34689331055
73.28165435791 1.2653418779373 266.30676269531
73.776794433594 1.1674637794495 266.23733520508
74.262840270996 1.0305246114731 266.16873168945
74.743446350098 0.88654631376266 266.07919311523
75.224105834961 0.75098675489426 265.97750854492
75.706588745117 0.6214348077774 265.87716674805
76.196960449219 0.52870255708694 265.77386474609
76.682823181152 0.42408791184425 265.66101074219
77.171485900879 0.32586935162544 265.5546875
77.656875610352 0.215721398592 265.44537353516
78.127952575684 0.065866120159626 265.32138061523
78.60376739502 -0.066937126219273 265.19729614258
79.098731994629 -0.076161481440067 265.07614135742
67.578681945801 3.5069096088409 266.71759033203
67.951934814453 3.2736845016479 266.96569824219
68.439926147461 3.2312164306641 267.09069824219
68.913513183594 3.1298635005951 267.23544311523
69.364524841309 2.9710278511047 267.39971923828
69.823265075684 2.8266699314117 267.55551147461
70.301200866699 2.7254769802094 267.68569946289
70.76904296875 2.5997805595398 267.83041381836
71.230590820312 2.4611489772797 267.98318481445
71.705688476562 2.3788368701935 268.13528442383
72.181602478027 2.3050882816315 268.28921508789
72.655860900879 2.2300651073456 268.4475402832
73.13402557373 2.1961805820465 268.60827636719
73.608642578125 2.1754589080811 268.78128051758
74.073417663574 2.1200304031372 268.97241210938
74.545959472656 2.1165814399719 269.15216064453
75.018508911133 2.1131322383881 269.33193969727
75.468849182129 2.0688557624817 269.55743408203
75.917610168457 2.0221002101898 269.78558349609
76.38892364502 2.0543527603149 269.96548461914
76.842239379883 2.0826408863068 270.18756103516
77.278121948242 2.092794418335 270.44351196289
77.756675720215 2.0800530910492 270.60598754883
78.232025146484 2.0740396976471 270.77813720703
78.670303344727 2.0493595600128 271.02877807617
