35.477909088135 -2.7279517650604 265.19732666016
80.028587341309 0.49170243740082 268.48709106445
79.672904968262 -3.0169129371643 273.53063964844
77.989387512207 -4.8107657432556 266.69467163086
37.135456085205 -2.2529399394989 265.21752929688
38.842811584473 -2.0225639343262 265.31280517578
40.552486419678 -1.8130172491074 265.4143371582
42.264755249023 -1.6302809715271 265.52380371094
43.976852416992 -1.4456573724747 265.63269042969
45.690715789795 -1.2825466394424 265.74795532227
47.406246185303 -1.1440049409866 265.87042236328
49.122440338135 -1.0173795223236 265.99639892578
50.837242126465 -0.86746418476105 266.11560058594
52.552700042725 -0.72777301073074 266.23776245117
54.268840789795 -0.60008853673935 266.36340332031
55.985427856445 -0.48135423660278 266.49169921875
57.702243804932 -0.3676224052906 266.62145996094
59.420028686523 -0.28094932436943 266.7590637207
61.138290405273 -0.21896687150002 266.90386962891
62.85661315918 -0.16326485574245 267.05044555664
64.574981689453 -0.12489646673203 267.20202636719
66.293342590332 -0.086884461343288 267.35369873047
68.011360168457 -0.077552556991577 267.51364135742
69.729309082031 -0.071402497589588 267.67440795898
71.447387695312 -0.058546002954245 267.83331298828
73.165733337402 -0.024232467636466 267.98608398438
74.883758544922 0.052471347153187 268.12661743164
76.599685668945 0.18412332236767 268.25109863281
78.315315246582 0.3209685087204 268.37408447266
37.12744140625 -2.5872228145599 265.72479248047
38.844467163086 -2.5002501010895 265.97839355469
40.561889648438 -2.4650123119354 266.24130249023
42.280952453613 -2.3187391757965 266.44985961914
44.004764556885 -2.22496509552 266.6491394043
45.723087310791 -2.1738574504852 266.90377807617
47.440040588379 -2.1285262107849 267.16854858398
49.158313751221 -2.0643060207367 267.42050170898
50.87979888916 -2.0563180446625 267.658203125
52.597793579102 -2.0415098667145 267.91967773438
54.313205718994 -2.0346784591675 268.19790649414
56.027297973633 -2.0309076309204 268.48419189453
57.743530273438 -2.0455012321472 268.75698852539
59.462509155273 -2.1040511131287 269.00552368164
61.181564331055 -2.1673998832703 269.25234985352
62.901695251465 -2.220752954483 269.49401855469
64.620407104492 -2.2370340824127 269.75061035156
66.337951660156 -2.282589673996 270.01147460938
68.054565429688 -2.3175871372223 270.28002929688
69.765800476074 -2.4042522907257 270.57028198242
71.477355957031 -2.4482197761536 270.8681640625
73.176742553711 -2.4555475711823 271.23165893555
74.862091064453 -2.5301129817963 271.64889526367
76.527946472168 -2.6180500984192 272.1360168457
78.159469604492 -2.7477087974548 272.72024536133
37.05451965332 -3.1472434997559 265.07754516602
38.696109771729 -3.0712373256683 265.09963989258
40.339477539062 -3.0655844211578 265.12817382812
41.982715606689 -3.0737755298615 265.1611328125
43.624782562256 -3.1097464561462 265.22296142578
45.267223358154 -3.1310267448425 265.28085327148
46.910346984863 -3.1199712753296 265.31982421875
48.553508758545 -3.1257452964783 265.35748291016
50.195766448975 -3.1117165088654 265.4231262207
51.83768081665 -3.0909910202026 265.49523925781
53.479804992676 -3.0722625255585 265.56079101562
55.120887756348 -3.1316800117493 265.62948608398
56.758735656738 -3.2255063056946 265.72979736328
58.399517059326 -3.2675356864929 265.81652832031
60.042095184326 -3.2827608585358 265.8727722168
61.68338394165 -3.330926656723 265.94595336914
63.323406219482 -3.3821358680725 266.04159545898
64.964584350586 -3.38458776474 266.13110351562
66.604591369629 -3.4313309192657 266.22952270508
68.243392944336 -3.4938294887543 266.33850097656
69.880004882812 -3.6123552322388 266.43322753906
71.51570892334 -3.7398719787598 266.53173828125
73.145225524902 -3.9305047988892 266.63082885742
74.768714904785 -4.1748099327087 266.708984375
76.393974304199 -4.4180345535278 266.73864746094
