101.50704193115 -6.6543455123901 328.30242919922
60.613010406494 -25.971557617188 326.86224365234
49.840881347656 -24.417346954346 340.4377746582
47.065727233887 -15.998112678528 326.14059448242
100.52243041992 -8.0351905822754 327.74688720703
99.198631286621 -9.1838064193726 327.4026184082
97.833129882812 -10.292211532593 327.09094238281
96.42115020752 -11.35152053833 326.81802368164
94.974731445312 -12.371095657349 326.57577514648
93.515632629395 -13.375202178955 326.34527587891
92.020080566406 -14.332070350647 326.15014648438
90.50862121582 -15.266847610474 325.97134399414
88.963912963867 -16.152177810669 325.8283996582
87.407524108887 -17.018905639648 325.69876098633
85.924682617188 -17.992036819458 325.49145507812
84.340553283691 -18.811521530151 325.39517211914
82.717895507812 -19.556713104248 325.35015869141
81.086082458496 -20.282346725464 325.31838989258
79.451370239258 -21.001598358154 325.29095458984
77.804756164551 -21.693655014038 325.28173828125
76.139442443848 -22.339134216309 325.30340576172
74.464988708496 -22.959669113159 325.34136962891
72.762496948242 -23.491537094116 325.43634033203
71.049705505371 -23.983814239502 325.55615234375
69.323875427246 -24.416584014893 325.71295166016
67.591865539551 -24.815294265747 325.89053344727
65.854179382324 -25.176977157593 326.0905456543
64.109603881836 -25.479379653931 326.32583618164
62.362930297852 -25.757030487061 326.57568359375
99.830024719238 -7.9928579330444 328.72402954102
97.985862731934 -9.171365737915 328.73278808594
96.089515686035 -10.262475013733 328.787109375
94.168174743652 -11.294641494751 328.96987915039
92.243232727051 -12.315329551697 329.17697143555
90.312316894531 -13.305252075195 329.46325683594
88.37971496582 -14.284299850464 329.77401733398
86.42896270752 -15.200613021851 330.15515136719
84.473915100098 -16.101047515869 330.55145263672
82.481132507324 -16.904735565186 330.96762084961
80.476165771484 -17.668821334839 331.39959716797
78.470008850098 -18.419256210327 331.84957885742
76.477767944336 -19.207418441772 332.29653930664
74.439971923828 -19.877412796021 332.7307434082
72.41739654541 -20.499500274658 333.28964233398
70.363174438477 -21.029186248779 333.82794189453
68.275360107422 -21.466575622559 334.31784057617
66.205589294434 -21.929777145386 334.85803222656
64.134841918945 -22.35496711731 335.42504882812
62.065204620361 -22.743743896484 336.02151489258
60.002418518066 -23.085611343384 336.66833496094
57.946563720703 -23.405670166016 337.34753417969
55.896625518799 -23.682075500488 338.06283569336
53.850883483887 -23.887273788452 338.81326293945
51.773380279541 -24.173055648804 339.4397277832
99.570724487305 -7.3592495918274 327.63436889648
97.622467041016 -8.2476263046265 327.29876708984
95.666053771973 -9.125638961792 326.98413085938
93.688682556152 -9.9528789520264 326.66394042969
91.654541015625 -10.64511013031 326.38006591797
89.611968994141 -11.309597015381 326.09042358398
87.561187744141 -11.94567489624 325.79525756836
85.49006652832 -12.511716842651 325.49926757812
83.413581848145 -13.065950393677 325.22003173828
81.303092956543 -13.538437843323 325.07833862305
79.203819274902 -14.042866706848 324.8893737793
77.137954711914 -14.623353004456 324.58612060547
75.02490234375 -15.087863922119 324.45727539062
72.896499633789 -15.494376182556 324.41220092773
70.757499694824 -15.841746330261 324.44750976562
68.600143432617 -16.045251846313 324.49099731445
66.43815612793 -16.188161849976 324.54479980469
64.274520874023 -16.281150817871 324.6318359375
62.113708496094 -16.414293289185 324.73526000977
59.955219268799 -16.571268081665 324.85247802734
57.794689178467 -16.622230529785 325.01666259766
55.629451751709 -16.573120117188 325.09948730469
53.465167999268 -16.470432281494 325.15243530273
51.311573028564 -16.32904624939 325.35125732422
49.178050994873 -16.120742797852 325.67092895508
