56.020557403564 5.9444117546082 271.08541870117
66.548774719238 -1.6467312574387 272.18954467773
70.033538818359 -0.30428102612495 267.94003295898
69.962097167969 1.2907814979553 275.07800292969
56.26732635498 5.5138416290283 271.17959594727
56.610645294189 5.148693561554 271.24743652344
56.9700050354 4.7982878684998 271.30978393555
57.342609405518 4.4611506462097 271.36740112305
57.725879669189 4.1354975700378 271.4208984375
58.11930847168 3.82151055336 271.47033691406
58.507732391357 3.5016906261444 271.52185058594
58.904930114746 3.192234992981 271.56973266602
59.308074951172 2.8901867866516 271.61508178711
59.714866638184 2.5928246974945 271.65884399414
60.117485046387 2.2901434898376 271.70443725586
60.541034698486 2.0161116123199 271.74035644531
60.944034576416 1.7138856649399 271.78579711914
61.359039306641 1.4275515079498 271.82583618164
61.775707244873 1.1435416936874 271.86511230469
62.178958892822 0.84161710739136 271.91036987305
62.599781036377 0.56354838609695 271.94766235352
63.028244018555 0.29687228798866 271.9811706543
63.461212158203 0.037287171930075 272.01235961914
63.903522491455 -0.20597271621227 272.03829956055
64.31282043457 -0.5000364780426 272.08093261719
64.729270935059 -0.78436022996902 272.12026977539
65.163719177246 -1.0415064096451 272.1506652832
65.603607177734 -1.2896194458008 272.17813110352
66.068244934082 -1.4889048337936 272.19018554688
56.524787902832 5.6646375656128 270.88345336914
57.037670135498 5.3712878227234 270.74279785156
57.560073852539 5.0630059242249 270.66958618164
58.08247756958 4.7547240257263 270.59634399414
58.604885101318 4.4464421272278 270.52313232422
59.127288818359 4.1381602287292 270.44989013672
59.6496925354 3.8298783302307 270.3766784668
60.184768676758 3.5514945983887 270.29385375977
60.749053955078 3.3420267105103 270.18890380859
61.313343048096 3.1325590610504 270.083984375
61.877628326416 2.923091173172 269.97903442383
62.441913604736 2.7136235237122 269.87411499023
63.001056671143 2.5015802383423 269.75323486328
63.540596008301 2.2797183990479 269.57162475586
64.080131530762 2.0578565597534 269.39001464844
64.619674682617 1.8359944820404 269.20843505859
65.173263549805 1.6219329833984 269.06362915039
65.72730255127 1.4081169366837 268.91998291016
66.28133392334 1.1943007707596 268.77630615234
66.832160949707 0.97384005784988 268.63165283203
67.36164855957 0.70921516418457 268.48025512695
67.891136169434 0.4445903301239 268.32885742188
68.420623779297 0.17996545135975 268.1774597168
68.95149230957 -0.08175465464592 268.02789306641
69.544799804688 -0.21193946897984 267.96194458008
56.510608673096 5.7855949401855 271.28863525391
57.059970855713 5.5734915733337 271.36669921875
57.609336853027 5.3613886833191 271.44473266602
58.158702850342 5.1492853164673 271.52279663086
58.679832458496 4.8962745666504 271.64984130859
59.194282531738 4.6335797309875 271.78848266602
59.708728790283 4.3708853721619 271.92709350586
60.237133026123 4.137619972229 272.05825805664
60.791278839111 3.9586505889893 272.17559814453
61.345428466797 3.7796814441681 272.29296875
61.899574279785 3.6007122993469 272.41033935547
62.444320678711 3.4203271865845 272.55712890625
62.96898651123 3.2369182109833 272.76681518555
63.493656158447 3.0535089969635 272.97650146484
64.018325805664 2.8700997829437 273.18618774414
64.561805725098 2.7197349071503 273.36935424805
65.117134094238 2.5901520252228 273.53579711914
65.672454833984 2.4605689048767 273.70227050781
66.22777557373 2.3309860229492 273.86871337891
66.783157348633 2.1992182731628 274.03283691406
67.339416503906 2.0379521846771 274.16494750977
67.895668029785 1.8766862154007 274.29708862305
68.451919555664 1.715420126915 274.42919921875
68.989402770996 1.5659644603729 274.63150024414
69.524337768555 1.4181064367294 274.84332275391
