69.093086242676 -2.7851774692535 268.19998168945
79.300483703613 2.7083652019501 273.54611206055
81.607444763184 -1.7193106412888 274.41333007812
82.329429626465 2.1367466449738 269.46417236328
69.179298400879 -2.3971483707428 268.50772094727
69.397003173828 -2.0496444702148 268.79879760742
69.690628051758 -1.7421278953552 269.06747436523
70.027465820312 -1.4647749662399 269.31777954102
70.38599395752 -1.2051824331284 269.55676269531
70.760078430176 -0.95969617366791 269.78668212891
71.141929626465 -0.72169768810272 270.01162719727
71.529853820801 -0.48983046412468 270.23254394531
71.926765441895 -0.26746001839638 270.44717407227
72.333969116211 -0.056634344160557 270.6540222168
72.743606567383 0.15133060514927 270.85897827148
73.158493041992 0.35298484563828 271.05963134766
73.582817077637 0.54262739419937 271.25207519531
74.010841369629 0.72730374336243 271.44116210938
74.437164306641 0.91426730155945 271.6318359375
74.863929748535 1.1006537675858 271.82205200195
75.291038513184 1.2865933179855 272.01196289062
75.72151184082 1.4679050445557 272.19873046875
76.152496337891 1.6484891176224 272.38497924805
76.591720581055 1.8171708583832 272.56298828125
77.03337097168 1.9821938276291 272.73840332031
77.476097106934 2.1455368995667 272.91268920898
77.925483703613 2.298150062561 273.07946777344
78.378364562988 2.4448432922363 273.24206542969
78.84058380127 2.5743842124939 273.39251708984
69.509979248047 -2.7528712749481 268.54534912109
69.975769042969 -2.6614031791687 268.80902099609
70.445953369141 -2.5914092063904 269.07131958008
70.926750183105 -2.4931840896606 269.30377197266
71.405143737793 -2.3717267513275 269.53018188477
71.885963439941 -2.2504110336304 269.75149536133
72.371963500977 -2.1311485767365 269.96234130859
72.863235473633 -2.0244398117065 270.16757202148
73.360824584961 -1.9355654716492 270.36596679688
73.847808837891 -1.8503810167313 270.59060668945
74.332717895508 -1.7667261362076 270.82025146484
74.824798583984 -1.7033972740173 271.04089355469
75.301422119141 -1.6482487916946 271.29501342773
75.754432678223 -1.6033378839493 271.59072875977
76.244667053223 -1.583931684494 271.82348632812
76.735168457031 -1.5694768428802 272.05599975586
77.226417541504 -1.5767463445663 272.28729248047
77.716758728027 -1.5756816864014 272.52062988281
78.204429626465 -1.5547662973404 272.75857543945
78.691551208496 -1.525967001915 272.99682617188
79.177680969238 -1.4867522716522 273.23553466797
79.662048339844 -1.5090185403824 273.48001098633
80.145202636719 -1.5458784103394 273.72509765625
80.650413513184 -1.5767768621445 273.92178344727
81.137954711914 -1.6361802816391 274.15344238281
69.545349121094 -2.4762473106384 268.16030883789
70.027862548828 -2.2421832084656 268.27996826172
70.506301879883 -1.9797352552414 268.34457397461
70.998252868652 -1.7514575719833 268.43292236328
71.502555847168 -1.5669122934341 268.54949951172
72.009635925293 -1.3935846090317 268.67114257812
72.51863861084 -1.2287497520447 268.79653930664
73.027450561523 -1.0630390644073 268.92147827148
73.527503967285 -0.8605809211731 269.02603149414
74.028495788574 -0.65959072113037 269.12884521484
74.547431945801 -0.49109137058258 269.1943359375
75.063407897949 -0.31327328085899 269.25854492188
75.573150634766 -0.11751311272383 269.32025146484
76.085655212402 0.074364669620991 269.37023925781
76.600852966309 0.26190128922462 269.40737915039
77.116912841797 0.44862049818039 269.43542480469
77.634033203125 0.63399493694305 269.44964599609
78.151885986328 0.81714397668839 269.4658203125
78.670349121094 0.99838310480118 269.4836730957
79.186531066895 1.1849125623703 269.51089477539
79.69938659668 1.3782776594162 269.55038452148
80.212219238281 1.571692109108 269.58993530273
80.742393493652 1.7154096364975 269.5764465332
81.270210266113 1.8667275905609 269.55435180664
81.794059753418 2.0305190086365 269.52746582031
