60.861053466797 -13.618925094604 271.93701171875
78.803665161133 3.6714465618134 268.0080871582
82.190071105957 3.7197830677032 269.66564941406
83.265159606934 3.2869319915771 265.99200439453
61.124210357666 -12.67839050293 271.77853393555
61.557033538818 -11.803463935852 271.61651611328
62.094497680664 -10.988376617432 271.45523071289
62.670539855957 -10.19993686676 271.29479980469
63.27942276001 -9.4362926483154 271.13552856445
63.886821746826 -8.671498298645 270.97616577148
64.508453369141 -7.9180817604065 270.81741333008
65.126976013184 -7.1621599197388 270.6584777832
65.750122070312 -6.4100122451782 270.4997253418
66.389228820801 -5.6712303161621 270.34173583984
67.05322265625 -4.9544115066528 270.18508911133
67.711364746094 -4.2323179244995 270.0280456543
68.389266967773 -3.5285022258759 269.87219238281
69.090225219727 -2.8472716808319 269.71783447266
69.80118560791 -2.1763651371002 269.56423950195
70.534729003906 -1.5297482013702 269.41244506836
71.288909912109 -0.90688788890839 269.26254272461
72.0615234375 -0.3066186606884 269.11462402344
72.855529785156 0.26575022935867 268.96905517578
73.66820526123 0.81188333034515 268.82586669922
74.499374389648 1.330206990242 268.68536376953
75.340881347656 1.832013964653 268.54647827148
76.202079772949 2.3002355098724 268.41098022461
77.078384399414 2.7404322624207 268.27844238281
77.946746826172 3.1956582069397 268.14434814453
61.597515106201 -12.834669113159 272.04992675781
62.254600524902 -11.975847244263 272.02001953125
62.892871856689 -11.111526489258 271.89428710938
63.571697235107 -10.284655570984 271.73388671875
64.260307312012 -9.4733381271362 271.53936767578
64.936515808105 -8.645393371582 271.37353515625
65.628967285156 -7.8318958282471 271.20324707031
66.29655456543 -6.9947605133057 271.04904174805
67.043632507324 -6.238742351532 270.84759521484
67.771018981934 -5.4523019790649 270.69702148438
68.51993560791 -4.6871809959412 270.54217529297
69.311576843262 -3.9714977741241 270.36514282227
70.111488342285 -3.2587864398956 270.21530151367
70.926361083984 -2.5596768856049 270.08309936523
71.744171142578 -1.8602879047394 269.97219848633
72.608322143555 -1.2191704511642 269.8606262207
73.515617370605 -0.63645720481873 269.77395629883
74.434577941895 -0.068840898573399 269.71420288086
75.385139465332 0.43757894635201 269.61306762695
76.316284179688 0.98682284355164 269.57366943359
77.27067565918 1.4951968193054 269.54290771484
78.249168395996 1.9551123380661 269.50701904297
79.235038757324 2.3996164798737 269.47998046875
80.231781005859 2.8200466632843 269.47940063477
81.219360351562 3.254065990448 269.56036376953
61.61442565918 -12.930119514465 271.46038818359
62.320838928223 -12.089122772217 271.20904541016
63.035720825195 -11.241795539856 271.00790405273
63.74333190918 -10.390769958496 270.796875
64.438217163086 -9.5367956161499 270.55743408203
65.126518249512 -8.6871910095215 270.28561401367
65.862411499023 -7.8618431091309 270.06939697266
66.626663208008 -7.0538449287415 269.88900756836
67.396934509277 -6.2498979568481 269.71624755859
68.157958984375 -5.4430723190308 269.51788330078
68.945449829102 -4.6604862213135 269.32577514648
69.766654968262 -3.9097671508789 269.14819335938
70.60277557373 -3.1785163879395 268.95935058594
71.466911315918 -2.4804482460022 268.77105712891
72.361274719238 -1.8232660293579 268.5768737793
73.279624938965 -1.1983782052994 268.38815307617
74.226684570312 -0.61502879858017 268.20852661133
75.181976318359 -0.053173154592514 268.00552368164
76.17162322998 0.45218169689178 267.81930541992
77.173782348633 0.9380077123642 267.64865112305
78.202133178711 1.3623185157776 267.46997070312
79.221130371094 1.7861585617065 267.24310302734
80.252571105957 2.1837201118469 267.02505493164
81.284599304199 2.5693302154541 266.78903198242
82.280700683594 2.9458780288696 266.42095947266
