85.835548400879 -10.124347686768 403.38732910156
94.483283996582 3.7272417545319 409.82077026367
102.54137420654 -0.12175729870796 415.62145996094
102.50094604492 4.0793404579163 405.57650756836
85.887321472168 -9.4909048080444 403.6257019043
86.092353820801 -8.8938636779785 403.87573242188
86.358932495117 -8.3219814300537 404.12664794922
86.657356262207 -7.7658576965332 404.37710571289
86.974151611328 -7.2196516990662 404.62683105469
87.303016662598 -6.68039894104 404.87606811523
87.645942687988 -6.1495704650879 405.12445068359
87.992897033691 -5.6212711334229 405.37258911133
88.341987609863 -5.0942907333374 405.62057495117
88.7001953125 -4.5731863975525 405.86798095703
89.057693481445 -4.0516157150269 406.11541748047
89.39981842041 -3.5202941894531 406.36383056641
89.76473236084 -3.0036289691925 406.61074829102
90.111953735352 -2.4754781723022 406.85885620117
90.467308044434 -1.9525237083435 407.1064453125
90.852485656738 -1.4498785734177 407.35147094727
91.206741333008 -0.92620038986206 407.59915161133
91.572219848633 -0.40989524126053 407.84594726562
91.92049407959 0.11757025867701 408.09405517578
92.285545349121 0.63418459892273 408.34085083008
92.639442443848 1.1580862998962 408.58853149414
93.019142150879 1.6646138429642 408.83410644531
93.371551513672 2.1894662380219 409.08190917969
93.735649108887 2.7066996097565 409.3288269043
94.092071533203 3.2289772033691 409.57632446289
86.138931274414 -9.6236772537231 404.08129882812
86.68872833252 -9.0424146652222 404.5124206543
87.311149597168 -8.5482988357544 404.95358276367
87.897270202637 -8.012544631958 405.39587402344
88.490768432617 -7.4682292938232 405.81741333008
89.105827331543 -6.934775352478 406.22152709961
89.749572753906 -6.4262957572937 406.6130065918
90.375 -5.912956237793 407.02716064453
90.99446105957 -5.3971080780029 407.44714355469
91.626960754395 -4.89790391922 407.86776733398
92.239860534668 -4.4243068695068 408.34344482422
92.879867553711 -3.9567503929138 408.78842163086
93.50154876709 -3.4940557479858 409.26342773438
94.117225646973 -3.041960477829 409.7561340332
94.766006469727 -2.5971810817719 410.21160888672
95.437301635742 -2.2081937789917 410.68515014648
96.106056213379 -1.8066328763962 411.15176391602
96.763603210449 -1.3849630355835 411.61654663086
97.415863037109 -1.0088320970535 412.1257019043
98.091697692871 -0.69189953804016 412.64431762695
98.74967956543 -0.40700528025627 413.20294189453
99.441558837891 -0.20936763286591 413.75820922852
100.22133636475 -0.15094436705112 414.22088623047
101.00475311279 -0.031172690913081 414.66589355469
101.73864746094 -0.053089499473572 415.20114135742
86.334968566895 -9.4154043197632 403.3854675293
86.89234161377 -8.7790212631226 403.58099365234
87.465103149414 -8.1524362564087 403.7629699707
88.079597473145 -7.5696849822998 403.95443725586
88.705947875977 -7.0089211463928 404.17144775391
89.309440612793 -6.4116868972778 404.35308837891
89.903961181641 -5.8003158569336 404.5163269043
90.532333374023 -5.2264156341553 404.68859863281
91.16236114502 -4.6500582695007 404.84600830078
91.796989440918 -4.0772519111633 404.9977722168
92.441207885742 -3.509583234787 405.12670898438
93.088836669922 -2.9421288967133 405.23834228516
93.731346130371 -2.3680322170258 405.34555053711
94.367874145508 -1.7896987199783 405.46493530273
95.013114929199 -1.2161569595337 405.55755615234
95.666702270508 -0.64829099178314 405.62240600586
96.326194763184 -0.085919134318829 405.67437744141
96.999298095703 0.45608019828796 405.75778198242
97.678779602051 0.99057900905609 405.83847045898
98.33568572998 1.5516676902771 405.9248046875
98.856468200684 2.2434139251709 405.90679931641
99.538871765137 2.7756342887878 405.93276977539
100.31169128418 3.1686606407166 405.95986938477
101.05098724365 3.606151342392 406.08236694336
101.82794189453 3.9917950630188 406.09448242188
