67.462944030762 -3.857524394989 267.7737121582
78.815292358398 1.8955178260803 277.09884643555
83.966735839844 -4.0375580787659 277.1755065918
83.215476989746 4.9083752632141 272.16827392578
67.349952697754 -3.5548748970032 268.3210144043
67.423210144043 -3.2428476810455 268.87008666992
67.598785400391 -2.9373862743378 269.39932250977
67.860328674316 -2.6444888114929 269.89938354492
68.186233520508 -2.3658545017242 270.3688659668
68.56046295166 -2.1012768745422 270.80953979492
68.983985900879 -1.8545155525208 271.21459960938
69.43669128418 -1.6203631162643 271.59484863281
69.911033630371 -1.3968445062637 271.95452880859
70.399070739746 -1.1805936098099 272.30010986328
70.892578125 -0.96745973825455 272.63980102539
71.392066955566 -0.75778412818909 272.97280883789
71.910202026367 -0.55970925092697 273.28372192383
72.422752380371 -0.35801416635513 273.60147094727
72.942260742188 -0.16083487868309 273.91064453125
73.467742919922 0.032285794615746 274.2121887207
73.993835449219 0.22503124177456 274.51290893555
74.526733398438 0.41294321417809 274.80456542969
75.063064575195 0.5983659029007 275.09149169922
75.597869873047 0.78489726781845 275.38052368164
76.107849121094 0.98817628622055 275.70138549805
76.646141052246 1.1721452474594 275.98559570312
77.194175720215 1.3485690355301 276.2555847168
77.740516662598 1.5263315439224 276.52810668945
78.281959533691 1.7079250812531 276.80776977539
67.825180053711 -3.9155061244965 268.419921875
68.131385803223 -3.649393081665 269.0412902832
68.751037597656 -3.5316476821899 269.44174194336
69.362281799316 -3.4272055625916 269.85824584961
69.999092102051 -3.3335475921631 270.23785400391
70.642204284668 -3.260246515274 270.61138916016
71.297149658203 -3.1745150089264 270.95956420898
71.973022460938 -3.0798351764679 271.26254272461
72.632713317871 -3.0334312915802 271.61026000977
73.301216125488 -3.0236964225769 271.94421386719
73.974143981934 -3.0301265716553 272.26922607422
74.652839660645 -3.0481746196747 272.58163452148
75.33235168457 -3.0698018074036 272.89202880859
76.009841918945 -3.0995962619781 273.20614624023
76.686653137207 -3.1327395439148 273.52139282227
77.364082336426 -3.1687314510345 273.83502197266
78.042098999023 -3.2073698043823 274.14703369141
78.719482421875 -3.2467408180237 274.46029663086
79.390014648438 -3.2941627502441 274.78695678711
80.058937072754 -3.3416068553925 275.11669921875
80.708908081055 -3.3831810951233 275.48324584961
81.354843139648 -3.4278182983398 275.85589599609
82.00439453125 -3.573210477829 276.19573974609
82.653373718262 -3.7348539829254 276.529296875
83.308067321777 -3.8889119625092 276.85516357422
67.814483642578 -3.3185255527496 268.11248779297
68.070983886719 -2.904194355011 268.64895629883
68.66291809082 -2.6244964599609 268.96719360352
69.239585876465 -2.2607996463776 269.22525024414
69.839904785156 -1.9368162155151 269.48248291016
70.457504272461 -1.6202615499496 269.70611572266
71.083854675293 -1.3086782693863 269.91146850586
71.724273681641 -1.0089995861053 270.08963012695
72.366645812988 -0.71106445789337 270.26364135742
73.014144897461 -0.41726818680763 270.42520141602
73.66552734375 -0.12634752690792 270.57580566406
74.321907043457 0.16585093736649 270.7001953125
74.97257232666 0.47080209851265 270.82400512695
75.620719909668 0.78045076131821 270.94927978516
76.263023376465 1.0992859601974 271.08148193359
76.900817871094 1.4245456457138 271.2197265625
77.534553527832 1.7565242052078 271.3603515625
78.182945251465 2.072998046875 271.4658203125
78.82837677002 2.3958396911621 271.57006835938
79.468482971191 2.7291715145111 271.67398071289
80.089889526367 3.0959136486053 271.77908325195
80.706954956055 3.4690639972687 271.88705444336
81.309860229492 3.862114906311 272.0041809082
81.913124084473 4.2546892166138 272.12057495117
82.559196472168 4.5907969474792 272.15664672852
