62.575634002686 -8.8674869537354 274.17706298828
66.699203491211 5.4349122047424 276.13143920898
71.555976867676 2.155172586441 282.83868408203
74.80485534668 2.7078700065613 272.60726928711
61.994895935059 -8.6361293792725 274.03521728516
61.659740447998 -8.090708732605 273.9778137207
61.433086395264 -7.4896359443665 273.95275878906
61.284240722656 -6.8641786575317 273.95007324219
61.19454574585 -6.2276835441589 273.96383666992
61.162658691406 -5.5862035751343 273.99337768555
61.17911529541 -4.9448623657227 274.03588867188
61.238849639893 -4.3069519996643 274.08984375
61.335021972656 -3.674437046051 274.15313720703
61.495597839355 -3.0569536685944 274.23284912109
61.678100585938 -2.4463295936584 274.31802368164
61.879367828369 -1.8422918319702 274.40777587891
62.09765625 -1.2448451519012 274.50177001953
62.327075958252 -0.65202182531357 274.59844970703
62.58561706543 -0.07251600176096 274.7021484375
62.860301971436 0.49878868460655 274.80972290039
63.172256469727 1.0488817691803 274.92593383789
63.489646911621 1.5955772399902 275.04348754883
63.821666717529 2.1327800750732 275.16430664062
64.178741455078 2.6523077487946 275.29086303711
64.552635192871 3.1589379310608 275.42111206055
64.94034576416 3.6542553901672 275.5544128418
65.357162475586 4.1235098838806 275.69400024414
65.800987243652 4.5655255317688 275.8391418457
66.275024414062 4.9727349281311 275.99038696289
62.499374389648 -8.3036022186279 274.53216552734
62.485218048096 -7.6715059280396 274.75582885742
62.622123718262 -7.0387187004089 274.92761230469
62.990879058838 -6.5441069602966 275.14361572266
63.556396484375 -6.4864292144775 275.46939086914
63.863983154297 -6.028470993042 275.84371948242
64.113914489746 -5.4445295333862 276.05953979492
64.432556152344 -4.8836374282837 276.24499511719
64.773780822754 -4.352632522583 276.47299194336
65.128692626953 -3.855895280838 276.75170898438
65.536445617676 -3.3950157165527 277.01928710938
65.948699951172 -2.9793932437897 277.34805297852
66.36661529541 -2.5834457874298 277.69360351562
66.776870727539 -2.1874313354492 278.04806518555
67.164794921875 -1.7734249830246 278.40716552734
67.561317443848 -1.3711624145508 278.77017211914
67.967277526855 -0.98415732383728 279.13925170898
68.350883483887 -0.59809583425522 279.5325012207
68.733757019043 -0.22308571636677 279.93695068359
69.141540527344 0.13190600275993 280.33508300781
69.547782897949 0.46392843127251 280.75408935547
69.949317932129 0.77337890863419 281.19436645508
70.340476989746 1.1126651763916 281.6217956543
70.751815795898 1.4751498699188 282.00939941406
71.123245239258 1.8399894237518 282.43341064453
62.741748809814 -8.2496089935303 273.94924926758
62.792152404785 -7.5853381156921 273.81939697266
62.972755432129 -6.9352526664734 273.82846069336
63.458400726318 -6.4864406585693 273.89987182617
64.103950500488 -6.3417220115662 273.84167480469
64.530426025391 -5.8171057701111 273.80639648438
64.824523925781 -5.2053713798523 273.80700683594
65.180557250977 -4.6327719688416 273.88781738281
65.60319519043 -4.1003661155701 273.8955078125
66.065902709961 -3.6022036075592 273.87731933594
66.54256439209 -3.1178648471832 273.86410522461
67.064788818359 -2.6843721866608 273.82000732422
67.598876953125 -2.2666323184967 273.76699829102
68.144340515137 -1.864906668663 273.7063293457
68.684509277344 -1.4546518325806 273.65615844727
69.229141235352 -1.0520043373108 273.5944519043
69.773567199707 -0.65434730052948 273.50463867188
70.319686889648 -0.26309728622437 273.39852905273
70.88028717041 0.10931314527988 273.30026245117
71.437606811523 0.48530057072639 273.19714355469
72.002418518066 0.84717041254044 273.0846862793
72.574501037598 1.1982101202011 272.97467041016
73.147888183594 1.5501409769058 272.87469482422
73.718017578125 1.9084635972977 272.77905273438
74.265449523926 2.3053283691406 272.70538330078
