97.834411621094 -4.610239982605 348.94848632812
55.433799743652 -12.014778137207 344.81817626953
47.302932739258 -2.6242821216583 345.59451293945
50.917507171631 -5.6316676139832 336.09045410156
96.60977935791 -5.7505841255188 349.20074462891
95.100952148438 -6.5241522789001 349.25830078125
93.565185546875 -7.2444405555725 349.28997802734
92.004486083984 -7.9095668792725 349.29534912109
90.415512084961 -8.503475189209 349.26745605469
88.807052612305 -9.0402507781982 349.21337890625
87.177154541016 -9.5031099319458 349.12609863281
85.531776428223 -9.9003667831421 349.00991821289
83.888137817383 -10.303789138794 348.89645385742
82.222923278809 -10.582570075989 348.72943115234
80.557029724121 -10.85576915741 348.56005859375
78.886695861816 -11.086436271667 348.37283325195
77.211524963379 -11.246153831482 348.15640258789
75.535522460938 -11.381525039673 347.93008422852
73.859024047852 -11.475650787354 347.68713378906
72.183006286621 -11.534379005432 347.43002319336
70.506927490234 -11.595544815063 347.17391967773
68.830551147461 -11.673044204712 346.92428588867
67.15503692627 -11.715744018555 346.6608581543
65.478691101074 -11.790884017944 346.41030883789
63.803058624268 -11.837083816528 346.14828491211
62.126560211182 -11.940938949585 345.90921020508
60.450061798096 -12.034397125244 345.66595458984
58.774311065674 -12.083892822266 345.40521240234
57.100891113281 -12.085035324097 345.12548828125
95.959281921387 -4.6844801902771 349.03463745117
94.006538391113 -4.9361257553101 348.87759399414
92.07202911377 -5.3310198783875 348.75738525391
90.138687133789 -5.6376495361328 348.48678588867
88.201805114746 -5.95356798172 348.3542175293
86.256546020508 -6.1784715652466 348.13000488281
84.312278747559 -6.2297973632812 347.88357543945
82.351821899414 -6.2820024490356 347.67709350586
80.383918762207 -6.240818977356 347.48556518555
78.411315917969 -6.1922101974487 347.36907958984
76.446754455566 -6.0685901641846 347.17178344727
74.473655700684 -5.963876247406 347.12893676758
72.504669189453 -5.7860269546509 347.10165405273
70.544120788574 -5.5551924705505 346.98526000977
68.597122192383 -5.2692766189575 346.78286743164
66.65397644043 -4.9806623458862 346.54986572266
64.700370788574 -4.710075378418 346.3971862793
62.756767272949 -4.3738136291504 346.24938964844
60.813297271729 -4.0264978408813 346.12258911133
58.86837387085 -3.6967341899872 345.98178100586
56.915157318115 -3.3824708461761 345.99060058594
54.960742950439 -3.0804946422577 345.99978637695
53.004325866699 -2.7985255718231 345.99035644531
51.044860839844 -2.5406975746155 346.03329467773
49.111312866211 -2.3625674247742 346.35290527344
96.241600036621 -5.0703806877136 348.25997924805
94.44352722168 -5.5372252464294 347.92001342773
92.604072570801 -5.9097032546997 347.72235107422
90.759315490723 -6.249614238739 347.45785522461
88.909805297852 -6.5502605438232 347.18142700195
87.054214477539 -6.7842378616333 346.89065551758
85.19116973877 -6.9040336608887 346.59301757812
83.340362548828 -6.994556427002 346.20150756836
81.489356994629 -7.0059547424316 345.80017089844
79.654388427734 -6.8874816894531 345.36120605469
77.815612792969 -6.9329710006714 344.91055297852
75.995567321777 -7.0151343345642 344.39468383789
74.178298950195 -6.8382740020752 343.9016418457
72.365592956543 -6.854248046875 343.35437011719
70.537696838379 -6.7664408683777 342.86526489258
68.720977783203 -6.7006816864014 342.33312988281
66.908805847168 -6.6220450401306 341.79125976562
65.120025634766 -6.5537538528442 341.17575073242
63.330913543701 -6.433367729187 340.5673828125
61.543899536133 -6.2338786125183 339.98684692383
59.765037536621 -6.1345558166504 339.34420776367
57.994346618652 -5.9975929260254 338.68563842773
56.238555908203 -5.9604020118713 337.98736572266
54.483444213867 -5.9199967384338 337.28012084961
52.730930328369 -5.8770017623901 336.57626342773
