150.87576293945 17.102279663086 612.35400390625
152.58470153809 -12.618535995483 619.96844482422
145.68420410156 -32.193744659424 601.41918945312
170.77809143066 -26.934019088745 608.15997314453
150.54295349121 17.009960174561 613.55596923828
150.32852172852 16.355115890503 614.60211181641
150.20831298828 15.432782173157 615.44213867188
150.15539550781 14.373380661011 616.11029052734
150.15647888184 13.231395721436 616.6279296875
150.18765258789 12.053638458252 617.05700683594
150.23985290527 10.855207443237 617.42218017578
150.2999420166 9.6500310897827 617.76306152344
150.3738861084 8.4341316223145 618.06048583984
150.44438171387 7.2207760810852 618.36877441406
150.53399658203 5.9947996139526 618.61633300781
150.62977600098 4.7654356956482 618.84393310547
150.73420715332 3.5318462848663 619.04309082031
150.84889221191 2.29421043396 619.20855712891
150.98498535156 1.0511972904205 619.30181884766
151.10313415527 -0.18762840330601 619.45568847656
151.25155639648 -1.4316771030426 619.50659179688
151.3878326416 -2.674724817276 619.59918212891
151.51979064941 -3.9170546531677 619.70654296875
151.64901733398 -5.1588273048401 619.8232421875
151.79148864746 -6.4025769233704 619.89465332031
151.93826293945 -7.6466002464294 619.95104980469
152.09706115723 -8.8903350830078 619.96551513672
152.27221679688 -10.131185531616 619.92169189453
152.43516540527 -11.374445915222 619.92156982422
149.74586486816 15.893091201782 613.46185302734
149.48524475098 13.973339080811 613.90301513672
149.61968994141 12.012500762939 613.49536132812
149.58778381348 10.031795501709 613.18139648438
149.33950805664 8.0457010269165 613.05377197266
149.17837524414 6.0874977111816 612.64489746094
148.94204711914 4.1103591918945 612.39801025391
148.85215759277 2.156210899353 611.94848632812
148.69332885742 0.24549108743668 611.35406494141
148.45120239258 -1.6939028501511 610.89398193359
148.26312255859 -3.6398565769196 610.43865966797
148.23905944824 -5.6014604568481 610.01165771484
148.15797424316 -7.5344052314758 609.47613525391
147.98699951172 -9.4171905517578 608.79986572266
147.87315368652 -11.296621322632 608.10266113281
147.71472167969 -13.198030471802 607.47717285156
147.55531311035 -15.089995384216 606.82397460938
147.40472412109 -16.968360900879 606.13061523438
147.28382873535 -18.840116500854 605.41394042969
147.13864135742 -20.716613769531 604.71441650391
146.93408203125 -22.602565765381 604.05657958984
146.64195251465 -24.499172210693 603.46594238281
146.48287963867 -26.400068283081 602.83917236328
146.21453857422 -28.309646606445 602.27954101562
145.91851806641 -30.23436164856 601.79016113281
151.35795593262 15.841912269592 613.70764160156
151.76097106934 14.181218147278 614.52209472656
152.47183227539 12.415154457092 614.32543945312
153.21034240723 10.672505378723 614.05914306641
153.85710144043 8.8752021789551 614.17071533203
154.60098266602 7.1124496459961 614.11578369141
155.33245849609 5.3442420959473 614.07867431641
155.99011230469 3.5495972633362 613.98046875
156.73422241211 1.7871245145798 613.94952392578
157.55308532715 0.072264693677425 613.72088623047
158.36289978027 -1.65314245224 613.54541015625
159.18395996094 -3.3680181503296 613.32720947266
160.01348876953 -5.0519647598267 612.95355224609
160.80792236328 -6.7349815368652 612.5068359375
161.51446533203 -8.4662246704102 612.09893798828
162.35885620117 -10.147798538208 611.74822998047
163.22241210938 -11.817316055298 611.38684082031
164.0534362793 -13.491319656372 610.97357177734
164.91883850098 -15.151239395142 610.57434082031
165.8240814209 -16.793731689453 610.19189453125
166.63568115234 -18.478918075562 609.78552246094
167.4532623291 -20.161142349243 609.37890625
168.33242797852 -21.796306610107 608.91333007812
169.18287658691 -23.482263565063 608.60040283203
169.99392700195 -25.200370788574 608.36798095703
