57.148288726807 1.7424706220627 273.95422363281
69.193801879883 -6.1495714187622 272.18225097656
75.393524169922 -4.7937335968018 268.40631103516
74.740837097168 -4.8040413856506 274.17752075195
57.072460174561 1.1411262750626 273.96044921875
57.156242370605 0.54508984088898 273.94403076172
57.334205627441 -0.031679447740316 273.91436767578
57.588424682617 -0.57826870679855 273.87411499023
57.902687072754 -1.0934602022171 273.82559204102
58.261981964111 -1.5775827169418 273.77084350586
58.672943115234 -2.0188224315643 273.70910644531
59.129360198975 -2.4118528366089 273.64117431641
59.610542297363 -2.7730402946472 273.5700378418
60.109920501709 -3.1082170009613 273.49655151367
60.642574310303 -3.3814799785614 273.41876220703
61.2096824646 -3.5683844089508 273.33673095703
61.800994873047 -3.668208360672 273.25192260742
62.369491577148 -3.8617115020752 273.1696472168
62.949531555176 -4.0163049697876 273.08602905273
63.526802062988 -4.1811590194702 273.00271606445
64.103271484375 -4.3489608764648 272.91949462891
64.677764892578 -4.5233521461487 272.83651733398
65.24919128418 -4.7078528404236 272.75390625
65.819465637207 -4.8959703445435 272.67138671875
66.388023376465 -5.0892863273621 272.5891418457
66.957069396973 -5.2811470031738 272.50680541992
67.521621704102 -5.4859318733215 272.42501831055
68.088172912598 -5.6849212646484 272.34292602539
68.652488708496 -5.8885049819946 272.26116943359
57.474094390869 1.3276507854462 273.35577392578
57.924514770508 0.70794028043747 273.12118530273
58.405815124512 0.074415639042854 273.04315185547
59.091487884521 -0.32513710856438 272.92834472656
59.793548583984 -0.69973146915436 272.83001708984
60.477066040039 -1.0906485319138 272.67846679688
61.16007232666 -1.4648089408875 272.48818969727
61.862586975098 -1.7681784629822 272.24880981445
62.590461730957 -2.0492188930511 272.06433105469
63.339389801025 -2.2592670917511 271.8698425293
64.090110778809 -2.4117825031281 271.63290405273
64.850326538086 -2.5280826091766 271.40603637695
65.608001708984 -2.5973062515259 271.15313720703
66.344772338867 -2.7405824661255 270.87091064453
67.084899902344 -2.9064555168152 270.61065673828
67.829849243164 -3.0781829357147 270.36859130859
68.57511138916 -3.2657980918884 270.14007568359
69.324882507324 -3.504518032074 269.98559570312
70.080406188965 -3.7089669704437 269.81118774414
70.836029052734 -3.8978490829468 269.6203918457
71.588844299316 -4.0789160728455 269.41174316406
72.341018676758 -4.2664799690247 269.20663452148
73.104423522949 -4.4294414520264 269.02304077148
73.873886108398 -4.5838508605957 268.85833740234
74.640197753906 -4.7314639091492 268.67401123047
57.53010559082 1.2820971012115 274.39938354492
58.013961791992 0.74418598413467 274.57153320312
58.600311279297 0.28679603338242 274.51815795898
59.196311950684 -0.1596899330616 274.49282836914
59.855220794678 -0.50477468967438 274.44842529297
60.476825714111 -0.91163903474808 274.51089477539
61.082412719727 -1.3381723165512 274.59310913086
61.739032745361 -1.6899868249893 274.61819458008
62.426490783691 -1.9761900901794 274.58990478516
63.128074645996 -2.1987006664276 274.47357177734
63.855331420898 -2.3623268604279 274.45877075195
64.5830078125 -2.5235342979431 274.43911743164
65.312255859375 -2.6766397953033 274.41494750977
66.049514770508 -2.7854623794556 274.39291381836
66.785575866699 -2.9039561748505 274.38793945312
67.517395019531 -3.0432190895081 274.41815185547
68.2421875 -3.2123568058014 274.46026611328
68.950172424316 -3.444828748703 274.43576049805
69.659286499023 -3.6717464923859 274.39654541016
70.377372741699 -3.864705324173 274.34167480469
71.100196838379 -4.0395202636719 274.28826904297
71.823089599609 -4.2202920913696 274.26351928711
72.544174194336 -4.4084024429321 274.28491210938
73.276718139648 -4.5305671691895 274.2190246582
74.004455566406 -4.6872887611389 274.17742919922
