58.488864898682 -0.25224620103836 274.72589111328
69.797630310059 3.3400568962097 276.71328735352
70.734733581543 -0.39034748077393 278.9479675293
71.087455749512 0.94181311130524 273.24279785156
58.681873321533 0.1673296391964 274.84020996094
58.977890014648 0.52310085296631 274.95098876953
59.331718444824 0.82376801967621 275.05541992188
59.722534179688 1.0771164894104 275.15310668945
60.144981384277 1.2774951457977 275.24221801758
60.582061767578 1.4464365243912 275.32577514648
61.027729034424 1.5934536457062 275.40533447266
61.480266571045 1.7201763391495 275.48098754883
61.934711456299 1.8405873775482 275.55551147461
62.392028808594 1.9509193897247 275.62805175781
62.851123809814 2.0545330047607 275.69924926758
63.310729980469 2.1561524868011 275.77005004883
63.771984100342 2.2509567737579 275.83953857422
64.236068725586 2.3329873085022 275.90640258789
64.696876525879 2.4296886920929 275.97622680664
65.160034179688 2.516099691391 276.04400634766
65.621627807617 2.6095154285431 276.11315917969
66.083694458008 2.7008333206177 276.1819152832
66.545585632324 2.7929122447968 276.25085449219
67.008415222168 2.8808307647705 276.31890869141
67.470520019531 2.972003698349 276.38763427734
67.937232971191 3.040219783783 276.45166015625
68.399337768555 3.1313557624817 276.52041625977
68.864646911621 3.2072110176086 276.58602905273
69.33479309082 3.2521998882294 276.64520263672
58.835884094238 -0.15915827453136 275.03619384766
59.179843902588 0.15869843959808 275.2119140625
59.644828796387 0.21981254220009 275.41040039062
60.126037597656 0.21563559770584 275.5754699707
60.618389129639 0.23114575445652 275.70843505859
61.124042510986 0.26184657216072 275.76782226562
61.604686737061 0.24366723001003 275.9299621582
62.089084625244 0.22865307331085 276.0908203125
62.575702667236 0.21867261826992 276.2451171875
63.063987731934 0.21253088116646 276.39440917969
63.55207824707 0.20905092358589 276.54440307617
64.040260314941 0.20820358395576 276.69403076172
64.537322998047 0.20884676277637 276.81100463867
65.034385681152 0.20948994159698 276.92797851562
65.517707824707 0.15640380978584 277.08190917969
66.012573242188 0.09454146027565 277.19161987305
66.504455566406 0.032910849899054 277.31341552734
66.993103027344 -0.028468623757362 277.44836425781
67.480529785156 -0.086322076618671 277.58883666992
67.965530395508 -0.13708318769932 277.74032592773
68.421783447266 -0.23012679815292 277.94400024414
68.872512817383 -0.31856751441956 278.15936279297
69.356483459473 -0.30237832665443 278.32144165039
69.841163635254 -0.33824226260185 278.47720336914
70.284172058105 -0.37734046578407 278.71377563477
58.861183166504 -0.083268500864506 274.53778076172
59.215850830078 0.24993643164635 274.58526611328
59.705646514893 0.27142783999443 274.55511474609
60.196571350098 0.36692810058594 274.51846313477
60.692893981934 0.41491356492043 274.48443603516
61.191921234131 0.44207572937012 274.44677734375
61.689952850342 0.48389258980751 274.40609741211
62.188591003418 0.52231967449188 274.3694152832
62.686702728271 0.5591829419136 274.32476806641
63.184803009033 0.59653109312057 274.28042602539
63.682823181152 0.63771122694016 274.23861694336
64.181015014648 0.67543816566467 274.19650268555
64.680290222168 0.69123721122742 274.15243530273
65.180023193359 0.7203386425972 274.12905883789
65.677520751953 0.75240153074265 274.08108520508
66.172508239746 0.80692452192307 274.02658081055
66.664848327637 0.80863517522812 273.94201660156
67.163108825684 0.79574018716812 273.88723754883
67.66178894043 0.78228741884232 273.83630371094
68.160781860352 0.76805210113525 273.78866577148
68.65763092041 0.77155089378357 273.72180175781
69.154106140137 0.77820032835007 273.65151977539
69.650650024414 0.80438560247421 273.58694458008
70.137382507324 0.83640795946121 273.48941040039
70.614852905273 0.89786577224731 273.40460205078
