60.412719726562 4.272020816803 271.76541137695
81.723129272461 -1.1713466644287 272.31884765625
84.893394470215 1.0968755483627 271.73553466797
82.061614990234 -0.2842960357666 274.63012695312
61.133892059326 3.8463118076324 271.62313842773
61.903713226318 3.4966080188751 271.54119873047
62.70618057251 3.2190959453583 271.513671875
63.517627716064 2.9679315090179 271.50546264648
64.339889526367 2.7553651332855 271.52514648438
65.166366577148 2.5615646839142 271.55819702148
65.994804382324 2.3776960372925 271.59817504883
66.822959899902 2.192334651947 271.63711547852
67.652320861816 2.0134687423706 271.68060302734
68.478805541992 1.819667339325 271.71362304688
69.305801391602 1.6283807754517 271.74841308594
70.130729675293 1.4273384809494 271.77627563477
70.958221435547 1.2385390996933 271.81283569336
71.785339355469 1.0478671789169 271.84802246094
72.610916137695 0.84976696968079 271.87796020508
73.43643951416 0.65137791633606 271.90774536133
74.262321472168 0.45473122596741 271.93872070312
75.088333129883 0.25865772366524 271.97015380859
75.916397094727 0.072829492390156 272.00872802734
76.745216369629 -0.10901702940464 272.05017089844
77.575531005859 -0.2823797762394 272.09753417969
78.405693054199 -0.45664185285568 272.1442565918
79.235321044922 -0.63400262594223 272.18884277344
80.066284179688 -0.8034154176712 272.23895263672
80.894874572754 -0.98648113012314 272.27951049805
61.340129852295 4.0823249816895 271.65908813477
62.282627105713 3.9461688995361 271.63616943359
63.227668762207 3.8271350860596 271.62606811523
64.170524597168 3.6920969486237 271.6389465332
65.110176086426 3.5423183441162 271.68350219727
66.049835205078 3.3941972255707 271.73327636719
66.986953735352 3.2321133613586 271.78723144531
67.923706054688 3.0622575283051 271.81921386719
68.86060333252 2.8925504684448 271.84722900391
69.798980712891 2.7313761711121 271.87640380859
70.735382080078 2.5649449825287 271.92950439453
71.670845031738 2.3955755233765 271.98947143555
72.614700317383 2.2671635150909 271.99340820312
73.557029724121 2.1287653446198 272.00897216797
74.497062683105 1.9773887395859 272.037109375
75.438491821289 1.8323653936386 272.04440307617
76.383636474609 1.7150861024857 272.02682495117
77.326675415039 1.5858118534088 272.06335449219
78.270751953125 1.4606688022614 272.08428955078
79.216796875 1.35373711586 272.11489868164
80.165077209473 1.2636252641678 272.11804199219
81.114555358887 1.1873531341553 272.1252746582
82.063957214355 1.1137586832047 272.10116577148
83.01490020752 1.0902081727982 272.05087280273
83.957061767578 1.094486117363 271.91058349609
61.237121582031 4.0598359107971 271.88327026367
62.061519622803 3.8476512432098 272.00109863281
62.885528564453 3.7236733436584 272.21081542969
63.71118927002 3.5157234668732 272.32727050781
64.547317504883 3.3297157287598 272.39678955078
65.384971618652 3.1490767002106 272.46203613281
66.224830627441 2.9779560565948 272.52450561523
67.06462097168 2.8052716255188 272.58337402344
67.904258728027 2.6298105716705 272.6360168457
68.741394042969 2.4462015628815 272.69952392578
69.57487487793 2.2517824172974 272.77734375
70.407752990723 2.0508508682251 272.84426879883
71.240455627441 1.8489156961441 272.90994262695
72.071830749512 1.7011581659317 273.06967163086
72.907814025879 1.5300011634827 273.17153930664
73.738243103027 1.3374924659729 273.28051757812
74.568130493164 1.1447607278824 273.39309692383
75.400756835938 0.95807462930679 273.49523925781
76.234428405762 0.78214728832245 273.607421875
77.069610595703 0.61704242229462 273.72473144531
77.906272888184 0.45833083987236 273.84027099609
78.741439819336 0.30335623025894 273.97073364258
79.577827453613 0.15573002398014 274.10189819336
80.404075622559 -0.007017218042165 274.27331542969
81.239395141602 -0.12817868590355 274.4348449707
