62.643299102783 2.5019361972809 337.60134887695
35.503700256348 -2.3058938980103 337.88565063477
34.169147491455 2.4723453521729 343.38128662109
34.620811462402 4.6248970031738 337.53170776367
61.946125030518 1.7367964982986 337.30856323242
61.029483795166 1.1981134414673 337.14218139648
60.016048431396 0.84070199728012 337.06964111328
58.984394073486 0.53495359420776 337.02291870117
57.936771392822 0.28553229570389 337.00402832031
56.881954193115 0.068052656948566 337.00073242188
55.816375732422 -0.086346201598644 337.02798461914
54.746131896973 -0.19719828665257 337.07604980469
53.673419952393 -0.26679420471191 337.14358520508
52.600601196289 -0.33292275667191 337.21279907227
51.527431488037 -0.38359555602074 337.28927612305
50.454517364502 -0.44684392213821 337.35977172852
49.38191986084 -0.51890933513641 337.42614746094
48.312347412109 -0.63796573877335 337.47030639648
47.241214752197 -0.73757600784302 337.5237121582
46.172912597656 -0.86944782733917 337.56176757812
45.107402801514 -1.0245933532715 337.58862304688
44.039779663086 -1.1626714468002 337.62368774414
42.972743988037 -1.3058049678802 337.65634155273
41.904342651367 -1.4367302656174 337.69476318359
40.838779449463 -1.591513633728 337.72183227539
39.77233505249 -1.7394534349442 337.75219726562
38.705200195312 -1.8817535638809 337.78521728516
37.638137817383 -2.0246379375458 337.81796264648
36.569320678711 -2.1515321731567 337.85842895508
61.629535675049 2.4163444042206 338.08871459961
60.544902801514 2.2416546344757 338.345703125
59.435600280762 2.113471031189 338.50744628906
58.321228027344 1.9864469766617 338.63073730469
57.203907012939 1.8826751708984 338.74890136719
56.083045959473 1.8145921230316 338.859375
54.963836669922 1.7415944337845 338.98263549805
53.847549438477 1.6610003709793 339.12603759766
52.729194641113 1.5935199260712 339.25979614258
51.608993530273 1.5396500825882 339.38385009766
50.486591339111 1.5472053289413 339.49917602539
49.364707946777 1.5983345508575 339.60833740234
48.246646881104 1.6499079465866 339.75131225586
47.132678985596 1.7015614509583 339.92321777344
46.018665313721 1.7052496671677 340.10238647461
44.907627105713 1.6470285654068 340.29043579102
43.796585083008 1.5888659954071 340.47848510742
42.685371398926 1.5452474355698 340.66943359375
41.579635620117 1.5218217372894 340.89279174805
40.504444122314 1.5655716657639 341.23220825195
39.429256439209 1.6093430519104 341.57165527344
38.355934143066 1.6617105007172 341.91571044922
37.311569213867 1.8177078962326 342.31335449219
36.266098022461 1.9896374940872 342.70141601562
35.21586227417 2.2240586280823 343.04083251953
61.566005706787 2.6305229663849 337.46795654297
60.505928039551 2.5242550373077 337.22372436523
59.414710998535 2.4598934650421 337.25338745117
58.323875427246 2.3896446228027 337.28271484375
57.232746124268 2.3250811100006 337.25183105469
56.139877319336 2.305920124054 337.28201293945
55.052333831787 2.3412418365479 337.39019775391
53.973194122314 2.4185962677002 337.54895019531
52.886714935303 2.4803938865662 337.65591430664
51.794086456299 2.504762172699 337.69253540039
50.701171875 2.5331161022186 337.71514892578
49.607727050781 2.5327360630035 337.72698974609
48.515022277832 2.4914832115173 337.73452758789
47.422241210938 2.4893622398376 337.7744140625
46.330570220947 2.5135085582733 337.83319091797
45.239658355713 2.5569121837616 337.89486694336
44.150703430176 2.6430013179779 337.94528198242
43.063003540039 2.7459006309509 337.99114990234
41.975521087646 2.859203338623 338.00930786133
40.888858795166 2.9805662631989 338.02395629883
39.806625366211 3.1226019859314 338.0901184082
38.72632598877 3.2910842895508 338.1086730957
37.659023284912 3.5143122673035 338.02612304688
36.613128662109 3.7916300296783 337.86810302734
35.604602813721 4.1731519699097 337.68618774414
