58.272518157959 7.5678248405457 267.20346069336
72.91911315918 -2.7443101406097 273.79791259766
79.144317626953 -3.3690123558044 269.47732543945
78.79914855957 1.2475715875626 275.79049682617
58.456188201904 6.9457483291626 267.58645629883
58.763126373291 6.3612427711487 267.94918823242
59.136112213135 5.8059206008911 268.29553222656
59.557952880859 5.2769703865051 268.62680053711
60.020221710205 4.7734360694885 268.94345092773
60.500045776367 4.2821335792542 269.25302124023
61.018173217773 3.8200931549072 269.54556274414
61.543914794922 3.3643958568573 269.83441162109
62.085277557373 2.9222509860992 270.11532592773
62.649768829346 2.5016844272614 270.38360595703
63.234443664551 2.1016356945038 270.63977050781
63.82878112793 1.7120807170868 270.88977050781
64.437614440918 1.3390523195267 271.12994384766
65.052085876465 0.97284454107285 271.36611938477
65.69123840332 0.63852834701538 271.58346557617
66.330467224121 0.30428266525269 271.80065917969
66.967468261719 -0.032992672175169 272.01971435547
67.608139038086 -0.36524406075478 272.23571777344
68.265319824219 -0.67337983846664 272.43737792969
68.921508789062 -0.98303562402725 272.63995361328
69.584411621094 -1.2822142839432 272.83630371094
70.241333007812 -1.5907366275787 273.03826904297
70.908821105957 -1.8825299739838 273.23016357422
71.571800231934 -2.1815929412842 273.42645263672
72.248107910156 -2.4583868980408 273.60946655273
58.943687438965 6.9422178268433 267.22482299805
59.576507568359 6.3338422775269 267.50225830078
60.286937713623 5.7895851135254 267.72155761719
60.991107940674 5.2336711883545 267.93145751953
61.719333648682 4.7030625343323 268.12280273438
62.491329193115 4.237988948822 268.31460571289
63.266826629639 3.7759718894958 268.49948120117
64.053520202637 3.3316075801849 268.67977905273
64.86686706543 2.9336845874786 268.85037231445
65.695755004883 2.5623536109924 269.00549316406
66.534225463867 2.2037334442139 269.13629150391
67.35472869873 1.7936446666718 269.22378540039
68.173500061035 1.3783395290375 269.30133056641
69.009155273438 1.005139708519 269.4059753418
69.839096069336 0.60541391372681 269.41754150391
70.69255065918 0.26470610499382 269.48440551758
71.532211303711 -0.11323852092028 269.51733398438
72.389404296875 -0.44679614901543 269.57211303711
73.237434387207 -0.80499505996704 269.61209106445
74.088424682617 -1.1548796892166 269.66134643555
74.948554992676 -1.4846768379211 269.67440795898
75.766128540039 -1.9079549312592 269.63623046875
76.597114562988 -2.3045926094055 269.60159301758
77.438552856445 -2.6790001392365 269.57263183594
78.298492431641 -3.0071334838867 269.52917480469
58.851097106934 7.1976270675659 267.78625488281
59.581089019775 6.789614200592 268.1233215332
60.27486038208 6.3410487174988 268.48443603516
61.002136230469 5.936695098877 268.83111572266
61.671466827393 5.5045237541199 269.25314331055
62.386299133301 5.1207466125488 269.64608764648
63.15083694458 4.7557344436646 269.95474243164
63.939800262451 4.4261202812195 270.24111938477
64.729415893555 4.0990509986877 270.52841186523
65.532165527344 3.8250663280487 270.83438110352
66.346687316895 3.578132390976 271.13220214844
67.168823242188 3.3551666736603 271.4280090332
67.99072265625 3.1412818431854 271.73107910156
68.813438415527 2.9322447776794 272.03533935547
69.638816833496 2.7389476299286 272.34274291992
70.46745300293 2.5495676994324 272.64379882812
71.301055908203 2.3658835887909 272.93444824219
72.134315490723 2.1845998764038 273.22756958008
72.95637512207 1.9985603094101 273.54809570312
73.784309387207 1.8300807476044 273.86315917969
74.615249633789 1.6858947277069 274.1823425293
75.443428039551 1.5476421117783 274.51116943359
76.278381347656 1.4131146669388 274.82400512695
77.1201171875 1.339319229126 275.13888549805
77.961471557617 1.2863175868988 275.45895385742
