61.853050231934 3.8925225734711 281.26007080078
76.203285217285 -3.676372051239 280.35208129883
77.718482971191 -0.32977855205536 278.00088500977
78.079223632812 -0.49991038441658 282.95819091797
62.035228729248 3.2706551551819 281.21859741211
62.373153686523 2.7168607711792 281.17584228516
62.759086608887 2.1953880786896 281.13333129883
63.188327789307 1.7088729143143 281.09136962891
63.654159545898 1.2571141719818 281.05014038086
64.14380645752 0.83126497268677 281.00961303711
64.659828186035 0.43761333823204 280.97003173828
65.189987182617 0.063212625682354 280.93109130859
65.741523742676 -0.27909687161446 280.89324951172
66.304992675781 -0.60148203372955 280.8561706543
66.881729125977 -0.8995772600174 280.8200378418
67.470237731934 -1.1738159656525 280.78485107422
68.074150085449 -1.4125000238419 280.75119018555
68.683609008789 -1.6367529630661 280.71820068359
69.299873352051 -1.8416823148727 280.68600463867
69.922554016113 -2.0263769626617 280.65478515625
70.546989440918 -2.205100774765 280.62384033203
71.169860839844 -2.3891644477844 280.59268188477
71.795707702637 -2.5629191398621 280.56198120117
72.421646118164 -2.7363574504852 280.53125
73.048706054688 -2.9057269096375 280.50079345703
73.675308227539 -3.0767798423767 280.47027587891
74.306419372559 -3.230495929718 280.44046020508
74.938194274902 -3.3815155029297 280.41091918945
75.573028564453 -3.5191893577576 280.38198852539
62.263431549072 3.4551284313202 280.98495483398
62.744743347168 3.0245950222015 280.84848022461
63.30647277832 2.686265707016 280.76574707031
63.869029998779 2.3494338989258 280.68283081055
64.446968078613 2.0406312942505 280.59677124023
65.04150390625 1.7661188840866 280.50717163086
65.636039733887 1.4916087388992 280.41760253906
66.231666564941 1.2202858924866 280.32733154297
66.855911254883 1.0322740077972 280.21856689453
67.480949401855 0.8472700715065 280.10922241211
68.106430053711 0.66367405653 280.00057983398
68.75089263916 0.53963321447372 279.92233276367
69.400085449219 0.43585494160652 279.85427856445
70.048347473145 0.33554229140282 279.7734375
70.693138122559 0.2441595941782 279.66055297852
71.337944030762 0.15290535986423 279.54763793945
71.990234375 0.11366039514542 279.4485168457
72.642562866211 0.074714139103889 279.34948730469
73.293121337891 0.057957164943218 279.23400878906
73.941200256348 0.035497829318047 279.10614013672
74.58056640625 -0.010027900338173 278.9450378418
75.220901489258 -0.016054565086961 278.78146362305
75.85750579834 -0.047445882111788 278.60659790039
76.493766784668 -0.13026839494705 278.44821166992
77.121696472168 -0.21667729318142 278.26095581055
62.271606445312 3.4217512607574 281.47579956055
62.80086517334 3.0172491073608 281.50708007812
63.345756530762 2.6337730884552 281.53176879883
63.931926727295 2.3162724971771 281.54986572266
64.515602111816 1.9949915409088 281.57873535156
65.098846435547 1.6732569932938 281.61071777344
65.698989868164 1.3843364715576 281.64080810547
66.33211517334 1.1763572692871 281.66604614258
66.965240478516 0.96842056512833 281.69131469727
67.59928894043 0.76349651813507 281.71746826172
68.245635986328 0.60424542427063 281.75759887695
68.892051696777 0.44530352950096 281.79766845703
69.54418182373 0.31001314520836 281.83114624023
70.205520629883 0.22643224895 281.85052490234
70.866241455078 0.14233319461346 281.88360595703
71.524703979492 0.057238545268774 281.94619750977
72.183181762695 -0.027728013694286 282.00881958008
72.844062805176 -0.091535180807114 282.07119750977
73.507369995117 -0.12198027968407 282.1330871582
74.16918182373 -0.15126633644104 282.20974731445
74.827850341797 -0.17862255871296 282.31048583984
75.486877441406 -0.21770466864109 282.40475463867
76.139671325684 -0.2712769806385 282.53009033203
76.788497924805 -0.32446628808975 282.67477416992
77.429679870605 -0.40929439663887 282.83731079102
