80.741790771484 -9.8969478607178 335.49542236328
63.5041847229 13.360856056213 334.06164550781
64.38745880127 9.2488107681274 330.77346801758
60.946166992188 8.7716226577759 334.71051025391
80.478355407715 -8.8160667419434 335.66055297852
80.027626037598 -7.7892413139343 335.73107910156
79.423072814941 -6.840808391571 335.71499633789
78.789886474609 -5.9116940498352 335.681640625
78.109230041504 -5.0185871124268 335.61849975586
77.372482299805 -4.1745986938477 335.51849365234
76.610321044922 -3.355687379837 335.40112304688
75.865028381348 -2.5198426246643 335.29534912109
75.191795349121 -1.6212575435638 335.23681640625
74.418342590332 -0.81418699026108 335.11148071289
73.645202636719 -0.0067767733708024 334.98641967773
72.893692016602 0.8229204416275 334.87640380859
72.118103027344 1.6276942491531 334.74954223633
71.381782531738 2.472104549408 334.64987182617
70.641105651855 3.3124389648438 334.54724121094
69.915992736816 4.1674342155457 334.45513916016
69.186004638672 5.0179128646851 334.35974121094
68.476272583008 5.8867311477661 334.27777099609
67.797874450684 6.7818694114685 334.21615600586
67.116424560547 7.6745519638062 334.15258789062
66.455093383789 8.5830383300781 334.10174560547
65.81729888916 9.508885383606 334.06552124023
65.171081542969 10.428589820862 334.02410888672
64.59716796875 11.396016120911 334.02618408203
64.024230957031 12.363977432251 334.02874755859
80.385482788086 -9.1970624923706 334.95150756836
80.001197814941 -8.3032274246216 334.73828125
79.501319885254 -7.447518825531 334.6510925293
78.936958312988 -6.6586198806763 334.41546630859
78.378707885742 -5.8432221412659 334.36218261719
77.747093200684 -5.0923309326172 334.17886352539
77.122077941895 -4.3214612007141 334.07556152344
76.470977783203 -3.5811109542847 333.9235534668
75.799560546875 -2.8541624546051 333.79922485352
75.105506896973 -2.1443192958832 333.69912719727
74.395866394043 -1.457226395607 333.55923461914
73.705993652344 -0.76308244466782 333.36322021484
73.026542663574 -0.053236611187458 333.18759155273
72.322761535645 0.64411622285843 333.06967163086
71.667266845703 1.3622587919235 332.85177612305
71.022575378418 2.086035490036 332.61367797852
70.368675231934 2.8153822422028 332.42175292969
69.696830749512 3.5367388725281 332.27209472656
69.003486633301 4.2475614547729 332.17221069336
68.285522460938 4.9392404556274 332.12237548828
67.584434509277 5.6223073005676 331.93557739258
66.893745422363 6.3128032684326 331.73147583008
66.239318847656 7.0469751358032 331.56088256836
65.594657897949 7.7325034141541 331.23046875
64.980758666992 8.4714269638062 330.97360229492
80.047676086426 -9.1857261657715 335.85116577148
79.454605102539 -8.4030771255493 336.21459960938
78.844650268555 -7.5382971763611 336.28649902344
78.276817321777 -6.6443076133728 336.28305053711
77.573387145996 -5.860773563385 336.18530273438
76.813583374023 -5.1355681419373 336.03796386719
76.087341308594 -4.3780522346497 335.88543701172
75.373359680176 -3.5989451408386 335.80471801758
74.612693786621 -2.8800959587097 335.69653320312
73.798431396484 -2.2256717681885 335.54937744141
73.031715393066 -1.4948483705521 335.4905090332
72.266242980957 -0.76282095909119 335.43045043945
71.461959838867 -0.076425440609455 335.35858154297
70.641021728516 0.59169566631317 335.28945922852
69.852210998535 1.294887304306 335.22454833984
69.147483825684 2.0811426639557 335.12564086914
68.408111572266 2.8379492759705 335.05020141602
67.635864257812 3.5559351444244 334.97793579102
66.799652099609 4.207896232605 334.94451904297
65.963439941406 4.8598570823669 334.91107177734
65.127227783203 5.5118179321289 334.8776550293
64.291015625 6.1637787818909 334.84420776367
63.454803466797 6.8157396316528 334.81079101562
62.618591308594 7.467700958252 334.77737426758
61.782379150391 8.1196613311768 334.74392700195
