81.809387207031 -3.5421061515808 408.65444946289
106.02104949951 -0.18614172935486 409.60348510742
108.823387146 -3.1975951194763 413.77310180664
109.7752456665 -4.1671171188354 406.76126098633
82.636459350586 -3.0806448459625 408.63739013672
83.50666809082 -2.7129106521606 408.63626098633
84.407325744629 -2.4239749908447 408.64819335938
85.326377868652 -2.1958000659943 408.66986083984
86.253982543945 -2.0058982372284 408.69747924805
87.185012817383 -1.8344249725342 408.72793579102
88.117965698242 -1.6736799478531 408.7600402832
89.052345275879 -1.5221000909805 408.79345703125
89.99080657959 -1.3990420103073 408.83129882812
90.930145263672 -1.2833218574524 408.87014770508
91.87085723877 -1.1806089878082 408.91094970703
92.81282043457 -1.0902869701385 408.95361328125
93.755012512207 -1.0025712251663 408.99664306641
94.695533752441 -0.89767861366272 409.03717041016
95.637252807617 -0.80625700950623 409.07968139648
96.58024597168 -0.72846549749374 409.12417602539
97.522651672363 -0.6432147026062 409.16760253906
98.465759277344 -0.56692785024643 409.21231079102
99.409118652344 -0.49419137835503 409.2575378418
100.35279846191 -0.42627274990082 409.30352783203
101.29703521729 -0.36748039722443 409.35083007812
102.24072265625 -0.29947698116302 409.3967590332
103.18490600586 -0.2402987331152 409.44396972656
104.12977600098 -0.20128984749317 409.49411010742
105.07540893555 -0.19422298669815 409.54888916016
82.833618164062 -3.5744559764862 408.94177246094
83.87036895752 -3.3924195766449 409.10800170898
84.90746307373 -3.1840958595276 409.23397827148
85.965423583984 -3.1062240600586 409.33609008789
87.02367401123 -3.0311975479126 409.43704223633
88.08438873291 -2.9822723865509 409.52786254883
89.14510345459 -2.9330477714539 409.61856079102
90.20565032959 -2.8756859302521 409.70626831055
91.265754699707 -2.8040750026703 409.78851318359
92.326965332031 -2.7727453708649 409.88092041016
93.387580871582 -2.7845854759216 409.98440551758
94.44702911377 -2.8001985549927 410.09866333008
95.50154876709 -2.8283598423004 410.25012207031
96.553688049316 -2.8416044712067 410.41864013672
97.591445922852 -2.7935171127319 410.65634155273
98.629302978516 -2.74573802948 410.89367675781
99.673057556152 -2.7169613838196 411.10699462891
100.71744537354 -2.6907644271851 411.31750488281
101.76265716553 -2.6984889507294 411.52542114258
102.80764770508 -2.7352302074432 411.73129272461
103.84000396729 -2.7688765525818 411.99368286133
104.85638427734 -2.8075394630432 412.31182861328
105.85300445557 -2.89697265625 412.67858886719
106.80293273926 -3.0760409832001 413.12725830078
107.81740570068 -3.216477394104 413.42196655273
82.849075317383 -3.5277028083801 408.34902954102
83.933410644531 -3.467113494873 408.31945800781
85.018341064453 -3.4095497131348 408.32388305664
86.103126525879 -3.3503003120422 408.33541870117
87.188339233398 -3.3029403686523 408.35623168945
88.273719787598 -3.2785680294037 408.39797973633
89.358421325684 -3.266725063324 408.45877075195
90.443145751953 -3.2476375102997 408.51681518555
91.527481079102 -3.1981256008148 408.56341552734
92.611877441406 -3.1489250659943 408.60852050781
93.697463989258 -3.1069574356079 408.619140625
94.783157348633 -3.0738437175751 408.59799194336
95.868667602539 -3.1010656356812 408.56161499023
96.952919006348 -3.1520707607269 408.51480102539
98.036071777344 -3.2114737033844 408.45440673828
99.118209838867 -3.2566876411438 408.36877441406
100.19914245605 -3.2907574176788 408.26477050781
101.28127288818 -3.2943148612976 408.16778564453
102.36196136475 -3.2937369346619 408.05596923828
103.44007873535 -3.2863657474518 407.92172241211
104.518409729 -3.2981684207916 407.7900390625
105.58270263672 -3.418660402298 407.60809326172
106.62600708008 -3.6137447357178 407.3759765625
107.66812896729 -3.8188591003418 407.14724731445
108.72328948975 -4.0280013084412 406.99462890625
