69.078979492188 -14.676876068115 338.27648925781
-1.4209853410721 28.643129348755 338.27886962891
0.76396417617798 18.908651351929 336.78979492188
1.715036034584 20.149803161621 342.8271484375
67.051948547363 -12.207239151001 338.00076293945
64.354797363281 -10.490869522095 337.98751831055
61.41194152832 -9.2224998474121 338.10928344727
58.469085693359 -7.9541301727295 338.23104858398
55.594703674316 -6.5348944664001 338.30932617188
52.739139556885 -5.0770869255066 338.37631225586
49.89200592041 -3.6028096675873 338.43841552734
47.07349395752 -2.0737912654877 338.48422241211
44.250953674316 -0.55229365825653 338.53225708008
41.412590026855 0.93904757499695 338.58932495117
38.556983947754 2.3966221809387 338.65637207031
35.700466156006 3.8524687290192 338.72393798828
32.848541259766 5.3174748420715 338.7887878418
29.994546890259 6.778256893158 338.85488891602
27.163486480713 8.2836818695068 338.90774536133
24.359369277954 9.83913230896 338.94561767578
21.57611656189 11.431735038757 338.97219848633
18.81587600708 13.063945770264 338.98669433594
16.084575653076 14.743979454041 338.98638916016
13.398664474487 16.494617462158 338.9963684082
10.763427734375 18.32137298584 339.04629516602
8.128191947937 20.148126602173 339.09622192383
5.6323294639587 22.15927696228 339.02182006836
3.1815135478973 24.219018936157 338.8955078125
0.88026410341263 26.431074142456 338.5871887207
66.510322570801 -13.643372535706 337.29061889648
63.923034667969 -12.308127403259 336.92080688477
61.229888916016 -11.141247749329 336.84381103516
58.607387542725 -9.8188095092773 336.74749755859
55.952903747559 -8.5580377578735 336.84262084961
53.323287963867 -7.2492136955261 336.98867797852
50.64070892334 -6.0575695037842 337.12677001953
48.089260101318 -4.6074447631836 337.32650756836
45.300212860107 -3.6803729534149 337.23431396484
42.696117401123 -2.3168013095856 337.30557250977
40.085388183594 -0.96473067998886 337.39498901367
37.466491699219 0.36728250980377 337.52502441406
34.84741973877 1.688131570816 337.74130249023
32.182918548584 2.9340765476227 337.73522949219
29.540428161621 4.2257418632507 337.69665527344
26.909864425659 5.5412888526917 337.70028686523
24.289291381836 6.8768463134766 337.73931884766
21.654319763184 8.1840343475342 337.73754882812
19.015335083008 9.4832944869995 337.72143554688
16.381700515747 10.792675018311 337.67529296875
13.748066902161 12.102055549622 337.62911987305
11.118714332581 13.420337677002 337.60098266602
8.4942893981934 14.748861312866 337.59359741211
5.8878602981567 16.098934173584 337.43258666992
3.2895193099976 17.4587059021 337.2043762207
66.944366455078 -13.24974822998 339.54013061523
64.488174438477 -11.691377639771 339.97274780273
61.83024597168 -10.482716560364 340.26290893555
59.207893371582 -9.1758232116699 340.46871948242
56.544216156006 -7.9409084320068 340.57757568359
53.913368225098 -6.6376194953918 340.55001831055
51.277481079102 -5.3437299728394 340.53887939453
48.563304901123 -4.2150855064392 340.61074829102
45.869716644287 -3.0416553020477 340.6435546875
43.235496520996 -1.7342520952225 340.63287353516
40.581298828125 -0.46991336345673 340.69876098633
37.947589874268 0.83474987745285 340.79055786133
35.327827453613 2.1672310829163 340.88754272461
32.73046875 3.5458760261536 340.92736816406
30.095813751221 4.8455100059509 341.04290771484
27.463676452637 6.1505703926086 341.15100097656
24.865837097168 7.5284819602966 341.18438720703
22.255880355835 8.8814525604248 341.26159667969
19.640361785889 10.220713615417 341.3747253418
17.017223358154 11.538864135742 341.53726196289
14.36888217926 12.778531074524 341.85037231445
11.790054321289 14.176859855652 341.98834228516
9.2306365966797 15.612612724304 342.12866210938
6.6535987854004 16.9905834198 342.45208740234
4.1172981262207 18.461765289307 342.65924072266
