68.003479003906 3.6775150299072 267.60852050781
80.978988647461 -6.497841835022 270.63110351562
84.660614013672 -1.9581656455994 267.14562988281
83.40258026123 -1.5762225389481 274.82321166992
68.06322479248 3.0157263278961 267.65530395508
68.136581420898 2.3593235015869 267.70443725586
68.52384185791 1.8270967006683 267.80685424805
68.911155700684 1.2949258089066 267.90927124023
69.411430358887 0.8712859749794 268.02749633789
69.91170501709 0.44764620065689 268.14572143555
70.448974609375 0.073727861046791 268.26834106445
70.988357543945 -0.29734107851982 268.39117431641
71.539031982422 -0.65092450380325 268.51528930664
72.091194152832 -1.0022090673447 268.63955688477
72.646034240723 -1.3491394519806 268.76409912109
73.20142364502 -1.695165514946 268.88870239258
73.758567810059 -2.0383102893829 269.01345825195
74.316223144531 -2.3806037902832 269.13827514648
74.866661071777 -2.7345516681671 269.26232910156
75.414306640625 -3.0930013656616 269.38610839844
75.95426940918 -3.4630680084229 269.50903320312
76.490142822266 -3.8393204212189 269.63150024414
77.024208068848 -4.2181930541992 269.75375366211
77.557159423828 -4.5986685752869 269.87591552734
78.10181427002 -4.9611496925354 269.99935913086
78.657684326172 -5.3064026832581 270.12399291992
79.217758178711 -5.6402373313904 270.25936889648
79.783966064453 -5.9662399291992 270.38763427734
80.371353149414 -6.2573704719543 270.50500488281
68.44864654541 3.2336230278015 267.34112548828
68.857635498047 2.692259311676 267.33609008789
69.509910583496 2.4813516139984 267.27627563477
70.173324584961 2.3064682483673 267.22766113281
70.830825805664 2.1070454120636 267.25268554688
71.458076477051 1.8253935575485 267.24215698242
72.112754821777 1.6174635887146 267.28500366211
72.766159057617 1.4054709672928 267.32659912109
73.411720275879 1.1690170764923 267.35827636719
74.055084228516 0.92573672533035 267.3815612793
74.695320129395 0.6735514998436 267.39242553711
75.344841003418 0.44693446159363 267.41320800781
75.998191833496 0.23204228281975 267.43795776367
76.655387878418 0.028596377000213 267.45687866211
77.31526184082 -0.16667661070824 267.45840454102
77.975830078125 -0.3548227250576 267.41485595703
78.641998291016 -0.52377527952194 267.37811279297
79.30973815918 -0.68678921461105 267.34332275391
79.979858398438 -0.83923238515854 267.30642700195
80.651931762695 -0.98169946670532 267.26528930664
81.321891784668 -1.1353993415833 267.23086547852
81.987739562988 -1.3078826665878 267.20718383789
82.651947021484 -1.4874354600906 267.19100952148
83.316436767578 -1.6657334566116 267.17294311523
83.984657287598 -1.8287774324417 267.14935302734
68.343208312988 3.2264113426208 268.01486206055
68.685478210449 2.6644763946533 268.22482299805
69.313705444336 2.5599780082703 268.50732421875
69.916152954102 2.3952262401581 268.81616210938
70.512153625488 2.1717128753662 269.10000610352
71.118072509766 1.9357362985611 269.35107421875
71.728134155273 1.7038502693176 269.59588623047
72.339256286621 1.4723780155182 269.83828735352
72.939926147461 1.2233632802963 270.08908081055
73.563491821289 1.0066648721695 270.31259155273
74.203422546387 0.81739473342896 270.51376342773
74.831260681152 0.6161642074585 270.74002075195
75.457145690918 0.42119884490967 270.9768371582
76.079978942871 0.24357068538666 271.23413085938
76.67798614502 0.066824346780777 271.54556274414
77.281387329102 -0.081291981041431 271.86151123047
77.887878417969 -0.21391472220421 272.17840576172
78.50407409668 -0.34853023290634 272.47509765625
79.132911682129 -0.48207619786263 272.74432373047
79.740814208984 -0.59940457344055 273.064453125
80.366249084473 -0.73851954936981 273.33889770508
80.974563598633 -0.91418671607971 273.63037109375
81.582824707031 -1.0957008600235 273.91833496094
82.205810546875 -1.268279671669 274.17901611328
82.811576843262 -1.4274748563766 274.48489379883
