62.891914367676 -4.8308219909668 272.18984985352
72.173484802246 1.4881229400635 272.94827270508
74.655204772949 0.60716146230698 276.34127807617
76.783401489258 -0.09723074734211 271.25289916992
62.957218170166 -4.3961157798767 272.15225219727
63.185741424561 -4.0165824890137 272.14633178711
63.466129302979 -3.6733977794647 272.15252685547
63.781707763672 -3.3624572753906 272.16775512695
64.117538452148 -3.0737755298615 272.18856811523
64.462738037109 -2.7966113090515 272.21212768555
64.819290161133 -2.5345056056976 272.23916625977
65.182319641113 -2.2816786766052 272.26818847656
65.551872253418 -2.0387377738953 272.29934692383
65.924713134766 -1.80109167099 272.33160400391
66.307922363281 -1.5810222625732 272.36743164062
66.693130493164 -1.3645880222321 272.40393066406
67.080940246582 -1.1530183553696 272.44134521484
67.469924926758 -0.94371032714844 272.47927856445
67.860198974609 -0.73687356710434 272.51760864258
68.247001647949 -0.52340614795685 272.5546875
68.634658813477 -0.31154853105545 272.59210205078
69.021347045898 -0.09792573004961 272.62915039062
69.42170715332 0.087760418653488 272.67141723633
69.805152893066 0.30733895301819 272.7073059082
70.193572998047 0.51773416996002 272.74496459961
70.575057983398 0.74085712432861 272.78018188477
70.967323303223 0.94373953342438 272.81924438477
71.362823486328 1.1399792432785 272.8596496582
71.768737792969 1.3126339912415 272.90420532227
63.180786132812 -4.4509763717651 272.412109375
63.614452362061 -4.1609678268433 272.50106811523
64.07470703125 -3.9291038513184 272.62564086914
64.527641296387 -3.6661043167114 272.71173095703
64.99365234375 -3.4254062175751 272.79418945312
65.459678649902 -3.1882839202881 272.88607788086
65.934539794922 -2.965603351593 272.96878051758
66.413146972656 -2.7518591880798 273.05346679688
66.892280578613 -2.5419297218323 273.14376831055
67.361358642578 -2.3201222419739 273.25643920898
67.831703186035 -2.1056604385376 273.37658691406
68.311805725098 -1.926121711731 273.51516723633
68.790786743164 -1.7463827133179 273.65701293945
69.26188659668 -1.5652104616165 273.82183837891
69.732597351074 -1.3845684528351 273.98834228516
70.20100402832 -1.2088580131531 274.16622924805
70.668022155762 -1.0340095758438 274.34851074219
71.126541137695 -0.85449224710464 274.54718017578
71.587387084961 -0.67706823348999 274.74200439453
72.06721496582 -0.51636672019958 274.90286254883
72.544105529785 -0.35379266738892 275.06811523438
72.950347900391 -0.14660911262035 275.34005737305
73.340942382812 0.067090928554535 275.62930297852
73.756385803223 0.26880756020546 275.89126586914
74.192672729492 0.45839974284172 276.12710571289
63.155502319336 -4.6401410102844 272.03381347656
63.517967224121 -4.3649587631226 271.80715942383
64.037956237793 -4.1064028739929 271.77777099609
64.561729431152 -3.840443611145 271.77966308594
65.087310791016 -3.5765464305878 271.80032348633
65.623863220215 -3.3362536430359 271.8342590332
66.160903930664 -3.0977582931519 271.87365722656
66.691581726074 -2.8463435173035 271.91751098633
67.227836608887 -2.6071836948395 271.95742797852
67.774871826172 -2.3914339542389 271.98974609375
68.326881408691 -2.1883301734924 272.0182800293
68.88484954834 -2.0014450550079 272.04110717773
69.449584960938 -1.8357397317886 272.04934692383
70.020065307617 -1.6900490522385 272.03659057617
70.590202331543 -1.5449024438858 272.01092529297
71.159378051758 -1.3975754976273 271.97705078125
71.730796813965 -1.2566977739334 271.95614624023
72.301376342773 -1.1109640598297 271.95120239258
72.869789123535 -0.9585132598877 271.94570922852
73.43635559082 -0.80705833435059 271.89172363281
74.003402709961 -0.66057819128036 271.82992553711
74.572494506836 -0.53151679039001 271.76177978516
75.110328674316 -0.39215660095215 271.56701660156
75.66650390625 -0.25064077973366 271.43966674805
76.241973876953 -0.13768069446087 271.48110961914
