71.713821411133 20.471502304077 404.00759887695
65.381988525391 28.614646911621 400.86108398438
72.890449523926 41.807731628418 393.74072265625
69.393684387207 35.495769500732 387.44595336914
71.307014465332 20.4876537323 404.19696044922
70.911003112793 20.699684143066 404.22970581055
70.528160095215 20.936870574951 404.23651123047
70.150581359863 21.182443618774 404.23416137695
69.77645111084 21.433103561401 404.22625732422
69.391822814941 21.667242050171 404.23629760742
69.025733947754 21.928844451904 404.21594238281
68.674522399902 22.207710266113 404.1748046875
68.367828369141 22.524391174316 404.08248901367
68.071975708008 22.847995758057 403.97937011719
67.788047790527 23.178428649902 403.86508178711
67.53791809082 23.524572372437 403.72192382812
67.288955688477 23.871158599854 403.57778930664
67.03742980957 24.216733932495 403.43569946289
66.801239013672 24.567974090576 403.28167724609
66.602485656738 24.929578781128 403.10107421875
66.420928955078 25.294506072998 402.90939331055
66.235046386719 25.658664703369 402.72039794922
66.0703125 26.026027679443 402.51846313477
65.933090209961 26.395837783813 402.30099487305
65.848342895508 26.765302658081 402.05770874023
65.748466491699 27.135520935059 401.82141113281
65.668449401855 27.504705429077 401.57608032227
65.58309173584 27.874198913574 401.33303833008
65.478820800781 28.244550704956 401.09884643555
71.632118225098 21.350879669189 404.39184570312
71.168273925781 22.19771194458 404.42916870117
70.588340759277 22.935131072998 404.19934082031
70.117500305176 23.624666213989 403.71520996094
69.810523986816 24.498992919922 403.45108032227
69.735054016113 25.266897201538 402.86508178711
69.704528808594 26.01535987854 402.25061035156
69.676933288574 26.806838989258 401.69244384766
69.719108581543 27.610557556152 401.15362548828
69.83869934082 28.467056274414 400.716796875
70.013877868652 29.340301513672 400.33505249023
70.208618164062 30.204944610596 399.94552612305
70.298385620117 31.006578445435 399.40875244141
70.440208435059 31.835451126099 398.92877197266
70.667266845703 32.722736358643 398.61282348633
70.97013092041 33.569393157959 398.25164794922
71.264778137207 34.407863616943 397.86547851562
71.552917480469 35.263446807861 397.51351928711
71.80020904541 36.141944885254 397.18801879883
72.000526428223 37.001033782959 396.78753662109
72.124809265137 37.813472747803 396.27426147461
72.18473815918 38.632785797119 395.76034545898
72.288146972656 39.439796447754 395.234375
72.326652526855 40.161682128906 394.58981323242
72.584945678711 40.974418640137 394.12966918945
71.147720336914 20.334177017212 403.27420043945
70.460525512695 20.76469039917 402.80261230469
69.82105255127 21.363721847534 402.46719360352
69.271415710449 21.993980407715 402.04165649414
68.860862731934 22.743968963623 401.65521240234
68.53288269043 23.479303359985 401.17358398438
68.416664123535 24.196619033813 400.58065795898
68.443771362305 24.907634735107 399.96932983398
68.103050231934 25.561643600464 399.39303588867
68.144348144531 26.24877166748 398.75540161133
68.286994934082 27.015512466431 398.23382568359
68.383583068848 27.614822387695 397.51910400391
68.547660827637 28.240812301636 396.83981323242
68.802558898926 28.892902374268 396.21539306641
68.936668395996 29.40574836731 395.44262695312
68.925270080566 29.801179885864 394.59246826172
68.929626464844 30.204635620117 393.74536132812
69.052398681641 30.670553207397 392.94085693359
69.172172546387 31.159217834473 392.14886474609
69.262962341309 31.708009719849 391.39349365234
69.332748413086 32.304996490479 390.67315673828
69.32381439209 32.950119018555 389.99255371094
69.219276428223 33.593376159668 389.31814575195
69.386810302734 34.310581207275 388.7470703125
69.618835449219 35.039665222168 388.20404052734
