81.250289916992 -18.079002380371 322.29766845703
72.891044616699 17.399934768677 337.68591308594
63.554763793945 7.1955065727234 322.87237548828
62.897289276123 0.5210679769516 342.55764770508
82.80086517334 -17.234083175659 322.55670166016
84.017906188965 -16.002281188965 322.99838256836
85.141166687012 -14.697241783142 323.47659301758
86.154479980469 -13.319042205811 323.99215698242
86.945114135742 -11.824316978455 324.57028198242
87.598472595215 -10.278757095337 325.17810058594
87.782783508301 -8.6354446411133 325.85577392578
88.080871582031 -7.0043468475342 326.52133178711
88.13697052002 -5.3557767868042 327.20904541016
88.10962677002 -3.7086620330811 327.90130615234
87.872261047363 -2.0803620815277 328.59854125977
87.529632568359 -0.47051736712456 329.29458618164
87.009994506836 1.094850897789 329.98275756836
86.540466308594 2.6743886470795 330.67379760742
85.761581420898 4.1400971412659 331.33618164062
84.836845397949 5.5293912887573 331.97549438477
83.824058532715 6.8640599250793 332.59722900391
82.62752532959 8.0604486465454 333.17230224609
81.612258911133 9.3935985565186 333.79357910156
80.562629699707 10.703453063965 334.40725708008
79.431694030762 11.953546524048 335.00079345703
78.176750183105 13.097681045532 335.55758666992
76.949447631836 14.267212867737 336.12326049805
75.63606262207 15.354111671448 336.65960693359
74.248176574707 16.359575271606 337.16638183594
81.476432800293 -16.743804931641 322.05654907227
81.972724914551 -15.469937324524 322.27035522461
82.463752746582 -14.200499534607 322.51928710938
82.898704528809 -12.919556617737 322.8092956543
83.226760864258 -11.613981246948 323.12731933594
83.390693664551 -10.283978462219 323.46759033203
83.315803527832 -8.9637622833252 323.86761474609
82.961982727051 -7.7393450737 324.39825439453
82.283843994141 -6.5733036994934 324.6999206543
81.381942749023 -5.5476078987122 324.91690063477
80.345642089844 -4.6408929824829 325.04769897461
79.228393554688 -3.825249671936 325.05996704102
78.086769104004 -3.0524120330811 324.94061279297
76.950057983398 -2.2710039615631 324.83200073242
75.843124389648 -1.4421364068985 324.78271484375
74.763786315918 -0.57793521881104 324.7294921875
73.72875213623 0.33841702342033 324.66848754883
72.706764221191 1.2638825178146 324.55123901367
71.691352844238 2.1857030391693 324.36877441406
70.575508117676 2.9809205532074 324.17660522461
69.414596557617 3.6834139823914 323.90530395508
68.270057678223 4.4134397506714 323.63711547852
67.133560180664 5.1593146324158 323.37902832031
65.937194824219 5.841091632843 323.24221801758
64.727676391602 6.4992575645447 323.10552978516
81.490127563477 -17.25902557373 323.49374389648
82.061065673828 -16.159965515137 324.2971496582
82.611923217773 -14.992880821228 325.01422119141
83.107421875 -13.784200668335 325.70233154297
83.573570251465 -12.586220741272 326.42810058594
83.870300292969 -11.349501609802 327.1689453125
83.609085083008 -10.109142303467 327.921875
82.990531921387 -8.9477272033691 328.5849609375
82.071365356445 -7.8856410980225 329.02923583984
80.939826965332 -7.1532187461853 329.63134765625
79.770835876465 -6.5150074958801 330.26837158203
78.616645812988 -5.9324941635132 330.9787902832
77.516754150391 -5.5104379653931 331.86590576172
76.318496704102 -4.9290232658386 332.50317382812
75.149467468262 -4.3310356140137 333.17517089844
74.143440246582 -3.7223882675171 334.0680847168
73.12532043457 -3.1715831756592 334.98455810547
72.09593963623 -2.6728899478912 335.91806030273
71.004440307617 -2.2089602947235 336.79742431641
69.874465942383 -1.767663359642 337.63903808594
68.788581848145 -1.2919633388519 338.5188293457
67.605346679688 -0.89621704816818 339.30834960938
66.41187286377 -0.51481413841248 340.08947753906
65.228454589844 -0.14506596326828 340.89120483398
64.083740234375 0.31165850162506 341.70413208008
