2.3270623683929 -4.954062461853 -19.613422393799
7.4630284309387 23.646696090698 -17.892698287964
-4.6482124328613 16.491748809814 -29.807470321655
-7.8307785987854 16.18597984314 -10.124998092651
3.5805602073669 -4.894054889679 -19.450712203979
4.6650085449219 -4.2334547042847 -19.287322998047
5.6903681755066 -3.4836182594299 -19.128175735474
6.6430501937866 -2.6421391963959 -18.974927902222
7.5235757827759 -1.7243515253067 -18.828084945679
8.3282356262207 -0.7382373213768 -18.688413619995
9.0575304031372 0.30571615695953 -18.55623626709
9.6918697357178 1.4104487895966 -18.433958053589
10.179525375366 2.5895440578461 -18.327695846558
10.573365211487 3.8040845394135 -18.232126235962
10.875715255737 5.0456128120422 -18.147268295288
11.151902198792 6.2930750846863 -18.065534591675
11.312200546265 7.5616884231567 -17.997852325439
11.36846446991 8.8364677429199 -17.943260192871
11.075125694275 10.082960128784 -17.934478759766
10.862634658813 11.345553398132 -17.914749145508
10.531714439392 12.582551956177 -17.911130905151
10.34801197052 13.849724769592 -17.887542724609
10.175825119019 15.118436813354 -17.862424850464
9.8840885162354 16.365369796753 -17.85341835022
9.570987701416 17.607122421265 -17.847339630127
9.2016105651855 18.833332061768 -17.849050521851
8.8317213058472 20.059383392334 -17.850828170776
8.4225397109985 21.272869110107 -17.858100891113
7.9168529510498 22.449251174927 -17.879114151001
2.9015672206879 -4.3934559822083 -20.327089309692
3.3627016544342 -3.4559450149536 -20.531776428223
3.8109042644501 -2.4858291149139 -20.631048202515
4.2571444511414 -1.5119431018829 -20.708961486816
4.5532870292664 -0.49577394127846 -20.891311645508
4.8041868209839 0.53742963075638 -21.019065856934
4.9970631599426 1.5925334692001 -21.075719833374
5.0288848876953 2.6172394752502 -21.277467727661
4.8525853157043 3.6026637554169 -21.6667137146
4.4131336212158 4.5112681388855 -22.027627944946
3.9557721614838 5.4131627082825 -22.38911819458
3.4462058544159 6.2505912780762 -22.828105926514
2.9366393089294 7.0880198478699 -23.267091751099
2.3973100185394 7.9340295791626 -23.649749755859
1.8535175323486 8.7813262939453 -24.023960113525
1.3062108755112 9.6052923202515 -24.44002532959
0.75573766231537 10.408233642578 -24.893808364868
0.16532784700394 11.128184318542 -25.408317565918
-0.49735343456268 11.697950363159 -26.032716751099
-1.1169235706329 12.303770065308 -26.66591835022
-1.6922464370728 12.917574882507 -27.331121444702
-2.2146000862122 13.498425483704 -28.068286895752
-2.7499308586121 14.184893608093 -28.690748214722
-3.3070137500763 14.959136962891 -29.170083999634
-3.8857731819153 15.783802986145 -29.540721893311
2.4143154621124 -4.6106343269348 -18.66436958313
2.7912049293518 -3.6988821029663 -18.189603805542
3.1907405853271 -2.7439603805542 -17.819049835205
3.5723588466644 -1.7563414573669 -17.526563644409
3.9083113670349 -0.73085844516754 -17.310405731201
4.1913585662842 0.29959976673126 -17.04603767395
4.2985148429871 1.3639285564423 -16.825296401978
4.1726541519165 2.424375295639 -16.608205795288
3.8758938312531 3.4562363624573 -16.365211486816
3.4151163101196 4.4120211601257 -16.086229324341
2.9073741436005 5.3384943008423 -15.778385162354
2.3877580165863 6.247519493103 -15.438498497009
1.7818872928619 7.0978217124939 -15.091902732849
1.1468722820282 7.9340667724609 -14.764025688171
0.46893781423569 8.7563314437866 -14.488098144531
-0.26214465498924 9.5282011032104 -14.204321861267
-1.0035872459412 10.290246963501 -13.919015884399
-1.7816272974014 10.988229751587 -13.596396446228
-2.641263961792 11.543377876282 -13.190581321716
-3.4897127151489 12.104024887085 -12.770739555359
-4.2938718795776 12.686436653137 -12.295371055603
-5.0914387702942 13.31201171875 -11.868619918823
-5.8598442077637 13.986574172974 -11.467020988464
-6.5303320884705 14.760270118713 -11.062433242798
-7.1306328773499 15.60681438446 -10.708607673645
