4.0423798561096 -4.5565848350525 -11.112336158752
3.2882869243622 20.234479904175 -12.318730354309
-4.2543907165527 11.733687400818 -17.960897445679
-3.4676098823547 12.300210952759 -4.9384322166443
5.1762619018555 -4.2993021011353 -11.20850944519
6.1114249229431 -3.6269791126251 -11.311245918274
6.9613375663757 -2.8344709873199 -11.413850784302
7.7973465919495 -2.0271618366241 -11.51619052887
8.4753360748291 -1.0833231210709 -11.613901138306
9.085862159729 -0.093743100762367 -11.708995819092
9.5912094116211 0.95383089780807 -11.799334526062
10.008566856384 2.0398559570312 -11.885183334351
10.361775398254 3.1487002372742 -11.967494010925
10.616703987122 4.2845158576965 -12.043976783752
10.822080612183 5.4306144714355 -12.117350578308
10.89137172699 6.5933141708374 -12.181597709656
10.894312858582 7.7584462165833 -12.241109848022
10.813791275024 8.9210815429688 -12.294377326965
10.628381729126 10.071996688843 -12.339361190796
10.32204246521 11.197117805481 -12.374176025391
9.931116104126 12.295968055725 -12.401456832886
9.4765501022339 13.370209693909 -12.422819137573
8.9299306869507 14.400768280029 -12.435214042664
8.3410959243774 15.407901763916 -12.443322181702
7.5650563240051 16.278631210327 -12.430774688721
6.7467126846313 17.109964370728 -12.413122177124
5.8818597793579 17.892641067505 -12.389583587646
5.0755982398987 18.735736846924 -12.37341594696
4.1910004615784 19.495950698853 -12.347290039062
4.2216181755066 -4.0896525382996 -11.820621490479
4.6844420433044 -3.3910748958588 -12.132883071899
5.1414675712585 -2.6676709651947 -12.388851165771
5.4866676330566 -1.8741445541382 -12.614684104919
5.7739453315735 -1.0587246417999 -12.84227848053
5.9689841270447 -0.22060918807983 -13.084687232971
6.0666089057922 0.62948137521744 -13.343593597412
6.0668005943298 1.4835044145584 -13.609553337097
6.0341024398804 2.3375728130341 -13.873513221741
5.9973759651184 3.1926403045654 -14.121253013611
5.6568627357483 3.9859766960144 -14.263786315918
4.8707780838013 4.3989734649658 -14.234036445618
3.9995121955872 4.5589628219604 -14.287693023682
3.251348733902 5.042652130127 -14.360399246216
2.5288164615631 5.5364317893982 -14.544563293457
1.8259456157684 6.0291485786438 -14.79594707489
1.1494917869568 6.5359683036804 -15.088680267334
0.49076053500175 7.0674967765808 -15.377893447876
-0.14152486622334 7.6117563247681 -15.700513839722
-0.75844758749008 8.1483316421509 -16.063241958618
-1.3898311853409 8.6988563537598 -16.377063751221
-2.0226862430573 9.2552280426025 -16.676792144775
-2.5818343162537 9.8840208053589 -16.980291366577
-3.0996532440186 10.546885490417 -17.284580230713
-3.6658043861389 11.154824256897 -17.616371154785
4.3323574066162 -3.9624712467194 -10.51123046875
4.8694338798523 -3.2428832054138 -10.433397293091
5.3007473945618 -2.4551951885223 -10.353719711304
5.6958613395691 -1.6496357917786 -10.266183853149
6.030300617218 -0.82274913787842 -10.13495349884
6.3153257369995 0.019615905359387 -9.9871654510498
6.5019369125366 0.88924390077591 -9.8410577774048
6.5520005226135 1.777648806572 -9.6960458755493
6.5401396751404 2.664871931076 -9.5361557006836
6.4950137138367 3.5498118400574 -9.3730440139771
6.1698188781738 4.3704829216003 -9.2132663726807
5.3665022850037 4.773672580719 -9.1485452651978
4.5017518997192 5.0026912689209 -9.0367460250854
3.6679909229279 5.3145604133606 -8.8984098434448
2.9526560306549 5.7758431434631 -8.6015825271606
2.287189245224 6.3283095359802 -8.347017288208
1.6384656429291 6.888973236084 -8.0682992935181
1.0067518949509 7.4544200897217 -7.7615833282471
0.39571377635002 8.0227899551392 -7.4203805923462
-0.2717972099781 8.5261030197144 -7.0828928947449
-0.82827299833298 9.1171073913574 -6.6913075447083
-1.2410722970963 9.7919950485229 -6.2596464157104
-1.8208283185959 10.389201164246 -5.9130959510803
-2.3754949569702 11.012968063354 -5.572304725647
-2.9221305847168 11.654836654663 -5.2528042793274
