71.284767150879 -3.1963148117065 283.62921142578
63.242755889893 5.3636069297791 281.4616394043
68.402633666992 5.3505892753601 286.53854370117
70.160301208496 4.9903745651245 278.90914916992
70.803527832031 -3.3652362823486 283.51638793945
70.299674987793 -3.4217615127563 283.39532470703
69.792427062988 -3.4214968681335 283.27200317383
69.291091918945 -3.3491275310516 283.14837646484
68.803512573242 -3.2100217342377 283.0263671875
68.336242675781 -3.0111703872681 282.90783691406
67.88508605957 -2.7751317024231 282.7922668457
67.44361114502 -2.5202436447144 282.67861938477
67.014831542969 -2.2438797950745 282.56753540039
66.607810974121 -1.9352917671204 282.46096801758
66.222663879395 -1.5977439880371 282.35894775391
65.859008789062 -1.2363556623459 282.26153564453
65.520210266113 -0.8496960401535 282.16958618164
65.197219848633 -0.44898226857185 282.08108520508
64.894172668457 -0.032165296375751 281.9970703125
64.616355895996 0.4030953347683 281.91870117188
64.358589172363 0.85118955373764 281.84494018555
64.134490966797 1.3183674812317 281.77890014648
63.921733856201 1.7911839485168 281.71542358398
63.761669158936 2.2857367992401 281.66424560547
63.648963928223 2.7940595149994 281.62417602539
63.595481872559 3.3125998973846 281.59832763672
63.538124084473 3.8310725688934 281.57153320312
63.422859191895 4.3379764556885 281.53091430664
63.33833694458 4.8514580726624 281.49761962891
71.069396972656 -3.1126484870911 283.95602416992
70.73844909668 -2.9259436130524 284.09069824219
70.413520812988 -2.7055187225342 284.18270874023
70.089050292969 -2.4807286262512 284.26467895508
69.767158508301 -2.276428937912 284.39495849609
69.479125976562 -2.0016419887543 284.45913696289
69.220672607422 -1.6988643407822 284.52337646484
68.981414794922 -1.3886264562607 284.61871337891
68.76097869873 -1.0787007808685 284.7526550293
68.57349395752 -0.74318552017212 284.87469482422
68.402946472168 -0.3908134996891 284.97134399414
68.262969970703 -0.021079324185848 285.04223632812
68.331298828125 0.34542021155357 285.1960144043
68.399833679199 0.71480536460876 285.34243774414
68.433601379395 1.1017570495605 285.45062255859
68.425552368164 1.496923327446 285.53067016602
68.395057678223 1.8909329175949 285.61108398438
68.355667114258 2.2847256660461 285.68853759766
68.290565490723 2.6773107051849 285.75390625
68.243186950684 3.0733273029327 285.81353759766
68.223159790039 3.4728753566742 285.86441040039
68.232315063477 3.8671290874481 285.94876098633
68.25284576416 4.2579765319824 286.04595947266
68.290634155273 4.6354365348816 286.18276977539
68.346633911133 4.9930067062378 286.36068725586
71.198783874512 -3.0641055107117 283.27331542969
70.958450317383 -2.8576102256775 283.04412841797
70.732780456543 -2.6538753509521 282.79818725586
70.515495300293 -2.4365966320038 282.55642700195
70.331413269043 -2.2295761108398 282.28042602539
70.161758422852 -2.0027716159821 282.01138305664
70.015197753906 -1.696713924408 281.81707763672
69.904640197754 -1.3754683732986 281.62341308594
69.815422058105 -1.0493718385696 281.42687988281
69.737510681152 -0.72575169801712 281.22183227539
69.70866394043 -0.37355554103851 281.05432128906
69.698936462402 -0.021470718085766 280.88455200195
69.737419128418 0.32073187828064 280.69934082031
69.780838012695 0.68496489524841 280.56378173828
69.805534362793 1.0516531467438 280.43017578125
69.799667358398 1.4210842847824 280.3020324707
69.791870117188 1.7943863868713 280.18576049805
69.774047851562 2.1670935153961 280.06866455078
69.751640319824 2.5395114421844 279.95150756836
69.750442504883 2.9231605529785 279.87573242188
69.763198852539 3.3079648017883 279.80780029297
69.828971862793 3.6637187004089 279.65933227539
69.9189453125 4.0087356567383 279.49871826172
70.026161193848 4.3446025848389 279.32952880859
70.093482971191 4.6675868034363 279.11956787109
