63.671455383301 -5.4107084274292 272.72778320312
62.481178283691 14.630517959595 274.20184326172
68.308227539062 9.5301303863525 278.9157409668
68.773109436035 10.768878936768 269.19573974609
62.846534729004 -5.3003177642822 272.48724365234
62.147850036621 -4.7654500007629 272.36480712891
61.560668945312 -4.1174645423889 272.21676635742
61.034851074219 -3.3967349529266 272.2155456543
60.561332702637 -2.6433143615723 272.22006225586
60.143051147461 -1.8553646802902 272.23068237305
59.784534454346 -1.0426148176193 272.29183959961
59.453464508057 -0.21847236156464 272.37622070312
59.205852508545 0.63374960422516 272.45263671875
58.992835998535 1.4956753253937 272.53482055664
58.833209991455 2.3624641895294 272.6731262207
58.711799621582 3.2355551719666 272.80242919922
58.643390655518 4.1173872947693 272.91915893555
58.650386810303 4.9989037513733 273.05447387695
58.667877197266 5.88010597229 273.19149780273
58.766357421875 6.755672454834 273.33157348633
58.898265838623 7.6286773681641 273.45208740234
59.071784973145 8.4984951019287 273.54821777344
59.353088378906 9.3350763320923 273.66107177734
59.680484771729 10.153064727783 273.79476928711
60.054447174072 10.938577651978 273.99240112305
60.453811645508 11.73321723938 274.02905273438
60.887977600098 12.5046043396 274.09255981445
61.388061523438 13.224422454834 274.25903320312
61.932189941406 13.928346633911 274.24063110352
63.203861236572 -4.9172563552856 272.92526245117
62.827968597412 -4.3278222084045 273.03601074219
62.534301757812 -3.689385175705 273.12139892578
62.268898010254 -3.040962934494 273.22259521484
62.044883728027 -2.38436460495 273.36340332031
61.931529998779 -1.7061440944672 273.53067016602
62.083095550537 -1.0316033363342 273.68188476562
62.348041534424 -0.38975146412849 273.81887817383
62.708358764648 0.20386965572834 273.95639038086
63.091575622559 0.78270733356476 274.09466552734
63.443065643311 1.3563817739487 274.3147277832
63.770690917969 1.92125248909 274.58801269531
64.129043579102 2.4537098407745 274.88668823242
64.499710083008 2.9715123176575 275.19586181641
64.825057983398 3.5110456943512 275.51864624023
65.137771606445 4.0559740066528 275.84481811523
65.475852966309 4.6082744598389 276.13082885742
65.831314086914 5.1643242835999 276.38693237305
66.185005187988 5.7173380851746 276.65191650391
66.530456542969 6.2564034461975 276.95388793945
66.877052307129 6.7990379333496 277.24810791016
67.225570678711 7.3477783203125 277.52835083008
67.535720825195 7.8483304977417 277.92092895508
67.856689453125 8.3485889434814 278.30545043945
68.166389465332 8.9178323745728 278.58999633789
63.346687316895 -4.7896375656128 272.61959838867
63.021923065186 -4.1685647964478 272.5114440918
62.788997650146 -3.5012218952179 272.45465087891
62.572505950928 -2.827611207962 272.40689086914
62.589126586914 -2.1191203594208 272.41146850586
62.697227478027 -1.4187726974487 272.43621826172
62.932437896729 -0.7498294711113 272.44219970703
63.229061126709 -0.10574036091566 272.43811035156
63.473278045654 0.55820035934448 272.38916015625
63.668796539307 1.2340261936188 272.30026245117
63.91088104248 1.8899337053299 272.18197631836
64.225318908691 2.50514793396 272.02215576172
64.55004119873 3.1158361434937 271.86557006836
64.870620727539 3.7267827987671 271.70162963867
65.168930053711 4.343599319458 271.51873779297
65.496948242188 4.932758808136 271.29919433594
65.90616607666 5.5004897117615 271.18496704102
66.21312713623 6.1133170127869 271.00296020508
66.508598327637 6.7278804779053 270.80825805664
66.804077148438 7.3424444198608 270.6135559082
67.099548339844 7.9570007324219 270.41882324219
67.462341308594 8.5241365432739 270.19604492188
67.853149414062 9.0676069259644 269.96194458008
68.254936218262 9.5921468734741 269.70440673828
68.656059265137 10.115404129028 269.44323730469
