57.191162109375 4.8782434463501 273.03948974609
67.802558898926 -0.48537293076515 272.25796508789
70.340599060059 3.0181159973145 270.42791748047
68.777839660645 -1.3398358821869 276.82943725586
57.04328918457 4.5259914398193 272.73348999023
57.139530181885 4.1255531311035 272.46530151367
57.378921508789 3.748948097229 272.25799560547
57.718223571777 3.4216015338898 272.11734008789
58.123893737793 3.1530473232269 272.0403137207
58.564994812012 2.9354357719421 272.01184082031
59.020587921143 2.7476234436035 272.009765625
59.485202789307 2.58429646492 272.02865600586
59.950481414795 2.4230773448944 272.04928588867
60.41198348999 2.2504873275757 272.06030273438
60.876762390137 2.0876786708832 272.07962036133
61.339992523193 1.920100569725 272.09494018555
61.80451965332 1.7564914226532 272.1135559082
62.268074035645 1.5898849964142 272.12966918945
62.728176116943 1.4134018421173 272.13739013672
63.189605712891 1.2406053543091 272.14825439453
63.645946502686 1.0544744729996 272.14767456055
64.107666015625 0.88248467445374 272.15921020508
64.568748474121 0.70868992805481 272.16925048828
65.025840759277 0.52439910173416 272.17025756836
65.484390258789 0.34380733966827 272.17446899414
65.946655273438 0.17339660227299 272.18737792969
66.405891418457 -0.0053992359898984 272.19311523438
66.868621826172 -0.17447251081467 272.20715332031
67.334403991699 -0.33405983448029 272.22912597656
57.432964324951 4.6131687164307 272.65475463867
57.732913970947 4.4036283493042 272.35620117188
58.191520690918 4.5725622177124 272.14678955078
58.631484985352 4.6191811561584 271.81930541992
59.113445281982 4.6459512710571 271.55120849609
59.610202789307 4.6375827789307 271.31677246094
60.131942749023 4.6629762649536 271.14242553711
60.664627075195 4.6486678123474 270.99758911133
61.197944641113 4.6304697990417 270.85668945312
61.737892150879 4.5715708732605 270.75708007812
62.2790184021 4.5148668289185 270.66421508789
62.825885772705 4.4650330543518 270.60711669922
63.369911193848 4.3903760910034 270.54879760742
63.911060333252 4.3000230789185 270.48620605469
64.453178405762 4.2138710021973 270.42614746094
64.995391845703 4.1318497657776 270.36358642578
65.536338806152 4.0263977050781 270.32913208008
66.082008361816 3.9496519565582 270.29504394531
66.625038146973 3.8589973449707 270.2548828125
67.165077209473 3.7522282600403 270.21389770508
67.699356079102 3.6151728630066 270.18756103516
68.229209899902 3.4706931114197 270.22418212891
68.775077819824 3.3990299701691 270.2668762207
69.298492431641 3.2253775596619 270.25833129883
69.836219787598 3.2002482414246 270.341796875
57.323505401611 4.3859891891479 273.08605957031
57.538120269775 3.9063904285431 273.07879638672
57.814826965332 3.6680209636688 273.48138427734
58.087524414062 3.2774024009705 273.77307128906
58.41187286377 2.904355764389 274.03579711914
58.778877258301 2.5711069107056 274.29452514648
59.171775817871 2.2579665184021 274.54238891602
59.57593536377 1.9594544172287 274.78582763672
60.020492553711 1.7112078666687 275.0168762207
60.460334777832 1.4256699085236 275.21286010742
60.955932617188 1.1849002838135 275.31411743164
61.444816589355 0.96409583091736 275.47592163086
61.931201934814 0.73343408107758 275.63125610352
62.425960540771 0.51765567064285 275.78042602539
62.929500579834 0.32340738177299 275.93020629883
63.43729019165 0.15181428194046 276.09338378906
63.966365814209 0.013013674877584 276.21484375
64.498390197754 -0.1276541352272 276.31811523438
65.034210205078 -0.27073892951012 276.39782714844
65.558883666992 -0.45222905278206 276.47161865234
66.086540222168 -0.62633353471756 276.5403137207
66.624290466309 -0.77170830965042 276.60055541992
67.164245605469 -0.90779942274094 276.66171264648
67.707244873047 -1.031051158905 276.72418212891
68.247940063477 -1.1636273860931 276.78369140625
