66.451095581055 4.5828642845154 270.34497070312
79.819747924805 -2.3760027885437 274.43756103516
83.725997924805 0.67360335588455 271.40438842773
82.410301208496 0.94898289442062 279.14566040039
66.582008361816 3.9817624092102 270.40829467773
66.89429473877 3.4592773914337 270.51953125
67.310111999512 3.021525144577 270.65649414062
67.758193969727 2.6195678710938 270.80099487305
68.240821838379 2.2629766464233 270.95330810547
68.743301391602 1.9369492530823 271.10992431641
69.257591247559 1.6311364173889 271.26904296875
69.780548095703 1.3413751125336 271.42987060547
70.310600280762 1.0656249523163 271.59213256836
70.846641540527 0.80242228507996 271.75555419922
71.387115478516 0.54899156093597 271.91983032227
71.934921264648 0.3127073943615 272.08538818359
72.482345581055 0.075576603412628 272.25091552734
73.037895202637 -0.14088508486748 272.41778564453
73.59342956543 -0.35733985900879 272.58465576172
74.15438079834 -0.55859100818634 272.75247192383
74.71883392334 -0.74935334920883 272.92077636719
75.282455444336 -0.94262355566025 273.08898925781
75.841850280762 -1.1483739614487 273.25653076172
76.408554077148 -1.3320095539093 273.42517089844
76.984924316406 -1.4811584949493 273.59497070312
77.548431396484 -1.6748110055923 273.76315307617
78.12158203125 -1.8359256982803 273.93264770508
78.679557800293 -2.0450699329376 274.09997558594
79.261772155762 -2.1662726402283 274.2702331543
66.943016052246 4.2403502464294 270.19897460938
67.471237182617 3.9322588443756 270.26037597656
68.123596191406 3.7026166915894 270.25335693359
68.771766662598 3.4555149078369 270.28158569336
69.427314758301 3.2309834957123 270.32986450195
70.087524414062 3.0217051506042 270.38525390625
70.759017944336 2.8545236587524 270.44244384766
71.434089660645 2.7006459236145 270.50018310547
72.111625671387 2.552015542984 270.53527832031
72.79076385498 2.4067733287811 270.55569458008
73.466445922852 2.2482697963715 270.58596801758
74.140396118164 2.0830907821655 270.62121582031
74.817604064941 1.9392870664597 270.66976928711
75.500289916992 1.8314448595047 270.74072265625
76.182800292969 1.7225089073181 270.81170654297
76.863037109375 1.6002639532089 270.88290405273
77.543266296387 1.4780189990997 270.9541015625
78.226852416992 1.3717794418335 271.01782226562
78.912605285645 1.2752810716629 271.0729675293
79.600563049316 1.1880857944489 271.11584472656
80.28768157959 1.0959137678146 271.16156005859
80.974174499512 1.000116944313 271.20932006836
81.66170501709 0.90493428707123 271.23983764648
82.349555969238 0.81737142801285 271.27920532227
83.037780761719 0.7454873919487 271.341796875
66.866645812988 4.2767753601074 270.78411865234
67.425010681152 3.995082616806 271.13638305664
68.004211425781 3.7469303607941 271.48812866211
68.602264404297 3.5177981853485 271.81976318359
69.216484069824 3.3109722137451 272.13748168945
69.833267211914 3.105384349823 272.45101928711
70.44571685791 2.9134893417358 272.78057861328
71.053550720215 2.735276222229 273.12664794922
71.665565490723 2.5778448581696 273.47521972656
72.278938293457 2.4271972179413 273.82458496094
72.896957397461 2.2973248958588 274.17398071289
73.516075134277 2.1723465919495 274.52337646484
74.144233703613 2.0464780330658 274.85571289062
74.77522277832 1.9203315973282 275.18270874023
75.411918640137 1.8002249002457 275.5007019043
76.05126953125 1.6829192638397 275.81448364258
76.690238952637 1.577262878418 276.13265991211
77.328422546387 1.4956543445587 276.45983886719
77.96745300293 1.4195604324341 276.78662109375
78.607704162598 1.3514229059219 277.11288452148
79.242469787598 1.2823864221573 277.44934082031
79.873153686523 1.2126816511154 277.79336547852
80.504417419434 1.143143415451 278.13635253906
81.141395568848 1.0752429962158 278.46899414062
81.776222229004 1.0114030838013 278.80648803711
