61.118362426758 -5.7647185325623 277.51544189453
71.47583770752 4.5850834846497 284.54385375977
76.28978729248 2.8549718856812 290.03125
78.932312011719 5.7938442230225 282.13012695312
61.059589385986 -5.1530051231384 277.70745849609
61.125316619873 -4.5555911064148 277.93591308594
61.330280303955 -4.005247592926 278.19451904297
61.630710601807 -3.5072205066681 278.46685791016
61.984569549561 -3.0469346046448 278.74383544922
62.363830566406 -2.6074910163879 279.02209472656
62.76428604126 -2.1876311302185 279.30062866211
63.175018310547 -1.7775191068649 279.57925415039
63.594623565674 -1.3766223192215 279.85763549805
64.027801513672 -0.98986792564392 280.13565063477
64.464622497559 -0.60710841417313 280.41348266602
64.9072265625 -0.23088401556015 280.69097900391
65.361373901367 0.13200101256371 280.96771240234
65.818077087402 0.49183204770088 281.24420166016
66.283409118652 0.84103453159332 281.51995849609
66.745658874512 1.1941076517105 281.79595947266
67.222503662109 1.5283960103989 282.07040405273
67.697479248047 1.8652688264847 282.34503173828
68.164497375488 2.2123203277588 282.62057495117
68.632865905762 2.5576703548431 282.89599609375
69.10368347168 2.8999350070953 283.17114257812
69.578880310059 3.2364401817322 283.44577026367
70.04759979248 3.5809528827667 283.72100830078
70.507720947266 3.9365417957306 283.99719238281
70.984077453613 4.2711715698242 284.27154541016
61.319751739502 -5.1958999633789 278.0930480957
61.778606414795 -4.6679577827454 278.55477905273
62.311420440674 -4.2245831489563 279.02645874023
62.900096893311 -3.8072175979614 279.45376586914
63.493213653564 -3.3930068016052 279.87789916992
64.061027526855 -2.9694700241089 280.32684326172
64.629570007324 -2.5467076301575 280.77554321289
65.213455200195 -2.1399555206299 281.21926879883
65.824768066406 -1.7643049955368 281.65344238281
66.424453735352 -1.3902574777603 282.10479736328
66.999137878418 -1.0218598842621 282.59188842773
67.603034973145 -0.6932367682457 283.07214355469
68.217010498047 -0.38006806373596 283.54989624023
68.83602142334 -0.097154431045055 284.03991699219
69.451316833496 0.188427105546 284.53305053711
70.050117492676 0.49016267061234 285.03677368164
70.648826599121 0.7918786406517 285.54058837891
71.242828369141 1.0928577184677 286.05041503906
71.835563659668 1.3935712575912 286.56185913086
72.429428100586 1.6855081319809 287.07705688477
73.020614624023 1.9552838802338 287.60720825195
73.605369567871 2.1876676082611 288.16165161133
74.219535827637 2.3772525787354 288.70031738281
74.860641479492 2.5579063892365 289.20989990234
75.555313110352 2.7380261421204 289.64379882812
61.472511291504 -4.9932703971863 277.53826904297
62.037242889404 -4.3990664482117 277.76580810547
62.678050994873 -3.9020414352417 278.02471923828
63.298446655273 -3.3933019638062 278.30941772461
63.920028686523 -2.8858995437622 278.59381103516
64.565788269043 -2.4062280654907 278.87243652344
65.230728149414 -1.9503092765808 279.14584350586
65.89567565918 -1.4943828582764 279.41925048828
66.561080932617 -1.0388380289078 279.69213867188
67.239356994629 -0.59368520975113 279.95007324219
67.930862426758 -0.15981757640839 280.19152832031
68.639488220215 0.26371130347252 280.39947509766
69.352340698242 0.68438482284546 280.59857177734
70.065223693848 1.1050945520401 280.79748535156
70.779724121094 1.5275220870972 280.98669433594
71.495826721191 1.951709151268 281.16567993164
72.211891174316 2.3767714500427 281.34271240234
72.927459716797 2.8098447322845 281.50137329102
73.64281463623 3.2430789470673 281.66055297852
74.354850769043 3.6787846088409 281.82763671875
75.104919433594 4.0537543296814 281.97448730469
75.852561950684 4.4517397880554 282.060546875
76.601501464844 4.835618019104 282.18896484375
77.368217468262 5.1749639511108 282.33648681641
78.161308288574 5.4835605621338 282.31448364258
