56.666126251221 7.9917817115784 271.27627563477
66.650382995605 -3.5471630096436 272.1259765625
72.636161804199 -1.245176076889 267.20568847656
72.944671630859 -0.83717459440231 277.08441162109
56.616485595703 7.3830003738403 271.31100463867
56.707489013672 6.7790541648865 271.3479309082
56.861568450928 6.1881346702576 271.38525390625
57.088298797607 5.6210327148438 271.42236328125
57.361129760742 5.0745911598206 271.45910644531
57.676609039307 4.5515422821045 271.49523925781
58.007061004639 4.0378036499023 271.53109741211
58.357322692871 3.5373291969299 271.56649780273
58.721771240234 3.0470638275146 271.6015625
59.104721069336 2.571074962616 271.63607788086
59.507804870605 2.111967086792 271.66998291016
59.924949645996 1.6655640602112 271.70336914062
60.362712860107 1.2392857074738 271.73596191406
60.797519683838 0.81000274419785 271.76870727539
61.2555809021 0.40554177761078 271.80038452148
61.716693878174 0.004554286133498 271.83190917969
62.181308746338 -0.39238584041595 271.86328125
62.644241333008 -0.79128503799438 271.89468383789
63.106517791748 -1.190932393074 271.92617797852
63.580699920654 -1.5764293670654 271.95703125
64.063499450684 -1.9511280059814 271.98736572266
64.55997467041 -2.3075559139252 272.0168762207
65.059997558594 -2.6590240001678 272.04620361328
65.560707092285 -3.0095219612122 272.07543945312
66.075698852539 -3.3387396335602 272.10372924805
57.131401062012 7.6572194099426 270.82662963867
57.618404388428 7.121054649353 270.74319458008
58.102592468262 6.561231136322 270.65603637695
58.617923736572 6.0259308815002 270.60192871094
59.156063079834 5.5139136314392 270.55130004883
59.722606658936 5.0326137542725 270.49822998047
60.316108703613 4.5845060348511 270.44976806641
60.91841506958 4.1478600502014 270.41253662109
61.537643432617 3.7337236404419 270.39556884766
62.165832519531 3.3428595066071 270.30587768555
62.80534362793 2.9766232967377 270.19912719727
63.457290649414 2.6378099918365 270.07476806641
64.118682861328 2.3212504386902 269.94137573242
64.784294128418 2.0288555622101 269.78030395508
65.448608398438 1.7306083440781 269.62725830078
66.106796264648 1.4046992063522 269.50436401367
66.75910949707 1.1286671161652 269.27258300781
67.411422729492 0.85263508558273 269.04077148438
68.067398071289 0.57646405696869 268.82037353516
68.730758666992 0.30001217126846 268.62298583984
69.37801361084 -0.0037041446194053 268.41372680664
70.02254486084 -0.31183397769928 268.20178222656
70.675559997559 -0.60185474157333 267.99069213867
71.317886352539 -0.86346638202667 267.71789550781
72.021270751953 -1.0365327596664 267.55911254883
57.098667144775 7.632248878479 271.60919189453
57.563400268555 7.0931282043457 271.88223266602
58.044925689697 6.5437960624695 272.10131835938
58.598896026611 6.0275406837463 272.21820068359
59.18185043335 5.5492024421692 272.36410522461
59.796382904053 5.100781917572 272.47128295898
60.405689239502 4.6527256965637 272.60562133789
61.0419921875 4.2439856529236 272.73876953125
61.663509368896 3.8216841220856 272.89617919922
62.287448883057 3.4081346988678 273.06463623047
62.945465087891 3.0467348098755 273.22778320312
63.598785400391 2.6858534812927 273.40954589844
64.238464355469 2.3400018215179 273.64993286133
64.866416931152 2.0128901004791 273.94760131836
65.524238586426 1.7043679952621 274.19720458984
66.19605255127 1.4085203409195 274.42233276367
66.876579284668 1.1237832307816 274.63671875
67.515151977539 0.84232151508331 274.94311523438
68.13468170166 0.52258485555649 275.25067138672
68.760772705078 0.28894990682602 275.59756469727
69.454925537109 0.072207935154438 275.84466552734
70.145263671875 -0.16922019422054 276.07901000977
70.833595275879 -0.42560940980911 276.30340576172
71.526725769043 -0.62749934196472 276.56393432617
72.229713439941 -0.6619348526001 276.86456298828
