87.737823486328 6.8172845840454 410.72790527344
105.69201660156 -9.8120555877686 405.15426635742
112.51527404785 -0.59010374546051 402.77963256836
110.13523864746 -6.6307578086853 414.87350463867
86.991897583008 6.1876435279846 410.25985717773
86.677398681641 5.2952046394348 409.73037719727
86.621078491211 4.3424372673035 409.21548461914
86.796890258789 3.3839972019196 408.73934936523
87.181900024414 2.461296081543 408.31994628906
87.755729675293 1.6087247133255 407.97171020508
88.414375305176 0.80311739444733 407.66363525391
89.128364562988 0.034713469445705 407.38522338867
89.899200439453 -0.68910092115402 407.14071655273
90.700584411621 -1.385689496994 406.91610717773
91.527503967285 -2.0574579238892 406.7092590332
92.386627197266 -2.6949517726898 406.52642822266
93.260444641113 -3.3154492378235 406.3551940918
94.152702331543 -3.9133386611938 406.19924926758
95.066444396973 -4.4827618598938 406.06231689453
95.98860168457 -5.0403261184692 405.93316650391
96.921905517578 -5.5814604759216 405.8147277832
97.872863769531 -6.094792842865 405.71420288086
98.822227478027 -6.6107096672058 405.61196899414
99.788017272949 -7.0986180305481 405.52755737305
100.74383544922 -7.6038284301758 405.43222045898
101.72343444824 -8.0660467147827 405.36395263672
102.70919036865 -8.5160751342773 405.30319213867
103.69551086426 -8.9649696350098 405.2431640625
104.69103240967 -9.3945569992065 405.19506835938
87.868934631348 6.1245565414429 409.91256713867
88.128898620605 5.199782371521 409.36471557617
88.558479309082 4.3165512084961 408.9065246582
89.564010620117 4.3894057273865 408.52520751953
90.560127258301 4.0731515884399 408.17770385742
91.508918762207 3.641265630722 407.80590820312
92.530784606934 3.2599232196808 407.59918212891
93.541915893555 2.8998146057129 407.31491088867
94.588775634766 2.5948054790497 407.16055297852
95.614784240723 2.2507784366608 406.91323852539
96.641227722168 1.9202796220779 406.65170288086
97.651947021484 1.5821640491486 406.34072875977
98.677017211914 1.2753927707672 406.04949951172
99.75212097168 1.0563670396805 405.88833618164
100.84107971191 0.87155479192734 405.77447509766
101.91361236572 0.64531886577606 405.5998840332
102.94544219971 0.49737229943275 405.22299194336
103.99197387695 0.31500178575516 404.90246582031
105.04764556885 0.15935026109219 404.59603881836
106.09217834473 0.0017178741982207 404.25466918945
107.12546539307 -0.19685181975365 403.90069580078
108.18304443359 -0.35147720575333 403.609375
109.27269744873 -0.45086935162544 403.42993164062
110.36602020264 -0.50915849208832 403.25271606445
111.4249420166 -0.56464189291 402.94497680664
88.043434143066 5.8605194091797 410.38739013672
88.150207519531 4.8148612976074 410.26702880859
88.387466430664 3.7836587429047 410.21673583984
89.199752807617 3.3322913646698 410.69268798828
90.211051940918 3.0264129638672 410.86422729492
91.19157409668 2.5773181915283 410.89920043945
92.124603271484 2.0345458984375 410.98303222656
93.079330444336 1.5315951108932 411.07269287109
94.035209655762 1.0306762456894 411.16110229492
94.997512817383 0.54070270061493 411.23919677734
95.941719055176 0.020025309175253 411.33654785156
96.832168579102 -0.56628519296646 411.50677490234
97.722541809082 -1.1441572904587 411.67294311523
98.710098266602 -1.5844187736511 411.71603393555
99.65746307373 -2.032826423645 411.98742675781
100.62009429932 -2.4989914894104 412.15637207031
101.5362701416 -3.0009136199951 412.43859863281
102.46460723877 -3.4847319126129 412.71499633789
103.35791015625 -4.0213756561279 413.00677490234
104.29195404053 -4.4983897209167 413.2727355957
105.24242401123 -4.9557204246521 413.51739501953
106.208152771 -5.3437089920044 413.81259155273
107.17436981201 -5.7261590957642 414.08840942383
108.06345367432 -6.2077641487122 414.45269775391
109.10716247559 -6.3579649925232 414.6706237793
