66.357261657715 -4.0092153549194 267.66708374023
81.856300354004 0.2598021030426 274.39297485352
85.036010742188 -5.3559107780457 273.34902954102
85.786308288574 1.3101334571838 268.46130371094
66.255004882812 -3.602445602417 268.23950195312
66.529960632324 -3.2296559810638 268.78009033203
66.908355712891 -2.8898062705994 269.27844238281
67.363471984863 -2.5835385322571 269.73248291016
67.877342224121 -2.3099980354309 270.14270019531
68.437911987305 -2.0684790611267 270.50952148438
69.038414001465 -1.8602205514908 270.83087158203
69.660102844238 -1.6728041172028 271.12359619141
70.289237976074 -1.4934391975403 271.4052734375
70.924842834473 -1.3214557170868 271.67666625977
71.578598022461 -1.172167301178 271.9167175293
72.238464355469 -1.0314342975616 272.14489746094
72.90843963623 -0.90612041950226 272.35165405273
73.579895019531 -0.78323930501938 272.55502319336
74.258750915527 -0.67327558994293 272.74038696289
74.944404602051 -0.57657301425934 272.90728759766
75.6318359375 -0.48363402485847 273.06887817383
76.31990814209 -0.39208206534386 273.228515625
77.012733459473 -0.31151357293129 273.3727722168
77.692947387695 -0.20406477153301 273.55465698242
78.378044128418 -0.10622495412827 273.72311401367
79.069816589355 -0.023120934143662 273.87097167969
79.76602935791 0.048741012811661 274.00302124023
80.462585449219 0.1196242198348 274.1337890625
81.159072875977 0.19076822698116 274.26480102539
66.877700805664 -4.0791115760803 268.22766113281
67.406600952148 -3.844881772995 268.71994018555
68.112533569336 -3.9277439117432 269.02029418945
68.826171875 -3.8526065349579 269.30862426758
69.549110412598 -3.7487008571625 269.56326293945
70.277557373047 -3.6559374332428 269.80618286133
71.011734008789 -3.5837888717651 270.03814697266
71.761276245117 -3.5236713886261 270.21942138672
72.510391235352 -3.4649198055267 270.40243530273
73.248725891113 -3.4176189899445 270.62811279297
73.986808776855 -3.3794362545013 270.85534667969
74.734268188477 -3.411819934845 271.05169677734
75.481079101562 -3.4479918479919 271.24917602539
76.216972351074 -3.547500371933 271.46560668945
76.949722290039 -3.6607966423035 271.68588256836
77.677726745605 -3.7951593399048 271.91003417969
78.403297424316 -3.9397003650665 272.13571166992
79.135559082031 -4.0672578811646 272.34973144531
79.875015258789 -4.1745371818542 272.54965209961
80.605133056641 -4.3069219589233 272.76800537109
81.325416564941 -4.4626841545105 273.00283813477
82.067230224609 -4.5715312957764 273.19290161133
82.812355041504 -4.7162237167358 273.34136962891
83.554321289062 -4.9221253395081 273.41452026367
84.297668457031 -5.1358828544617 273.41787719727
66.850257873535 -3.398469209671 267.80615234375
67.380485534668 -2.9786405563354 268.21069335938
68.154693603516 -2.7829620838165 268.26043701172
68.889335632324 -2.5239427089691 268.44873046875
69.64306640625 -2.3338558673859 268.64477539062
70.401702880859 -2.1649639606476 268.84136962891
71.165084838867 -2.0062024593353 269.02734375
71.939582824707 -1.8548792600632 269.16839599609
72.708114624023 -1.6734380722046 269.306640625
73.483673095703 -1.5068583488464 269.4225769043
74.265548706055 -1.3599408864975 269.52102661133
75.048835754395 -1.1987993717194 269.57763671875
75.83048248291 -1.0278060436249 269.62521362305
76.601417541504 -0.8079446554184 269.62533569336
77.375450134277 -0.60078483819962 269.59936523438
78.149703979492 -0.39631325006485 269.56362915039
78.905609130859 -0.13030144572258 269.53970336914
79.664031982422 0.12848636507988 269.51669311523
80.426513671875 0.37452226877213 269.48861694336
81.185699462891 0.62547743320465 269.43060302734
81.951667785645 0.85964465141296 269.39730834961
82.727890014648 1.0445380210876 269.32015991211
83.508827209473 1.179646730423 269.19961547852
84.280220031738 1.2694923877716 269.00067138672
85.044212341309 1.32528424263 268.76425170898
