57.02326965332 7.7504839897156 271.42599487305
68.907081604004 -3.8866381645203 273.16925048828
70.145439147949 -0.57395559549332 269.05255126953
70.347068786621 0.26954048871994 276.24243164062
56.982173919678 7.0955891609192 271.52914428711
57.096664428711 6.4492030143738 271.62982177734
57.349918365479 5.8424682617188 271.72332763672
57.700843811035 5.2848978042603 271.80841064453
58.102607727051 4.7618274688721 271.8876953125
58.52144241333 4.2520022392273 271.96478271484
58.964279174805 3.762359380722 272.03854370117
59.423614501953 3.2877740859985 272.10980224609
59.891738891602 2.8216590881348 272.1796875
60.385425567627 2.3820254802704 272.24523925781
60.894138336182 1.9594460725784 272.30798339844
61.403285980225 1.5373840332031 272.37069702148
61.923480987549 1.1286808252335 272.43121337891
62.443454742432 0.71971434354782 272.49172973633
62.980628967285 0.33305433392525 272.54861450195
63.518711090088 -0.052349589765072 272.60537719727
64.080787658691 -0.40273582935333 272.65640258789
64.623512268066 -0.78174382448196 272.71206665039
65.180480957031 -1.1399977207184 272.76440429688
65.707275390625 -1.5403679609299 272.8235168457
66.239921569824 -1.9331034421921 272.88137817383
66.77872467041 -2.317510843277 272.93795776367
67.282012939453 -2.7463862895966 273.00170898438
67.819755554199 -3.1322460174561 273.05850219727
68.374771118164 -3.4934611320496 273.11129760742
57.400844573975 7.9011678695679 271.11511230469
57.676742553711 7.2854661941528 271.10754394531
58.090900421143 6.8527994155884 271.00677490234
58.642810821533 6.4747500419617 270.88299560547
59.209423065186 6.1059532165527 270.79919433594
59.786365509033 5.748119354248 270.74560546875
60.37255859375 5.4006252288818 270.7294921875
60.902229309082 4.9751114845276 270.70236206055
61.466320037842 4.5988030433655 270.67123413086
62.057090759277 4.2602615356445 270.63940429688
62.624900817871 3.8921387195587 270.56256103516
63.200160980225 3.5387079715729 270.48257446289
63.820159912109 3.2606627941132 270.42849731445
63.821937561035 3.2390110492706 270.41882324219
63.850780487061 3.1881856918335 270.40081787109
64.456565856934 2.882511138916 270.33584594727
65.054229736328 2.564667224884 270.26260375977
65.621597290039 2.2021508216858 270.15661621094
66.182518005371 1.8397076129913 270.02008056641
66.728950500488 1.4725847244263 269.84408569336
67.300506591797 1.1325970888138 269.6994934082
67.884628295898 0.80497658252716 269.57278442383
68.457595825195 0.46153649687767 269.43716430664
69.017349243164 0.10145154595375 269.29244995117
69.560691833496 -0.27826237678528 269.13381958008
57.364177703857 8.1882619857788 271.57263183594
57.621150970459 7.659411907196 271.75717163086
57.766563415527 7.0751962661743 271.93591308594
58.389881134033 6.9375896453857 272.04995727539
58.938140869141 6.6289620399475 272.20941162109
59.463729858398 6.273509979248 272.37417602539
59.996849060059 5.914475440979 272.50680541992
60.533393859863 5.5564393997192 272.62823486328
61.079990386963 5.2118616104126 272.74060058594
61.64656829834 4.8949203491211 272.83734130859
62.21040725708 4.5814924240112 272.95788574219
62.773334503174 4.2694554328918 273.08599853516
63.326461791992 3.9786288738251 273.28674316406
63.879589080811 3.6878023147583 273.48745727539
64.435096740723 3.3967354297638 273.68112182617
64.996788024902 3.1104726791382 273.861328125
65.579727172852 2.8450152873993 274.00115966797
66.14225769043 2.5688610076904 274.19638061523
66.683403015137 2.2982506752014 274.44906616211
67.225883483887 2.0239171981812 274.69622802734
67.772079467773 1.7462612390518 274.93127441406
68.327354431152 1.4564714431763 275.12753295898
68.877494812012 1.1573212146759 275.32385253906
69.421752929688 0.84744149446487 275.52026367188
69.895500183105 0.53011399507523 275.84490966797
