68.075119018555 -5.18585729599 268.16754150391
79.141593933105 4.4489040374756 270.90084838867
82.532615661621 0.092384181916714 278.34655761719
85.969795227051 -0.94859325885773 268.17858886719
68.074989318848 -4.5954728126526 268.10308837891
68.276985168457 -4.0358304977417 268.11108398438
68.543113708496 -3.5046977996826 268.14413452148
68.871368408203 -3.0117893218994 268.20266723633
69.236534118652 -2.5477743148804 268.27694702148
69.62239074707 -2.1024384498596 268.36029052734
70.035354614258 -1.684721827507 268.45593261719
70.45955657959 -1.2796820402145 268.55682373047
70.887275695801 -0.87879240512848 268.65936279297
71.334671020508 -0.50264924764633 268.77130126953
71.7880859375 -0.13469852507114 268.88623046875
72.246681213379 0.22594925761223 269.00369262695
72.717300415039 0.56863784790039 269.12725830078
73.183158874512 0.91862136125565 269.24838256836
73.646385192871 1.2725150585175 269.3681640625
74.127906799316 1.5975170135498 269.49737548828
74.60425567627 1.9310835599899 269.62390136719
75.086402893066 2.2550139427185 269.75344848633
75.571601867676 2.5737068653107 269.88458251953
76.06957244873 2.8689067363739 270.02267456055
76.567161560059 3.1648342609406 270.16055297852
77.065536499023 3.4592564105988 270.29885864258
77.571647644043 3.7379460334778 270.44155883789
78.081634521484 4.0082988739014 270.58648681641
78.609077453613 4.2358846664429 270.74200439453
68.315452575684 -4.6665191650391 268.61920166016
68.731353759766 -4.1158957481384 268.86502075195
69.195762634277 -3.6694049835205 269.21661376953
69.722312927246 -3.254613161087 269.51586914062
70.284149169922 -2.9001095294952 269.82891845703
70.842529296875 -2.5598285198212 270.16320800781
71.41902923584 -2.2372734546661 270.48391723633
71.998657226562 -1.9520019292831 270.83285522461
72.581001281738 -1.7166403532028 271.21337890625
73.178741455078 -1.509446978569 271.58642578125
73.77604675293 -1.2880085706711 271.95190429688
74.37281036377 -1.062265753746 272.31549072266
74.974662780762 -0.8781943321228 272.69403076172
75.575836181641 -0.69659239053726 273.07482910156
76.173561096191 -0.51303261518478 273.46011352539
76.769554138184 -0.34173077344894 273.85360717773
77.362678527832 -0.18747818470001 274.2580871582
77.942611694336 -0.091748587787151 274.69845581055
78.51863861084 -0.012485307641327 275.14709472656
79.092391967773 0.044792428612709 275.60198974609
79.669441223145 0.089672312140465 276.05410766602
80.244987487793 0.13361629843712 276.50823974609
80.815498352051 0.16592529416084 276.96960449219
81.380249023438 0.16789934039116 277.43911743164
81.953765869141 0.14031232893467 277.89706420898
68.555000305176 -4.6944613456726 267.91674804688
69.033767700195 -4.15101146698 267.8219909668
69.670989990234 -3.7947361469269 267.77630615234
70.308311462402 -3.4380650520325 267.81768798828
70.981147766113 -3.1515183448792 267.83874511719
71.63948059082 -2.8334827423096 267.86483764648
72.306823730469 -2.5403044223785 267.92788696289
72.984100341797 -2.2694001197815 267.97811889648
73.695747375488 -2.1124563217163 267.91641235352
74.392539978027 -1.8929009437561 267.95565795898
75.099754333496 -1.7084358930588 267.98852539062
75.815147399902 -1.5603196620941 268.02783203125
76.535697937012 -1.4372428655624 268.05856323242
77.253387451172 -1.2982380390167 268.08828735352
77.966102600098 -1.1412740945816 268.13989257812
78.685501098633 -1.0111887454987 268.16888427734
79.405609130859 -0.88424342870712 268.19284057617
80.134643554688 -0.82398664951324 268.20098876953
80.86402130127 -0.83968329429626 268.14691162109
81.592575073242 -0.85645961761475 268.21157836914
82.323760986328 -0.88157117366791 268.20736694336
83.054054260254 -0.89468950033188 268.16519165039
83.785522460938 -0.90940690040588 268.16860961914
84.515266418457 -0.91174083948135 268.11614990234
85.24584197998 -0.91679787635803 268.07772827148
