60.943363189697 5.4845371246338 277.49209594727
68.348846435547 -1.070001244545 275.52847290039
69.413513183594 1.8594155311584 271.69546508789
71.023384094238 1.0008894205093 279.14978027344
60.932891845703 5.0793523788452 277.44912719727
61.005916595459 4.6823086738586 277.39309692383
61.113662719727 4.2939872741699 277.33221435547
61.283668518066 3.9300539493561 277.26354980469
61.478931427002 3.5795047283173 277.19219970703
61.710639953613 3.2527801990509 277.11737060547
61.957180023193 2.937285900116 277.04125976562
62.236255645752 2.6509845256805 276.96292114258
62.522808074951 2.3720495700836 276.88415527344
62.830635070801 2.1172771453857 276.80444335938
63.1438331604 1.8689666986465 276.72457885742
63.461502075195 1.6264295578003 276.64465332031
63.785095214844 1.3919188976288 276.56460571289
64.115577697754 1.1672812700272 276.48440551758
64.454223632812 0.95516234636307 276.404296875
64.795402526855 0.74704045057297 276.32418823242
65.13468170166 0.53587412834167 276.24404907227
65.482093811035 0.33848422765732 276.1640625
65.822387695312 0.12914238870144 276.083984375
66.17700958252 -0.054117705672979 276.00436401367
66.543144226074 -0.21464312076569 275.92529296875
66.908050537109 -0.37803313136101 275.84616088867
67.266799926758 -0.55425119400024 275.76663208008
67.631050109863 -0.718725502491 275.68743896484
67.994995117188 -0.88417398929596 275.60827636719
61.124786376953 5.2351093292236 277.20126342773
61.372623443604 4.9140148162842 277.07040405273
61.670654296875 4.6565833091736 276.90682983398
61.988796234131 4.4449996948242 276.71676635742
62.314571380615 4.229754447937 276.54455566406
62.64737701416 4.0304555892944 276.36700439453
62.994453430176 3.8689858913422 276.17834472656
63.341377258301 3.7084188461304 275.98867797852
63.686046600342 3.5617468357086 275.7841796875
64.029602050781 3.4203889369965 275.57415771484
64.369819641113 3.290584564209 275.35162353516
64.70703125 3.1700255870819 275.11947631836
65.044761657715 3.0506114959717 274.88751220703
65.384857177734 2.9364528656006 274.65634155273
65.724822998047 2.8227453231812 274.4248046875
66.061393737793 2.7217557430267 274.18267822266
66.391006469727 2.6428620815277 273.92330932617
66.720626831055 2.5639524459839 273.66397094727
67.050727844238 2.4843814373016 273.40545654297
67.383010864258 2.4018070697784 273.15069580078
67.715179443359 2.3189425468445 272.89587402344
68.04020690918 2.2167575359344 272.63888549805
68.364730834961 2.1118440628052 272.38235473633
68.703392028809 2.0168969631195 272.140625
69.049072265625 1.9278964996338 271.90670776367
61.224575042725 5.1923785209656 277.64959716797
61.486148834229 4.8427400588989 277.6403503418
61.824928283691 4.5661854743958 277.65686035156
62.189235687256 4.3234729766846 277.65655517578
62.565731048584 4.1002197265625 277.64785766602
62.942489624023 3.8777873516083 277.65267944336
63.31761932373 3.6606397628784 277.71432495117
63.695327758789 3.4480919837952 277.77563476562
64.089370727539 3.2665572166443 277.83428955078
64.488487243652 3.0939240455627 277.88436889648
64.899658203125 2.9460015296936 277.91137695312
65.310882568359 2.7990016937256 277.9421081543
65.722038269043 2.6561143398285 277.98907470703
66.133262634277 2.514014005661 278.03726196289
66.545989990234 2.3922214508057 278.11782836914
66.958549499512 2.2763020992279 278.20745849609
67.370429992676 2.1624114513397 278.30258178711
67.779777526855 2.0549709796906 278.41464233398
68.188804626465 1.9466207027435 278.52682495117
68.582427978516 1.795778632164 278.64508056641
68.973037719727 1.6384561061859 278.76486206055
69.363433837891 1.4808373451233 278.88464355469
69.779525756836 1.3550615310669 278.93682861328
70.193115234375 1.2257442474365 278.99914550781
70.59846496582 1.0909970998764 279.09503173828
