59.729267120361 5.2840285301208 270.71508789062
64.179122924805 -2.0523035526276 270.5198059082
65.793571472168 1.1158995628357 268.69927978516
66.900100708008 0.57468461990356 273.65341186523
59.733200073242 4.9517350196838 270.68338012695
59.833446502686 4.6336688995361 270.66415405273
59.955154418945 4.3229804039001 270.64819335938
60.088855743408 4.0171723365784 270.63403320312
60.229602813721 3.714497089386 270.62100219727
60.38484954834 3.418897151947 270.6103515625
60.544403076172 3.1255733966827 270.60043334961
60.711585998535 2.836487531662 270.591796875
60.882381439209 2.5495073795319 270.58377075195
61.037975311279 2.2540946006775 270.57321166992
61.214393615723 1.9705090522766 270.56616210938
61.400783538818 1.6933351755142 270.56088256836
61.580474853516 1.4117976427078 270.55438232422
61.771011352539 1.1374427080154 270.54989624023
61.962928771973 0.86404639482498 270.54565429688
62.152030944824 0.5887069106102 270.54086303711
62.344848632812 0.31594115495682 270.53677368164
62.538753509521 0.043946970254183 270.53289794922
62.736476898193 -0.22514897584915 270.52972412109
62.892910003662 -0.52013397216797 270.51931762695
63.101467132568 -0.78079342842102 270.51818847656
63.320571899414 -1.0328334569931 270.51913452148
63.506782531738 -1.310130238533 270.51382446289
63.734115600586 -1.55482006073 270.51647949219
63.945934295654 -1.8131359815598 270.51593017578
59.92200088501 5.1618552207947 270.52224731445
60.112632751465 5.0053668022156 270.38320922852
60.29857635498 4.7722687721252 270.36434936523
60.512775421143 4.5690321922302 270.3264465332
60.735576629639 4.3748335838318 270.28274536133
60.957340240479 4.1793131828308 270.23962402344
61.185039520264 3.9907231330872 270.19812011719
61.421733856201 3.8126349449158 270.15905761719
61.653614044189 3.6399958133698 270.08438110352
61.886024475098 3.470290184021 270.00430297852
62.121692657471 3.3090581893921 269.91638183594
62.358360290527 3.148369550705 269.8307800293
62.610942840576 2.9963655471802 269.78216552734
62.863521575928 2.8443613052368 269.73358154297
63.103218078613 2.7064690589905 269.62167358398
63.342098236084 2.5694677829742 269.50576782227
63.599147796631 2.4434223175049 269.42199707031
63.858100891113 2.308851480484 269.36193847656
64.115211486816 2.1618959903717 269.32238769531
64.365173339844 2.0165615081787 269.24890136719
64.613594055176 1.8702387809753 269.17068481445
64.862083435059 1.720188498497 269.09994506836
65.115165710449 1.5862367153168 269.01483154297
65.35424041748 1.4535536766052 268.89987182617
65.575134277344 1.307924747467 268.76766967773
59.925796508789 5.0595164299011 270.90539550781
60.127506256104 4.7723169326782 270.974609375
60.351528167725 4.5046281814575 271.05084228516
60.615474700928 4.269024848938 271.10498046875
60.860366821289 4.02734375 271.20263671875
61.125499725342 3.8055009841919 271.28826904297
61.415054321289 3.6064751148224 271.35647583008
61.677085876465 3.3894174098969 271.4638671875
61.93229675293 3.1687049865723 271.58285522461
62.21321105957 2.9782121181488 271.69647216797
62.482166290283 2.7794735431671 271.82089233398
62.734680175781 2.5748987197876 271.96624755859
63.031814575195 2.4207801818848 272.09298706055
63.317325592041 2.2614374160767 272.23776245117
63.611301422119 2.1096408367157 272.36938476562
63.931953430176 1.9760806560516 272.45443725586
64.228355407715 1.818563580513 272.5632019043
64.493690490723 1.6337051391602 272.71658325195
64.743949890137 1.4397504329681 272.88311767578
65.015953063965 1.2574300765991 273.0055847168
65.336540222168 1.1016089916229 273.03793334961
65.630279541016 0.98992002010345 273.19055175781
65.914512634277 0.8938392996788 273.38571166992
66.237091064453 0.78883975744247 273.48916625977
66.56859588623 0.68176221847534 273.5712890625
