75.692649841309 31.486284255981 329.07144165039
85.890777587891 -12.501219749451 323.58422851562
76.06713104248 -17.791658401489 336.88070678711
69.226303100586 -17.436508178711 323.58358764648
77.299987792969 32.213138580322 328.32559204102
78.981201171875 31.781072616577 327.52703857422
80.16674041748 30.417934417725 326.94741821289
80.546180725098 28.551340103149 326.73965454102
80.469696044922 26.63405418396 326.74588012695
80.323585510254 24.721050262451 326.78500366211
80.247978210449 22.80366897583 326.79083251953
80.190040588379 20.885572433472 326.78829956055
80.129943847656 18.967540740967 326.78677368164
80.095558166504 17.048923492432 326.77313232422
80.092346191406 15.13018989563 326.74487304688
80.045845031738 13.211804389954 326.73696899414
80.068641662598 11.293397903442 326.69641113281
80.14200592041 9.3769092559814 326.63208007812
80.237953186035 7.4618215560913 326.55709838867
80.44068145752 5.557710647583 326.43200683594
80.708541870117 3.6639301776886 326.27639770508
81.061302185059 1.7877959012985 326.08111572266
81.426986694336 -0.085223458707333 325.87979125977
81.963920593262 -1.9059591293335 325.59857177734
82.487747192383 -3.7314331531525 325.32342529297
83.035430908203 -5.5481781959534 325.03723144531
83.678398132324 -7.3257718086243 324.7067565918
84.334060668945 -9.0976123809814 324.37036132812
84.982704162598 -10.872529029846 324.03726196289
76.886184692383 30.984691619873 330.67034912109
78.275581359863 29.91499710083 331.68118286133
78.660636901855 28.623655319214 333.2336730957
78.80965423584 26.970430374146 334.48083496094
78.990333557129 25.093343734741 335.32760620117
78.583122253418 23.082263946533 335.68466186523
78.075042724609 21.071178436279 335.8046875
77.552261352539 19.056034088135 335.85943603516
77.05835723877 17.033922195435 335.92907714844
76.711349487305 14.98647403717 336.07061767578
76.413497924805 12.92982006073 336.20745849609
76.127983093262 10.870609283447 336.33343505859
75.857467651367 8.8117923736572 336.49371337891
75.633125305176 6.7464637756348 336.63153076172
75.455558776855 4.6742763519287 336.7421875
75.349578857422 2.5946078300476 336.73052978516
75.224899291992 0.5169575214386 336.73541259766
74.989097595215 -1.5487809181213 336.85733032227
74.77433013916 -3.6174831390381 336.9658203125
74.61775970459 -5.6909852027893 337.05493164062
74.57723236084 -7.7725086212158 337.11071777344
74.571411132812 -9.8551950454712 337.099609375
74.599647521973 -11.934160232544 336.99530029297
74.702743530273 -14.006667137146 336.88754272461
75.057029724121 -16.058790206909 336.91931152344
75.333633422852 30.5071849823 327.32583618164
75.219085693359 29.478670120239 325.61996459961
74.091674804688 28.521301269531 324.24935913086
73.168617248535 26.835124969482 323.55899047852
72.499450683594 24.933452606201 323.20928955078
72.017707824707 22.950336456299 323.17532348633
71.640724182129 20.94087600708 323.20922851562
71.322273254395 18.923492431641 323.30114746094
70.997146606445 16.919622421265 323.55651855469
70.655044555664 14.912073135376 323.73059082031
70.297554016113 12.898901939392 323.80252075195
70.024879455566 10.8733253479 323.89797973633
69.75756072998 8.847487449646 324.00051879883
69.51904296875 6.8202424049377 324.14126586914
69.285888671875 4.7925982475281 324.28466796875
69.075508117676 2.7632646560669 324.43948364258
68.900177001953 0.72818613052368 324.5163269043
68.764122009277 -1.3133327960968 324.50573730469
68.628074645996 -3.3548517227173 324.49517822266
68.536781311035 -5.3984479904175 324.52743530273
68.454330444336 -7.442455291748 324.56814575195
68.426971435547 -9.4872016906738 324.58694458008
68.467483520508 -11.532857894897 324.57870483398
68.56273651123 -13.563534736633 324.38671875
68.698272705078 -15.590664863586 324.15142822266
