68.948310852051 -5.9488091468811 270.19836425781
74.882339477539 4.4021444320679 271.22705078125
75.643661499023 1.9999971389771 273.61529541016
77.272651672363 2.4468116760254 268.85260009766
68.711753845215 -5.5289325714111 270.16275024414
68.627952575684 -5.0525527000427 270.15228271484
68.619850158691 -4.5691270828247 270.15411376953
68.712524414062 -4.0945920944214 270.17224121094
68.850761413574 -3.6316463947296 270.19760131836
69.032806396484 -3.1844656467438 270.23001098633
69.231811523438 -2.7448296546936 270.26510620117
69.462013244629 -2.3210866451263 270.30514526367
69.704933166504 -1.9046934843063 270.34722900391
69.95524597168 -1.4928317070007 270.39044189453
70.217880249023 -1.0889195203781 270.43560791016
70.489395141602 -0.69108533859253 270.48220825195
70.766143798828 -0.29697093367577 270.5295715332
71.055397033691 0.087804026901722 270.57897949219
71.357582092285 0.46224364638329 270.63037109375
71.660255432129 0.83628463745117 270.68182373047
71.971710205078 1.2028442621231 270.7346496582
72.28515625 1.5676517486572 270.7878112793
72.596893310547 1.9339617490768 270.84075927734
72.906646728516 2.3020043373108 270.8932800293
73.242607116699 2.6456334590912 270.94995117188
73.579391479492 2.9884281158447 271.00677490234
73.911750793457 3.3356370925903 271.06286621094
74.240501403809 3.6863424777985 271.11840820312
74.553085327148 4.0519170761108 271.17141723633
69.0029296875 -5.6318607330322 270.40307617188
69.061965942383 -5.2537422180176 270.55038452148
69.305320739746 -4.945240020752 270.71719360352
69.558128356934 -4.621431350708 270.85516357422
69.810821533203 -4.2913398742676 270.97760009766
70.073287963867 -3.9666163921356 271.09356689453
70.358100891113 -3.6576364040375 271.19927978516
70.643928527832 -3.3493776321411 271.30456542969
70.877487182617 -3.0133383274078 271.43884277344
71.10408782959 -2.6700329780579 271.56982421875
71.374557495117 -2.3475058078766 271.67181396484
71.656585693359 -2.0391533374786 271.7844543457
71.907363891602 -1.7294284105301 271.94464111328
72.169532775879 -1.4071508646011 272.05377197266
72.458793640137 -1.114777803421 272.18530273438
72.73876953125 -0.80013930797577 272.28506469727
73.045196533203 -0.50395959615707 272.36370849609
73.274765014648 -0.21404188871384 272.58645629883
73.53938293457 0.09567578881979 272.73159790039
73.793876647949 0.43361720442772 272.8235168457
74.12109375 0.6985057592392 272.92449951172
74.446487426758 0.95011276006699 273.05651855469
74.704986572266 1.2317039966583 273.24862670898
74.938827514648 1.5356764793396 273.4421081543
75.273094177246 1.7856327295303 273.54800415039
69.077651977539 -5.5661840438843 269.99282836914
69.249137878418 -5.1493158340454 269.86227416992
69.523223876953 -4.7648916244507 269.84213256836
69.8330078125 -4.4078364372253 269.79354858398
70.13525390625 -4.0461449623108 269.72988891602
70.442008972168 -3.68470287323 269.69299316406
70.757225036621 -3.3320994377136 269.64343261719
71.084831237793 -2.9892470836639 269.60729980469
71.404685974121 -2.6403679847717 269.56271362305
71.719017028809 -2.2872540950775 269.51043701172
72.042747497559 -1.9398527145386 269.49081420898
72.37467956543 -1.6022717952728 269.44580078125
72.713989257812 -1.2722800970078 269.40356445312
73.066650390625 -0.96378809213638 269.3376159668
73.406631469727 -0.63990020751953 269.26809692383
73.755149841309 -0.324248701334 269.19741821289
74.093338012695 0.0075200833380222 269.17568969727
74.394180297852 0.36886805295944 269.21005249023
74.682014465332 0.73694974184036 269.29891967773
74.945014953613 0.86376905441284 268.94396972656
75.336372375488 1.1195636987686 268.86465454102
75.735084533691 1.3741971254349 268.88040161133
76.13249206543 1.6307301521301 268.84188842773
76.508033752441 1.9096713066101 268.7741394043
76.876777648926 2.1969459056854 268.76846313477
