63.916645050049 2.9858708381653 289.9739074707
66.961784362793 0.50195914506912 286.10369873047
72.228942871094 -6.7745938301086 290.62298583984
62.1208152771 -6.7785172462463 283.18209838867
64.02473449707 3.1296896934509 289.82424926758
64.159957885742 3.1902079582214 289.64337158203
64.299537658691 3.2220125198364 289.45825195312
64.440132141113 3.2432224750519 289.27239990234
64.581909179688 3.238516330719 289.08630371094
64.722877502441 3.2029328346252 288.90295410156
64.863052368164 3.1576027870178 288.72113037109
65.001976013184 3.1008381843567 288.54156494141
65.140235900879 3.0390477180481 288.36315917969
65.274917602539 2.9565567970276 288.19052124023
65.408752441406 2.8698217868805 288.0192565918
65.539596557617 2.7705481052399 287.85256958008
65.672439575195 2.6793620586395 287.68283081055
65.804183959961 2.5836672782898 287.51477050781
65.929275512695 2.4650626182556 287.35662841797
66.046463012695 2.3252573013306 287.21008300781
66.153175354004 2.1640403270721 287.07836914062
66.257308959961 1.9981527328491 286.95028686523
66.364204406738 1.8371014595032 286.81838989258
66.460823059082 1.6594662666321 286.70074462891
66.556259155273 1.4799482822418 286.58486938477
66.643432617188 1.289567232132 286.48040771484
66.72827911377 1.0964412689209 286.37908935547
66.82666015625 0.92135471105576 286.2590637207
66.899871826172 0.71650958061218 286.17370605469
64.41121673584 2.8914670944214 289.80255126953
64.792320251465 2.6882917881012 289.4856262207
65.164100646973 2.4482641220093 289.18591308594
65.57445526123 2.1577377319336 289.00384521484
65.994163513184 1.8326531648636 288.931640625
66.417617797852 1.5085790157318 288.87973022461
66.84529876709 1.187255859375 288.84991455078
67.272232055664 0.86429435014725 288.84310913086
67.667610168457 0.50709366798401 288.8987121582
68.079643249512 0.16634701192379 288.93258666992
68.504341125488 -0.15998160839081 288.94717407227
68.929191589355 -0.48595288395882 288.96090698242
69.331787109375 -0.83549928665161 289.01348876953
69.715942382812 -1.20250248909 289.08218383789
70.067710876465 -1.60005402565 289.15451049805
70.39136505127 -2.0198907852173 289.2321472168
70.693008422852 -2.4526479244232 289.32583618164
70.972801208496 -2.8964290618896 289.43447875977
71.221435546875 -3.3533866405487 289.56268310547
71.452392578125 -3.8173851966858 289.69833374023
71.646453857422 -4.2941689491272 289.84692382812
71.827171325684 -4.7743644714355 290.00128173828
71.99732208252 -5.2569899559021 290.15994262695
72.111343383789 -5.7526865005493 290.32830810547
72.192306518555 -6.2562408447266 290.4924621582
63.941585540771 2.8359062671661 289.50482177734
64.170127868652 2.6820497512817 289.09146118164
64.37858581543 2.4525761604309 288.70394897461
64.514389038086 2.1407644748688 288.3424987793
64.539627075195 1.8112936019897 287.97128295898
64.512145996094 1.4590086936951 287.62155151367
64.45027923584 1.1056741476059 287.27749633789
64.366371154785 0.78881990909576 286.90371704102
64.267692565918 0.44740754365921 286.55599975586
64.171669006348 0.085836187005043 286.22848510742
64.090797424316 -0.28806698322296 285.91098022461
63.982318878174 -0.67833256721497 285.62258911133
63.859024047852 -1.0745970010757 285.34884643555
63.696857452393 -1.4520229101181 285.06881713867
63.499050140381 -1.8084535598755 284.78408813477
63.320919036865 -2.1803379058838 284.50668334961
63.184719085693 -2.6004815101624 284.2783203125
63.058372497559 -3.0362055301666 284.07479858398
62.939598083496 -3.4829916954041 283.89175415039
62.807350158691 -3.9353358745575 283.73318481445
62.670207977295 -4.3897833824158 283.58532714844
62.546733856201 -4.8617553710938 283.48919677734
62.428569793701 -5.3385963439941 283.41232299805
62.300239562988 -5.8109974861145 283.32507324219
62.20235824585 -6.2932181358337 283.25341796875
