67.457733154297 3.8385248184204 274.04330444336
71.238227844238 -3.9528443813324 275.90115356445
74.893264770508 -4.5113210678101 273.56890869141
74.169334411621 -3.4423320293427 279.18081665039
67.31672668457 3.5167651176453 274.07095336914
67.275382995605 3.1701138019562 274.11898803711
67.294479370117 2.8230605125427 274.17709350586
67.360794067383 2.4830565452576 274.24182128906
67.443321228027 2.1470401287079 274.30871582031
67.554176330566 1.8199422359467 274.37878417969
67.679626464844 1.4985015392303 274.45037841797
67.812301635742 1.1801322698593 274.52270507812
67.951805114746 0.864841401577 274.59564208984
68.107147216797 0.55738419294357 274.67001342773
68.264762878418 0.2511205971241 274.74453735352
68.433235168457 -0.049099672585726 274.81985473633
68.600517272949 -0.35001182556152 274.89508056641
68.783210754395 -0.64153391122818 274.97143554688
68.971954345703 -0.92908591032028 275.0481262207
69.167106628418 -1.2122309207916 275.12515258789
69.357231140137 -1.498841881752 275.20196533203
69.562149047852 -1.7748613357544 275.27951049805
69.77131652832 -2.0476155281067 275.35726928711
69.979850769043 -2.3208649158478 275.43496704102
70.206069946289 -2.5794913768768 275.51324462891
70.405891418457 -2.8592908382416 275.5905456543
70.609161376953 -3.1365478038788 275.66802978516
70.80534362793 -3.4189512729645 275.74514770508
71.022438049316 -3.6853764057159 275.82312011719
67.653495788574 3.4767031669617 273.90908813477
67.81339263916 3.0739104747772 273.89660644531
68.053604125977 2.7142374515533 273.85842895508
68.304962158203 2.3621542453766 273.82116699219
68.556747436523 2.0094542503357 273.79418945312
68.816719055176 1.6619495153427 273.78067016602
69.08341217041 1.3193708658218 273.77731323242
69.370124816895 0.99332880973816 273.78256225586
69.654350280762 0.66510564088821 273.78646850586
69.928985595703 0.32878696918488 273.78573608398
70.204307556152 -0.006936791818589 273.78479003906
70.496452331543 -0.32811364531517 273.77880859375
70.793090820312 -0.64510971307755 273.77145385742
71.093223571777 -0.95877939462662 273.76330566406
71.394348144531 -1.2714357376099 273.75433349609
71.709541320801 -1.568342089653 273.72222900391
72.028678894043 -1.8601200580597 273.68328857422
72.333694458008 -2.1691105365753 273.67828369141
72.637870788574 -2.4789412021637 273.67553710938
72.95336151123 -2.7767097949982 273.65719604492
73.268928527832 -3.0743961334229 273.63885498047
73.590560913086 -3.3655540943146 273.62118530273
73.921997070312 -3.6455824375153 273.60473632812
74.250122070312 -3.929899930954 273.59893798828
74.571060180664 -4.222318649292 273.60354614258
67.555725097656 3.477082490921 274.26165771484
67.720024108887 3.1450624465942 274.48797607422
67.915260314941 2.8247601985931 274.70648193359
68.122634887695 2.4934751987457 274.89575195312
68.325698852539 2.1664555072784 275.09652709961
68.563568115234 1.8596935272217 275.29119873047
68.807609558105 1.5573576688766 275.48516845703
69.047309875488 1.2528665065765 275.68118286133
69.32926940918 0.97285783290863 275.85629272461
69.612754821777 0.69496220350266 276.03234863281
69.870048522949 0.40404984354973 276.22653198242
70.107803344727 0.10233364999294 276.42901611328
70.336158752441 -0.20420175790787 276.63510131836
70.627708435059 -0.45736289024353 276.83187866211
70.918601989746 -0.70449149608612 277.03890991211
71.20002746582 -0.95543301105499 277.25430297852
71.469825744629 -1.2241500616074 277.462890625
71.748985290527 -1.489389538765 277.66351318359
72.046463012695 -1.7417678833008 277.85403442383
72.355751037598 -1.9811664819717 278.04263305664
72.654327392578 -2.2286932468414 278.23773193359
72.936401367188 -2.4893774986267 278.4401550293
73.217132568359 -2.7697281837463 278.61553955078
73.514183044434 -3.0351750850677 278.78756713867
73.829833984375 -3.2499914169312 278.99154663086
