55.320781707764 -4.2371912002563 265.5634765625
69.092086791992 6.2810583114624 268.49426269531
69.28751373291 2.8034157752991 273.30889892578
71.378913879395 1.6266267299652 265.69537353516
55.28112411499 -3.5394496917725 265.48348999023
55.454742431641 -2.8579692840576 265.46655273438
55.779014587402 -2.2343957424164 265.49865722656
56.216396331787 -1.6878983974457 265.57086181641
56.706039428711 -1.1908949613571 265.66299438477
57.230133056641 -0.73330473899841 265.76885986328
57.775676727295 -0.30381718277931 265.88372802734
58.327754974365 0.11648230999708 266.00137329102
58.889133453369 0.52309620380402 266.12301635742
59.453254699707 0.92553812265396 266.24584960938
60.032112121582 1.3042938709259 266.37524414062
60.617572784424 1.6716853380203 266.50769042969
61.208766937256 2.0287759304047 266.64279174805
61.79899597168 2.3876326084137 266.77746582031
62.39529800415 2.7352094650269 266.91491699219
62.995677947998 3.0748782157898 267.05438232422
63.600696563721 3.4052484035492 267.19610595703
64.207778930664 3.7314064502716 267.33877563477
64.815704345703 4.0557856559753 267.48190307617
65.427444458008 4.3720450401306 267.62692260742
66.037307739258 4.6923270225525 267.77105712891
66.643836975098 5.0196223258972 267.91348266602
67.250579833984 5.3464493751526 268.05603027344
67.859687805176 5.6683564186096 268.19970703125
68.473403930664 5.9803295135498 268.345703125
55.625900268555 -3.6947336196899 265.85946655273
55.956878662109 -3.1764726638794 265.96127319336
56.479900360107 -3.146989107132 266.14297485352
56.872131347656 -2.684868812561 266.44552612305
57.416606903076 -2.3557074069977 266.72229003906
57.963130950928 -2.0401191711426 267.01089477539
58.505027770996 -1.7207139730453 267.3039855957
59.050525665283 -1.4075714349747 267.59655761719
59.613338470459 -1.1196125745773 267.88275146484
60.180820465088 -0.84059983491898 268.16851806641
60.750709533691 -0.57033056020737 268.45794677734
61.320358276367 -0.30285084247589 268.75039672852
61.887428283691 -0.037180069833994 269.04946899414
62.456546783447 0.22405458986759 269.34851074219
63.03108215332 0.47636064887047 269.64483642578
63.611442565918 0.71943730115891 269.93753051758
64.197128295898 0.95261251926422 270.22766113281
64.783508300781 1.1803947687149 270.52056884766
65.357452392578 1.4218180179596 270.8268737793
65.919616699219 1.6718083620071 271.14788818359
66.485427856445 1.9031699895859 271.47625732422
67.055358886719 2.1076757907867 271.81521606445
67.61368560791 2.299774646759 272.17980957031
68.182144165039 2.4795136451721 272.53491210938
68.737342834473 2.6501290798187 272.91470336914
55.782089233398 -3.7991061210632 265.35525512695
56.107326507568 -3.2412140369415 265.23147583008
56.764614105225 -3.1527500152588 265.29388427734
57.372039794922 -2.8693590164185 265.26748657227
57.992942810059 -2.6150326728821 265.27291870117
58.611885070801 -2.356057882309 265.28115844727
59.233821868896 -2.1046462059021 265.29592895508
59.852886199951 -1.846287727356 265.30621337891
60.461387634277 -1.5643663406372 265.29919433594
61.092079162598 -1.336984038353 265.32675170898
61.72371673584 -1.112911939621 265.35925292969
62.353576660156 -0.88418263196945 265.39346313477
62.983997344971 -0.6551228761673 265.41137695312
63.618030548096 -0.43743911385536 265.44046020508
64.253829956055 -0.22623908519745 265.47769165039
64.891075134277 -0.019069239497185 265.51281738281
65.527587890625 0.19148454070091 265.54028320312
66.166015625 0.39580708742142 265.5696105957
66.811363220215 0.57400345802307 265.61419677734
67.458724975586 0.73853695392609 265.67810058594
68.109397888184 0.8934765458107 265.7314453125
68.76195526123 1.0440393686295 265.77297973633
69.416679382324 1.1901895999908 265.78723144531
70.07341003418 1.327311873436 265.77618408203
70.72575378418 1.4758265018463 265.72497558594
