142.95292663574 -0.58139324188232 472.13272094727
118.98041534424 1.3403286933899 473.91046142578
118.44331359863 -6.1222057342529 484.17016601562
119.98229980469 6.4974770545959 485.15383911133
142.373046875 -0.48176378011703 471.33843994141
141.55032348633 -0.37738704681396 470.79412841797
140.67411804199 -0.27420115470886 470.34005737305
139.77268981934 -0.17219950258732 469.93841552734
138.83975219727 -0.072537377476692 469.61563110352
137.88661193848 0.024732228368521 469.35763549805
136.91737365723 0.11906805634499 469.16741943359
135.93721008301 0.21014454960823 469.04312133789
134.9499206543 0.29683384299278 468.99746704102
133.96194458008 0.37791588902473 469.04104614258
132.97869873047 0.45444488525391 469.15002441406
132.00741577148 0.52481067180634 469.34020996094
131.0576171875 0.58766543865204 469.61987304688
130.1591796875 0.63736301660538 470.03826904297
129.26370239258 0.68645447492599 470.46224975586
128.30592346191 0.75179773569107 470.71337890625
127.33756256104 0.82093995809555 470.91882324219
126.37943267822 0.88640254735947 471.16864013672
125.40347290039 0.95881098508835 471.33285522461
124.46659088135 1.0181345939636 471.65097045898
123.56129455566 1.0694198608398 472.0534362793
122.60848999023 1.1331541538239 472.32327270508
121.68901062012 1.1878119707108 472.69158935547
120.76659393311 1.2431542873383 473.05313110352
119.86046600342 1.2945982217789 473.45425415039
142.01823425293 -1.1584582328796 471.86849975586
140.89511108398 -1.1319154500961 471.74877929688
139.76634216309 -1.1505076885223 471.7043762207
138.63893127441 -1.2088351249695 471.7477722168
137.54974365234 -1.3162820339203 472.02810668945
136.4613494873 -1.4602073431015 472.29486083984
135.37428283691 -1.6296973228455 472.55184936523
134.40179443359 -1.9658200740814 473.01846313477
133.35133361816 -2.2242097854614 473.34436035156
132.33212280273 -2.5121791362762 473.73773193359
131.35160827637 -2.798043012619 474.22079467773
130.40370178223 -3.071357011795 474.77145385742
129.49951171875 -3.2784759998322 475.41644287109
128.56047058105 -3.4982082843781 476.00500488281
127.58874511719 -3.7241630554199 476.53524780273
126.66152191162 -3.8518078327179 477.16802978516
125.74114990234 -3.8434267044067 477.82321166992
124.81577301025 -3.8113012313843 478.47058105469
123.83186340332 -3.9430749416351 479.0100402832
122.89789581299 -4.1321058273315 479.61703491211
121.97484588623 -4.3324227333069 480.23696899414
121.18586730957 -4.5935001373291 481.00234985352
120.41543579102 -4.8273253440857 481.79495239258
119.66638946533 -5.0304412841797 482.61599731445
119.04531097412 -5.5586585998535 483.39785766602
142.11065673828 0.12421795725822 472.05364990234
141.04313659668 0.38199287652969 471.95468139648
139.96650695801 0.61962795257568 471.9697265625
138.89392089844 0.8389710187912 472.1012878418
137.84953308105 1.1540441513062 472.2619934082
136.83123779297 1.4683055877686 472.5439453125
135.89018249512 1.7724668979645 473.03137207031
134.92132568359 2.1504333019257 473.39782714844
133.94549560547 2.5662291049957 473.69790649414
133.03533935547 2.911473274231 474.21594238281
132.13182067871 3.2443678379059 474.75317382812
131.27082824707 3.5076279640198 475.38977050781
130.39434814453 3.6962769031525 476.03176879883
129.49816894531 3.8657670021057 476.65151977539
128.61267089844 4.0697269439697 477.27618408203
127.77390289307 4.3716983795166 477.92517089844
126.85413360596 4.603081703186 478.48767089844
125.93642425537 4.742733001709 479.08282470703
125.05813598633 4.7975654602051 479.74731445312
124.19423675537 4.9219126701355 480.42123413086
123.34652709961 5.0852227210999 481.10729980469
122.53730010986 5.3347902297974 481.81353759766
121.77471160889 5.6835331916809 482.52963256836
121.04150390625 5.981635093689 483.29739379883
120.43766784668 6.2366485595703 484.18402099609
