55.922080993652 3.7547423839569 278.74890136719
72.326354980469 -4.3256330490112 273.34436035156
73.054389953613 -0.40788087248802 269.26522827148
73.587196350098 -0.62146753072739 276.83404541016
55.999603271484 3.0025486946106 278.67486572266
56.37854385376 2.3577666282654 278.51892089844
56.840824127197 1.7755069732666 278.34246826172
57.371669769287 1.2602894306183 278.15036010742
57.940635681152 0.79091012477875 277.95004272461
58.543106079102 0.36850607395172 277.74304199219
59.169502258301 -0.015198331326246 277.53155517578
59.809494018555 -0.37435248494148 277.31771850586
60.463539123535 -0.70579451322556 277.10159301758
61.126686096191 -1.0177211761475 276.88412475586
61.795845031738 -1.3158582448959 276.66583251953
62.476570129395 -1.5853271484375 276.44598388672
63.167209625244 -1.8273899555206 276.22512817383
63.85391998291 -2.0806813240051 276.00463867188
64.546081542969 -2.318256855011 275.78366088867
65.240158081055 -2.5499687194824 275.56246948242
65.937385559082 -2.7717473506927 275.34097290039
66.637016296387 -2.985687494278 275.11938476562
67.337760925293 -3.1958546638489 274.89770507812
68.039695739746 -3.4019238948822 274.67593383789
68.748199462891 -3.5837509632111 274.45385742188
69.45922088623 -3.7554202079773 274.23175048828
70.168838500977 -3.9328789710999 274.00967407227
70.880073547363 -4.1036353111267 273.78753662109
71.603584289551 -4.2122764587402 273.56597900391
56.231716156006 3.3588604927063 278.20391845703
56.780654907227 2.8905775547028 277.90661621094
57.451812744141 2.6753931045532 277.57485961914
58.103359222412 2.4020292758942 277.24276733398
58.782821655273 2.1685979366302 276.93170166016
59.416481018066 1.8866539001465 276.56539916992
60.109272003174 1.6824169158936 276.26058959961
60.798892974854 1.4790216684341 275.94720458984
61.494453430176 1.3003914356232 275.63278198242
62.196201324463 1.1446086168289 275.31896972656
62.887619018555 0.99788236618042 274.97940063477
63.575328826904 0.85440200567245 274.63061523438
64.269248962402 0.74475705623627 274.28186035156
64.957717895508 0.6353080868721 273.92254638672
65.640663146973 0.52807676792145 273.55224609375
66.310920715332 0.44616755843163 273.15319824219
66.991859436035 0.40177741646767 272.76739501953
67.656929016113 0.3092548251152 272.36364746094
68.32315826416 0.18344914913177 271.96981811523
68.993362426758 0.05723125860095 271.58270263672
69.662147521973 -0.050188366323709 271.18728637695
70.320899963379 -0.14608374238014 270.77252197266
70.985450744629 -0.24177657067776 270.36712646484
71.66609954834 -0.33350121974945 269.98867797852
72.356597900391 -0.39720597863197 269.62252807617
56.43762588501 3.3415760993958 278.89178466797
56.931846618652 2.8283860683441 278.8171081543
57.605987548828 2.6039946079254 278.71170043945
58.262928009033 2.3351445198059 278.60354614258
58.921783447266 2.0582902431488 278.53302001953
59.588638305664 1.8161399364471 278.41903686523
60.25931930542 1.616598367691 278.25790405273
60.940116882324 1.4308242797852 278.12252807617
61.621971130371 1.2658070325851 277.96810913086
62.307571411133 1.0975596904755 277.83831787109
62.995674133301 0.95250117778778 277.6943359375
63.689220428467 0.80689376592636 277.57864379883
64.383056640625 0.63524466753006 277.50769042969
65.081199645996 0.48417386412621 277.43371582031
65.785400390625 0.37827408313751 277.33837890625
66.492637634277 0.29251253604889 277.24359130859
67.199157714844 0.17581908404827 277.18978881836
67.907936096191 0.068827114999294 277.1438293457
68.620262145996 -0.0048221927136183 277.08419799805
69.32804107666 -0.10471435636282 277.02807617188
70.031105041504 -0.24127270281315 276.98193359375
70.735656738281 -0.34613859653473 276.89343261719
71.444511413574 -0.46301889419556 276.87573242188
72.155014038086 -0.55890613794327 276.84063720703
72.868850708008 -0.60812646150589 276.81420898438
