83.698501586914 -3.2544920444489 404.89791870117
99.771064758301 -8.0340061187744 406.23684692383
102.95755004883 -0.14892135560513 402.49673461914
100.75562286377 -2.0791690349579 412.48458862305
84.04532623291 -3.8180665969849 404.84375
84.583953857422 -4.2093906402588 404.84689331055
85.134811401367 -4.5830874443054 404.85494995117
85.714897155762 -4.9092054367065 404.87551879883
86.297760009766 -5.2301688194275 404.8974609375
86.895332336426 -5.5222463607788 404.92663574219
87.503555297852 -5.7908072471619 404.96145629883
88.107009887695 -6.0701942443848 404.99368286133
88.723075866699 -6.3195185661316 405.03311157227
89.348091125488 -6.5444645881653 405.078125
89.979972839355 -6.7482209205627 405.12789916992
90.615020751953 -6.941309928894 405.17999267578
91.252296447754 -7.1262712478638 405.23388671875
91.899002075195 -7.2717409133911 405.29620361328
92.539894104004 -7.4427089691162 405.35314941406
93.192039489746 -7.5579895973206 405.42163085938
93.845680236816 -7.6631278991699 405.49221801758
94.499580383301 -7.7663435935974 405.56314086914
95.155258178711 -7.8552875518799 405.63693237305
95.813987731934 -7.9087920188904 405.7174987793
96.473266601562 -7.951057434082 405.80017089844
97.132942199707 -7.9810042381287 405.88507080078
97.792541503906 -7.9798803329468 405.97564697266
98.452163696289 -7.979311466217 406.06604003906
99.111938476562 -7.9880409240723 406.15487670898
84.350456237793 -3.4053664207458 404.50897216797
85.085861206055 -3.6153979301453 404.38662719727
85.862884521484 -3.6283268928528 404.36782836914
86.637100219727 -3.6765320301056 404.31567382812
87.409934997559 -3.739577293396 404.26171875
88.186683654785 -3.7730791568756 404.26477050781
88.963737487793 -3.795912027359 404.25708007812
89.740562438965 -3.793155670166 404.22634887695
90.51766204834 -3.7708666324615 404.2239074707
91.293312072754 -3.7260737419128 404.25177001953
92.068771362305 -3.6706929206848 404.24761962891
92.840194702148 -3.5779695510864 404.23205566406
93.592277526855 -3.3820116519928 404.21524047852
94.354965209961 -3.2386798858643 404.16873168945
95.107307434082 -3.0526947975159 404.1071472168
95.846282958984 -2.8250308036804 404.02716064453
96.559761047363 -2.5368955135345 403.91586303711
97.274543762207 -2.2477076053619 403.81622314453
97.988952636719 -1.9597529172897 403.71090698242
98.695213317871 -1.6813244819641 403.54330444336
99.419319152832 -1.4188641309738 403.43728637695
100.13557434082 -1.1478734016418 403.30334472656
100.83152008057 -0.88511747121811 403.07736206055
101.53617858887 -0.66888564825058 402.83001708984
102.2476348877 -0.44461679458618 402.61099243164
84.227592468262 -3.4156699180603 405.38729858398
84.862937927246 -3.6622610092163 405.67407226562
85.553413391113 -3.8140859603882 405.8918762207
86.260047912598 -3.9134790897369 406.0871887207
86.967994689941 -3.9956181049347 406.28573608398
87.676856994629 -4.0606870651245 406.48733520508
88.386093139648 -4.1241760253906 406.68783569336
89.108032226562 -4.1345682144165 406.84927368164
89.830299377441 -4.1431841850281 407.00936889648
90.552406311035 -4.1512393951416 407.17007446289
91.267974853516 -4.134831905365 407.35733032227
91.981819152832 -4.1128029823303 407.55044555664
92.688270568848 -4.0622472763062 407.76425170898
93.38671875 -3.9864413738251 407.99618530273
94.077850341797 -3.8983869552612 408.24496459961
94.744789123535 -3.7756617069244 408.5407409668
95.391021728516 -3.6276206970215 408.86904907227
96.004898071289 -3.4458599090576 409.23983764648
96.610420227051 -3.2575654983521 409.62097167969
97.208679199219 -3.0823540687561 410.01940917969
97.805854797363 -2.9350044727325 410.43054199219
98.396057128906 -2.7514894008636 410.83715820312
99.005683898926 -2.5751276016235 411.21746826172
99.615516662598 -2.4120819568634 411.60330200195
100.19990539551 -2.2462501525879 412.02563476562
