71.524055480957 34.659934997559 340.28979492188
47.920234680176 -7.6104698181152 347.13943481445
66.033302307129 -18.45997428894 337.65441894531
66.653907775879 -16.654096603394 356.05090332031
69.893089294434 33.519954681396 340.51184082031
68.384506225586 32.27010345459 340.74478149414
67.401466369629 30.548406600952 341.02459716797
66.578773498535 28.762693405151 341.30743408203
66.096603393555 26.841032028198 341.59661865234
65.588829040527 24.926200866699 341.88583374023
65.050201416016 23.019599914551 342.17504882812
64.360046386719 21.167194366455 342.46231079102
63.560707092285 19.353839874268 342.74813842773
62.807590484619 17.521228790283 343.03497314453
62.072849273682 15.680967330933 343.32217407227
61.384952545166 13.822923660278 343.61013793945
60.678291320801 11.973114967346 343.89764404297
59.150764465332 10.728372573853 344.1305847168
57.558113098145 9.5365600585938 344.35852050781
55.965461730957 8.3447465896606 344.58642578125
54.372814178467 7.1529340744019 344.81436157227
52.780162811279 5.9611210823059 345.0422668457
51.187511444092 4.7693085670471 345.27020263672
49.594860076904 3.5774955749512 345.49810791016
48.33825302124 2.0992720127106 345.75381469727
48.398937225342 0.11728364229202 346.03118896484
48.537506103516 -1.8629877567291 346.27142333984
48.615863800049 -3.8358161449432 346.58557128906
48.650840759277 -5.8068337440491 346.6682434082
71.619956970215 33.689586639404 338.25442504883
71.670845031738 32.677280426025 336.26287841797
70.961601257324 30.904460906982 335.06420898438
70.502738952637 28.969152450562 334.01080322266
70.24967956543 26.949817657471 333.04388427734
69.913215637207 24.849353790283 332.29037475586
70.045783996582 22.623098373413 331.94812011719
70.112281799316 20.385766983032 331.65927124023
69.852432250977 18.158445358276 331.7646484375
69.828483581543 15.918934822083 331.82037353516
69.972984313965 13.683598518372 331.89794921875
69.924156188965 11.516808509827 332.52456665039
69.67423248291 9.2781229019165 332.66357421875
69.731834411621 7.0819826126099 333.06259155273
69.89688873291 4.8789825439453 333.44583129883
69.922813415527 2.6249096393585 333.55529785156
69.950820922852 0.43969276547432 334.09814453125
69.869010925293 -1.7143840789795 334.73846435547
69.513137817383 -3.8112645149231 335.49340820312
69.622131347656 -6.0210423469543 335.7731628418
69.562568664551 -8.2637577056885 335.90051269531
69.402816772461 -10.479337692261 336.26907348633
68.771301269531 -12.558380126953 336.52792358398
68.04222869873 -14.577283859253 336.93325805664
67.222648620605 -16.558458328247 337.40301513672
71.853080749512 34.212127685547 342.46078491211
71.617538452148 33.41039276123 344.49731445312
71.202194213867 32.041969299316 346.19625854492
70.824592590332 30.484439849854 347.76220703125
70.625854492188 28.700542449951 349.07180786133
70.684982299805 26.699905395508 350.04013061523
70.882255554199 24.6478099823 350.88079833984
70.87947845459 22.763029098511 352.05087280273
70.890609741211 20.568574905396 352.50491333008
70.901741027832 18.374118804932 352.958984375
70.914047241211 16.17964553833 353.41259765625
71.126655578613 13.979735374451 353.77389526367
71.07080078125 11.74521446228 353.93426513672
71.014953613281 9.5106945037842 354.09466552734
70.801475524902 7.2936358451843 354.33532714844
70.590782165527 5.0718474388123 354.5110168457
70.413108825684 2.8383553028107 354.55422973633
70.573341369629 0.6286826133728 354.87213134766
70.504890441895 -1.5841149091721 355.16159057617
70.294067382812 -3.799576997757 355.42465209961
70.002517700195 -6.0091767311096 355.63604736328
69.595184326172 -8.2062044143677 355.7919921875
69.032066345215 -10.369616508484 355.94845581055
68.265045166016 -12.47211933136 355.99627685547
67.459480285645 -14.563108444214 356.02359008789
