74.053527832031 1.9012680053711 263.94204711914
81.972053527832 -4.6572046279907 266.70672607422
82.200263977051 -4.6631588935852 263.27398681641
83.436546325684 -1.4484127759933 266.3674621582
74.168098449707 1.5867846012115 264.19088745117
74.382911682129 1.2850714921951 264.38357543945
74.616226196289 0.98893636465073 264.56295776367
74.87686920166 0.70322823524475 264.72033691406
75.13786315918 0.41768398880959 264.87744140625
75.398994445801 0.13218985497952 265.03442382812
75.669639587402 -0.14886191487312 265.18298339844
75.960098266602 -0.41926988959312 265.31280517578
76.254730224609 -0.68715059757233 265.43835449219
76.557029724121 -0.95009124279022 265.55584716797
76.86882019043 -1.2063724994659 265.6628112793
77.188491821289 -1.4565541744232 265.76055908203
77.51195526123 -1.7036075592041 265.85366821289
77.836814880371 -1.9494768381119 265.9450378418
78.169860839844 -2.1879920959473 266.02581787109
78.501007080078 -2.4282686710358 266.10916137695
78.836097717285 -2.6648421287537 266.18716430664
79.174186706543 -2.8984425067902 266.26104736328
79.511711120605 -3.1326169967651 266.33572387695
79.852500915527 -3.3634433746338 266.40582275391
80.194404602051 -3.5931293964386 266.47430419922
80.538566589355 -3.8203737735748 266.53942871094
80.891647338867 -4.0372219085693 266.59091186523
81.252975463867 -4.2430768013 266.62823486328
81.622840881348 -4.4356861114502 266.64920043945
74.275924682617 1.5608928203583 263.90823364258
74.558441162109 1.2757881879807 263.98580932617
74.841842651367 0.98806780576706 264.0491027832
75.125755310059 0.69652485847473 264.08792114258
75.403213500977 0.40166375041008 264.14447021484
75.678398132324 0.10606846958399 264.20761108398
75.974296569824 -0.17324635386467 264.24691772461
76.279899597168 -0.44360753893852 264.27191162109
76.596282958984 -0.70238840579987 264.27880859375
76.921974182129 -0.94931930303574 264.27102661133
77.250183105469 -1.1906311511993 264.23678588867
77.581962585449 -1.425558924675 264.19387817383
77.925788879395 -1.642778635025 264.1526184082
78.245407104492 -1.8937402963638 264.10818481445
78.55135345459 -2.160263299942 264.05865478516
78.883354187012 -2.3923089504242 264.00341796875
79.212219238281 -2.6276321411133 263.94348144531
79.535140991211 -2.8684012889862 263.87365722656
79.856323242188 -3.1068880558014 263.78945922852
80.186553955078 -3.3355438709259 263.71337890625
80.523506164551 -3.5559120178223 263.64251708984
80.864868164062 -3.768239736557 263.56826782227
81.199851989746 -3.9870159626007 263.48431396484
81.529693603516 -4.2110624313354 263.39416503906
81.86498260498 -4.4371118545532 263.33407592773
74.373954772949 1.822585105896 264.16973876953
74.695014953613 1.6955760717392 264.37338256836
75.005813598633 1.4952266216278 264.52816772461
75.308486938477 1.2934936285019 264.69668579102
75.623069763184 1.0981448888779 264.85021972656
75.947113037109 0.90526050329208 264.98620605469
76.275100708008 0.70501166582108 265.10034179688
76.604804992676 0.50725078582764 265.2138671875
76.958869934082 0.343614757061 265.3063659668
77.326889038086 0.20465366542339 265.3835144043
77.699295043945 0.073091916739941 265.45208740234
78.083053588867 -0.034935310482979 265.49401855469
78.459983825684 -0.15933538973331 265.5500793457
78.840934753418 -0.26643943786621 265.61416625977
79.224029541016 -0.36270955204964 265.68243408203
79.601165771484 -0.49520745873451 265.7126159668
79.980781555176 -0.60922759771347 265.77255249023
80.360549926758 -0.71312129497528 265.8479309082
80.746223449707 -0.80536049604416 265.90667724609
81.132965087891 -0.89035427570343 265.96917724609
81.519432067871 -0.97545444965363 266.033203125
81.902114868164 -1.0731152296066 266.10186767578
82.285362243652 -1.1698101758957 266.16876220703
82.673751831055 -1.2564722299576 266.21716308594
83.060180664062 -1.3463380336761 266.27456665039
