74.448280334473 -28.018852233887 340.52655029297
81.803344726562 -1.4362761974335 339.49816894531
66.006721496582 -7.1106476783752 331.82864379883
68.380249023438 -7.9105067253113 348.68405151367
75.615501403809 -27.788681030273 340.46273803711
76.705413818359 -27.311388015747 340.39660644531
77.737464904785 -26.719337463379 340.33053588867
78.685363769531 -26.000005722046 340.26544189453
79.572875976562 -25.207313537598 340.20147705078
80.378112792969 -24.331022262573 340.13958740234
81.089935302734 -23.377099990845 340.0803527832
81.708808898926 -22.360208511353 340.02426147461
82.251335144043 -21.300485610962 339.97082519531
82.710838317871 -20.202062606812 339.92059326172
83.08251953125 -19.07075881958 339.87390136719
83.343086242676 -17.908601760864 339.83200073242
83.555038452148 -16.736570358276 339.79223632812
83.64624786377 -15.548868179321 339.75814819336
83.58415222168 -14.359031677246 339.73156738281
83.478210449219 -13.172303199768 339.70727539062
83.232933044434 -12.00620174408 339.6904296875
83.119010925293 -10.820146560669 339.66656494141
83.058609008789 -9.630220413208 339.63989257812
82.994560241699 -8.4404802322388 339.61343383789
82.925430297852 -7.2510190010071 339.58724975586
82.869575500488 -6.060875415802 339.56036376953
82.743629455566 -4.8760280609131 339.53707885742
82.54296875 -3.7014544010162 339.51779174805
82.196754455566 -2.5611929893494 339.50662231445
74.72469329834 -27.260847091675 339.86599731445
75.433868408203 -26.592903137207 339.47677612305
76.044158935547 -25.80712890625 339.14416503906
76.524291992188 -24.925985336304 338.8371887207
76.897598266602 -23.990346908569 338.54479980469
77.095123291016 -22.997564315796 338.27133178711
77.101371765137 -21.958232879639 338.12771606445
76.956901550293 -20.932588577271 337.96264648438
76.63346862793 -19.963516235352 337.73519897461
75.980323791504 -19.161930084229 337.5573425293
75.239799499512 -18.444278717041 337.36471557617
74.610046386719 -17.64627456665 337.10327148438
74.006164550781 -16.83349609375 336.82681274414
73.436943054199 -15.993434906006 336.56518554688
73.043495178223 -15.141208648682 336.09585571289
72.555778503418 -14.344082832336 335.61923217773
71.922912597656 -13.594038963318 335.2467956543
71.27758026123 -12.842517852783 334.89962768555
70.65064239502 -12.064747810364 334.5774230957
70.000961303711 -11.30900478363 334.24789428711
69.335578918457 -10.569996833801 333.91201782227
68.725189208984 -9.8101186752319 333.52233886719
68.108596801758 -9.0634469985962 333.11737060547
67.420127868652 -8.3783102035522 332.71936035156
66.739738464355 -7.7065753936768 332.28622436523
74.897689819336 -27.387096405029 341.14074707031
75.595001220703 -26.7161693573 341.34857177734
76.25456237793 -25.998823165894 341.52154541016
76.786399841309 -25.207977294922 341.78851318359
77.175811767578 -24.331455230713 342.03277587891
77.452651977539 -23.401279449463 342.22695922852
77.541015625 -22.435695648193 342.42532348633
77.435150146484 -21.461406707764 342.5632019043
77.209678649902 -20.509405136108 342.71276855469
76.83757019043 -19.605501174927 342.86743164062
76.32926940918 -18.809127807617 343.16174316406
75.729209899902 -18.113460540771 343.52960205078
75.293571472168 -17.283319473267 343.84606933594
74.771087646484 -16.467515945435 344.04803466797
74.38500213623 -15.600622177124 344.32843017578
73.943298339844 -14.761937141418 344.61193847656
73.382888793945 -14.038457870483 344.9870300293
72.857711791992 -13.325831413269 345.42666625977
72.394889831543 -12.638257026672 345.96078491211
71.920791625977 -11.835234642029 346.27157592773
71.276344299316 -11.204623222351 346.62512207031
70.58765411377 -10.595384597778 346.96426391602
69.978904724121 -9.8728885650635 347.2571105957
69.372848510742 -9.1714286804199 347.60229492188
68.779251098633 -8.5078315734863 348.02709960938
