72.127746582031 9.8705148696899 269.34396362305
78.792778015137 3.3320050239563 268.77389526367
82.550590515137 5.5447883605957 266.64172363281
82.167259216309 4.6456007957458 272.26141357422
72.191383361816 9.5099782943726 269.27981567383
72.288963317871 9.1562328338623 269.22073364258
72.393798828125 8.8052024841309 269.16290283203
72.593467712402 8.4942293167114 269.12319946289
72.787368774414 8.1797971725464 269.08212280273
73.007019042969 7.8820033073425 269.0471496582
73.22420501709 7.5824756622314 269.01159667969
73.449645996094 7.288890838623 268.97802734375
73.696258544922 7.0122060775757 268.95010375977
73.95198059082 6.7436676025391 268.92471313477
74.218803405762 6.48583984375 268.90270996094
74.495628356934 6.2385287284851 268.88381958008
74.780334472656 6.0001463890076 268.86749267578
75.070091247559 5.7678117752075 268.85293579102
75.359642028809 5.5352168083191 268.83828735352
75.657249450684 5.3128590583801 268.82656860352
75.961540222168 5.0996222496033 268.81729125977
76.281936645508 4.9112462997437 268.81466674805
76.610504150391 4.7374844551086 268.81579589844
76.933891296387 4.5542969703674 268.81454467773
77.232688903809 4.3335118293762 268.80322265625
77.565269470215 4.167829990387 268.8063659668
77.872680664062 3.9590549468994 268.79833984375
78.180015563965 3.7501919269562 268.79028320312
78.474174499512 3.5233564376831 268.77728271484
72.487854003906 9.8317308425903 269.07205200195
72.822738647461 9.5600833892822 268.93127441406
73.157615661621 9.2884368896484 268.79046630859
73.559135437012 9.082426071167 268.75079345703
73.962509155273 8.8782348632812 268.71389770508
74.348007202148 8.6459712982178 268.6589050293
74.729354858398 8.4082584381104 268.59753417969
75.105819702148 8.16552734375 268.52600097656
75.509674072266 7.9658555984497 268.48037719727
75.919486999512 7.7755641937256 268.44039916992
76.328239440918 7.6073818206787 268.33862304688
76.738426208496 7.4403028488159 268.24114990234
77.153701782227 7.2764625549316 268.16076660156
77.569755554199 7.1057229042053 268.10345458984
77.985542297363 6.9338531494141 268.04931640625
78.394630432129 6.7800407409668 267.92788696289
78.803726196289 6.6262278556824 267.80645751953
79.219047546387 6.4989972114563 267.67721557617
79.637245178223 6.383969783783 267.54437255859
80.058326721191 6.2676620483398 267.42242431641
80.480796813965 6.1571416854858 267.30056762695
80.90453338623 6.0716996192932 267.1630859375
81.325569152832 5.9771585464478 267.02349853516
81.744621276855 5.8759794235229 266.88238525391
82.16291809082 5.7375893592834 266.77569580078
72.357231140137 9.6110620498657 269.64379882812
72.667106628418 9.298095703125 269.77020263672
73.008605957031 8.9973163604736 269.82385253906
73.34098815918 8.684196472168 269.86175537109
73.706527709961 8.4117984771729 269.90802001953
74.091499328613 8.168890953064 269.96054077148
74.498985290527 7.9667000770569 270.01565551758
74.908721923828 7.7692322731018 270.07122802734
75.329803466797 7.6018390655518 270.13934326172
75.751113891602 7.4353637695312 270.20825195312
76.162734985352 7.2530355453491 270.29364013672
76.567909240723 7.0614104270935 270.38891601562
76.973663330078 6.872163772583 270.48645019531
77.378471374512 6.6820521354675 270.58624267578
77.776084899902 6.4837193489075 270.69821166992
78.173774719238 6.2869777679443 270.81265258789
78.570671081543 6.1153702735901 270.96426391602
78.967575073242 5.9438767433167 271.11599731445
79.369338989258 5.8139696121216 271.29397583008
79.77165222168 5.7207279205322 271.49252319336
80.17121887207 5.5436463356018 271.63018798828
80.57495880127 5.3759346008301 271.76739501953
80.994270324707 5.2493848800659 271.9020690918
81.406715393066 5.1009240150452 272.03552246094
81.79891204834 4.8971171379089 272.15640258789
