63.052909851074 8.0469255447388 271.53707885742
60.229187011719 -3.797394990921 271.16644287109
64.699630737305 -0.69599711894989 267.90805053711
64.163795471191 -1.0783898830414 275.1376953125
62.600051879883 7.802013874054 271.49273681641
62.188007354736 7.4929518699646 271.45156860352
61.814571380615 7.1378197669983 271.41357421875
61.450397491455 6.7731013298035 271.37640380859
61.112594604492 6.383650302887 271.34136962891
60.782958984375 5.9871783256531 271.30706787109
60.508228302002 5.5505681037903 271.27755737305
60.266983032227 5.0944147109985 271.25091552734
60.059062957764 4.6219487190247 271.22729492188
59.85986328125 4.1456913948059 271.2043762207
59.668014526367 3.6663920879364 271.18215942383
59.520275115967 3.1716785430908 271.16397094727
59.404411315918 2.6683456897736 271.14859008789
59.327545166016 2.157555103302 271.13677978516
59.289573669434 1.6422978639603 271.12854003906
59.277420043945 1.1257457733154 271.12271118164
59.311721801758 0.61022967100143 271.12121582031
59.378963470459 0.097910709679127 271.12283325195
59.476493835449 -0.40951031446457 271.1272277832
59.522373199463 -0.92414647340775 271.12680053711
59.591278076172 -1.4362004995346 271.12857055664
59.580474853516 -1.9527878761292 271.12283325195
59.527179718018 -2.466650724411 271.11322021484
59.61349105835 -2.9747974872589 271.11663818359
59.882801055908 -3.4150176048279 271.13772583008
62.992698669434 7.7978086471558 271.23178100586
62.799392700195 7.5036334991455 271.04312133789
62.640003204346 7.1651191711426 270.90328979492
62.44800567627 6.8279204368591 270.80828857422
62.266216278076 6.4929575920105 270.68856811523
62.119953155518 6.1448497772217 270.55850219727
62.054035186768 5.7727708816528 270.42895507812
62.031265258789 5.4053597450256 270.27404785156
62.083103179932 5.069121837616 270.06512451172
62.221141815186 4.7648158073425 269.84649658203
62.418979644775 4.4731421470642 269.6584777832
62.629283905029 4.1712350845337 269.50283813477
62.83971786499 3.867963552475 269.35025024414
63.013858795166 3.5344235897064 269.21600341797
63.176719665527 3.1928935050964 269.087890625
63.369289398193 2.867552280426 268.95877075195
63.562446594238 2.5425775051117 268.82965087891
63.730407714844 2.20259308815 268.70397949219
63.883312225342 1.8548580408096 268.58044433594
63.958312988281 1.4860272407532 268.44653320312
64.015464782715 1.1157209873199 268.30798339844
64.103004455566 0.75519931316376 268.15982055664
64.215049743652 0.38690972328186 268.05303955078
64.345809936523 0.016370514407754 267.98098754883
64.515167236328 -0.3429354429245 267.93838500977
62.93461227417 7.8004016876221 271.85125732422
62.691871643066 7.4818906784058 271.9748840332
62.458457946777 7.1528148651123 272.08837890625
62.216739654541 6.8229637145996 272.1799621582
62.017543792725 6.4673433303833 272.27719116211
61.867786407471 6.0876197814941 272.37225341797
61.735744476318 5.7092041969299 272.49450683594
61.65406036377 5.3379158973694 272.67092895508
61.617015838623 4.9601068496704 272.84802246094
61.688903808594 4.6036348342896 273.05490112305
61.980682373047 4.3583421707153 273.22909545898
62.240280151367 4.0880990028381 273.41543579102
62.424060821533 3.7453858852386 273.56988525391
62.671936035156 3.4645948410034 273.75512695312
62.827182769775 3.1002588272095 273.89227294922
62.980575561523 2.7416002750397 274.04553222656
63.13064956665 2.3895542621613 274.21612548828
63.2614402771 2.0126810073853 274.34469604492
63.388813018799 1.6323623657227 274.46636962891
63.517093658447 1.2564104795456 274.60006713867
63.645057678223 0.88236367702484 274.73913574219
63.725574493408 0.49081248044968 274.86514282227
63.797630310059 0.096800871193409 274.9885559082
63.865200042725 -0.30599626898766 275.08267211914
63.969230651855 -0.70721071958542 275.14419555664
