64.638778686523 4.8167271614075 274.29696655273
66.56273651123 -5.3235049247742 272.94271850586
69.043983459473 -0.67865359783173 271.17315673828
68.255714416504 -1.5599018335342 276.63137817383
64.333221435547 4.5131025314331 274.21649169922
64.143287658691 4.1272325515747 274.1360168457
63.973003387451 3.7314279079437 274.05621337891
63.829166412354 3.3250353336334 273.97763061523
63.716373443604 2.9086146354675 273.90093994141
63.640846252441 2.4833812713623 273.82696533203
63.582805633545 2.0551331043243 273.75445556641
63.533203125 1.6256810426712 273.68273925781
63.508892059326 1.1937011480331 273.61334228516
63.516174316406 0.7605921626091 273.54727172852
63.554096221924 0.32856240868568 273.48474121094
63.619941711426 -0.1005999520421 273.42565917969
63.699645996094 -0.52769500017166 273.36853027344
63.814357757568 -0.94733494520187 273.31634521484
63.931423187256 -1.3664269447327 273.26449584961
64.093978881836 -1.7707843780518 273.21990966797
64.248268127441 -2.1783528327942 273.17395019531
64.424606323242 -2.5772542953491 273.13174438477
64.633544921875 -2.960661649704 273.09555053711
64.865753173828 -3.3309001922607 273.06384277344
65.105239868164 -3.6966388225555 273.03369140625
65.354484558105 -4.0559687614441 273.00561523438
65.648155212402 -4.3807034492493 272.98779296875
65.943367004395 -4.7040796279907 272.97024536133
66.250381469727 -5.0164313316345 272.95581054688
64.726890563965 4.6555018424988 274.05532836914
64.765899658203 4.3981370925903 273.8935546875
64.846206665039 4.1430149078369 273.74624633789
64.943748474121 3.8895535469055 273.60437011719
65.056221008301 3.6413481235504 273.46411132812
65.170188903809 3.3938338756561 273.32388305664
65.294692993164 3.1514043807983 273.18463134766
65.44100189209 2.9195408821106 273.04766845703
65.570587158203 2.695925951004 272.88381958008
65.70174407959 2.4752790927887 272.71893310547
65.903137207031 2.2640743255615 272.62536621094
66.080841064453 2.0465750694275 272.50448608398
66.250877380371 1.8270392417908 272.37481689453
66.435928344727 1.6046171188354 272.27554321289
66.625534057617 1.3813203573227 272.18545532227
66.812385559082 1.161260843277 272.08380126953
66.994636535645 0.94660222530365 271.96282958984
67.18236541748 0.73465782403946 271.84741210938
67.405822753906 0.54043710231781 271.76824951172
67.642433166504 0.36084806919098 271.69479370117
67.888229370117 0.19147475063801 271.62533569336
68.127967834473 0.012189911678433 271.56036376953
68.364326477051 -0.1726175993681 271.49786376953
68.599571228027 -0.35505500435829 271.42599487305
68.833236694336 -0.53409349918365 271.34072875977
64.62255859375 4.6580495834351 274.52703857422
64.705535888672 4.3845610618591 274.64166259766
64.776931762695 4.0914282798767 274.69778442383
64.843879699707 3.7974758148193 274.75942993164
64.881011962891 3.5030598640442 274.8359375
64.928199768066 3.214818239212 274.91567993164
65.050315856934 2.9415280818939 274.98791503906
65.164421081543 2.6691746711731 275.07391357422
65.271789550781 2.3980238437653 275.17272949219
65.384094238281 2.1304318904877 275.27572631836
65.496391296387 1.8628400564194 275.37869262695
65.642051696777 1.610762834549 275.47872924805
65.789405822754 1.3596022129059 275.57885742188
65.93773651123 1.1092896461487 275.67965698242
66.101112365723 0.86072528362274 275.75720214844
66.26798248291 0.61165004968643 275.82720947266
66.42805480957 0.359684497118 275.90277099609
66.588119506836 0.1077189296484 275.97836303711
66.754280090332 -0.13136950135231 276.07821655273
66.956687927246 -0.35025918483734 276.14587402344
67.176208496094 -0.56008279323578 276.19692993164
67.381935119629 -0.77809834480286 276.26565551758
67.581787109375 -0.99960136413574 276.34191894531
67.809280395508 -1.1881684064865 276.42770385742
68.034294128418 -1.3740587234497 276.52526855469
