58.457256317139 0.74931299686432 273.60748291016
67.353477478027 -6.4226694107056 273.73263549805
67.694664001465 -2.7779471874237 271.03805541992
67.342445373535 -2.8568651676178 276.3561706543
58.521511077881 0.30795711278915 273.59762573242
58.771064758301 -0.063465736806393 273.59643554688
59.068817138672 -0.39759460091591 273.59799194336
59.378566741943 -0.72062408924103 273.60034179688
59.701908111572 -1.0300390720367 273.603515625
60.040088653564 -1.3231561183929 273.6076965332
60.371017456055 -1.6244292259216 273.61145019531
60.715362548828 -1.9102749824524 273.61605834961
61.058265686035 -2.1978490352631 273.62057495117
61.403800964355 -2.482250213623 273.6252746582
61.75369644165 -2.7612640857697 273.63027954102
62.113689422607 -3.027108669281 273.6360168457
62.472030639648 -3.295182466507 273.64157104492
62.824474334717 -3.5709547996521 273.64678955078
63.19206237793 -3.8261804580688 273.65310668945
63.548637390137 -4.0965986251831 273.65866088867
63.909408569336 -4.3613743782043 273.66439819336
64.292419433594 -4.5927729606628 273.67190551758
64.686485290527 -4.8047528266907 273.68041992188
65.05834197998 -5.0537075996399 273.68704223633
65.42936706543 -5.3037691116333 273.6936340332
65.774200439453 -5.5890297889709 273.69827270508
66.145576477051 -5.8387002944946 273.70483398438
66.539237976074 -6.051426410675 273.71331787109
66.945213317871 -6.2395577430725 273.72290039062
58.675457000732 0.58482533693314 273.33087158203
58.989734649658 0.32841914892197 273.28161621094
59.349227905273 0.25598961114883 273.24990844727
59.705688476562 0.076523959636688 273.16152954102
60.069271087646 -0.10853564739227 273.09786987305
60.460712432861 -0.23580035567284 273.0744934082
60.815418243408 -0.41366410255432 272.98571777344
61.218490600586 -0.50105804204941 273
61.609531402588 -0.59701931476593 272.94705200195
61.966327667236 -0.72013103961945 272.93780517578
62.320777893066 -0.83568805456161 272.82116699219
62.695953369141 -0.98976743221283 272.75057983398
63.059757232666 -1.1396251916885 272.62335205078
63.450328826904 -1.2267545461655 272.54144287109
63.820178985596 -1.3493176698685 272.40252685547
64.19743347168 -1.4333281517029 272.26892089844
64.570053100586 -1.5419313907623 272.13186645508
64.8623046875 -1.7223520278931 271.90493774414
65.189575195312 -1.893749833107 271.72149658203
65.536888122559 -2.0692644119263 271.58526611328
65.911613464355 -2.2288408279419 271.52200317383
66.274681091309 -2.3853495121002 271.42587280273
66.604438781738 -2.5570247173309 271.24395751953
66.942436218262 -2.7294716835022 271.08114624023
67.297958374023 -2.8650767803192 270.95816040039
58.67098236084 0.60444170236588 273.87664794922
58.960350036621 0.36290594935417 273.96334838867
59.299194335938 0.1973230689764 274.07437133789
59.650691986084 0.051266808062792 274.17376708984
60.020477294922 -0.069799557328224 274.23193359375
60.361862182617 -0.25082442164421 274.29559326172
60.719436645508 -0.40038967132568 274.36264038086
61.076446533203 -0.54795610904694 274.43734741211
61.439067840576 -0.68318772315979 274.50790405273
61.791599273682 -0.83260303735733 274.59652709961
62.143947601318 -0.98512125015259 274.67669677734
62.495639801025 -1.1283915042877 274.76977539062
62.825344085693 -1.2876323461533 274.91033935547
63.170497894287 -1.4149416685104 275.04937744141
63.525035858154 -1.516103386879 275.18539428711
63.890941619873 -1.5910849571228 275.3063659668
64.248924255371 -1.6739276647568 275.44613647461
64.610366821289 -1.7672287225723 275.5693359375
64.939994812012 -1.9238554239273 275.71328735352
65.287910461426 -2.0614743232727 275.83361816406
65.640632629395 -2.2103700637817 275.92373657227
65.9033203125 -2.4301619529724 276.08389282227
66.229461669922 -2.6193659305573 276.19448852539
66.571968078613 -2.7650735378265 276.31970214844
66.94913482666 -2.8507490158081 276.3464050293
