59.9914894104 -6.0275292396545 327.60232543945
77.986679077148 6.7170023918152 349.82955932617
92.590980529785 -2.8379008769989 357.04577636719
92.12272644043 12.806317329407 346.10437011719
59.748039245605 -5.3101139068604 328.57711791992
59.862686157227 -4.6212582588196 329.58972167969
60.241317749023 -3.991295337677 330.57604980469
60.783802032471 -3.4154691696167 331.5207824707
61.404594421387 -2.8709032535553 332.43792724609
62.060924530029 -2.3423132896423 333.33999633789
62.733837127686 -1.8215641975403 334.23449707031
63.418159484863 -1.306386590004 335.12353515625
64.11865234375 -0.79929727315903 336.00454711914
64.842864990234 -0.30448639392853 336.87313842773
65.60424041748 0.1701762676239 337.72103881836
66.406646728516 0.62106150388718 338.54385375977
67.231338500977 1.0581884384155 339.35189819336
68.059516906738 1.4931372404099 340.15756225586
68.892501831055 1.9250502586365 340.95989990234
69.722869873047 2.3585982322693 341.76406860352
70.566528320312 2.7835283279419 342.55877685547
71.407028198242 3.2105078697205 343.35571289062
72.228416442871 3.6496803760529 344.16595458984
73.052154541016 4.0872435569763 344.97439575195
73.901725769043 4.5083966255188 345.76498413086
74.747787475586 4.9317898750305 346.55804443359
75.578201293945 5.3652496337891 347.36206054688
76.385536193848 5.8130574226379 348.18154907227
77.186111450195 6.2650299072266 349.00555419922
60.816402435303 -6.3147101402283 328.86904907227
61.908706665039 -5.8885560035706 330.06011962891
63.063812255859 -5.4334335327148 331.25268554688
64.294677734375 -4.9129457473755 332.36227416992
65.252380371094 -4.7291445732117 333.76934814453
66.481101989746 -4.4601640701294 334.92303466797
67.770751953125 -4.1573667526245 336.03106689453
68.864799499512 -3.9546687602997 337.36584472656
70.189178466797 -3.6492121219635 338.42639160156
71.385551452637 -3.4711577892303 339.64868164062
72.646553039551 -3.2502286434174 340.77459716797
74.067695617676 -2.9177830219269 341.69284057617
75.254219055176 -2.787942647934 342.9557800293
76.630271911621 -2.5129635334015 343.95550537109
77.87979888916 -2.3477449417114 345.13595581055
79.122535705566 -2.2252464294434 346.34381103516
80.434226989746 -2.0167524814606 347.46105957031
81.720008850098 -1.8305776119232 348.60607910156
82.927909851074 -1.7644416093826 349.85049438477
84.285263061523 -1.6942293643951 350.93087768555
85.601112365723 -1.8307636976242 352.05743408203
86.87060546875 -2.0276730060577 353.2272644043
88.210289001465 -2.2268862724304 354.3132019043
89.606773376465 -2.4514546394348 355.32077026367
91.065101623535 -2.6784007549286 356.22973632812
60.984710693359 -4.948335647583 327.80224609375
61.878860473633 -4.0676975250244 328.82186889648
62.987972259521 -3.3200278282166 329.75170898438
64.092903137207 -2.5201864242554 330.64151000977
65.339279174805 -1.9756860733032 331.53900146484
66.565086364746 -1.2379554510117 332.31939697266
67.772216796875 -0.55925559997559 333.17639160156
68.959693908691 0.13778100907803 334.04598999023
70.165382385254 0.84689170122147 334.86938476562
71.527275085449 1.3244293928146 335.62640380859
72.803298950195 1.9819437265396 336.3923034668
74.053009033203 2.6854462623596 337.16616821289
75.284805297852 3.4048018455505 337.95425415039
76.516609191895 4.1241574287415 338.74230957031
77.799949645996 4.7904224395752 339.49017333984
79.113571166992 5.4692521095276 340.17095947266
80.408653259277 6.2272896766663 340.80627441406
81.657737731934 7.0377054214478 341.46844482422
82.754486083984 8.0028629302979 342.19058227539
84.069755554199 8.6236705780029 342.86413574219
85.540023803711 9.024863243103 343.427734375
87.001472473145 9.4893484115601 343.92456054688
88.29150390625 10.257948875427 344.55773925781
89.533325195312 11.199666976929 345.0149230957
90.785270690918 12.123424530029 345.47134399414
