54.761669158936 5.3284621238708 269.70550537109
72.056770324707 0.99553662538528 269.86285400391
74.589462280273 4.9840626716614 266.27838134766
74.703941345215 6.0398449897766 273.17617797852
55.21635055542 4.797580242157 269.74325561523
55.782417297363 4.3894019126892 269.76986694336
56.373558044434 4.0155305862427 269.79342651367
56.985511779785 3.6770308017731 269.81390380859
57.599529266357 3.34166431427 269.83410644531
58.241363525391 3.0743532180786 269.84854125977
58.912624359131 2.8760635852814 269.85708618164
59.583076477051 2.6750595569611 269.86584472656
60.256572723389 2.4850168228149 269.87371826172
60.940475463867 2.3358466625214 269.87811279297
61.628772735596 2.2084712982178 269.88076782227
62.321388244629 2.1076655387878 269.88119506836
63.014476776123 2.0095901489258 269.88143920898
63.708637237549 1.9196308851242 269.88098144531
64.403266906738 1.8331372737885 269.88024902344
65.097961425781 1.7471778392792 269.87945556641
65.793670654297 1.6705455780029 269.8779296875
66.490676879883 1.6064510345459 269.87536621094
67.185821533203 1.5242323875427 269.8742980957
67.880950927734 1.4418421983719 269.87319946289
68.577095031738 1.3685141801834 269.8713684082
69.273590087891 1.2986872196198 269.86929321289
69.97013092041 1.2292108535767 269.86715698242
70.666893005371 1.1621179580688 269.86483764648
71.362739562988 1.0867451429367 269.86318969727
55.276184082031 5.2855477333069 269.18728637695
56.032524108887 5.0959935188293 269.04840087891
56.795642852783 4.9313364028931 268.93603515625
57.582321166992 4.8691821098328 268.86514282227
58.364402770996 4.7688465118408 268.78900146484
59.152462005615 4.7032284736633 268.76181030273
59.94327545166 4.6568369865417 268.7490234375
60.732849121094 4.6111698150635 268.72094726562
61.501079559326 4.5222373008728 268.54873657227
62.283630371094 4.4796380996704 268.44232177734
63.070945739746 4.4524354934692 268.35778808594
63.84593963623 4.4727344512939 268.20071411133
64.617652893066 4.5056767463684 268.02432250977
65.389724731445 4.5374307632446 267.84967041016
66.173286437988 4.5305938720703 267.73251342773
66.956848144531 4.5237574577332 267.61535644531
67.73991394043 4.5269455909729 267.49493408203
68.522773742676 4.5341911315918 267.37319946289
69.311737060547 4.5337629318237 267.42575073242
70.019905090332 4.5314121246338 267.19552612305
70.703094482422 4.5486121177673 266.82849121094
71.47875213623 4.613374710083 266.68203735352
72.247848510742 4.6649694442749 266.49880981445
73.025680541992 4.7583832740784 266.39938354492
73.807571411133 4.8712229728699 266.33889770508
55.41654586792 5.2111759185791 270.06396484375
56.169746398926 5.0609374046326 270.24203491211
56.949783325195 4.9783873558044 270.34127807617
57.735546112061 4.9098863601685 270.39343261719
58.521682739258 4.842719078064 270.44338989258
59.305210113525 4.7726974487305 270.52282714844
60.089504241943 4.7131695747375 270.60025024414
60.876918792725 4.6959071159363 270.66955566406
61.664131164551 4.7010817527771 270.73260498047
62.450824737549 4.7647733688354 270.779296875
63.233348846436 4.7993683815002 270.86801147461
64.009979248047 4.7928848266602 271.01605224609
64.786613464355 4.7864012718201 271.16412353516
65.565338134766 4.853458404541 271.27264404297
66.343338012695 4.9330058097839 271.38305664062
67.116813659668 4.9714770317078 271.54235839844
67.890289306641 5.0099482536316 271.70166015625
68.668319702148 5.056978225708 271.83267211914
69.445106506348 5.1200351715088 271.96130371094
70.207214355469 5.2357521057129 272.13717651367
70.96932220459 5.3514685630798 272.31301879883
71.736694335938 5.4895339012146 272.42309570312
72.509582519531 5.6509838104248 272.46435546875
73.265258789062 5.743396282196 272.63854980469
74.017654418945 5.8695001602173 272.83770751953
