82.552345275879 -4.0881533622742 407.83535766602
103.78562164307 -6.6599760055542 411.36584472656
107.53425598145 -3.1803832054138 406.19653320312
105.5154876709 -1.3982266187668 415.81750488281
83.006317138672 -4.7426915168762 408.03671264648
83.807502746582 -4.9680466651917 408.19683837891
84.626068115234 -5.1306028366089 408.34625244141
85.446411132812 -5.2851285934448 408.49423217773
86.270950317383 -5.4195704460144 408.63861083984
87.095863342285 -5.5521340370178 408.78262329102
87.920379638672 -5.6864995956421 408.92691040039
88.749801635742 -5.7934265136719 409.06622314453
89.576789855957 -5.9147024154663 409.20812988281
90.407150268555 -6.0156412124634 409.34634399414
91.236373901367 -6.1239824295044 409.48580932617
92.066711425781 -6.2250552177429 409.62393188477
92.899925231934 -6.3057661056519 409.75823974609
93.732391357422 -6.392147064209 409.89364624023
94.565864562988 -6.4707708358765 410.02755737305
95.400375366211 -6.5407538414001 410.15975952148
96.236381530762 -6.5965843200684 410.28927612305
97.072486877441 -6.6514382362366 410.41851806641
97.910026550293 -6.6894969940186 410.54449462891
98.748641967773 -6.7110109329224 410.66714477539
99.588073730469 -6.714524269104 410.78607177734
100.4271774292 -6.7263169288635 410.90676879883
101.26616668701 -6.7404794692993 411.02789306641
102.1060256958 -6.7112803459167 411.14007568359
102.94580078125 -6.6744427680969 411.25057983398
83.501182556152 -3.985787153244 407.67138671875
84.467529296875 -3.9842953681946 407.60906982422
85.434288024902 -4.028546333313 407.57583618164
86.401222229004 -3.9873149394989 407.60864257812
87.365631103516 -3.9187290668488 407.66278076172
88.331207275391 -3.8893594741821 407.73016357422
89.296806335449 -3.8687098026276 407.80041503906
90.262405395508 -3.8480575084686 407.87054443359
91.229766845703 -3.8268857002258 407.90924072266
92.197395324707 -3.805596113205 407.94055175781
93.165023803711 -3.7841856479645 407.97161865234
94.131118774414 -3.7287878990173 407.93518066406
95.096954345703 -3.6714677810669 407.89492797852
96.062194824219 -3.6122713088989 407.84460449219
97.023933410645 -3.5454542636871 407.75329589844
97.985664367676 -3.4786267280579 407.66198730469
98.945083618164 -3.4044291973114 407.55352783203
99.903503417969 -3.3274056911469 407.43850708008
100.86186981201 -3.2522573471069 407.32177734375
101.82022094727 -3.1777012348175 407.20452880859
102.77670288086 -3.1594927310944 407.0544128418
103.73445892334 -3.1741309165955 406.91217041016
104.69285583496 -3.2101981639862 406.7783203125
105.64664459229 -3.2416474819183 406.61389160156
106.60070037842 -3.2337601184845 406.44821166992
83.409400939941 -3.9034886360168 408.18969726562
84.302551269531 -3.8093476295471 408.48593139648
85.207710266113 -3.7238314151764 408.74603271484
86.123069763184 -3.7055351734161 408.98275756836
87.048179626465 -3.6215970516205 409.16015625
87.971565246582 -3.5586838722229 409.35440063477
88.891944885254 -3.5198669433594 409.56829833984
89.812286376953 -3.485466003418 409.78308105469
90.732482910156 -3.4587037563324 409.99957275391
91.6484375 -3.4126691818237 410.23034667969
92.557456970215 -3.3398399353027 410.48080444336
93.45979309082 -3.2489058971405 410.74890136719
94.356437683105 -3.1458973884583 411.03131103516
95.244277954102 -3.038242816925 411.33871459961
96.129348754883 -2.9177453517914 411.64932250977
97.00756072998 -2.7683842182159 411.966796875
97.885284423828 -2.621265411377 412.28665161133
98.761848449707 -2.4792187213898 412.61193847656
99.630043029785 -2.3345973491669 412.95788574219
100.48013305664 -2.1904230117798 413.34634399414
101.30955505371 -2.0480582714081 413.77777099609
102.1605682373 -1.9063988924026 414.16516113281
103.02015686035 -1.7895361185074 414.5417175293
103.88483428955 -1.6972060203552 414.91342163086
104.7258605957 -1.5776335000992 415.32901000977
