60.421535491943 -1.6774376630783 276.61373901367
70.974296569824 -7.2537517547607 276.61679077148
72.424705505371 -4.6816139221191 274.56970214844
71.56226348877 -4.6777105331421 278.45309448242
60.629360198975 -2.1037950515747 276.63311767578
60.90115737915 -2.4927983283997 276.6481628418
61.209800720215 -2.8533866405487 276.66027832031
61.540786743164 -3.193648815155 276.67050170898
61.888565063477 -3.5167844295502 276.67907714844
62.251518249512 -3.822806596756 276.68618774414
62.628372192383 -4.1115832328796 276.69174194336
63.014419555664 -4.3879265785217 276.69625854492
63.41817855835 -4.6377120018005 276.69860839844
63.837841033936 -4.8597931861877 276.69869995117
64.266540527344 -5.0638513565063 276.69750976562
64.706901550293 -5.2413697242737 276.69430541992
65.151908874512 -5.4067726135254 276.6901550293
65.606880187988 -5.5424122810364 276.68389892578
66.066528320312 -5.6608948707581 276.67642211914
66.535850524902 -5.7320466041565 276.66577148438
67.0029296875 -5.8167719841003 276.6559753418
67.470703125 -5.8975605964661 276.64596557617
67.934120178223 -6.0004839897156 276.63745117188
68.383476257324 -6.1537170410156 276.63244628906
68.819976806641 -6.3404932022095 276.62991333008
69.269348144531 -6.4937014579773 276.62490844727
69.708518981934 -6.6741304397583 276.62185668945
70.158569335938 -6.823751449585 276.61660766602
70.517517089844 -7.1344628334045 276.62405395508
60.6823387146 -1.7470915317535 276.19799804688
61.095642089844 -1.9766663312912 276.04180908203
61.528175354004 -2.2069308757782 275.97113037109
61.972938537598 -2.4284453392029 275.94226074219
62.409954071045 -2.6650066375732 275.93276977539
62.848899841309 -2.8980350494385 275.93103027344
63.306732177734 -3.0933389663696 275.92074584961
63.765995025635 -3.2853214740753 275.90896606445
64.2421875 -3.4246554374695 275.89273071289
64.723899841309 -3.5471012592316 275.86819458008
65.203704833984 -3.6701815128326 275.84024047852
65.694732666016 -3.7213816642761 275.80166625977
66.154304504395 -3.8685615062714 275.71643066406
66.633460998535 -3.9751152992249 275.70571899414
67.125907897949 -4.047890663147 275.70895385742
67.613784790039 -4.1411023139954 275.68124389648
68.086753845215 -4.2302589416504 275.56509399414
68.572624206543 -4.2759418487549 275.46810913086
69.051681518555 -4.3352789878845 275.34698486328
69.529312133789 -4.3970775604248 275.22064208984
70.008224487305 -4.4548239707947 275.09725952148
70.495208740234 -4.4879946708679 275.00067138672
70.985855102539 -4.511513710022 274.91983032227
71.472610473633 -4.5458588600159 274.82781982422
71.947830200195 -4.6106948852539 274.69412231445
60.715759277344 -1.7395135164261 276.96026611328
61.151031494141 -1.8595314025879 277.08715820312
61.557579040527 -2.0782070159912 277.16098022461
61.956802368164 -2.326532125473 277.18316650391
62.375015258789 -2.5332818031311 277.20272827148
62.811168670654 -2.7039523124695 277.24572753906
63.246070861816 -2.8814387321472 277.23086547852
63.662620544434 -3.0985176563263 277.20916748047
64.07544708252 -3.119579076767 277.26232910156
64.510803222656 -3.165363073349 277.21038818359
64.950813293457 -3.3077251911163 277.29501342773
65.387420654297 -3.4747221469879 277.35205078125
65.822509765625 -3.6414136886597 277.41793823242
66.256393432617 -3.7941703796387 277.51556396484
66.694374084473 -3.9563050270081 277.57577514648
67.132919311523 -4.0993881225586 277.65893554688
67.570205688477 -4.2080898284912 277.79580688477
68.021308898926 -4.2791838645935 277.89831542969
68.478103637695 -4.3518028259277 277.97512817383
68.927093505859 -4.4615559577942 278.06304931641
69.382629394531 -4.5309925079346 278.15969848633
69.825843811035 -4.6151766777039 278.29476928711
70.272384643555 -4.6521415710449 278.42874145508
70.727973937988 -4.6699252128601 278.53210449219
71.18482208252 -4.7504196166992 278.60879516602
