110.99213409424 -20.7453956604 412.60845947266
106.18330383301 -3.223429441452 411.55838012695
113.87836456299 3.1994845867157 408.6803894043
105.51538848877 -1.2797182798386 402.31329345703
110.50946044922 -20.507614135742 413.10067749023
110.08630371094 -20.001403808594 413.41522216797
109.73583221436 -19.385940551758 413.59866333008
109.44081115723 -18.723224639893 413.69619750977
109.17240905762 -18.044872283936 413.75531005859
108.93535614014 -17.352495193481 413.77090454102
108.70757293701 -16.656856536865 413.77395629883
108.49421691895 -15.95684337616 413.75778198242
108.29531097412 -15.253264427185 413.72262573242
108.10552215576 -14.5478515625 413.67572021484
107.92067718506 -13.841593742371 413.62252807617
107.75342559814 -13.132967948914 413.54699707031
107.59185791016 -12.42381477356 413.46444702148
107.44107055664 -11.713970184326 413.3684387207
107.28966522217 -11.004153251648 413.27328491211
107.15291595459 -10.29399394989 413.16015625
107.01992034912 -9.5838594436646 413.04251098633
106.90370178223 -8.8743915557861 412.90475463867
106.79668426514 -8.165678024292 412.75610351562
106.68550872803 -7.4565896987915 412.61236572266
106.5873260498 -6.7488346099854 412.4533996582
106.50580596924 -6.0435571670532 412.27517700195
106.42770385742 -5.3388867378235 412.09307861328
106.33809661865 -4.6322979927063 411.92416381836
106.26895141602 -3.9293923377991 411.73187255859
110.81692504883 -19.836820602417 412.85906982422
110.55790710449 -18.956632614136 413.11755371094
110.60657501221 -18.017362594604 412.93139648438
110.66065216064 -17.080448150635 412.73538208008
110.68726348877 -16.133508682251 412.58782958984
110.68701934814 -15.195069313049 412.39138793945
110.68942260742 -14.256217002869 412.1969909668
110.70507049561 -13.313647270203 412.02215576172
110.7300567627 -12.37313079834 411.83779907227
110.81003570557 -11.448169708252 411.59841918945
110.89018249512 -10.523184776306 411.35922241211
111.00364685059 -9.5952739715576 411.14624023438
111.12158966064 -8.6670999526978 410.93685913086
111.27784729004 -7.7510647773743 410.70080566406
111.43980407715 -6.8370413780212 410.46084594727
111.63642883301 -5.9161438941956 410.28057861328
111.86151123047 -4.9931659698486 410.15145874023
112.05519866943 -4.0917143821716 409.88903808594
112.31143951416 -3.2019746303558 409.64041137695
112.5866394043 -2.284672498703 409.59869384766
112.83065032959 -1.3823155164719 409.38616943359
113.09276580811 -0.46068969368935 409.35217285156
113.35178375244 0.46154409646988 409.31182861328
113.56736755371 1.3871742486954 409.18536376953
113.77806854248 2.3070709705353 409.01611328125
110.50575256348 -20.001611709595 412.5500793457
110.00631713867 -19.270652770996 412.59774780273
109.70024108887 -18.467655181885 412.3681640625
109.52743530273 -17.673732757568 412.00219726562
109.36891174316 -16.86688041687 411.65911865234
109.17359924316 -16.048084259033 411.36654663086
108.99054718018 -15.22859287262 411.06845092773
108.85577392578 -14.41206073761 410.73791503906
108.7134552002 -13.602248191833 410.3942565918
108.5548248291 -12.797766685486 410.04522705078
108.39543151855 -11.994766235352 409.69345092773
108.22105407715 -11.220848083496 409.28750610352
108.0417175293 -10.458837509155 408.86169433594
107.86596679688 -9.7096099853516 408.41232299805
107.69038391113 -8.9624805450439 407.95950317383
107.510887146 -8.2439527511597 407.4638671875
107.33129119873 -7.5261483192444 406.96719360352
107.15296173096 -6.8084464073181 406.4700012207
107.03103637695 -6.0958590507507 405.94903564453
106.83766937256 -5.4084901809692 405.41583251953
106.63358306885 -4.7169342041016 404.89215087891
106.41168212891 -4.012900352478 404.39288330078
106.19010162354 -3.3180813789368 403.88073730469
105.96207427979 -2.6429681777954 403.34558105469
105.63558959961 -1.957423210144 402.87911987305
