66.53483581543 2.2713429927826 270.58865356445
82.687866210938 0.030351040884852 272.25772094727
85.567848205566 3.1868793964386 269.35641479492
84.947616577148 3.0264928340912 275.47485351562
66.93433380127 1.7660267353058 270.63998413086
67.421165466309 1.3717310428619 270.69757080078
68.00316619873 1.0984029769897 270.7619934082
68.616508483887 0.90757012367249 270.82769775391
69.239028930664 0.75268858671188 270.89352416992
69.87427520752 0.65423280000687 270.95944213867
70.506591796875 0.53887534141541 271.02536010742
71.138977050781 0.42412859201431 271.09130859375
71.775367736816 0.33328223228455 271.15713500977
72.412872314453 0.25084966421127 271.22286987305
73.051445007324 0.17824494838715 271.28848266602
73.694122314453 0.15986819565296 271.35333251953
74.336570739746 0.13571372628212 271.41827392578
74.978775024414 0.1052924990654 271.48333740234
75.62166595459 0.10951063036919 271.54766845703
76.264190673828 0.1017028093338 271.61224365234
76.905769348145 0.060585461556911 271.67749023438
77.54817199707 0.036437809467316 271.74240112305
78.190864562988 0.01839810051024 271.80725097656
78.833602905273 0.0021277377381921 271.87203979492
79.476493835449 -0.0034451279789209 271.93658447266
80.119476318359 -0.0023796225432307 272.0009765625
80.76245880127 0.0018178917234764 272.06533813477
81.402557373047 0.020594373345375 272.12908935547
82.044929504395 0.021119251847267 272.19348144531
67.154861450195 1.9960882663727 270.2922668457
67.884925842285 1.898002743721 270.19375610352
68.623359680176 1.8452501296997 270.1279296875
69.365180969238 1.8129771947861 270.09579467773
70.108093261719 1.7923525571823 270.10733032227
70.850860595703 1.7668788433075 270.11837768555
71.593338012695 1.7337255477905 270.12783813477
72.335609436035 1.6975426673889 270.11907958984
73.078475952148 1.7050762176514 270.14300537109
73.821395874023 1.7165957689285 270.16333007812
74.56428527832 1.7330869436264 270.17999267578
75.30598449707 1.7812408208847 270.18649291992
76.047584533691 1.8306955099106 270.19189453125
76.787185668945 1.9031293392181 270.17687988281
77.526145935059 1.9796237945557 270.15399169922
78.261268615723 2.0736231803894 270.09710693359
78.996398925781 2.1675879955292 270.0403137207
79.73193359375 2.2606103420258 269.9873046875
80.467414855957 2.3538122177124 269.93389892578
81.198745727539 2.4591348171234 269.85305786133
81.929908752441 2.5627689361572 269.76858520508
82.661949157715 2.6621353626251 269.68667602539
83.393203735352 2.7653543949127 269.60244750977
84.12272644043 2.8766026496887 269.51361083984
84.847396850586 3.0205726623535 269.4323425293
67.129470825195 2.0815005302429 270.98669433594
67.821762084961 2.0149955749512 271.24035644531
68.528381347656 1.9666239023209 271.4557800293
69.244934082031 1.9299114942551 271.63815307617
69.965019226074 1.8939125537872 271.80618286133
70.691078186035 1.8683993816376 271.94845581055
71.423133850098 1.8624948263168 272.05853271484
72.15599822998 1.8618397712708 272.16323852539
72.888374328613 1.8627758026123 272.27133178711
73.616645812988 1.8669854402542 272.40423583984
74.344696044922 1.8792856931686 272.5378112793
75.072227478027 1.9047838449478 272.67239379883
75.796455383301 1.9487481117249 272.81942749023
76.518676757812 2.0055477619171 272.97183227539
77.235343933105 2.0988259315491 273.13226318359
77.948883056641 2.1884860992432 273.30801391602
78.657241821289 2.2727909088135 273.50595092773
79.369697570801 2.375919342041 273.67864990234
80.082366943359 2.4802911281586 273.84970092773
80.800064086914 2.5679864883423 274.00872802734
81.51953125 2.6492512226105 274.16302490234
82.229751586914 2.7363317012787 274.35293579102
82.928337097168 2.8191583156586 274.58352661133
83.623870849609 2.8952474594116 274.82540893555
84.292190551758 2.9627063274384 275.13662719727
