57.410938262939 -5.016318321228 263.33178710938
62.612277984619 3.9016494750977 266.20059204102
66.22590637207 2.9028272628784 270.32580566406
66.904258728027 4.1936273574829 263.96405029297
57.13166809082 -4.6786313056946 263.35882568359
57.008003234863 -4.2624244689941 263.42990112305
56.967559814453 -3.8333785533905 263.51806640625
57.017028808594 -3.4082477092743 263.6208190918
57.118476867676 -2.9941213130951 263.73007202148
57.265327453613 -2.5950374603271 263.84368896484
57.44873046875 -2.2121121883392 263.96002197266
57.648288726807 -1.8376396894455 264.07730102539
57.863346099854 -1.4720503091812 264.19519042969
58.085983276367 -1.11112844944 264.31338500977
58.324928283691 -0.76091909408569 264.43197631836
58.571239471436 -0.4158935546875 264.55072021484
58.820922851562 -0.07332020252943 264.66946411133
59.087677001953 0.25614193081856 264.78823852539
59.354835510254 0.58527058362961 264.90701293945
59.631645202637 0.9063812494278 265.02563476562
59.92032623291 1.2169632911682 265.14398193359
60.20825958252 1.5282596349716 265.26232910156
60.508556365967 1.8278163671494 265.38018798828
60.814056396484 2.1221604347229 265.49783325195
61.097599029541 2.4373888969421 265.61633300781
61.377071380615 2.7562012672424 265.73492431641
61.669975280762 3.0628640651703 265.85311889648
61.979400634766 3.3531668186188 265.97052001953
62.249073028564 3.6802382469177 266.08923339844
57.273597717285 -4.6340446472168 263.66116333008
57.370769500732 -4.1512594223022 263.87808227539
57.578636169434 -3.693000793457 264.08972167969
57.865364074707 -3.3161153793335 264.36791992188
58.184253692627 -2.9601287841797 264.63522338867
58.539276123047 -2.627623796463 264.89025878906
58.894207000732 -2.295051574707 265.14532470703
59.18208694458 -1.9145134687424 265.41729736328
59.483116149902 -1.5465301275253 265.68804931641
59.876148223877 -1.2663984298706 265.95016479492
60.269180297852 -0.98626667261124 266.21228027344
60.657592773438 -0.6947568655014 266.4684753418
61.041748046875 -0.39274749159813 266.71920776367
61.436252593994 -0.10426876693964 266.96893310547
61.846279144287 0.16392447054386 267.21713256836
62.258609771729 0.42680251598358 267.4670715332
62.674915313721 0.68050479888916 267.7200012207
63.091217041016 0.93420708179474 267.97296142578
63.499580383301 1.1805193424225 268.24514770508
63.905109405518 1.4237697124481 268.52438354492
64.302619934082 1.6541584730148 268.82531738281
64.700126647949 1.8845472335815 269.1262512207
65.074935913086 2.1316514015198 269.44250488281
65.461311340332 2.376650094986 269.74447631836
65.868087768555 2.629075050354 270.01168823242
57.399757385254 -4.5219759941101 263.17556762695
57.401485443115 -4.0027570724487 263.25082397461
57.684070587158 -3.5669136047363 263.29278564453
58.016551971436 -3.1575689315796 263.33377075195
58.359359741211 -2.7568352222443 263.3782043457
58.705055236816 -2.3577466011047 263.4128112793
59.053619384766 -1.9602965116501 263.43765258789
59.422744750977 -1.5853117704391 263.47821044922
59.8193359375 -1.2403396368027 263.5397644043
60.191493988037 -0.86867392063141 263.58306884766
60.540298461914 -0.47149896621704 263.60894775391
60.914638519287 -0.10032068192959 263.63708496094
61.315448760986 0.24391727149487 263.66763305664
61.719123840332 0.58460557460785 263.6999206543
62.124973297119 0.92259985208511 263.73348999023
62.535709381104 1.2539511919022 263.77194213867
62.952152252197 1.5775368213654 263.81604003906
63.372947692871 1.8957948684692 263.85629272461
63.80122756958 2.2048735618591 263.88986206055
64.241752624512 2.4969539642334 263.91015625
64.688652038574 2.7800447940826 263.92385864258
65.152854919434 3.034154176712 263.92913818359
65.590942382812 3.3256251811981 263.93435668945
65.989158630371 3.6741631031036 263.939453125
66.430564880371 3.958060503006 263.94976806641
