90.358848571777 9.2371616363525 415.21429443359
99.015899658203 -7.6157169342041 417.54220581055
104.05785369873 -5.0576033592224 411.71801757812
103.66484832764 -3.1551506519318 421.6181640625
89.770484924316 8.6474866867065 415.36596679688
89.254730224609 8.0108270645142 415.51538085938
88.964317321777 7.2283706665039 415.65789794922
88.673896789551 6.4459147453308 415.80041503906
88.598419189453 5.6268281936646 415.95498657227
88.596893310547 4.7951378822327 416.11364746094
88.735847473145 3.9788119792938 416.26251220703
88.93807220459 3.1694056987762 416.4069519043
89.140296936035 2.3599996566772 416.55136108398
89.46736907959 1.5899195671082 416.66394042969
89.82349395752 0.82899284362793 416.76907348633
90.20386505127 0.08078383654356 416.8701171875
90.653297424316 -0.63118600845337 416.95959472656
91.146629333496 -1.3112398386002 417.04125976562
91.70378112793 -1.9449008703232 417.1116027832
92.260925292969 -2.5785617828369 417.18197631836
92.868728637695 -3.1602351665497 417.25491333008
93.513114929199 -3.704354763031 417.32971191406
94.157493591309 -4.2484741210938 417.40451049805
94.824127197266 -4.766610622406 417.45147705078
95.513061523438 -5.257993221283 417.47833251953
96.205375671387 -5.7441039085388 417.5114440918
96.899284362793 -6.228982925415 417.51568603516
97.589782714844 -6.7160820960999 417.55056762695
98.317390441895 -7.148416519165 417.54431152344
90.175987243652 8.4341526031494 415.07873535156
90.095031738281 7.6176066398621 415.23767089844
90.145935058594 6.7886695861816 415.32675170898
90.327896118164 5.9757876396179 415.25869750977
90.630432128906 5.2020964622498 415.16705322266
91.043663024902 4.4788250923157 415.09796142578
91.541648864746 3.8085706233978 415.05676269531
92.084663391113 3.1754457950592 414.99899291992
92.640548706055 2.5540051460266 414.93719482422
93.223258972168 1.9586877822876 414.86669921875
93.850532531738 1.4139714241028 414.77276611328
94.500297546387 0.89991003274918 414.66091918945
95.173072814941 0.42736804485321 414.50900268555
95.863433837891 -0.0091565195471048 414.33038330078
96.562561035156 -0.42442199587822 414.1360168457
97.237159729004 -0.86632978916168 413.91534423828
97.914192199707 -1.3012179136276 413.68829345703
98.60408782959 -1.7137932777405 413.45834350586
99.305328369141 -2.0977976322174 413.21371459961
99.99951171875 -2.4957706928253 412.97128295898
100.67585754395 -2.9300282001495 412.74099731445
101.34953308105 -3.3846883773804 412.54486083984
102.01141357422 -3.882066488266 412.42828369141
102.67329406738 -4.3794441223145 412.31173706055
103.36943054199 -4.7988615036011 412.11544799805
90.219108581543 8.5594062805176 415.62182617188
90.06657409668 7.8110537528992 415.87109375
90.04434967041 7.0638976097107 416.16445922852
90.215919494629 6.3410272598267 416.47006225586
90.519096374512 5.6459636688232 416.73474121094
90.980079650879 5.0178790092468 416.93182373047
91.450874328613 4.3992290496826 417.13543701172
91.94068145752 3.7999351024628 417.35171508789
92.481201171875 3.2363331317902 417.54156494141
93.072166442871 2.7175552845001 417.70727539062
93.674606323242 2.2351515293121 417.93124389648
94.315956115723 1.7908821105957 418.12380981445
95.005012512207 1.4041063785553 418.26986694336
95.682609558105 1.0225234031677 418.47241210938
96.357421875 0.65139472484589 418.70199584961
97.037910461426 0.3456457555294 419.0002746582
97.713554382324 0.028550002723932 419.29827880859
98.38208770752 -0.30673125386238 419.59231567383
99.050178527832 -0.63021677732468 419.90029907227
99.725288391113 -0.93606144189835 420.2109375
100.38988494873 -1.2526452541351 420.53329467773
101.03663635254 -1.595388174057 420.8649597168
101.66291809082 -1.9894871711731 421.17803955078
102.26428222656 -2.4218354225159 421.48968505859
102.91275787354 -2.8850224018097 421.55490112305
