59.720657348633 -2.0457439422607 270.72210693359
68.084777832031 5.8238744735718 270.27435302734
71.22452545166 5.1414375305176 273.79177856445
71.50895690918 4.3825144767761 267.47213745117
59.656192779541 -1.5939592123032 270.68081665039
59.736186981201 -1.1463097333908 270.64398193359
59.916862487793 -0.72835439443588 270.61267089844
60.157211303711 -0.34015646576881 270.58560180664
60.438999176025 0.019628275185823 270.56228637695
60.752323150635 0.35275557637215 270.54217529297
61.08402633667 0.66826677322388 270.5241394043
61.425308227539 0.97350013256073 270.50723266602
61.773262023926 1.2712118625641 270.49118041992
62.125392913818 1.5639939308167 270.47570800781
62.481773376465 1.8516374826431 270.46081542969
62.841060638428 2.1356444358826 270.4462890625
63.207080841064 2.4109814167023 270.43270874023
63.58130645752 2.6751267910004 270.42031860352
63.961444854736 2.9307231903076 270.40893554688
64.342483520508 3.1849958896637 270.39764404297
64.722229003906 3.4411787986755 270.38610839844
65.100578308105 3.6994090080261 270.37438964844
65.478393554688 3.9584164619446 270.3625793457
65.853897094727 4.2207283973694 270.35043334961
66.224258422852 4.4901757240295 270.33752441406
66.589508056641 4.7665257453918 270.32388305664
66.953559875488 5.0444512367249 270.31002807617
67.322341918945 5.3159885406494 270.29690551758
67.700950622559 5.5738120079041 270.28518676758
59.895652770996 -1.6002269983292 270.97085571289
60.20486831665 -1.16126537323 271.03121948242
60.629154205322 -0.83888024091721 271.13421630859
61.062774658203 -0.52238327264786 271.2126159668
61.527839660645 -0.25085178017616 271.28036499023
61.991188049316 0.023809790611267 271.34732055664
62.45369720459 0.30003181099892 271.41363525391
62.914749145508 0.57866513729095 271.47988891602
63.376365661621 0.85242754220963 271.56091308594
63.841228485107 1.1171057224274 271.65280151367
64.307876586914 1.3738013505936 271.75744628906
64.768196105957 1.635250210762 271.8772277832
65.233383178711 1.8890218734741 271.99472045898
65.689682006836 2.1556251049042 272.11846923828
66.137176513672 2.4303052425385 272.25595092773
66.584770202637 2.6991062164307 272.40426635742
67.043983459473 2.9470624923706 272.5534362793
67.503646850586 3.1975340843201 272.69686889648
67.964141845703 3.4551217556 272.82412719727
68.420028686523 3.7175426483154 272.95797729492
68.879806518555 3.9706335067749 273.0964050293
69.343132019043 4.2151436805725 273.23834228516
69.796104431152 4.4791355133057 273.37878417969
70.263519287109 4.7177762985229 273.51727294922
70.742172241211 4.9336705207825 273.65475463867
59.930541992188 -1.6433469057083 270.43420410156
60.274894714355 -1.2536083459854 270.30010986328
60.742179870605 -1.0155800580978 270.17819213867
61.199726104736 -0.74518060684204 270.09231567383
61.679882049561 -0.50530272722244 270.05004882812
62.136039733887 -0.22537437081337 269.99096679688
62.608821868896 0.027957333251834 269.94366455078
63.077251434326 0.28200113773346 269.8662109375
63.549068450928 0.52680778503418 269.78009033203
64.028701782227 0.75815534591675 269.70013427734
64.506286621094 0.99365824460983 269.62036132812
64.969177246094 1.2384045124054 269.49468994141
65.431930541992 1.4830527305603 269.36831665039
65.89697265625 1.7157299518585 269.22842407227
66.365104675293 1.9440462589264 269.09170532227
66.833755493164 2.1724891662598 268.95700073242
67.298645019531 2.4010369777679 268.81002807617
67.770011901855 2.6298170089722 268.68579101562
68.236778259277 2.8613221645355 268.54977416992
68.697746276855 3.094126701355 268.3971862793
69.15943145752 3.3235478401184 268.24169921875
69.626838684082 3.5482122898102 268.09671020508
70.090911865234 3.7847690582275 267.96020507812
70.555801391602 3.9950313568115 267.7880859375
71.040679931641 4.17302942276 267.63583374023
