66.84188079834 4.927387714386 271.2453918457
77.320671081543 -4.356870174408 271.41882324219
83.341972351074 -3.6255643367767 267.17486572266
81.890251159668 -2.429803609848 274.83782958984
66.83952331543 4.3722667694092 271.29293823242
66.970703125 3.8323605060577 271.33123779297
67.230712890625 3.3402442932129 271.35797119141
67.5322265625 2.8721754550934 271.38006591797
67.87239074707 2.4311697483063 271.39761352539
68.235374450684 2.0086224079132 271.41232299805
68.61058807373 1.5968499183655 271.42526245117
69.008140563965 1.206503033638 271.43508911133
69.417915344238 0.82896357774734 271.4430847168
69.835594177246 0.46016183495522 271.44995117188
70.264533996582 0.10449755191803 271.45495605469
70.705192565918 -0.23657771945 271.4580078125
71.154670715332 -0.56594944000244 271.45956420898
71.60717010498 -0.8911514878273 271.46063232422
72.071746826172 -1.19886302948 271.45941162109
72.542755126953 -1.4966080188751 271.45700073242
73.030326843262 -1.7663445472717 271.45120239258
73.506324768066 -2.0560526847839 271.44778442383
73.98722076416 -2.3375551700592 271.44342041016
74.467735290527 -2.6196937561035 271.43911743164
74.944496154785 -2.9081501960754 271.43557739258
75.422592163086 -3.1943690776825 271.43176269531
75.893028259277 -3.4930353164673 271.42944335938
76.352424621582 -3.8084275722504 271.42919921875
76.850563049316 -4.0576863288879 271.42105102539
67.408309936523 4.5113925933838 271.02319335938
67.991600036621 4.0671548843384 270.94323730469
68.612724304199 3.6801064014435 270.85113525391
69.223091125488 3.2897226810455 270.71307373047
69.796989440918 2.8466930389404 270.57699584961
70.355255126953 2.3836388587952 270.44348144531
70.964683532715 1.9795697927475 270.34606933594
71.585174560547 1.5937212705612 270.24520874023
72.232009887695 1.2579270601273 270.13119506836
72.86710357666 0.90455913543701 270.00482177734
73.500717163086 0.54964166879654 269.87554931641
74.145065307617 0.22509860992432 269.72186279297
74.804649353027 -0.064566008746624 269.5632019043
75.480003356934 -0.31084686517715 269.39822387695
76.112983703613 -0.63558226823807 269.203125
76.754730224609 -0.95045328140259 269.02102661133
77.414680480957 -1.241924405098 268.86712646484
78.068946838379 -1.553203701973 268.728515625
78.719886779785 -1.8747843503952 268.59799194336
79.368789672852 -2.2000131607056 268.46633911133
80.021690368652 -2.5095694065094 268.31814575195
80.687294006348 -2.7414367198944 268.10046386719
81.351829528809 -2.9581980705261 267.86471557617
82.013061523438 -3.1667726039886 267.61282348633
82.669532775879 -3.379353761673 267.35202026367
67.303550720215 4.5372934341431 271.52191162109
67.825134277344 4.1399717330933 271.63269042969
68.382446289062 3.7901546955109 271.72900390625
68.935958862305 3.429122209549 271.80322265625
69.494636535645 3.0870518684387 271.91772460938
70.03589630127 2.7187316417694 272.03448486328
70.565406799316 2.3347971439362 272.15478515625
71.087059020996 1.9439784288406 272.28662109375
71.637115478516 1.5916239023209 272.41091918945
72.225028991699 1.3015767335892 272.52267456055
72.824211120605 1.0374512672424 272.63879394531
73.425857543945 0.77924156188965 272.75546264648
74.024940490723 0.51438528299332 272.87042236328
74.632019042969 0.27104526758194 272.99078369141
75.251304626465 0.066040262579918 273.12014770508
75.870292663574 -0.13949328660965 273.24981689453
76.450988769531 -0.41527417302132 273.42010498047
77.035339355469 -0.67870336771011 273.59729003906
77.630706787109 -0.91446030139923 273.77679443359
78.23413848877 -1.1507868766785 273.92608642578
78.841163635254 -1.3855838775635 274.06268310547
79.44654083252 -1.6126012802124 274.21841430664
80.040054321289 -1.8805607557297 274.35333251953
80.647003173828 -2.1164472103119 274.48828125
81.271492004395 -2.2876615524292 274.63986206055
