43.930320739746 8.0331783294678 330.72015380859
12.859234809875 -10.245699882507 326.48123168945
7.8037366867065 -3.8877868652344 336.54251098633
7.6244683265686 0.24019075930119 321.08380126953
43.81177520752 6.6133289337158 330.41928100586
43.232688903809 5.3071594238281 330.13674926758
42.361328125 4.1669845581055 329.88552856445
41.389781951904 3.107225894928 329.6501159668
40.340389251709 2.1211349964142 329.42913818359
39.223045349121 1.2092405557632 329.22305297852
38.087585449219 0.31902256608009 329.02127075195
36.916217803955 -0.52549576759338 328.82873535156
35.699924468994 -1.307009935379 328.64883422852
34.477878570557 -2.0799021720886 328.47073364258
33.233711242676 -2.8183300495148 328.29965209961
31.970155715942 -3.5245749950409 328.13510131836
30.670625686646 -4.1655445098877 327.98382568359
29.362308502197 -4.7892355918884 327.83615112305
28.046274185181 -5.3972358703613 327.69165039062
26.726757049561 -5.9979863166809 327.54858398438
25.38857460022 -6.5580124855042 327.41400146484
24.02734375 -7.0623588562012 327.29077148438
22.668384552002 -7.5725011825562 327.16638183594
21.28450012207 -8.014310836792 327.05609130859
19.890975952148 -8.4263114929199 326.95196533203
18.499519348145 -8.8448944091797 326.84643554688
17.109785079956 -9.2688865661621 326.73983764648
15.700039863586 -9.6246280670166 326.64736938477
14.288502693176 -9.973575592041 326.55630493164
42.948810577393 7.0528540611267 331.36599731445
42.033939361572 5.7905058860779 331.3512878418
40.739410400391 4.9082431793213 331.43109130859
39.407550811768 4.091986656189 331.57406616211
37.908084869385 3.655403137207 331.64361572266
36.578460693359 2.8585612773895 331.76889038086
35.080574035645 2.7194867134094 331.75085449219
33.787200927734 1.9716336727142 331.84613037109
32.269477844238 1.730339884758 331.83813476562
30.772138595581 1.3254172801971 331.7702331543
29.469388961792 0.52247887849808 331.92037963867
27.961444854736 0.43565061688423 331.94284057617
26.745578765869 -0.43562296032906 332.11801147461
25.21298789978 -0.42552334070206 332.08804321289
23.838104248047 -1.0529425144196 332.22665405273
22.286151885986 -1.0972154140472 332.3424987793
20.847570419312 -1.6250674724579 332.60034179688
19.399898529053 -2.0034744739532 332.8918762207
17.928955078125 -2.1802625656128 333.29232788086
16.462951660156 -2.3620471954346 333.59045410156
14.977070808411 -2.5771059989929 333.77923583984
13.548587799072 -2.8649580478668 334.32504272461
12.058853149414 -2.97234582901 334.79025268555
10.617815971375 -3.2187128067017 335.35791015625
9.1600790023804 -3.4689075946808 335.87509155273
43.027015686035 7.3147616386414 329.68862915039
42.109935760498 6.1892275810242 329.11605834961
40.875690460205 5.3870649337769 328.58874511719
39.466499328613 4.8440251350403 328.1907043457
37.990173339844 4.435341835022 327.88342285156
36.495277404785 4.0896239280701 327.58334350586
34.972484588623 3.8051173686981 327.37704467773
33.606731414795 3.1261768341064 327.06161499023
32.191158294678 2.7048921585083 326.70758056641
30.839088439941 2.3427817821503 326.52908325195
29.655838012695 1.7758076190948 326.13684082031
28.217561721802 1.6702193021774 326.07061767578
26.876802444458 1.1322531700134 325.70993041992
25.345294952393 1.0019081830978 325.62014770508
23.880441665649 0.58997720479965 325.37210083008
22.330423355103 0.54502755403519 325.23770141602
20.87020111084 0.20088140666485 324.837890625
19.457960128784 -0.038477178663015 324.42547607422
17.986125946045 0.098389632999897 324.19659423828
16.590045928955 -0.0024545444175601 323.64212036133
15.045450210571 -0.03432884439826 323.49401855469
13.536787986755 -0.033953566104174 323.08584594727
12.04089641571 0.020194832235575 322.63681030273
10.565031051636 0.045964885503054 322.12145996094
9.0788307189941 0.09657759219408 321.63973999023
