70.907135009766 -3.2472636699677 269.98782348633
79.507339477539 4.0679588317871 272.86117553711
79.676170349121 2.9415211677551 277.91467285156
83.184234619141 0.43030288815498 271.61190795898
70.826545715332 -2.8087289333344 269.80395507812
70.891242980957 -2.3421471118927 269.6982421875
71.043472290039 -1.8866531848907 269.64819335938
71.267875671387 -1.4589091539383 269.64987182617
71.535888671875 -1.0586231946945 269.68609619141
71.829780578613 -0.67967003583908 269.74435424805
72.14559173584 -0.32257947325706 269.82250976562
72.483489990234 0.0080757150426507 269.92202758789
72.814094543457 0.34796667098999 270.01431274414
73.174270629883 0.64550119638443 270.13739013672
73.541793823242 0.93021911382675 270.26879882812
73.917373657227 1.1993788480759 270.4098815918
74.295021057129 1.4642773866653 270.55346679688
74.677947998047 1.7175966501236 270.70379638672
75.069313049316 1.9500815868378 270.86563110352
75.464836120605 2.1709406375885 271.03353881836
75.864105224609 2.3802745342255 271.20724487305
76.263885498047 2.5879669189453 271.38171386719
76.66569519043 2.7886738777161 271.55972290039
77.067436218262 2.9897103309631 271.73745727539
77.474708557129 3.1694889068604 271.9250793457
77.875968933105 3.3722343444824 272.10198974609
78.288848876953 3.5239198207855 272.30172729492
78.702331542969 3.6723208427429 272.50274658203
79.107810974121 3.8594779968262 272.68704223633
70.939018249512 -2.7666077613831 270.18646240234
71.221305847168 -2.345507144928 270.2995300293
71.459251403809 -2.0396280288696 270.65328979492
71.761543273926 -1.764905333519 270.9831237793
72.100067138672 -1.4908072948456 271.27642822266
72.46305847168 -1.2453080415726 271.56600952148
72.812126159668 -0.99964648485184 271.87210083008
73.165168762207 -0.77127742767334 272.18692016602
73.511192321777 -0.53071904182434 272.50045776367
73.851356506348 -0.29958119988441 272.82717895508
74.210029602051 -0.083154946565628 273.14410400391
74.576301574707 0.12841552495956 273.45550537109
74.957809448242 0.31682309508324 273.76345825195
75.349250793457 0.48049145936966 274.07308959961
75.725845336914 0.67052322626114 274.38595581055
76.091506958008 0.90168106555939 274.68392944336
76.455657958984 1.131755232811 274.98422241211
76.785980224609 1.3351680040359 275.33837890625
77.111717224121 1.553627371788 275.68780517578
77.445701599121 1.7791838645935 276.0246887207
77.795875549316 1.9812904596329 276.35992431641
78.172080993652 2.1359598636627 276.69229125977
78.548263549805 2.3151071071625 277.01214599609
78.921096801758 2.5213503837585 277.31936645508
79.285751342773 2.753643989563 277.61767578125
71.174613952637 -2.9238209724426 269.69955444336
71.491790771484 -2.5242762565613 269.67181396484
71.95352935791 -2.3177599906921 269.60787963867
72.443176269531 -2.1703362464905 269.61285400391
72.91552734375 -1.9762457609177 269.65274047852
73.392028808594 -1.799907207489 269.71981811523
73.866561889648 -1.6225861310959 269.79580688477
74.352172851562 -1.4815995693207 269.8786315918
74.84504699707 -1.3620976209641 269.95251464844
75.340118408203 -1.2451632022858 270.01507568359
75.83519744873 -1.128794670105 270.07836914062
76.328086853027 -1.0110644102097 270.15502929688
76.819122314453 -0.88787460327148 270.23471069336
77.309959411621 -0.7580943107605 270.30392456055
77.798873901367 -0.64095538854599 270.40338134766
78.28621673584 -0.53312367200851 270.51943969727
78.772430419922 -0.44348725676537 270.65368652344
79.271377563477 -0.37268134951591 270.74703979492
79.770462036133 -0.31271505355835 270.84680175781
80.264419555664 -0.25357294082642 270.96942138672
80.750755310059 -0.14497068524361 271.08923339844
81.236167907715 -0.023250199854374 271.19970703125
81.714569091797 0.093574397265911 271.34167480469
82.191184997559 0.20608027279377 271.49224853516
82.687705993652 0.31819200515747 271.55209350586
