86.895683288574 16.764301300049 350.24856567383
71.595443725586 -18.73194694519 353.77700805664
49.213714599609 2.8470079898834 364.82821655273
53.254215240479 -0.6292524933815 339.20770263672
88.345764160156 15.597521781921 350.33679199219
89.407279968262 14.070027351379 350.46417236328
90.343330383301 12.463293075562 350.60076904297
91.168548583984 10.797459602356 350.74438476562
91.947387695312 9.1099081039429 350.89074707031
92.373649597168 7.302143573761 351.05328369141
92.604286193848 5.4596891403198 351.22186279297
92.66771697998 3.6042380332947 351.39401245117
92.582984924316 1.7498388290405 351.56817626953
92.330986022949 -0.089182808995247 351.74334716797
91.881759643555 -1.8903793096542 351.91772460938
91.327323913574 -3.662143945694 352.09088134766
90.668243408203 -5.3976292610168 352.26211547852
89.703964233398 -6.9852752685547 352.42391967773
88.687377929688 -8.5401763916016 352.58343505859
87.590293884277 -10.039659500122 352.73886108398
86.29704284668 -11.37518787384 352.8818359375
84.91251373291 -12.616708755493 353.01733398438
83.55126953125 -13.883440971375 353.15481567383
82.033973693848 -14.960213661194 353.27682495117
80.403747558594 -15.858847618103 353.38381958008
78.70280456543 -16.616767883301 353.47866821289
76.984825134277 -17.335691452026 353.57012939453
75.240165710449 -17.987964630127 353.65582275391
73.441368103027 -18.47371673584 353.72668457031
87.235664367676 15.344379425049 351.54772949219
87.674224853516 13.391069412231 352.26126098633
87.985542297363 11.377017021179 352.80587768555
88.062477111816 9.3365640640259 353.31866455078
87.886825561523 7.3249034881592 353.97369384766
87.330612182617 5.3919949531555 354.62063598633
86.123657226562 3.828106880188 355.22622680664
84.188903808594 3.2316174507141 355.66955566406
82.145248413086 2.9293653964996 356.1711730957
80.204200744629 3.0620400905609 356.8489074707
78.24129486084 3.711653470993 357.07727050781
76.215972900391 3.4929254055023 357.64111328125
74.559944152832 2.6038012504578 357.93292236328
72.916961669922 1.588895201683 357.68338012695
71.207458496094 1.0379602909088 358.57397460938
69.3349609375 0.63842087984085 359.37066650391
67.415504455566 0.71650928258896 360.19158935547
65.426216125488 1.1571357250214 360.44174194336
63.399856567383 1.2762014865875 361.07037353516
61.350425720215 1.2961161136627 361.62335205078
59.310321807861 1.384465098381 362.20809936523
57.287181854248 1.5407729148865 362.83572387695
55.264213562012 1.795114159584 363.43588256836
53.233680725098 1.9533479213715 364.04437255859
51.189010620117 2.1980204582214 364.57232666016
86.960746765137 15.082909584045 349.54968261719
87.375747680664 13.227132797241 349.51498413086
87.666007995605 11.339061737061 349.46881103516
87.915115356445 9.4412078857422 349.30029296875
87.996528625488 7.5185475349426 349.25372314453
87.661918640137 5.6397361755371 349.16546630859
86.757026672363 3.9573428630829 349.0358581543
85.287857055664 2.7791323661804 348.71978759766
83.537971496582 2.0612168312073 348.52072143555
81.646873474121 1.9335420131683 348.29788208008
79.832191467285 2.1354963779449 347.6862487793
78.05184173584 2.566835641861 347.10971069336
76.273391723633 2.4586870670319 346.58963012695
74.847122192383 1.4065818786621 346.02947998047
73.177963256836 0.47570767998695 345.82870483398
71.396156311035 -0.071016602218151 345.40325927734
69.583610534668 -0.20414619147778 344.8303527832
67.757820129395 -0.12527991831303 344.24139404297
65.97541809082 -0.12382701784372 343.51138305664
64.169906616211 -0.18006969988346 342.84487915039
62.344951629639 -0.29484191536903 342.2409362793
60.541446685791 -0.47596380114555 341.59164428711
58.719791412354 -0.68936866521835 341.00341796875
56.932277679443 -0.74366211891174 340.28796386719
55.131164550781 -0.74573665857315 339.60485839844
