82.787704467773 -7.3576364517212 291.3864440918
42.545635223389 6.4479784965515 332.22961425781
33.965461730957 -4.3736438751221 341.30432128906
45.666751861572 10.604400634766 347.49755859375
80.923477172852 -6.1892185211182 292.11505126953
79.077262878418 -5.0616464614868 292.90161132812
77.476104736328 -4.4895529747009 294.47653198242
75.874938964844 -3.9174592494965 296.0514831543
74.235908508301 -3.2859256267548 297.56268310547
72.586814880371 -2.6386098861694 299.05694580078
70.978309631348 -2.0538563728333 300.61703491211
69.404022216797 -1.5218373537064 302.23257446289
67.833488464355 -0.99528390169144 303.853515625
66.271842956543 -0.48167935013771 305.48718261719
64.710510253906 0.031488221138716 307.12127685547
63.153793334961 0.53799217939377 308.76187133789
61.597076416016 1.0444960594177 310.40243530273
60.050514221191 1.5364923477173 312.05694580078
58.506198883057 2.0252728462219 313.71453857422
56.968994140625 2.5040578842163 315.3815612793
55.436985015869 2.9755275249481 317.05551147461
53.909870147705 3.4401988983154 318.73574829102
52.392684936523 3.8910632133484 320.42874145508
50.879810333252 4.3361134529114 322.12692260742
49.40998840332 4.7231450080872 323.87655639648
47.940162658691 5.1101765632629 325.62619018555
46.498104095459 5.4610900878906 327.40615844727
45.060821533203 5.8057961463928 329.19131469727
43.486255645752 6.0856547355652 330.8180847168
80.573791503906 -7.5799155235291 292.91949462891
78.561264038086 -7.6160235404968 294.7119140625
76.641403198242 -7.5668683052063 296.61022949219
74.803146362305 -7.4430704116821 298.58670043945
72.948196411133 -7.267053604126 300.54348754883
71.092208862305 -7.0851330757141 302.49877929688
69.236633300781 -6.9010262489319 304.45428466797
67.463310241699 -6.7180309295654 306.4831237793
65.69556427002 -6.5385823249817 308.51651000977
63.801448822021 -6.3684129714966 310.43600463867
61.875457763672 -6.1847314834595 312.32092285156
59.883361816406 -5.9730315208435 314.13412475586
57.980445861816 -5.8172540664673 316.04550170898
56.109607696533 -5.6863231658936 317.98931884766
54.328506469727 -5.6297254562378 320.02041625977
52.526920318604 -5.5443034172058 322.03237915039
50.718166351318 -5.4709606170654 324.03839111328
48.840316772461 -5.414587020874 325.97784423828
46.887145996094 -5.3737182617188 327.84451293945
45.193801879883 -5.1351542472839 329.9250793457
43.461048126221 -4.9543128013611 331.98550415039
41.682777404785 -4.7838897705078 334.01245117188
39.831562042236 -4.635021686554 335.97506713867
37.758296966553 -4.6966791152954 337.69143676758
36.010604858398 -4.3577733039856 339.6630859375
81.324165344238 -6.9195342063904 293.56811523438
80.055107116699 -5.9256072044373 295.70895385742
78.745574951172 -5.1172156333923 297.90444946289
77.297164916992 -4.3887996673584 300.04434204102
75.86434173584 -3.724280834198 302.21508789062
74.463859558105 -3.0190064907074 304.39385986328
73.079071044922 -2.2863280773163 306.57403564453
71.638412475586 -1.5788995027542 308.72604370117
70.177558898926 -0.89551031589508 310.87185668945
68.67488861084 -0.27840137481689 313.00933837891
67.181266784668 0.45046478509903 315.11285400391
65.701332092285 1.3483356237411 317.16497802734
64.246589660645 2.0285260677338 319.31213378906
62.799987792969 2.6384737491608 321.4899597168
61.394649505615 3.2678055763245 323.6891784668
59.989650726318 3.8972995281219 325.88858032227
58.659873962402 4.4697852134705 328.14801025391
57.357139587402 5.0583658218384 330.41772460938
55.996799468994 5.8524198532104 332.591796875
54.597919464111 6.6030268669128 334.7548828125
53.105495452881 7.24817943573 336.89126586914
51.613067626953 7.8933320045471 339.0276184082
50.171779632568 8.7252550125122 341.13272094727
48.739456176758 9.5899324417114 343.23236083984
47.208183288574 10.102866172791 345.36572265625
