-3.6003720760345 -27.510848999023 -18.725713729858
7.0787391662598 -6.8264198303223 -16.539924621582
-2.7725696563721 -10.364790916443 -22.406566619873
-0.26560831069946 -13.291478157043 -9.820969581604
-2.6151812076569 -27.345060348511 -18.882566452026
-1.6810007095337 -26.978475570679 -18.988220214844
-0.74183958768845 -26.619508743286 -19.096406936646
0.16633608937263 -26.185455322266 -19.183134078979
1.0167765617371 -25.643905639648 -19.236555099487
1.8418024778366 -25.060565948486 -19.276456832886
2.6032900810242 -24.399341583252 -19.288015365601
3.2915658950806 -23.660137176514 -19.269334793091
3.9490523338318 -22.892375946045 -19.23881149292
4.5698518753052 -22.096549987793 -19.195404052734
5.1347894668579 -21.260625839233 -19.132921218872
5.6488742828369 -20.394050598145 -19.054275512695
6.1113801002502 -19.499927520752 -18.959964752197
6.5124011039734 -18.580768585205 -18.848581314087
6.8106226921082 -17.624559402466 -18.709646224976
7.1131854057312 -16.669994354248 -18.571891784668
7.3377909660339 -15.697239875793 -18.415287017822
7.4532437324524 -14.709037780762 -18.234346389771
7.5323820114136 -13.71862411499 -18.045913696289
7.5400323867798 -12.727847099304 -17.843545913696
7.4668455123901 -11.743006706238 -17.626728057861
7.3689303398132 -10.761067390442 -17.405715942383
7.3548860549927 -9.7719478607178 -17.199487686157
7.2716484069824 -8.7891216278076 -16.981136322021
7.1479182243347 -7.8110871315002 -16.755928039551
-3.5679256916046 -27.192230224609 -19.382385253906
-3.2472417354584 -26.680576324463 -19.795902252197
-2.926463842392 -26.112188339233 -20.127161026001
-2.6166129112244 -25.53586769104 -20.455101013184
-2.3298733234406 -24.954099655151 -20.79425239563
-2.0793211460114 -24.373476028442 -21.162761688232
-1.9479845762253 -23.71809387207 -21.460861206055
-1.8647773265839 -23.015102386475 -21.646741867065
-2.1490607261658 -22.357038497925 -21.789339065552
-2.6282305717468 -21.807277679443 -21.849695205688
-3.0468633174896 -21.209991455078 -21.844964981079
-3.145631313324 -20.489049911499 -21.919363021851
-3.1091191768646 -19.758102416992 -21.917694091797
-3.0234143733978 -19.031829833984 -21.946550369263
-2.900146484375 -18.31255531311 -22.002000808716
-2.7340109348297 -17.605821609497 -22.094690322876
-2.5903837680817 -16.890361785889 -22.150001525879
-2.4905118942261 -16.165412902832 -22.137920379639
-2.4101037979126 -15.438353538513 -22.162490844727
-2.3626666069031 -14.7086353302 -22.18943977356
-2.4106550216675 -13.980429649353 -22.133745193481
-2.455837726593 -13.250349998474 -22.109083175659
-2.495792388916 -12.520185470581 -22.140102386475
-2.5360882282257 -11.790095329285 -22.171501159668
-2.6507029533386 -11.076179504395 -22.285018920898
-3.3208100795746 -27.334531784058 -18.091957092285
-2.8313133716583 -27.05982208252 -17.648559570312
-2.3746945858002 -26.654670715332 -17.275238037109
-1.9114810228348 -26.227705001831 -16.9358959198
-1.4865934848785 -25.792470932007 -16.558975219727
-1.1106147766113 -25.372852325439 -16.11784362793
-0.75451827049255 -24.927619934082 -15.685410499573
-0.44235089421272 -24.405918121338 -15.308085441589
-0.30372324585915 -23.815103530884 -14.947335243225
-0.71950078010559 -23.337490081787 -14.615440368652
-1.0355998277664 -22.883974075317 -14.162729263306
-1.1575174331665 -22.316131591797 -13.747387886047
-1.1145986318588 -21.679353713989 -13.424199104309
-1.01242852211 -21.033115386963 -13.134474754333
-0.88063615560532 -20.392868041992 -12.844153404236
-0.65349531173706 -19.778623580933 -12.555909156799
-0.46653339266777 -19.153587341309 -12.262362480164
-0.35516908764839 -18.513284683228 -11.963087081909
-0.21393044292927 -17.8626537323 -11.70087146759
-0.05500864610076 -17.214712142944 -11.442122459412
0.10031197220087 -16.570188522339 -11.175754547119
-0.0093341283500195 -15.903014183044 -10.941711425781
-0.039723686873913 -15.2386302948 -10.677738189697
-0.032513186335564 -14.579312324524 -10.400017738342
-0.14906081557274 -13.935395240784 -10.110493659973
