66.92512512207 4.1166033744812 271.74517822266
76.019462585449 3.2861301898956 272.96365356445
74.649337768555 0.80181980133057 275.72555541992
75.008697509766 0.8167672753334 270.16262817383
67.145568847656 4.4086866378784 271.76992797852
67.465942382812 4.585675239563 271.80975341797
67.810745239258 4.7072238922119 271.85360717773
68.169258117676 4.7776784896851 271.90005493164
68.533134460449 4.8086566925049 271.94784545898
68.898323059082 4.8039956092834 271.99633789062
69.263374328613 4.7934446334839 272.044921875
69.628112792969 4.7762303352356 272.09356689453
69.990653991699 4.7324094772339 272.1423034668
70.351905822754 4.6789522171021 272.19097900391
70.713821411133 4.6301593780518 272.23971557617
71.075477600098 4.5795645713806 272.28842163086
71.435371398926 4.5176720619202 272.33712768555
71.791481018066 4.4366455078125 272.38555908203
72.143821716309 4.3403844833374 272.43374633789
72.497695922852 4.249951839447 272.48202514648
72.852386474609 4.162796497345 272.53033447266
73.208312988281 4.0809669494629 272.57879638672
73.560249328613 3.9832365512848 272.62698364258
73.913688659668 3.8910892009735 272.67523193359
74.267524719238 3.8005437850952 272.72354125977
74.621810913086 3.7117731571198 272.77185058594
74.969024658203 3.5982089042664 272.81958007812
75.319068908691 3.4938368797302 272.86761474609
75.668601989746 3.3877065181732 272.91555786133
67.180137634277 4.1897444725037 271.95037841797
67.517059326172 4.1435732841492 272.07339477539
67.811180114746 4.0483679771423 272.26330566406
68.10033416748 3.9082219600677 272.431640625
68.38843536377 3.7670781612396 272.60107421875
68.674926757812 3.6253604888916 272.77276611328
68.96314239502 3.4818823337555 272.94006347656
69.254325866699 3.367579460144 273.12356567383
69.541885375977 3.2291820049286 273.2961730957
69.841194152832 3.1014182567596 273.45642089844
70.143615722656 2.9874560832977 273.62097167969
70.438209533691 2.8548038005829 273.78460693359
70.736503601074 2.7158389091492 273.93630981445
71.046157836914 2.589198589325 274.07672119141
71.343360900879 2.4630944728851 274.24212646484
71.640747070312 2.3189151287079 274.38922119141
71.939170837402 2.1553707122803 274.51504516602
72.236724853516 1.9954266548157 274.64724731445
72.534797668457 1.8403300046921 274.78408813477
72.83519744873 1.6896665096283 274.92083740234
73.136817932129 1.5407506227493 275.05679321289
73.439483642578 1.3931075334549 275.19180297852
73.740364074707 1.2420505285263 275.32696533203
74.050170898438 1.1167297363281 275.46820068359
74.359725952148 0.96813732385635 275.58477783203
67.21671295166 4.0543818473816 271.67205810547
67.538124084473 4.0210852622986 271.59594726562
67.859283447266 3.9228649139404 271.51419067383
68.170310974121 3.7850873470306 271.45220947266
68.485542297363 3.6709949970245 271.36590576172
68.79744720459 3.5443572998047 271.28482055664
69.109802246094 3.4190285205841 271.20343017578
69.422218322754 3.2950134277344 271.12026977539
69.735824584961 3.1690089702606 271.04489135742
70.049331665039 3.0459713935852 270.96441650391
70.361259460449 2.9171435832977 270.88723754883
70.673454284668 2.7826519012451 270.8215637207
70.986724853516 2.6481647491455 270.76089477539
71.297210693359 2.5071537494659 270.70071411133
71.607818603516 2.372789144516 270.62872314453
71.918556213379 2.2420086860657 270.55236816406
72.229347229004 2.0931973457336 270.51812744141
72.540145874023 1.9453649520874 270.48001098633
72.85221862793 1.7996084690094 270.44479370117
73.166175842285 1.6564393043518 270.41580200195
73.479194641113 1.5114833116531 270.38562011719
73.790962219238 1.3643927574158 270.35308837891
74.104484558105 1.2265459299088 270.30270385742
74.416320800781 1.0848183631897 270.25286865234
74.726615905762 0.94261413812637 270.19512939453
