71.25399017334 -1.5474761724472 269.1022644043
77.51441192627 3.3821156024933 271.39840698242
78.512268066406 1.4303702116013 273.97769165039
79.457420349121 2.3301224708557 268.94641113281
71.290382385254 -1.22749376297 269.16339111328
71.396041870117 -0.92629635334015 269.23788452148
71.548774719238 -0.64823913574219 269.31979370117
71.747482299805 -0.40268766880035 269.40731811523
71.964454650879 -0.17370966076851 269.49639892578
72.193481445312 0.04283744469285 269.58636474609
72.437232971191 0.24237315356731 269.6770324707
72.665016174316 0.46023681759834 269.76684570312
72.91877746582 0.64672076702118 269.85772705078
73.177154541016 0.8267770409584 269.94866943359
73.434135437012 1.0088175535202 270.03958129883
73.699890136719 1.1778310537338 270.13049316406
73.969314575195 1.3409900665283 270.22125244141
74.241661071777 1.4992864131927 270.31192016602
74.509803771973 1.6645003557205 270.40274047852
74.782035827637 1.8229994773865 270.49340820312
75.061431884766 1.9687149524689 270.58367919922
75.345504760742 2.1053602695465 270.67358398438
75.620376586914 2.2592623233795 270.76419067383
75.889526367188 2.4228734970093 270.85498046875
76.167709350586 2.5708563327789 270.94534301758
76.428939819336 2.7467274665833 271.03628540039
76.690353393555 2.9223625659943 271.12719726562
76.951782226562 3.097996711731 271.21807861328
77.23291015625 3.2404389381409 271.30822753906
71.434051513672 -1.4014641046524 269.37753295898
71.649017333984 -1.1717014312744 269.54815673828
71.964302062988 -1.0707896947861 269.68124389648
72.189292907715 -0.86972802877426 269.87554931641
72.482208251953 -0.71909767389297 270.02130126953
72.757186889648 -0.55790638923645 270.18872070312
73.055923461914 -0.43306800723076 270.34658813477
73.337432861328 -0.2828257381916 270.51373291016
73.608726501465 -0.14812563359737 270.70880126953
73.876602172852 -0.0278992485255 270.91647338867
74.193405151367 0.056360442191362 271.06533813477
74.478858947754 0.14988067746162 271.26434326172
74.764762878418 0.25486308336258 271.45687866211
75.054946899414 0.36051487922668 271.64254760742
75.350021362305 0.45136481523514 271.82830810547
75.639694213867 0.55354827642441 272.01669311523
75.919700622559 0.65458863973618 272.21975708008
76.205833435059 0.74864375591278 272.41754150391
76.47306060791 0.85377651453018 272.63519287109
76.726127624512 0.93440461158752 272.87869262695
77.019104003906 1.008596777916 273.07473754883
77.318954467773 1.0857776403427 273.25903320312
77.623077392578 1.1717224121094 273.43212890625
77.915634155273 1.2613946199417 273.62237548828
78.231483459473 1.3059855699539 273.78948974609
71.529106140137 -1.3827860355377 268.96664428711
71.776069641113 -1.1403871774673 269.02450561523
72.089332580566 -0.98052960634232 268.99969482422
72.38818359375 -0.79420411586761 269.02435302734
72.685676574707 -0.60706633329391 269.05758666992
72.988258361816 -0.42616483569145 269.07678222656
73.292930603027 -0.24841913580894 269.09176635742
73.600578308105 -0.075463093817234 269.10092163086
73.910949707031 0.092711418867111 269.10443115234
74.230155944824 0.24343504011631 269.10818481445
74.55672454834 0.37743937969208 269.11492919922
74.882110595703 0.51396632194519 269.1262512207
75.207618713379 0.65057194232941 269.13049316406
75.53141784668 0.79061311483383 269.11776733398
75.850654602051 0.9372056722641 269.08255004883
76.164245605469 1.0957206487656 269.04830932617
76.48462677002 1.2409907579422 269.0182800293
76.804527282715 1.3880335092545 268.9921875
77.124923706055 1.5301843881607 268.95004272461
77.452629089355 1.6558021306992 268.91165161133
77.783882141113 1.7762453556061 268.89154052734
78.117721557617 1.8910939693451 268.88879394531
78.454284667969 1.9970905780792 268.90026855469
78.788955688477 2.1052222251892 268.93106079102
79.128051757812 2.2032816410065 268.93765258789
