58.052932739258 -2.7753531932831 265.13897705078
66.65355682373 3.9662680625916 268.03387451172
66.845809936523 1.1781103610992 269.15338134766
67.218017578125 2.1681742668152 265.17031860352
58.034290313721 -2.3623275756836 265.31121826172
58.173141479492 -1.9694813489914 265.47650146484
58.38533782959 -1.6057640314102 265.63031005859
58.655323028564 -1.2766665220261 265.77017211914
58.959033966064 -0.97356218099594 265.89953613281
59.274387359619 -0.68059879541397 266.02481079102
59.610408782959 -0.40800353884697 266.14175415039
59.941257476807 -0.1299647539854 266.26095581055
60.284545898438 0.13494791090488 266.3747253418
60.637191772461 0.38916918635368 266.48413085938
60.99356842041 0.63895618915558 266.59173583984
61.35958480835 0.87658578157425 266.69436645508
61.72940826416 1.1091560125351 266.79495239258
62.094661712646 1.3477818965912 266.89801025391
62.473011016846 1.5683599710464 266.99362182617
62.849964141846 1.7909984588623 267.0901184082
63.223876953125 2.0179464817047 267.18841552734
63.609622955322 2.2274234294891 267.27938842773
63.990119934082 2.4448888301849 267.37377929688
64.371124267578 2.6616070270538 267.46780395508
64.747222900391 2.8854672908783 267.56484985352
65.120567321777 3.113245010376 267.66339111328
65.499290466309 3.3333010673523 267.75881958008
65.881088256836 3.548840045929 267.85235595703
66.266693115234 3.7585506439209 267.94351196289
58.247730255127 -2.6316840648651 265.46542358398
58.473133087158 -2.3755142688751 265.67614746094
58.795532226562 -2.2219724655151 265.87155151367
59.119651794434 -2.0366957187653 266.03491210938
59.448135375977 -1.8448588848114 266.18130493164
59.780799865723 -1.6544945240021 266.31988525391
60.121139526367 -1.4705311059952 266.44821166992
60.465961456299 -1.2912092208862 266.57095336914
60.814739227295 -1.1170755624771 266.68991088867
61.159362792969 -0.94455301761627 266.82250976562
61.499935150146 -0.77564233541489 266.96948242188
61.844989776611 -0.618243932724 267.11883544922
62.19165802002 -0.46489986777306 267.26867675781
62.540138244629 -0.3135532438755 267.41632080078
62.890247344971 -0.16442658007145 267.56234741211
63.242797851562 -0.022678788751364 267.70974731445
63.601222991943 0.099659390747547 267.86044311523
63.959972381592 0.22080108523369 268.01126098633
64.323135375977 0.32565134763718 268.16375732422
64.688522338867 0.42149284482002 268.31692504883
65.05396270752 0.52134466171265 268.46734619141
65.419303894043 0.62370777130127 268.61630249023
65.781204223633 0.73107558488846 268.77008056641
66.140426635742 0.84267801046371 268.92697143555
66.500846862793 0.98596549034119 269.05224609375
58.240478515625 -2.4605791568756 264.95645141602
58.426654815674 -2.1072568893433 265.01806640625
58.800434112549 -1.9399352073669 264.99179077148
59.144653320312 -1.7160694599152 265.00564575195
59.498176574707 -1.5099130868912 265.04241943359
59.849174499512 -1.3040144443512 265.09921264648
60.187797546387 -1.0793769359589 265.15982055664
60.542446136475 -0.88070297241211 265.21990966797
60.899280548096 -0.68630933761597 265.28091430664
61.261219024658 -0.49653917551041 265.32385253906
61.624061584473 -0.30659773945808 265.35736083984
61.982460021973 -0.1090819016099 265.39471435547
62.343276977539 0.085754506289959 265.42132568359
62.708927154541 0.27120026946068 265.44900512695
63.077629089355 0.45154169201851 265.46859741211
63.448287963867 0.62892961502075 265.46820068359
63.824802398682 0.7935203909874 265.46908569336
64.206214904785 0.94604307413101 265.47988891602
64.58992767334 1.0920023918152 265.49765014648
64.977821350098 1.2275995016098 265.50177001953
65.366050720215 1.3620822429657 265.49899291992
65.744987487793 1.5114147663116 265.44454956055
66.123954772949 1.6606715917587 265.39007568359
66.505874633789 1.7999213933945 265.33001708984
66.882667541504 1.9502791166306 265.26480102539
