87.142768859863 -4.8867049217224 408.66375732422
105.55379486084 5.5724124908447 412.25173950195
109.85624694824 2.5778412818909 417.88653564453
111.32833099365 3.3699250221252 407.73114013672
87.015991210938 -4.0366668701172 408.76693725586
87.274864196777 -3.2221670150757 408.90991210938
87.734245300293 -2.5036344528198 409.06289672852
88.339157104492 -1.9019765853882 409.21658325195
89.013404846191 -1.3781695365906 409.36752319336
89.726112365723 -0.90700674057007 409.515625
90.465492248535 -0.47799572348595 409.66094970703
91.225921630859 -0.086435690522194 409.80355834961
91.997436523438 0.28346091508865 409.94442749023
92.773468017578 0.64409744739532 410.08453369141
93.549224853516 1.0052969455719 410.22467041016
94.335494995117 1.3437905311584 410.36291503906
95.127571105957 1.6689671278 410.49993896484
95.915405273438 2.0039308071136 410.63784790039
96.714767456055 2.3114674091339 410.77328491211
97.509223937988 2.6309895515442 410.90985107422
98.312034606934 2.9297840595245 411.04449462891
99.118171691895 3.2198643684387 411.17831420898
99.918266296387 3.5255632400513 411.31359863281
100.71408081055 3.8418335914612 411.44985961914
101.51784515381 4.1381530761719 411.58428955078
102.31805419922 4.44358253479 411.71951293945
103.12545776367 4.7302603721619 411.85299682617
103.92772674561 5.0304522514343 411.98776245117
104.74263763428 5.2960438728333 412.11923217773
87.669692993164 -4.1661686897278 409.11288452148
88.432502746582 -3.5988254547119 409.42462158203
89.271530151367 -3.1579740047455 409.74224853516
90.207641601562 -2.9429230690002 410.02352905273
91.15795135498 -2.7680616378784 410.28439331055
92.106033325195 -2.563056230545 410.53106689453
93.047630310059 -2.3341269493103 410.78158569336
93.985992431641 -2.1012740135193 411.04043579102
94.918838500977 -1.8644275665283 411.31512451172
95.848724365234 -1.6256943941116 411.59808349609
96.768768310547 -1.3811167478561 411.90704345703
97.689994812012 -1.138322353363 412.2138671875
98.619728088379 -0.90889495611191 412.50491333008
99.550483703613 -0.68620681762695 412.79791259766
100.48425292969 -0.48638373613358 413.09774780273
101.40595245361 -0.27309176325798 413.42443847656
102.31836700439 -0.050406239926815 413.77029418945
103.20221710205 0.18453346192837 414.17694091797
104.07878875732 0.43026775121689 414.59286499023
104.95262908936 0.68013846874237 415.01205444336
105.8123626709 0.94519466161728 415.45065307617
106.66352081299 1.2210508584976 415.89920043945
107.47106170654 1.5470643043518 416.39248657227
108.23274993896 1.9572299718857 416.89581298828
109.03047943115 2.298228263855 417.39492797852
87.723304748535 -4.0882143974304 408.47857666016
88.313972473145 -3.2914247512817 408.38940429688
89.20255279541 -2.8249049186707 408.36724853516
90.146217346191 -2.4805495738983 408.37033081055
91.10188293457 -2.1736736297607 408.41110229492
92.071487426758 -1.9178845882416 408.46655273438
93.06014251709 -1.7501862049103 408.52676391602
94.041000366211 -1.5401040315628 408.58090209961
95.010276794434 -1.2800232172012 408.62683105469
95.972808837891 -0.99372231960297 408.65655517578
96.934852600098 -0.70577490329742 408.68310546875
97.910308837891 -0.46776619553566 408.71716308594
98.885475158691 -0.2278478294611 408.74533081055
99.859481811523 0.018193986266851 408.75430297852
100.83269500732 0.2675079703331 408.75271606445
101.80373382568 0.52408641576767 408.73175048828
102.75933837891 0.82885110378265 408.67492675781
103.70906066895 1.1484580039978 408.60305786133
104.65159606934 1.4810645580292 408.50152587891
105.58756256104 1.830881357193 408.39703369141
106.51940917969 2.1909599304199 408.29067993164
107.45600128174 2.5363998413086 408.17761230469
108.39921569824 2.8601818084717 408.05590820312
109.35372924805 3.1416273117065 407.91806030273
110.32601928711 3.3647747039795 407.79940795898
