57.266304016113 -6.524715423584 264.92172241211
68.079963684082 3.9346323013306 267.83908081055
69.86890411377 0.7420911192894 270.68057250977
70.411689758301 1.3508515357971 264.89685058594
57.145843505859 -5.9315729141235 264.99420166016
57.258472442627 -5.3400597572327 265.09606933594
57.490272521973 -4.7860898971558 265.20736694336
57.81969833374 -4.2845377922058 265.32333374023
58.181228637695 -3.805762052536 265.44000244141
58.568717956543 -3.3477926254272 265.55682373047
58.977352142334 -2.9085381031036 265.67361450195
59.397747039795 -2.4805438518524 265.79016113281
59.844821929932 -2.0802018642426 265.90600585938
60.28600692749 -1.6735091209412 266.02206420898
60.749393463135 -1.2919598817825 266.13723754883
61.21821975708 -0.91702646017075 266.25210571289
61.687740325928 -0.5429652929306 266.36694335938
62.168796539307 -0.18359610438347 266.48101806641
62.654155731201 0.17002242803574 266.59481811523
63.141708374023 0.52064907550812 266.70849609375
63.621616363525 0.881491959095 266.82266235352
64.12043762207 1.2162252664566 266.93533325195
64.607788085938 1.5671311616898 267.04904174805
65.094078063965 1.9195072650909 267.16268920898
65.584014892578 2.2668681144714 267.27615356445
66.080207824707 2.6053903102875 267.38912963867
66.567733764648 2.9560730457306 267.50274658203
67.053894042969 3.3085961341858 267.6164855957
67.567199707031 3.6211764812469 267.72775268555
57.44128036499 -6.0362968444824 265.21441650391
57.731830596924 -5.5727591514587 265.4162902832
58.212768554688 -5.2367687225342 265.59539794922
58.67374420166 -4.8693013191223 265.77124023438
59.131530761719 -4.5153303146362 265.97805786133
59.625198364258 -4.1869826316833 266.1435546875
60.120826721191 -3.8615002632141 266.30947875977
60.619693756104 -3.5444881916046 266.48123168945
61.114990234375 -3.2308342456818 266.66854858398
61.605239868164 -2.9155285358429 266.86672973633
62.099174499512 -2.6131994724274 267.07568359375
62.596012115479 -2.3198313713074 267.29043579102
63.096946716309 -2.0328361988068 267.50463867188
63.61060333252 -1.7676576375961 267.71203613281
64.15087890625 -1.5508029460907 267.9114074707
64.663703918457 -1.3105715513229 268.15029907227
65.159149169922 -1.065132856369 268.41882324219
65.68571472168 -0.87891668081284 268.67498779297
66.189407348633 -0.65348827838898 268.94818115234
66.703742980957 -0.44354000687599 269.21286010742
67.227386474609 -0.25457111001015 269.47604370117
67.749656677246 -0.066088274121284 269.74169921875
68.281600952148 0.13085632026196 269.97988891602
68.787475585938 0.33206596970558 270.26766967773
69.311790466309 0.5490140914917 270.50296020508
57.45235824585 -6.0020704269409 264.79806518555
57.727870941162 -5.4705414772034 264.83157348633
58.153728485107 -5.0406374931335 264.8251953125
58.609786987305 -4.6443371772766 264.8727722168
59.082050323486 -4.2672820091248 264.92471313477
59.582752227783 -3.9341247081757 265.00296020508
60.069679260254 -3.5764520168304 265.0534362793
60.579925537109 -3.2542026042938 265.11285400391
61.092086791992 -2.9316654205322 265.1462097168
61.607086181641 -2.6136016845703 265.16436767578
62.145008087158 -2.3390367031097 265.21716308594
62.670658111572 -2.0399401187897 265.26147460938
63.204429626465 -1.7534334659576 265.29159545898
63.747440338135 -1.4833469390869 265.29711914062
64.295585632324 -1.2238276004791 265.29995727539
64.856842041016 -0.99430775642395 265.30822753906
65.421165466309 -0.7725356221199 265.30993652344
65.981201171875 -0.54242205619812 265.27719116211
66.530303955078 -0.29186761379242 265.22180175781
67.071510314941 -0.032398000359535 265.15087890625
67.63126373291 0.19645497202873 265.1149597168
68.189331054688 0.43017843365669 265.08163452148
68.718399047852 0.68971812725067 264.96041870117
69.282112121582 0.91253632307053 264.94915771484
69.845504760742 1.1358867883682 264.93048095703
