55.710109710693 -4.8918380737305 264.97088623047
68.03540802002 4.165901184082 265.60903930664
68.859809875488 1.712727189064 269.69946289062
69.643478393555 -0.24370047450066 263.380859375
55.59814453125 -4.3076128959656 264.83374023438
55.797218322754 -3.7314710617065 264.75930786133
56.109512329102 -3.2041039466858 264.716796875
56.497592926025 -2.7278091907501 264.69918823242
56.9338722229 -2.2947111129761 264.69958496094
57.396068572998 -1.8895609378815 264.7106628418
57.880851745605 -1.5121246576309 264.73159790039
58.381805419922 -1.156910777092 264.76007080078
58.89334487915 -0.81756514310837 264.79373168945
59.400657653809 -0.47176098823547 264.82534790039
59.919624328613 -0.14431488513947 264.86282348633
60.44673538208 0.16931116580963 264.90469360352
60.979000091553 0.47372633218765 264.94934082031
61.513046264648 0.77479320764542 264.99496459961
62.059474945068 1.0515112876892 265.04788208008
62.59700012207 1.3460541963577 265.09555053711
63.141132354736 1.6275343894958 265.14706420898
63.684677124023 1.9102058410645 265.19821166992
64.232582092285 2.1838357448578 265.25198364258
64.777702331543 2.4632952213287 265.30407714844
65.325523376465 2.7371017932892 265.35781860352
65.869552612305 3.0187859535217 265.40927124023
66.40941619873 3.3088021278381 265.4582824707
66.95524597168 3.58677983284 265.51080322266
67.493385314941 3.8801543712616 265.55880737305
55.862079620361 -4.4405131340027 265.2975769043
56.218704223633 -3.96963763237 265.32034301758
56.734828948975 -3.7794737815857 265.53155517578
57.245914459229 -3.5005004405975 265.70736694336
57.750465393066 -3.197056055069 265.86431884766
58.264892578125 -2.9058129787445 266.01293945312
58.800155639648 -2.649257183075 266.1487121582
59.345909118652 -2.4090206623077 266.27307128906
59.862182617188 -2.1294567584991 266.43695068359
60.385959625244 -1.867103099823 266.6051940918
60.93106842041 -1.6398463249207 266.75604248047
61.469341278076 -1.4066077470779 266.919921875
61.987915039062 -1.1578497886658 267.12142944336
62.501003265381 -0.9074302315712 267.33465576172
63.039531707764 -0.69587999582291 267.52642822266
63.560508728027 -0.46356004476547 267.74127197266
64.081489562988 -0.23124012351036 267.95611572266
64.61100769043 -0.015330919995904 268.16711425781
65.140556335449 0.19652372598648 268.3818359375
65.664077758789 0.397171407938 268.6203918457
66.171829223633 0.63949227333069 268.85494995117
66.691711425781 0.85477864742279 269.08703613281
67.217704772949 1.0586961507797 269.31524658203
67.723602294922 1.3128596544266 269.54113769531
68.286064147949 1.5177094936371 269.63360595703
56.082809448242 -4.5579080581665 264.76162719727
56.381935119629 -4.0902824401855 264.61392211914
56.93004989624 -3.9867532253265 264.54373168945
57.455570220947 -3.7479557991028 264.47827148438
57.961353302002 -3.471022605896 264.39599609375
58.499099731445 -3.2515060901642 264.35675048828
59.043636322021 -3.0462656021118 264.33697509766
59.59317779541 -2.8532555103302 264.33630371094
60.135864257812 -2.6450901031494 264.30578613281
60.68465423584 -2.4530274868011 264.27954101562
61.226127624512 -2.2419278621674 264.2421875
61.775733947754 -2.0518522262573 264.21057128906
62.327945709229 -1.868744969368 264.18276977539
62.882404327393 -1.6970974206924 264.13513183594
63.442516326904 -1.5472449064255 264.08850097656
64.010101318359 -1.426545381546 264.05044555664
64.560729980469 -1.2516138553619 263.97741699219
65.11255645752 -1.0785105228424 263.908203125
65.677879333496 -0.9458612203598 263.86474609375
66.242370605469 -0.82510948181152 263.79415893555
66.81591796875 -0.73145717382431 263.75637817383
67.38249206543 -0.61562687158585 263.69140625
67.936714172363 -0.45921057462692 263.60641479492
68.49055480957 -0.30408278107643 263.5168762207
69.064910888672 -0.26087656617165 263.4462890625
