57.454666137695 3.3420855998993 272.64114379883
73.304122924805 -3.8196887969971 271.25625610352
76.062126159668 -2.878244638443 269.99319458008
75.83332824707 -3.8484618663788 273.07409667969
57.881969451904 2.8357992172241 272.50881958008
58.418827056885 2.4356813430786 272.41409301758
58.985298156738 2.0754141807556 272.33291625977
59.58031463623 1.7607983350754 272.26708984375
60.186573028564 1.4669971466064 272.20806884766
60.801696777344 1.1909860372543 272.15490722656
61.416233062744 0.91373336315155 272.10134887695
62.023838043213 0.62249141931534 272.04321289062
62.63166809082 0.33169028162956 271.98516845703
63.237106323242 0.036246426403522 271.92562866211
63.84379196167 -0.25679412484169 271.8669128418
64.451675415039 -0.54748773574829 271.80889892578
65.060218811035 -0.83687901496887 271.75134277344
65.674926757812 -1.1137675046921 271.69793701172
66.291404724121 -1.3869298696518 271.64569091797
66.913459777832 -1.6478968858719 271.59747314453
67.53678894043 -1.9059845209122 271.55010986328
68.165313720703 -2.1518704891205 271.50677490234
68.797508239746 -2.3886933326721 271.46633911133
69.433807373047 -2.6148433685303 271.42938232422
70.073913574219 -2.8305361270905 271.3957824707
70.715591430664 -3.0417332649231 271.36358642578
71.360343933105 -3.2437920570374 271.33432006836
72.008026123047 -3.4366610050201 271.30804443359
72.658538818359 -3.6201972961426 271.28469848633
58.126720428467 3.0547277927399 272.44570922852
58.832473754883 2.7851450443268 272.32015991211
59.53218460083 2.5031082630157 272.18676757812
60.223178863525 2.2017722129822 272.05065917969
60.915191650391 1.8941328525543 271.93682861328
61.611747741699 1.5883724689484 271.84649658203
62.315620422363 1.2926663160324 271.78265380859
63.019641876221 0.99633699655533 271.72360229492
63.723880767822 0.70001614093781 271.66708374023
64.429389953613 0.40692120790482 271.60955810547
65.137733459473 0.12224099785089 271.54507446289
65.851127624512 -0.1507850587368 271.48782348633
66.569488525391 -0.41093346476555 271.43173217773
67.289390563965 -0.66389942169189 271.36373901367
68.017059326172 -0.89598989486694 271.30447387695
68.746963500977 -1.125831246376 271.26773071289
69.480278015137 -1.3212780952454 271.16284179688
70.21036529541 -1.5246926546097 271.05081176758
70.950592041016 -1.713301897049 270.9921875
71.687393188477 -1.9128119945526 270.92694091797
72.427810668945 -2.0646157264709 270.80676269531
73.164176940918 -2.2466983795166 270.70077514648
73.903533935547 -2.4126634597778 270.58831787109
74.632759094238 -2.572413444519 270.4303894043
75.364646911621 -2.7044885158539 270.2502746582
58.066967010498 2.9194979667664 272.75085449219
58.75915145874 2.5978298187256 272.78942871094
59.457359313965 2.2856712341309 272.80923461914
60.153053283691 1.9670367240906 272.79525756836
60.85327911377 1.6591709852219 272.7629699707
61.560424804688 1.3725284337997 272.70233154297
62.268890380859 1.0899424552917 272.63632202148
62.973007202148 0.79418760538101 272.58401489258
63.67533493042 0.49302998185158 272.53735351562
64.377662658691 0.19187234342098 272.49066162109
65.085037231445 -0.096378080546856 272.44076538086
65.797080993652 -0.3726721405983 272.38787841797
66.509117126465 -0.64896619319916 272.3349609375
67.223808288574 -0.92105966806412 272.31137084961
67.940795898438 -1.1895196437836 272.31314086914
68.661293029785 -1.4471267461777 272.2917175293
69.384384155273 -1.6970394849777 272.26510620117
70.114845275879 -1.9242180585861 272.2555847168
70.845718383789 -2.1353850364685 272.34078979492
71.574691772461 -2.3688595294952 272.35580444336
72.310440063477 -2.5746507644653 272.40454101562
73.03759765625 -2.8051688671112 272.46878051758
73.757705688477 -3.049950838089 272.55087280273
74.476577758789 -3.2872743606567 272.66479492188
75.179870605469 -3.533435344696 272.83905029297
