82.732040405273 -16.065910339355 342.03637695312
18.857322692871 -9.1295404434204 348.83749389648
15.414542198181 0.62659186124802 354.38299560547
16.174547195435 -2.4734225273132 342.43670654297
81.178153991699 -18.024442672729 342.44985961914
78.764526367188 -18.770082473755 342.82434082031
76.263458251953 -19.154663085938 343.16717529297
73.729476928711 -19.249929428101 343.48016357422
71.193252563477 -19.268957138062 343.78454589844
68.658821105957 -19.11367225647 344.06838989258
66.129066467285 -18.882883071899 344.34289550781
63.603542327881 -18.603591918945 344.61120605469
61.081932067871 -18.286748886108 344.87463378906
58.563076019287 -17.946338653564 345.1350402832
56.046264648438 -17.589796066284 345.39331054688
53.53609085083 -17.184913635254 345.64520263672
51.02693939209 -16.773473739624 345.89617919922
48.52689743042 -16.305610656738 346.13946533203
46.032386779785 -15.807078361511 346.37847900391
43.544723510742 -15.273168563843 346.61260986328
41.055732727051 -14.746125221252 346.84768676758
38.579772949219 -14.157289505005 347.07403564453
36.07776260376 -13.701285362244 347.31896972656
33.594783782959 -13.145560264587 347.54998779297
31.146438598633 -12.445722579956 347.76007080078
28.68196105957 -11.808054924011 347.97927856445
26.211545944214 -11.195126533508 348.20211791992
23.76110458374 -10.502999305725 348.41339111328
21.308868408203 -9.8175754547119 348.62567138672
80.484596252441 -16.968143463135 343.01422119141
77.788963317871 -16.980506896973 343.59078979492
75.086708068848 -16.916925430298 344.16958618164
72.371780395508 -16.650890350342 344.60336303711
69.659690856934 -16.276163101196 344.98599243164
66.95076751709 -15.858660697937 345.34243774414
64.247947692871 -15.473712921143 345.77185058594
61.549404144287 -14.961318969727 346.08291625977
58.851192474365 -14.445569992065 346.392578125
56.1569480896 -13.921274185181 346.72232055664
53.470283508301 -13.380679130554 347.08554077148
50.804744720459 -12.716730117798 347.39291381836
48.174407958984 -12.01118183136 347.85580444336
45.519504547119 -11.2867603302 348.10848999023
42.894466400146 -10.446161270142 348.31829833984
40.261772155762 -9.6591644287109 348.60260009766
37.609241485596 -9.0178623199463 349.0322265625
34.988922119141 -8.2453584671021 349.42156982422
32.41174697876 -7.3434572219849 349.82510375977
29.924625396729 -6.2265257835388 350.28118896484
27.484846115112 -5.0352325439453 350.79183959961
25.028860092163 -3.9725105762482 351.4846496582
22.622119903564 -2.8311638832092 352.22296142578
20.195728302002 -1.781466126442 353.02920532227
17.773836135864 -0.60986214876175 353.64654541016
80.688285827637 -17.50142288208 342.15225219727
78.026504516602 -17.839263916016 342.26782226562
75.343315124512 -17.760374069214 342.31558227539
72.69458770752 -17.346426010132 342.42205810547
70.023628234863 -17.066564559937 342.59210205078
67.36547088623 -16.807025909424 342.90719604492
64.712608337402 -16.414663314819 343.08413696289
62.061054229736 -16.017454147339 343.28344726562
59.417221069336 -15.629651069641 343.53009033203
56.869541168213 -14.812424659729 343.74520874023
54.273742675781 -14.151559829712 343.99472045898
51.646835327148 -13.601181030273 344.19024658203
49.015430450439 -13.066190719604 344.33413696289
46.428535461426 -12.368623733521 344.57278442383
43.806812286377 -11.785717010498 344.71392822266
41.249931335449 -10.96958065033 344.88784790039
38.673633575439 -10.244197845459 344.95300292969
36.144645690918 -9.350811958313 345.09591674805
33.586921691895 -8.5260982513428 345.04754638672
31.055736541748 -7.6526675224304 344.95840454102
28.50231552124 -6.8885540962219 344.59606933594
26.035440444946 -5.9208059310913 344.4216003418
23.4973487854 -5.1530108451843 343.96340942383
20.947885513306 -4.5405902862549 343.47134399414
18.534788131714 -3.4704878330231 342.96466064453
