65.799255371094 -1.33973300457 279.82641601562
69.531288146973 -3.9198968410492 280.45639038086
74.764671325684 -1.7135536670685 278.82495117188
72.287353515625 -3.6424443721771 286.05944824219
65.751075744629 -1.5138273239136 279.77117919922
65.810241699219 -1.6871862411499 279.75106811523
65.892730712891 -1.8567090034485 279.73947143555
66.000076293945 -2.0120346546173 279.73916625977
66.112281799316 -2.1639704704285 279.7412109375
66.243431091309 -2.2993173599243 279.75326538086
66.379470825195 -2.4295296669006 279.76800537109
66.525749206543 -2.547168970108 279.78894042969
66.671340942383 -2.6657528877258 279.80944824219
66.819747924805 -2.780467748642 279.83172607422
66.975975036621 -2.8829617500305 279.859375
67.131385803223 -2.9868669509888 279.88641357422
67.294815063477 -3.0755832195282 279.91949462891
67.458114624023 -3.1646056175232 279.95248413086
67.624671936035 -3.246232509613 279.98818969727
67.794532775879 -3.3192059993744 280.02694702148
67.96280670166 -3.3965020179749 280.06420898438
68.13671875 -3.4562864303589 280.10729980469
68.308448791504 -3.5236282348633 280.14797973633
68.482559204102 -3.5827143192291 280.19128417969
68.656257629395 -3.6433398723602 280.2341003418
68.831756591797 -3.6967010498047 280.27917480469
69.006614685059 -3.7527983188629 280.32342529297
69.182373046875 -3.8050084114075 280.36883544922
69.358108520508 -3.8574216365814 280.41415405273
66.12141418457 -1.3825216293335 279.68292236328
66.405853271484 -1.5937842130661 279.62747192383
66.71395111084 -1.7729169130325 279.59088134766
67.050552368164 -1.891223192215 279.56216430664
67.40616607666 -1.9380259513855 279.55429077148
67.761260986328 -1.9830913543701 279.5299987793
68.115180969238 -2.0256757736206 279.48931884766
68.470024108887 -2.0589847564697 279.44830322266
68.826095581055 -2.0728509426117 279.40640258789
69.181823730469 -2.0885405540466 279.36224365234
69.536949157715 -2.102215051651 279.31509399414
69.882705688477 -2.0822637081146 279.22134399414
70.227905273438 -2.0612137317657 279.12582397461
70.57389831543 -2.0457851886749 279.03210449219
70.921287536621 -2.0426478385925 278.94241333008
71.268714904785 -2.0392460823059 278.85287475586
71.617240905762 -2.0281188488007 278.76837158203
71.966354370117 -2.0115399360657 278.68731689453
72.315307617188 -1.9815908670425 278.60940551758
72.666130065918 -1.9530326128006 278.5400390625
73.023811340332 -1.9409410953522 278.51483154297
73.381202697754 -1.9127730131149 278.52908325195
73.734870910645 -1.8830058574677 278.58154296875
74.078125 -1.8637849092484 278.68420410156
74.421806335449 -1.8015015125275 278.76626586914
66.027786254883 -1.5328359603882 280.04354858398
66.246635437012 -1.8145039081573 280.14706420898
66.498245239258 -2.0497341156006 280.28482055664
66.785972595215 -2.2139525413513 280.45272827148
67.072418212891 -2.3354454040527 280.65594482422
67.355812072754 -2.4284117221832 280.87777709961
67.62718963623 -2.528106212616 281.11145019531
67.89134979248 -2.6310017108917 281.35189819336
68.152526855469 -2.7283020019531 281.59786987305
68.40461730957 -2.8237397670746 281.85382080078
68.637794494629 -2.9180889129639 282.12750244141
68.855125427246 -3.0120396614075 282.4140625
69.062431335449 -3.123172044754 282.70190429688
69.272842407227 -3.2321741580963 282.98834228516
69.491355895996 -3.3317718505859 283.27209472656
69.706024169922 -3.427916765213 283.55996704102
69.913597106934 -3.5177218914032 283.85498046875
70.133453369141 -3.6153841018677 284.13836669922
70.368438720703 -3.7225930690765 284.40570068359
70.625244140625 -3.8146512508392 284.658203125
70.900207519531 -3.863498210907 284.90356445312
71.183158874512 -3.8834426403046 285.1438293457
71.503753662109 -3.8833210468292 285.33200073242
71.802177429199 -3.8579506874084 285.55221557617
72.065795898438 -3.8043179512024 285.80874633789
