55.773418426514 1.0140373706818 279.06146240234
69.583267211914 -2.4262974262238 273.44131469727
70.562469482422 2.6409873962402 268.45080566406
74.514053344727 2.6000056266785 275.45962524414
56.053565979004 0.48172804713249 278.9514465332
56.472858428955 0.06863384693861 278.78353881836
56.929485321045 -0.29531335830688 278.59982299805
57.408187866211 -0.62439268827438 278.40686035156
57.906963348389 -0.9164754152298 278.20532226562
58.420497894287 -1.1768122911453 277.99743652344
58.946357727051 -1.4065058231354 277.78430175781
59.4797706604 -1.614753484726 277.56793212891
60.020023345947 -1.8010363578796 277.34854125977
60.568393707275 -1.9568148851395 277.12551879883
61.121700286865 -2.0905063152313 276.90032958984
61.675422668457 -2.2219727039337 276.67486572266
62.233592987061 -2.3288033008575 276.44741821289
62.795963287354 -2.405168056488 276.21798706055
63.359195709229 -2.4732310771942 275.98815917969
63.925426483154 -2.4966084957123 275.75671386719
64.49031829834 -2.5455470085144 275.52600097656
65.056297302246 -2.5755548477173 275.29470825195
65.622711181641 -2.5916330814362 275.06311035156
66.189262390137 -2.600090265274 274.83142089844
66.755805969238 -2.5966305732727 274.599609375
67.322143554688 -2.5811624526978 274.36776733398
67.88671875 -2.532062292099 274.13629150391
68.45246887207 -2.5010619163513 273.90460205078
69.017852783203 -2.4635646343231 273.67294311523
56.071949005127 0.91920757293701 278.44491577148
56.690868377686 0.75407469272614 278.10684204102
57.238613128662 0.58119881153107 277.67105102539
57.878177642822 0.47215634584427 277.35049438477
58.495269775391 0.40092560648918 276.9831237793
59.153190612793 0.38183587789536 276.67681884766
59.779663085938 0.35818949341774 276.31607055664
60.378902435303 0.34183079004288 275.90719604492
61.00414276123 0.36471921205521 275.54098510742
61.61548614502 0.40901121497154 275.15481567383
62.220565795898 0.47836020588875 274.76156616211
62.825180053711 0.5561386346817 274.36779785156
63.413394927979 0.63184833526611 273.94918823242
63.984848022461 0.79135805368423 273.53161621094
64.551963806152 0.94795817136765 273.10650634766
65.124298095703 1.1092711687088 272.69125366211
65.683723449707 1.2859591245651 272.26477050781
66.205772399902 1.413885474205 271.77749633789
66.767684936523 1.5591596364975 271.34329223633
67.36434173584 1.7360079288483 270.96932983398
67.882308959961 1.8692948818207 270.48168945312
68.431221008301 2.0331032276154 270.03778076172
68.978523254395 2.1875286102295 269.58782958984
69.651184082031 2.3115584850311 269.45642089844
70.108978271484 2.4851779937744 268.96243286133
56.464073181152 0.8731694817543 279.19107055664
57.1676902771 0.68041861057281 279.00085449219
57.901023864746 0.55120486021042 278.88452148438
58.623657226562 0.39997926354408 278.73193359375
59.341003417969 0.31816911697388 278.51599121094
60.06925201416 0.23650819063187 278.34381103516
60.79719543457 0.25079596042633 278.14642333984
61.527500152588 0.27775740623474 277.95910644531
62.252555847168 0.33239388465881 277.75762939453
62.978462219238 0.42152404785156 277.57348632812
63.695831298828 0.559177339077 277.39129638672
64.434265136719 0.63327944278717 277.27157592773
65.158203125 0.79551446437836 277.13470458984
65.888137817383 0.94160348176956 277.01998901367
66.624656677246 1.0630135536194 276.95217895508
67.334518432617 1.243069767952 276.78845214844
68.051940917969 1.3447514772415 276.79470825195
68.785438537598 1.4887241125107 276.71435546875
69.519134521484 1.6319278478622 276.61416625977
70.256912231445 1.7407114505768 276.54769897461
70.98551940918 1.8930013179779 276.4250793457
71.714698791504 2.0376255512238 276.2956237793
72.444320678711 2.1847894191742 276.17132568359
73.160003662109 2.3496129512787 276.00024414062
73.885414123535 2.4967143535614 275.86410522461
