60.987957000732 6.9933657646179 281.95919799805
68.120864868164 -5.6904339790344 283.34332275391
74.395812988281 -7.2304482460022 278.13439941406
74.863716125488 -6.0284600257874 288.79614257812
60.661460876465 6.5024766921997 282.02322387695
60.541557312012 5.9245591163635 282.09399414062
60.505100250244 5.3356037139893 282.16464233398
60.56616973877 4.7483806610107 282.23333740234
60.707271575928 4.1745357513428 282.29913330078
60.886291503906 3.6111900806427 282.36297607422
61.115913391113 3.0660762786865 282.42376708984
61.374210357666 2.5337467193604 282.48260498047
61.667106628418 2.0192983150482 282.53866577148
61.976863861084 1.5146572589874 282.59329223633
62.293128967285 1.0140562057495 282.64730834961
62.646003723145 0.53810662031174 282.69778442383
62.998573303223 0.06193458288908 282.74826049805
63.361755371094 -0.40631464123726 282.79763793945
63.724361419678 -0.87499415874481 282.84707641602
64.101379394531 -1.3323389291763 282.89489746094
64.489967346191 -1.7800368070602 282.94143676758
64.882026672363 -2.2247369289398 282.98748779297
65.288696289062 -2.6563122272491 283.03173828125
65.69450378418 -3.08869099617 283.07608032227
66.100357055664 -3.5210299491882 283.12045288086
66.502288818359 -3.9569554328918 283.16528320312
66.903022766113 -4.3939747810364 283.21029663086
67.307960510254 -4.8271503448486 283.25479125977
67.722351074219 -5.2514209747314 283.29800415039
61.045810699463 6.2402529716492 281.75051879883
61.091751098633 5.4637656211853 281.73516845703
61.545375823975 4.8316426277161 281.63513183594
62.064270019531 4.2513184547424 281.53750610352
62.537467956543 3.6293365955353 281.46838378906
63.066291809082 3.0517549514771 281.41775512695
63.586219787598 2.4719090461731 281.32107543945
64.133880615234 1.9169073104858 281.23156738281
64.689086914062 1.3690857887268 281.14431762695
65.25276184082 0.83075326681137 281.05236816406
65.819923400879 0.29726749658585 280.95391845703
66.390449523926 -0.23038280010223 280.84448242188
66.960906982422 -0.74711984395981 280.69107055664
67.540863037109 -1.2496600151062 280.52655029297
68.135025024414 -1.7351409196854 280.36145019531
68.726226806641 -2.2224037647247 280.19107055664
69.303352355957 -2.7175621986389 279.99685668945
69.872436523438 -3.2197587490082 279.79705810547
70.422943115234 -3.7374365329742 279.58511352539
70.975296020508 -4.258617401123 279.38696289062
71.529159545898 -4.7827606201172 279.20126342773
72.086044311523 -5.3038721084595 279.01602172852
72.645248413086 -5.8226170539856 278.83114624023
73.227058410645 -6.3042130470276 278.61773681641
73.816818237305 -6.7799263000488 278.41317749023
61.088771820068 6.248733997345 282.21960449219
61.188724517822 5.494086265564 282.39785766602
61.655590057373 4.8849377632141 282.60803222656
62.173118591309 4.3116879463196 282.80102539062
62.708431243896 3.7501049041748 282.97668457031
63.299674987793 3.248720407486 283.15744018555
63.864418029785 2.7232074737549 283.35336303711
64.397468566895 2.1729447841644 283.56948852539
64.952697753906 1.6478623151779 283.79251098633
65.512069702148 1.1325306892395 284.02758789062
66.079467773438 0.63243836164474 284.27597045898
66.657325744629 0.15058194100857 284.53582763672
67.221618652344 -0.32634595036507 284.83215332031
67.785766601562 -0.78551286458969 285.15548706055
68.378211975098 -1.2111055850983 285.47366333008
69.01490020752 -1.610231757164 285.73590087891
69.606834411621 -2.0395369529724 286.05056762695
70.183197021484 -2.4990005493164 286.35119628906
70.730018615723 -2.9810383319855 286.6711730957
71.287315368652 -3.4549868106842 286.98504638672
71.864410400391 -3.9175536632538 287.27954101562
72.423980712891 -4.4077749252319 287.56289672852
73.000709533691 -4.8608341217041 287.87246704102
73.595336914062 -5.2683868408203 288.21020507812
74.207878112793 -5.6690411567688 288.52328491211
