90.065620422363 2.0318932533264 407.20989990234
110.48305511475 6.5971550941467 396.2356262207
109.77770996094 2.6579329967499 395.08242797852
107.40920257568 7.4091777801514 393.56243896484
90.872413635254 2.5524427890778 407.45254516602
91.733619689941 3.0265173912048 407.60879516602
92.618202209473 3.4788019657135 407.66622924805
93.525978088379 3.8825101852417 407.7233581543
94.444938659668 4.2626895904541 407.69830322266
95.376022338867 4.6025171279907 407.61212158203
96.277137756348 4.9882850646973 407.44644165039
97.147590637207 5.3900694847107 407.20315551758
98.073890686035 5.6739630699158 406.98162841797
98.97762298584 5.9340415000916 406.65664672852
99.869728088379 6.1678476333618 406.28448486328
100.74609375 6.3873648643494 405.86645507812
101.60778808594 6.5378623008728 405.39163208008
102.41204833984 6.7635016441345 404.85275268555
103.20532989502 6.9550905227661 404.28799438477
104.00152587891 7.0354509353638 403.69589233398
104.76371002197 7.0816292762756 403.05786132812
105.50968933105 7.1131076812744 402.40026855469
106.21897888184 7.1135940551758 401.70178222656
106.88499450684 7.0825433731079 400.96365356445
107.53294372559 7.0376081466675 400.20941162109
108.1487197876 6.9614491462708 399.43096923828
108.75230407715 6.8950099945068 398.64215087891
109.35514831543 6.8291888237 397.85272216797
109.94609069824 6.7731866836548 397.05355834961
90.940132141113 2.4761109352112 407.30041503906
91.848770141602 2.8860929012299 407.38418579102
92.765495300293 3.2875306606293 407.38491821289
93.685859680176 3.6818327903748 407.36212158203
94.613952636719 4.0431551933289 407.26675415039
95.539482116699 4.3807239532471 407.09555053711
96.488059997559 4.6472325325012 406.92611694336
97.400840759277 4.8994569778442 406.61734008789
98.314765930176 5.1076364517212 406.26586914062
99.233329772949 5.2692131996155 405.90194702148
100.12310791016 5.393093585968 405.4596862793
101.00891113281 5.4920077323914 405.00518798828
101.83812713623 5.5512275695801 404.44763183594
102.69107818604 5.5666303634644 403.92337036133
103.45482635498 5.5508995056152 403.27783203125
104.26789093018 5.5140194892883 402.69445800781
104.97978210449 5.4112672805786 402.01965332031
105.55374908447 5.3046865463257 401.27557373047
106.16389465332 5.1289553642273 400.5026550293
106.68572235107 4.8813853263855 399.68518066406
107.14051055908 4.6033487319946 398.84130859375
107.71211242676 4.2896375656128 398.09643554688
108.24871826172 3.925600528717 397.33374023438
108.7522277832 3.5288281440735 396.56484985352
109.24821472168 3.0921125411987 395.81237792969
90.885330200195 2.5615084171295 407.29934692383
91.753776550293 3.019627571106 407.31304931641
92.665832519531 3.3735246658325 407.23336791992
93.510238647461 3.8719239234924 407.21994018555
94.39461517334 4.2852745056152 407.130859375
95.296485900879 4.592725276947 406.94039916992
96.135368347168 4.9955320358276 406.72500610352
96.98998260498 5.3112363815308 406.43731689453
97.792427062988 5.7583541870117 406.1169128418
98.648803710938 5.9823622703552 405.69427490234
99.471694946289 6.2287068367004 405.22970581055
100.24757385254 6.5324773788452 404.70989990234
101.03079223633 6.6544070243835 404.13626098633
101.77478790283 6.8448705673218 403.52401733398
102.48078918457 7.0108504295349 402.86138916016
103.16594696045 7.1930875778198 402.19012451172
103.83650970459 7.1805949211121 401.48309326172
104.4841003418 7.2610549926758 400.75857543945
104.95570373535 7.2716474533081 399.90563964844
105.45862579346 7.2621665000916 399.0647277832
105.86946868896 7.2447400093079 398.17529296875
106.20073699951 7.1292400360107 397.26330566406
106.57370758057 7.1899871826172 396.35696411133
106.92437744141 7.1558938026428 395.44491577148
107.15551757812 7.2591991424561 394.50042724609
