71.553062438965 6.3876461982727 285.69848632812
64.592353820801 -3.7050890922546 282.05169677734
70.674964904785 -0.17717915773392 281.41693115234
67.529121398926 -1.8017708063126 287.55740356445
71.043876647949 6.4621152877808 285.51370239258
70.553680419922 6.3340554237366 285.31564331055
70.087249755859 6.1278343200684 285.11871337891
69.623359680176 5.9154534339905 284.92208862305
69.162895202637 5.6952919960022 284.72595214844
68.721878051758 5.4358692169189 284.53323364258
68.286247253418 5.1667122840881 284.34155273438
67.874069213867 4.8598308563232 284.15493774414
67.48722076416 4.5182747840881 283.97436523438
67.144584655762 4.1271319389343 283.80551147461
66.784790039062 3.753778219223 283.63198852539
66.43773651123 3.3670120239258 283.4619140625
66.146514892578 2.9307653903961 283.30792236328
65.87020111084 2.4832620620728 283.15841674805
65.63306427002 2.0101563930511 283.02114868164
65.406425476074 1.5309211015701 282.88723754883
65.215538024902 1.0333878993988 282.76498413086
65.046508789062 0.52627348899841 282.64999389648
64.885223388672 0.016053520143032 282.53762817383
64.747695922852 -0.50275403261185 282.43334960938
64.600494384766 -1.0182394981384 282.32577514648
64.47225189209 -1.5400340557098 282.22476196289
64.440284729004 -2.0817766189575 282.15798950195
64.441528320312 -2.6258344650269 282.10357666016
64.482360839844 -3.1696510314941 282.06414794922
71.579750061035 6.3911457061768 285.36468505859
71.523445129395 6.1967091560364 285.09768676758
71.405616760254 6.0176520347595 284.84036254883
71.246231079102 5.853618144989 284.59564208984
71.077178955078 5.6637506484985 284.37756347656
70.903457641602 5.4568500518799 284.17953491211
70.755264282227 5.2065391540527 284.01434326172
70.623031616211 4.9356541633606 283.86834716797
70.505012512207 4.6684169769287 283.70455932617
70.396598815918 4.4059963226318 283.52676391602
70.335662841797 4.1408557891846 283.33245849609
70.289108276367 3.8750329017639 283.13391113281
70.253410339355 3.6000077724457 282.94613647461
70.234725952148 3.3116590976715 282.7770690918
70.277976989746 3.0064213275909 282.65267944336
70.341033935547 2.6965053081512 282.54208374023
70.412605285645 2.3863804340363 282.43765258789
70.513946533203 2.0784192085266 282.35623168945
70.627616882324 1.7715226411819 282.2844543457
70.717742919922 1.4573237895966 282.21331787109
70.775726318359 1.1351674795151 282.14340209961
70.799819946289 0.80502325296402 282.10049438477
70.797485351562 0.47050875425339 282.08892822266
70.776008605957 0.22827257215977 281.92764282227
70.768562316895 0.0060311895795166 281.67959594727
71.278877258301 6.3058133125305 285.96301269531
70.980567932129 6.1216998100281 286.13278198242
70.64559173584 5.9214973449707 286.14379882812
70.310974121094 5.7207407951355 286.15365600586
69.994499206543 5.4930734634399 286.13336181641
69.687774658203 5.2539620399475 286.09936523438
69.387367248535 5.0074672698975 286.06329345703
69.132102966309 4.7123422622681 286.07470703125
68.895980834961 4.4027762413025 286.10342407227
68.670989990234 4.0864152908325 286.14050292969
68.561920166016 3.7293162345886 286.25448608398
68.461975097656 3.3708553314209 286.37246704102
68.38516998291 3.0078361034393 286.49380493164
68.321701049805 2.6414749622345 286.61254882812
68.328140258789 2.2649304866791 286.71542358398
68.334571838379 1.8883860111237 286.81829833984
68.34065246582 1.5118285417557 286.92108154297
68.285835266113 1.1344487667084 287.00466918945
68.231025695801 0.75706273317337 287.08825683594
68.181755065918 0.37828904390335 287.16897583008
68.141387939453 -0.0024954262189567 287.24499511719
68.078605651855 -0.37739145755768 287.333984375
67.951164245605 -0.72462677955627 287.45880126953
67.849639892578 -1.1008560657501 287.48101806641
67.713676452637 -1.4667695760727 287.47915649414
