57.708393096924 5.8225064277649 272.95626831055
61.757740020752 0.3534217774868 274.07174682617
64.651229858398 1.2212252616882 271.94296264648
63.526718139648 1.1448578834534 277.31051635742
57.60876083374 5.5631890296936 272.94488525391
57.624389648438 5.2851624488831 272.9596862793
57.65503692627 5.0087089538574 272.97766113281
57.731170654297 4.7418870925903 273.00534057617
57.825649261475 4.4814400672913 273.0368347168
57.942253112793 4.2306985855103 273.07272338867
58.076107025146 3.9892613887787 273.11206054688
58.224105834961 3.7566866874695 273.15417480469
58.368991851807 3.5220680236816 273.19564819336
58.5305519104 3.2992317676544 273.24035644531
58.70923614502 3.0905566215515 273.28823852539
58.8854637146 2.879700422287 273.3356628418
59.068565368652 2.675085067749 273.38439941406
59.256065368652 2.4746823310852 273.4338684082
59.449031829834 2.2797892093658 273.48434448242
59.647228240967 2.0904722213745 273.53576660156
59.84822845459 1.9042605161667 273.58764648438
60.058616638184 1.7292166948318 273.64114379883
60.274383544922 1.5611348152161 273.69555664062
60.492225646973 1.3958638906479 273.75030517578
60.70983505249 1.2302869558334 273.80505371094
60.927604675293 1.0649143457413 273.85980224609
61.14864730835 0.90417379140854 273.9150390625
61.346946716309 0.71495312452316 273.96643066406
61.559513092041 0.54270136356354 274.02032470703
57.876522064209 5.6218566894531 272.75103759766
57.999397277832 5.3187890052795 272.68643188477
58.176864624023 5.0370755195618 272.69122314453
58.420093536377 4.8081393241882 272.68399047852
58.674030303955 4.5918612480164 272.6676940918
58.949138641357 4.4022850990295 272.66232299805
59.221176147461 4.208589553833 272.65530395508
59.476718902588 3.9943509101868 272.63995361328
59.762325286865 3.8209722042084 272.64456176758
60.049350738525 3.649961233139 272.64660644531
60.33235168457 3.4729206562042 272.63180541992
60.615230560303 3.2959170341492 272.61486816406
60.896686553955 3.1193170547485 272.57952880859
61.175601959229 2.9388585090637 272.54376220703
61.442394256592 2.7412550449371 272.50595092773
61.709396362305 2.543940782547 272.46826171875
61.989692687988 2.3653285503387 272.43383789062
62.272346496582 2.1903486251831 272.40005493164
62.551563262939 2.0143551826477 272.34796142578
62.828285217285 1.8380190134048 272.28482055664
63.117393493652 1.6754914522171 272.24426269531
63.416393280029 1.527660369873 272.224609375
63.685451507568 1.3494045734406 272.13870239258
63.996402740479 1.2791711091995 272.04025268555
64.325004577637 1.2815319299698 271.98110961914
57.752033233643 5.6243100166321 273.2248840332
57.818439483643 5.3061537742615 273.32318115234
57.998168945312 5.0509653091431 273.45938110352
58.232780456543 4.8554630279541 273.61190795898
58.455753326416 4.6412844657898 273.75674438477
58.678466796875 4.424446105957 273.89749145508
58.930583953857 4.2404026985168 274.03576660156
59.177536010742 4.045060634613 274.16775512695
59.431606292725 3.8569605350494 274.29608154297
59.714786529541 3.7123634815216 274.42034912109
59.984981536865 3.5575535297394 274.5602722168
60.24161529541 3.3913021087646 274.71206665039
60.482479095459 3.2128818035126 274.87545776367
60.738742828369 3.04460978508 275.02572631836
60.991352081299 2.8798496723175 275.18566894531
61.226993560791 2.69917345047 275.35418701172
61.468399047852 2.5232725143433 275.51953125
61.717124938965 2.3644063472748 275.6911315918
61.969673156738 2.1926500797272 275.84368896484
62.208263397217 2.0241420269012 276.02044677734
62.446563720703 1.8634549379349 276.20471191406
62.677139282227 1.7089660167694 276.40350341797
62.894359588623 1.5758748054504 276.63082885742
63.112880706787 1.4322522878647 276.85034179688
63.309764862061 1.2831951379776 277.08609008789
