62.031391143799 -5.5276050567627 271.86474609375
71.879150390625 1.7017939090729 274.07739257812
73.656677246094 -0.31506714224815 277.05572509766
74.437538146973 -0.3973636329174 271.80917358398
62.046943664551 -5.0354552268982 271.92742919922
62.188610076904 -4.5659594535828 272.00421142578
62.424915313721 -4.1375026702881 272.08865356445
62.708934783936 -3.7396242618561 272.17584228516
63.014831542969 -3.3585391044617 272.26382446289
63.361965179443 -3.0148005485535 272.35272216797
63.731140136719 -2.6948382854462 272.4416809082
64.104583740234 -2.3798871040344 272.53067016602
64.495750427246 -2.0871019363403 272.61920166016
64.888008117676 -1.7957811355591 272.70776367188
65.296783447266 -1.5279387235641 272.7956237793
65.721450805664 -1.2856832742691 272.88250732422
66.145721435547 -1.042734503746 272.96939086914
66.577896118164 -0.81390404701233 273.05563354492
67.010192871094 -0.58526331186295 273.14181518555
67.44376373291 -0.35902968049049 273.22790527344
67.881378173828 -0.140550583601 273.31359863281
68.317733764648 0.080347687005997 273.39944458008
68.76456451416 0.27976822853088 273.48400878906
69.200149536133 0.50217998027802 273.56988525391
69.646331787109 0.70300960540771 273.65454101562
70.090408325195 0.90834856033325 273.73950195312
70.537818908691 1.1065306663513 273.82391357422
70.97925567627 1.3173357248306 273.90921020508
71.425109863281 1.5188826322556 273.99389648438
62.294185638428 -5.1283993721008 272.11837768555
62.607715606689 -4.7612872123718 272.36251831055
63.070251464844 -4.5327453613281 272.52340698242
63.437900543213 -4.1811499595642 272.70764160156
63.871166229248 -3.8970775604248 272.86367797852
64.334014892578 -3.6604020595551 273.01351928711
64.800643920898 -3.4305000305176 273.1623840332
65.299705505371 -3.2450771331787 273.25680541992
65.727210998535 -2.9855816364288 273.45825195312
66.17960357666 -2.7551305294037 273.64465332031
66.66869354248 -2.5619552135468 273.76989746094
67.100158691406 -2.3238887786865 273.9846496582
67.601707458496 -2.1968061923981 274.06259155273
68.009735107422 -1.9805762767792 274.34429931641
68.43571472168 -1.7681337594986 274.59613037109
68.914505004883 -1.6279588937759 274.80535888672
69.388717651367 -1.4966698884964 275.03039550781
69.862930297852 -1.3653818368912 275.25543212891
70.337158203125 -1.2340914011002 275.48046875
70.811370849609 -1.1028023958206 275.70550537109
71.285583496094 -0.97151440382004 275.93054199219
71.759811401367 -0.84022384881973 276.15557861328
72.234024047852 -0.70893478393555 276.38061523438
72.708236694336 -0.57764691114426 276.60565185547
73.182464599609 -0.44635477662086 276.83068847656
62.371971130371 -5.1335754394531 271.76797485352
62.700958251953 -4.7308588027954 271.66696166992
63.038520812988 -4.332941532135 271.57571411133
63.500339508057 -4.0867128372192 271.65200805664
63.958141326904 -3.8256967067719 271.70571899414
64.415046691895 -3.5623996257782 271.75604248047
64.86882019043 -3.2907700538635 271.78610229492
65.372909545898 -3.1480145454407 271.85906982422
65.839897155762 -2.9006216526031 271.88397216797
66.287483215332 -2.6178896427155 271.89916992188
66.783050537109 -2.4322452545166 271.92156982422
67.293869018555 -2.295473575592 271.95281982422
67.80477142334 -2.1590690612793 271.98406982422
68.324989318848 -2.0636897087097 272.01168823242
68.794380187988 -1.8191759586334 271.99328613281
69.287895202637 -1.6292750835419 271.96856689453
69.802856445312 -1.5060836076736 271.95263671875
70.317825317383 -1.3828934431076 271.93667602539
70.832786560059 -1.2597019672394 271.92071533203
71.347747802734 -1.1365103721619 271.90478515625
71.862716674805 -1.0133203268051 271.88885498047
72.37767791748 -0.89012861251831 271.87292480469
72.892646789551 -0.76693695783615 271.85699462891
73.407608032227 -0.64374530315399 271.84103393555
73.922576904297 -0.52055531740189 271.82510375977
