93.81761932373 18.805561065674 388.59146118164
107.74371337891 7.5531907081604 388.35855102539
111.54446411133 11.727119445801 384.88891601562
112.07955932617 10.72557926178 392.77618408203
93.872589111328 18.095773696899 388.58749389648
94.141166687012 17.43571472168 388.58093261719
94.47599029541 16.806770324707 388.57360839844
94.880783081055 16.220209121704 388.56567382812
95.312194824219 15.652997016907 388.55746459961
95.78401184082 15.118885040283 388.548828125
96.28572845459 14.612731933594 388.54000854492
96.804206848145 14.123757362366 388.5309753418
97.335189819336 13.648406982422 388.52191162109
97.887084960938 13.19748210907 388.51266479492
98.44539642334 12.754551887512 388.50329589844
99.022468566895 12.33633518219 388.4938659668
99.599761962891 11.918444633484 388.48446655273
100.19292449951 11.523381233215 388.47494506836
100.79178619385 11.137011528015 388.46536254883
101.39841461182 10.762958526611 388.4557800293
102.00471496582 10.388381958008 388.44613647461
102.62140655518 10.031156539917 388.43649291992
103.23686218262 9.6718187332153 388.42681884766
103.8655090332 9.3360929489136 388.41711425781
104.49850463867 9.0086297988892 388.40740966797
105.12766265869 8.6738700866699 388.39767456055
105.77587127686 8.3776540756226 388.38790893555
106.42375946045 8.0807466506958 388.37814331055
107.10321807861 7.865710735321 388.36831665039
94.184356689453 18.545072555542 388.10174560547
94.61589050293 17.937170028687 388.00277709961
95.269477844238 17.588390350342 387.87966918945
95.859909057617 17.17098236084 387.61502075195
96.536773681641 16.857316970825 387.43569946289
97.212524414062 16.510299682617 387.30996704102
97.895523071289 16.182041168213 387.17449951172
98.539848327637 15.785614967346 387.03305053711
99.252723693848 15.514210700989 386.92922973633
99.92724609375 15.165286064148 386.80352783203
100.6372756958 14.886861801147 386.70477294922
101.35611724854 14.627371788025 386.61209106445
102.08853149414 14.406175613403 386.52545166016
102.81443023682 14.167652130127 386.43466186523
103.52049255371 13.880514144897 386.32867431641
104.20778656006 13.558608055115 386.20074462891
104.92840576172 13.311633110046 386.08862304688
105.65954589844 13.097204208374 385.9782409668
106.39112091064 12.885303497314 385.86563110352
107.11562347412 12.661707878113 385.73156738281
107.84174346924 12.455819129944 385.57949829102
108.56874084473 12.262601852417 385.41732788086
109.2986831665 12.115946769714 385.22103881836
110.04334259033 11.972102165222 385.11004638672
110.79650115967 11.838623046875 385.03378295898
94.31177520752 18.479866027832 389.09225463867
94.845146179199 17.896818161011 389.08401489258
95.429901123047 17.355442047119 389.14682006836
96.054588317871 16.927690505981 389.37530517578
96.748069763184 16.582527160645 389.54400634766
97.391326904297 16.149431228638 389.73199462891
98.119194030762 15.827535629272 389.85763549805
98.833358764648 15.504239082336 390.04870605469
99.540397644043 15.170365333557 390.24813842773
100.18027496338 14.711268424988 390.39852905273
100.92812347412 14.420467376709 390.47808837891
101.67794799805 14.132858276367 390.55685424805
102.41690063477 13.816117286682 390.62585449219
103.11534881592 13.447048187256 390.77514648438
103.83530426025 13.123788833618 390.92181396484
104.59275817871 12.87068939209 391.03576660156
105.36056518555 12.651850700378 391.15298461914
106.09964752197 12.383975028992 391.32125854492
106.83699035645 12.097917556763 391.47689819336
107.5711517334 11.836230278015 391.68450927734
108.35982513428 11.72490978241 391.78680419922
109.05444335938 11.559502601624 392.1549987793
109.80246734619 11.378721237183 392.33319091797
110.58212280273 11.193373680115 392.42031860352
111.35115814209 10.999310493469 392.5625
