57.672290802002 -0.22466270625591 273.55993652344
74.456115722656 6.6690969467163 275.21524047852
72.33358001709 -0.9663000702858 278.50149536133
72.831367492676 -0.38585388660431 270.53875732422
58.052536010742 0.39016100764275 273.62997436523
58.567722320557 0.89724963903427 273.70172119141
59.124996185303 1.3578000068665 273.77313232422
59.698112487793 1.7985417842865 273.84420776367
60.276271820068 2.2326607704163 273.91516113281
60.869735717773 2.6456828117371 273.98571777344
61.473846435547 3.0430455207825 274.05587768555
62.086826324463 3.4266448020935 274.12567138672
62.708053588867 3.7968137264252 274.19512939453
63.337745666504 4.1524739265442 274.26409912109
63.979656219482 4.4857168197632 274.33233642578
64.641304016113 4.7781739234924 274.39904785156
65.313110351562 5.046745300293 274.46475219727
65.986686706543 5.310875415802 274.53033447266
66.667221069336 5.5567378997803 274.59506225586
67.352226257324 5.7900228500366 274.65924072266
68.045539855957 5.9976859092712 274.72210693359
68.73193359375 6.2269215583801 274.78607177734
69.432861328125 6.4077105522156 274.84762573242
70.136322021484 6.5785388946533 274.90863037109
70.851837158203 6.6902742385864 274.96627807617
71.571128845215 6.7754240036011 275.02227783203
72.293975830078 6.8240370750427 275.07598876953
73.018600463867 6.8333039283752 275.12701416016
73.742752075195 6.8004283905029 275.17495727539
58.037593841553 -0.12990336120129 274.02081298828
58.58309173584 -0.024835396558046 274.26419067383
59.154907226562 0.039964258670807 274.45886230469
59.729301452637 0.11827078461647 274.64077758789
60.308204650879 0.17016717791557 274.81777954102
60.87809753418 0.22784124314785 275.01940917969
61.453105926514 0.27327448129654 275.20724487305
62.038330078125 0.28679504990578 275.36682128906
62.620174407959 0.23192466795444 275.53298950195
63.203453063965 0.16235156357288 275.68707275391
63.788154602051 0.078115075826645 275.82916259766
64.374641418457 0.010894318111241 275.97232055664
64.962211608887 -0.046106211841106 276.11611938477
65.550872802734 -0.12855893373489 276.24063110352
66.139892578125 -0.2193448394537 276.35879516602
66.683776855469 -0.28709501028061 276.61907958984
67.241256713867 -0.34038707613945 276.84979248047
67.819725036621 -0.37567439675331 277.0322265625
68.405616760254 -0.40288424491882 277.19030761719
68.989524841309 -0.40784668922424 277.35513305664
69.56697845459 -0.37736454606056 277.54162597656
70.121383666992 -0.44054943323135 277.77722167969
70.686767578125 -0.56304967403412 277.95751953125
71.258781433105 -0.68183892965317 278.11730957031
71.835067749023 -0.69402766227722 278.28582763672
58.031642913818 -0.084492780268192 273.10522460938
58.590442657471 0.018462548032403 272.87603759766
59.183971405029 0.11507426202297 272.76123046875
59.781059265137 0.21388304233551 272.66598510742
60.373329162598 0.31931531429291 272.55224609375
60.961822509766 0.42332795262337 272.42126464844
61.570369720459 0.43992498517036 272.35208129883
62.175888061523 0.44028413295746 272.26000976562
62.77632522583 0.35513600707054 272.20303344727
63.373970031738 0.23288372159004 272.15655517578
63.96928024292 0.1498664021492 272.03936767578
64.573753356934 0.099791049957275 271.95278930664
65.175552368164 0.14869756996632 271.86721801758
65.776382446289 0.23314096033573 271.78198242188
66.37979888916 0.20626895129681 271.69641113281
66.983428955078 0.1637214422226 271.60235595703
67.586410522461 0.14051303267479 271.49618530273
68.181640625 0.1444625556469 271.35562133789
68.77188873291 0.17218260467052 271.19403076172
69.362594604492 0.2189739793539 271.03820800781
69.965942382812 0.20849412679672 270.97204589844
70.574798583984 0.1484812349081 270.97286987305
71.17790222168 0.048388157039881 271.00637817383
71.74925994873 -0.059136983007193 270.81304931641
72.339027404785 -0.20072510838509 270.81033325195
