56.82971572876 -32.1494140625 299.93515014648
78.458038330078 12.705164909363 306.19717407227
71.134399414062 13.487375259399 322.47418212891
87.631904602051 7.0030660629272 319.4407043457
57.039665222168 -31.055927276611 298.21392822266
57.350158691406 -29.815052032471 296.68731689453
58.000637054443 -28.075773239136 295.81887817383
58.750919342041 -26.301496505737 295.4450378418
59.638404846191 -24.479104995728 295.75109863281
60.534908294678 -22.745681762695 296.35137939453
61.434616088867 -21.043893814087 297.05624389648
62.334465026855 -19.308940887451 297.67211914062
63.234359741211 -17.561689376831 298.25497436523
64.134605407715 -15.834325790405 298.89373779297
65.034858703613 -14.106755256653 299.5319519043
65.934959411621 -12.366131782532 300.13400268555
66.834014892578 -10.613083839417 300.69625854492
67.730194091797 -8.8256664276123 301.14837646484
68.62557220459 -7.0337619781494 301.58358764648
69.519927978516 -5.2362322807312 301.99761962891
70.40901184082 -3.420756816864 302.33190917969
71.294738769531 -1.593873500824 302.61544799805
72.187950134277 0.20632763206959 303.01547241211
73.083183288574 1.9993555545807 303.44680786133
73.97509765625 3.8073897361755 303.81793212891
74.867797851562 5.6103563308716 304.20739746094
75.7666015625 7.3756742477417 304.73489379883
76.663627624512 9.1528816223145 305.21969604492
77.559600830078 10.935793876648 305.68283081055
55.561382293701 -30.370212554932 299.9294128418
54.553882598877 -28.374971389771 299.74911499023
54.154624938965 -26.190521240234 299.95025634766
53.632453918457 -24.157445907593 300.75643920898
53.18087387085 -22.239923477173 301.81661987305
53.991153717041 -20.557392120361 302.93853759766
55.26424407959 -19.061765670776 303.79504394531
54.770832061768 -17.542903900146 305.16470336914
55.761100769043 -15.980323791504 306.42269897461
56.369274139404 -14.244611740112 307.70251464844
57.329051971436 -12.680507659912 308.99700927734
58.113594055176 -10.946447372437 310.20864868164
58.935272216797 -9.2498893737793 311.44342041016
59.701206207275 -7.6248159408569 312.80090332031
60.956897735596 -6.1367383003235 313.91879272461
62.012004852295 -4.4908852577209 315.01553344727
62.537788391113 -2.6947474479675 316.22384643555
63.283321380615 -0.97368192672729 317.40625
64.31861114502 0.70992183685303 318.4928894043
65.321113586426 2.4679989814758 319.49136352539
66.083160400391 4.3373098373413 320.48272705078
66.9169921875 6.1835985183716 321.4182434082
68.131446838379 7.924072265625 322.15899658203
69.218856811523 9.8171405792236 322.70889282227
70.169845581055 11.774267196655 323.01089477539
58.981407165527 -32.408912658691 299.3659362793
60.964179992676 -31.518684387207 298.86877441406
62.817363739014 -30.351591110229 298.33380126953
64.883415222168 -29.534637451172 298.27725219727
66.649047851562 -28.521776199341 299.24417114258
68.206275939941 -27.113233566284 300.11611938477
69.74796295166 -25.980531692505 301.23910522461
70.708724975586 -24.250072479248 302.32473754883
72.018898010254 -22.80170249939 303.48617553711
73.179344177246 -21.287576675415 304.71154785156
74.303207397461 -19.782302856445 305.99337768555
75.20426940918 -18.063903808594 307.16088867188
76.367835998535 -16.571144104004 308.38772583008
77.413871765137 -14.941038131714 309.57318115234
78.361259460449 -13.232627868652 310.73419189453
79.518753051758 -11.722010612488 311.98013305664
80.43830871582 -10.026596069336 313.18685913086
81.51197052002 -8.3116340637207 314.2216796875
82.580184936523 -6.5662512779236 315.21252441406
83.595626831055 -4.7649741172791 316.15808105469
84.693000793457 -2.9908244609833 317.06582641602
85.679702758789 -1.196736574173 318.05364990234
86.650939941406 0.76642197370529 318.66015625
87.732452392578 2.7440285682678 318.93493652344
88.226943969727 4.8577308654785 318.97207641602
