57.029563903809 50.79418182373 333.46343994141
60.188774108887 26.18408203125 334.06585693359
47.841320037842 26.120651245117 340.77108764648
47.157150268555 25.741609573364 329.45739746094
57.981910705566 50.455753326416 333.38714599609
58.79691696167 49.855556488037 333.33309936523
59.48120880127 49.108562469482 333.29669189453
60.02840423584 48.255725860596 333.27682495117
60.399837493896 47.312923431396 333.27658081055
60.593143463135 46.318267822266 333.29483032227
60.630821228027 45.306087493896 333.32815551758
60.504249572754 44.30154800415 333.37655639648
60.28003692627 43.314498901367 333.43338012695
60.036773681641 42.33207321167 333.49185180664
59.801445007324 41.347667694092 333.54956054688
59.702980041504 40.340557098389 333.5954284668
59.648197174072 39.329120635986 333.63735961914
59.611217498779 38.31681060791 333.67767333984
59.555698394775 37.30541229248 333.71966552734
59.549606323242 36.292346954346 333.75714111328
59.579231262207 35.279567718506 333.7912902832
59.611255645752 34.26685333252 333.8251953125
59.657917022705 33.254661560059 333.85772705078
59.70626449585 32.242542266846 333.89010620117
59.772624969482 31.231391906738 333.92074584961
59.85765838623 30.221588134766 333.94961547852
59.977256774902 29.215202331543 333.97512817383
60.086944580078 28.207712173462 334.00164794922
60.118671417236 27.19499206543 334.03558349609
56.868083953857 50.267383575439 334.42645263672
56.900398254395 49.491291046143 335.21328735352
56.920974731445 48.667057037354 335.95239257812
56.790981292725 47.726039886475 336.52523803711
56.599010467529 46.801727294922 337.10748291016
56.342079162598 45.808639526367 337.51657104492
56.037921905518 44.804489135742 337.86303710938
55.64115524292 43.897441864014 338.36383056641
55.204452514648 42.917552947998 338.63748168945
54.718921661377 41.959396362305 338.91098022461
54.182144165039 41.031238555908 339.19515991211
53.62052154541 40.115978240967 339.47415161133
53.06303024292 39.190147399902 339.72106933594
52.498039245605 38.25199508667 339.88562011719
51.86124420166 37.344699859619 339.92929077148
51.216526031494 36.448150634766 340.03649902344
50.665584564209 35.512084960938 340.2585144043
50.151222229004 34.542190551758 340.3977355957
49.65465927124 33.553470611572 340.48034667969
49.180618286133 32.559982299805 340.59271240234
48.811367034912 31.544286727905 340.84365844727
48.552509307861 30.477621078491 340.9938659668
48.347991943359 29.391839981079 341.04837036133
48.180297851562 28.295709609985 341.02526855469
48.066921234131 27.200019836426 340.89273071289
56.882625579834 50.42724609375 332.39318847656
56.864116668701 49.905128479004 331.37872314453
56.813732147217 49.094329833984 330.60757446289
56.675594329834 48.073505401611 330.10696411133
56.477439880371 47.053359985352 329.62173461914
56.148048400879 46.019947052002 329.27700805664
55.803760528564 44.937599182129 329.11239624023
55.365852355957 43.939373016357 328.78601074219
54.740695953369 43.021934509277 328.5007019043
54.1379737854 42.063583374023 328.31631469727
53.577518463135 41.067295074463 328.22375488281
53.013774871826 40.071014404297 328.16500854492
52.368869781494 39.122787475586 328.21044921875
51.750282287598 38.170608520508 328.34732055664
51.158050537109 37.21448135376 328.57577514648
50.528251647949 36.264839172363 328.57116699219
49.887996673584 35.313251495361 328.53359985352
49.354839324951 34.39799118042 328.75671386719
49.074436187744 33.3720703125 328.93591308594
48.656276702881 32.31421661377 329.00866699219
48.278968811035 31.243181228638 329.00085449219
48.036128997803 30.127506256104 328.88510131836
47.852970123291 29.002042770386 328.86779785156
47.743953704834 27.864421844482 328.97286987305
47.476207733154 26.827671051025 329.33764648438
