67.746871948242 -5.3520617485046 267.548828125
75.901329040527 0.72352576255798 273.73370361328
82.532089233398 -2.8050560951233 274.4342956543
81.470016479492 4.2200145721436 269.4169921875
67.466918945312 -5.1416082382202 267.91873168945
67.359519958496 -4.8646221160889 268.33322143555
67.32592010498 -4.571849822998 268.74932861328
67.389472961426 -4.2679867744446 269.15393066406
67.520599365234 -3.9631917476654 269.54113769531
67.721939086914 -3.6637151241302 269.90148925781
67.981079101562 -3.3743114471436 270.23187255859
68.289497375488 -3.0983386039734 270.52996826172
68.624290466309 -2.8318724632263 270.80752563477
68.984893798828 -2.5765931606293 271.06240844727
69.365257263184 -2.331446647644 271.29782104492
69.751480102539 -2.0896427631378 271.52691650391
70.160102844238 -1.8619121313095 271.73025512695
70.574485778809 -1.6382541656494 271.92633056641
70.993591308594 -1.4180886745453 272.11624145508
71.413391113281 -1.1984630823135 272.30520629883
71.83812713623 -0.98270589113235 272.48742675781
72.280715942383 -0.78254300355911 272.64306640625
72.729675292969 -0.58870673179626 272.78814697266
73.174324035645 -0.39053305983543 272.94046020508
73.625129699707 -0.19863682985306 273.08233642578
74.077796936035 -0.0087340567260981 273.22091674805
74.53441619873 0.17677567899227 273.35232543945
74.983329772949 0.37065672874451 273.49743652344
75.416809082031 0.57883179187775 273.6667175293
67.909843444824 -5.1973328590393 268.18505859375
68.011787414551 -4.8723516464233 268.76922607422
68.158187866211 -4.5374040603638 269.33557128906
68.542778015137 -4.2491054534912 269.79385375977
69.185218811035 -4.2964887619019 269.99462890625
69.807647705078 -4.203293800354 270.24047851562
70.430892944336 -4.0463280677795 270.44866943359
71.062690734863 -3.975700378418 270.67874145508
71.701873779297 -3.8696551322937 270.87243652344
72.344505310059 -3.7648963928223 271.05511474609
72.983512878418 -3.6478676795959 271.24295043945
73.6171875 -3.5229189395905 271.44329833984
74.254440307617 -3.4169633388519 271.64315795898
74.901634216309 -3.3251688480377 271.81646728516
75.550750732422 -3.2499408721924 271.99060058594
76.199264526367 -3.1795878410339 272.1689453125
76.850677490234 -3.1045372486115 272.33432006836
77.503067016602 -3.0391819477081 272.49990844727
78.158531188965 -3.0021529197693 272.66186523438
78.799827575684 -2.9680600166321 272.87377929688
79.434410095215 -2.9367384910583 273.10537719727
80.069160461426 -2.8969016075134 273.33517456055
80.687225341797 -2.8619015216827 273.60739135742
81.302490234375 -2.8235499858856 273.88540649414
81.932540893555 -2.7654938697815 274.12396240234
67.777336120605 -4.7290635108948 267.82913208008
67.914726257324 -4.2699108123779 268.3235168457
68.108955383301 -3.8246755599976 268.81085205078
68.408828735352 -3.3414485454559 269.14172363281
68.944038391113 -2.9223127365112 269.05010986328
69.552429199219 -2.6014196872711 269.05252075195
70.162651062012 -2.2925055027008 269.13192749023
70.767150878906 -1.9658265113831 269.17709350586
71.359649658203 -1.6178385019302 269.22030639648
71.973754882812 -1.3092375993729 269.26348876953
72.581634521484 -0.9930876493454 269.33322143555
73.19083404541 -0.67861312627792 269.39849853516
73.806632995605 -0.37368938326836 269.44409179688
74.423973083496 -0.069176286458969 269.46505737305
75.031913757324 0.25411608815193 269.4797668457
75.640213012695 0.57682609558105 269.4831237793
76.235702514648 0.92148399353027 269.45367431641
76.84561920166 1.2401239871979 269.42529296875
77.454879760742 1.5602124929428 269.40087890625
78.045486450195 1.9138158559799 269.37997436523
78.622611999512 2.2893083095551 269.36520385742
79.211112976074 2.6468260288239 269.37725830078
79.782432556152 3.031197309494 269.39044189453
80.352119445801 3.4181747436523 269.38436889648
80.91967010498 3.8081595897675 269.37432861328
