4.0174679756165 -1.2734265327454 -8.7574033737183
-10.42747592926 6.2462391853333 14.70122051239
-19.790205001831 11.672142028809 0.67017436027527
-26.307092666626 -3.2476963996887 5.6798691749573
4.8475646972656 -1.1177147626877 -7.854332447052
5.3118143081665 -0.87043249607086 -6.7357850074768
5.379650592804 -0.56463730335236 -5.5396590232849
5.3419809341431 -0.24898134171963 -4.3447632789612
5.2092452049255 0.073588632047176 -3.1585245132446
4.9813470840454 0.40117731690407 -1.9882287979126
4.7395725250244 0.72933608293533 -0.8208857178688
4.3605451583862 1.0607678890228 0.30827355384827
3.7603278160095 1.387749671936 1.3386452198029
3.4282019138336 1.7184916734695 2.4824981689453
2.9720163345337 2.0498487949371 3.5828521251678
2.364964723587 2.376446723938 4.609236240387
1.7526965141296 2.7027857303619 5.632698059082
1.0690264701843 3.0243422985077 6.6114568710327
0.31751117110252 3.3396663665771 7.5412721633911
-0.45256301760674 3.652973651886 8.4565105438232
-1.2367198467255 3.9646461009979 9.360279083252
-2.0588161945343 4.2714495658875 10.23138999939
-2.9512712955475 4.5672450065613 11.034331321716
-3.8857650756836 4.8550357818604 11.791082382202
-4.8484764099121 5.13671875 12.514025688171
-5.8569197654724 5.4069952964783 13.176382064819
-6.8996887207031 5.6672477722168 13.787665367126
-8.0616760253906 5.8749055862427 14.153484344482
-9.2803230285645 6.0292134284973 14.294054985046
3.7914683818817 -0.1116895377636 -8.6661672592163
3.4325044155121 0.82793647050858 -8.0338706970215
2.8530373573303 1.5125793218613 -7.259850025177
2.2006397247314 2.1044125556946 -6.4729981422424
1.4456242322922 2.5630540847778 -5.6785478591919
0.56992334127426 2.9933557510376 -5.0032534599304
-0.33124974370003 3.436797618866 -4.3725318908691
-1.2746195793152 3.9423446655273 -3.8568067550659
-2.2980003356934 4.3444457054138 -3.4067425727844
-3.3601570129395 4.7439141273499 -3.3134031295776
-4.4674105644226 5.1443433761597 -3.3655936717987
-5.582444190979 5.5472421646118 -3.2886281013489
-6.6876606941223 5.8335518836975 -2.9737222194672
-7.7435803413391 6.1854820251465 -2.5588676929474
-8.6120615005493 6.6649112701416 -1.9830800294876
-9.4884777069092 7.2116513252258 -1.4193881750107
-10.456775665283 7.7377648353577 -0.97768211364746
-11.459652900696 8.2532119750977 -0.60338026285172
-12.547235488892 8.4907073974609 -0.21733069419861
-13.64120388031 8.7863998413086 0.084832675755024
-14.711724281311 9.2686882019043 0.26631373167038
-15.817007064819 9.6905698776245 0.34505105018616
-16.930727005005 10.098443984985 0.4082028567791
-18.043165206909 10.501180648804 0.50168669223785
-18.980930328369 10.983464241028 0.50930231809616
3.727429151535 -2.5103013515472 -8.2851028442383
2.733306646347 -3.1131391525269 -7.6681756973267
1.6486957073212 -3.1865293979645 -6.829879283905
0.67548912763596 -3.0496768951416 -5.8727746009827
-0.30049294233322 -2.8569469451904 -4.9367094039917
-1.3218195438385 -2.3852972984314 -4.1567616462708
-2.4302022457123 -2.471001625061 -3.351372718811
-3.4358215332031 -2.4253573417664 -2.4276552200317
-4.4896674156189 -2.3054659366608 -1.6319003105164
-5.8294897079468 -2.1297023296356 -1.3900508880615
-7.1167759895325 -2.1057024002075 -0.92274069786072
-8.385196685791 -2.0730361938477 -0.39986953139305
-9.6259250640869 -1.9461238384247 0.17371065914631
-10.856494903564 -1.8737056255341 0.77715677022934
-12.084979057312 -1.8124768733978 1.3867353200912
-13.336049079895 -1.7702411413193 1.9489811658859
-14.597681045532 -1.7469520568848 2.4887282848358
-15.861038208008 -1.8133602142334 3.0216701030731
-17.131769180298 -1.9576736688614 3.5014429092407
-18.417940139771 -2.2651464939117 3.8698620796204
-19.721580505371 -2.2579770088196 4.2854342460632
-21.038806915283 -2.2929816246033 4.6561284065247
-22.369592666626 -2.4228007793427 4.9670376777649
-23.700107574463 -2.6142544746399 5.245475769043
-25.04789352417 -2.7518906593323 5.4660539627075
