69.606170654297 4.9044423103333 289.14749145508
64.111312866211 -2.8849408626556 280.83734130859
60.945713043213 5.1276631355286 266.05126953125
75.424362182617 -10.797881126404 270.53207397461
69.224723815918 4.6415491104126 289.42633056641
68.819038391113 4.2820887565613 289.47692871094
68.418609619141 3.9135520458221 289.48458862305
68.029502868652 3.5363042354584 289.43313598633
67.652038574219 3.1558680534363 289.33853149414
67.295967102051 2.7750239372253 289.18170166016
66.950691223145 2.3959000110626 288.99932861328
66.632835388184 2.0240848064423 288.76119995117
66.357635498047 1.669269323349 288.45367431641
66.120742797852 1.3337738513947 288.09646606445
65.906799316406 1.0112124681473 287.71353149414
65.703269958496 0.69487303495407 287.3200378418
65.540588378906 0.4043815433979 286.88958740234
65.40860748291 0.1346457451582 286.43539428711
65.289939880371 -0.12571921944618 285.97216796875
65.134231567383 -0.41159904003143 285.53601074219
64.963249206543 -0.70760923624039 285.11224365234
64.803581237793 -0.99619591236115 284.67904663086
64.664253234863 -1.2710384130478 284.23013305664
64.528549194336 -1.5433634519577 283.77868652344
64.417449951172 -1.7982876300812 283.31057739258
64.325256347656 -2.0393576622009 282.83117675781
64.250122070312 -2.2676019668579 282.34259033203
64.190277099609 -2.4840891361237 281.84661865234
64.14453125 -2.6895091533661 281.3444519043
68.670875549316 4.4744081497192 288.95425415039
67.886611938477 3.8166642189026 288.78387451172
67.379257202148 3.172018289566 288.13656616211
66.750511169434 2.7995855808258 287.3825378418
66.128997802734 2.5108449459076 286.58770751953
65.581604003906 2.3140339851379 285.71392822266
65.032157897949 2.233827829361 284.82272338867
64.55753326416 2.1576929092407 283.88885498047
64.05290222168 2.1182444095612 282.96853637695
63.54577255249 2.1111195087433 282.04898071289
63.09037399292 2.0378158092499 281.10668945312
62.798248291016 1.9406988620758 280.1025390625
62.498817443848 1.9057846069336 279.09664916992
62.261978149414 1.9424403905869 278.07406616211
62.007164001465 2.0349967479706 277.05932617188
61.792129516602 2.1582596302032 276.03866577148
61.636295318604 2.2694113254547 275.00604248047
61.519283294678 2.4587202072144 273.97952270508
61.407390594482 2.6872937679291 272.96044921875
61.295257568359 2.9569818973541 271.95172119141
61.25386428833 3.3262360095978 270.96926879883
61.196025848389 3.6543157100677 269.97314453125
61.132732391357 4.0433030128479 268.99948120117
61.080471038818 4.4475350379944 268.03143310547
61.064071655273 4.7730274200439 267.03289794922
69.09700012207 4.0090184211731 288.96728515625
68.40731048584 3.2659945487976 288.72958374023
67.901016235352 2.5665287971497 288.14471435547
67.710174560547 1.7874966859818 287.47039794922
67.647064208984 0.97367125749588 286.81301879883
67.688575744629 0.20071674883366 286.10632324219
67.844818115234 -0.55422902107239 285.39617919922
68.078224182129 -1.2459524869919 284.64340209961
68.27864074707 -1.954851269722 283.89743041992
68.4462890625 -2.6038289070129 283.09133911133
68.692169189453 -3.1990597248077 282.26406860352
68.975578308105 -3.8573784828186 281.49896240234
69.178657531738 -4.4822487831116 280.68176269531
69.448753356934 -5.0838565826416 279.8664855957
69.748832702637 -5.6237597465515 279.01901245117
70.061882019043 -6.1457633972168 278.16519165039
70.355201721191 -6.5979785919189 277.26657104492
70.861282348633 -7.0662379264832 276.47637939453
71.33659362793 -7.5288004875183 275.6640625
71.82740020752 -8.0049781799316 274.86907958984
72.376892089844 -8.4825868606567 274.11434936523
72.977172851562 -8.9436092376709 273.38848876953
73.614418029785 -9.3996095657349 272.69152832031
74.232391357422 -9.8658647537231 271.98406982422
74.827339172363 -10.316717147827 271.24749755859
