68.084548950195 -5.9445390701294 281.73867797852
70.147361755371 9.9281921386719 282.58364868164
74.35945892334 10.346962928772 288.33221435547
76.564399719238 9.9112577438354 280.10443115234
67.392234802246 -5.7020955085754 281.50375366211
66.749908447266 -5.2984166145325 281.36740112305
66.17928314209 -4.8048210144043 281.23123168945
65.660316467285 -4.2531027793884 281.10046386719
65.244873046875 -3.611430644989 281.00146484375
64.929016113281 -2.913049697876 280.94506835938
64.669944763184 -2.1914346218109 280.89770507812
64.522171020508 -1.4367016553879 280.84887695312
64.497291564941 -0.66670167446136 280.87365722656
64.554039001465 0.097191601991653 280.91784667969
64.696411132812 0.85068964958191 280.97839355469
64.938079833984 1.5795630216599 281.04525756836
65.271560668945 2.2663009166718 281.13677978516
65.702476501465 2.886875629425 281.25433349609
66.211357116699 3.448269367218 281.39276123047
66.411651611328 4.1900191307068 281.45248413086
66.562980651855 4.9214019775391 281.55938720703
66.247039794922 5.6183748245239 281.46694946289
66.496612548828 6.2784299850464 281.53009033203
67.025009155273 6.7864480018616 281.67520141602
67.688201904297 7.1341195106506 281.85806274414
68.304290771484 7.5653076171875 282.01681518555
68.885498046875 8.042896270752 282.16836547852
69.312789916992 8.6636295318604 282.33038330078
69.702491760254 9.312370300293 282.47271728516
67.593376159668 -5.3661441802979 282.01351928711
67.103950500488 -4.7266054153442 282.07092285156
66.685394287109 -4.0361738204956 282.0657043457
66.342575073242 -3.3055324554443 282.08120727539
66.175994873047 -2.5157005786896 282.08993530273
66.17456817627 -1.7101473808289 282.14031982422
66.312103271484 -0.92031478881836 282.23126220703
66.606414794922 -0.19342358410358 282.42340087891
66.958427429199 0.50115460157394 282.63604736328
67.408248901367 1.1245687007904 282.8825378418
67.897804260254 1.6841688156128 283.19747924805
68.38956451416 2.2383065223694 283.51843261719
68.868408203125 2.7637546062469 283.90133666992
69.343597412109 3.2810816764832 284.2995300293
69.826774597168 3.7851898670197 284.70501708984
70.313591003418 4.2824349403381 285.11456298828
70.762619018555 4.8021564483643 285.53915405273
71.215919494629 5.3256325721741 285.95449829102
71.666580200195 5.8564476966858 286.36331176758
72.105751037598 6.406455039978 286.7590637207
72.547477722168 6.9811391830444 287.11489868164
72.989974975586 7.5723352432251 287.44149780273
73.403419494629 8.2072916030884 287.72052001953
73.735687255859 8.911319732666 287.93487548828
74.047576904297 9.6291408538818 288.13354492188
67.770889282227 -5.403712272644 281.26846313477
67.377639770508 -4.7569289207458 281.06127929688
67.033271789551 -4.0641355514526 280.92840576172
66.752799987793 -3.33962059021 280.82077026367
66.629676818848 -2.5673503875732 280.7580871582
66.632377624512 -1.7835656404495 280.73187255859
66.790786743164 -1.014997959137 280.74291992188
67.04810333252 -0.2744787633419 280.76953125
67.433753967285 0.40733522176743 280.81301879883
67.924728393555 1.0178245306015 280.86459350586
68.433250427246 1.6147193908691 280.89538574219
68.998985290527 2.157466173172 280.85296630859
69.575355529785 2.6890873908997 280.81442260742
70.18669128418 3.1810541152954 280.78863525391
70.799545288086 3.669881105423 280.7451171875
71.413154602051 4.1559314727783 280.68453979492
72.015037536621 4.6549401283264 280.61279296875
72.602928161621 5.1684241294861 280.52813720703
73.18766784668 5.684778213501 280.43930053711
73.765754699707 6.2070660591125 280.34194946289
74.340087890625 6.7350964546204 280.25393676758
74.89998626709 7.2826862335205 280.19912719727
75.410842895508 7.878429889679 280.22241210938
75.890968322754 8.4994821548462 280.22506713867
76.24626159668 9.1942873001099 280.13885498047
