65.357818603516 -3.3354225158691 279.78829956055
72.182502746582 3.449503660202 282.56311035156
75.270149230957 1.2695806026459 284.65643310547
75.970054626465 3.145272731781 280.45928955078
65.061981201172 -2.9381539821625 279.83636474609
64.974609375 -2.4557526111603 279.93151855469
64.952537536621 -1.9679669141769 280.03567504883
64.982276916504 -1.4852598905563 280.15579223633
65.066711425781 -1.0062823295593 280.26531982422
65.205123901367 -0.54082870483398 280.37915039062
65.487617492676 -0.15873503684998 280.5080871582
65.814292907715 0.19622544944286 280.63702392578
66.1474609375 0.54656708240509 280.76214599609
66.532646179199 0.84197270870209 280.87808227539
66.920738220215 1.1343137025833 280.99346923828
67.312324523926 1.420414686203 281.11260986328
67.741973876953 1.6356956958771 281.23526000977
67.975830078125 1.8580729961395 281.34362792969
67.623352050781 2.2043435573578 281.40930175781
67.701416015625 2.6049113273621 281.53485107422
68.1025390625 2.86403632164 281.68096923828
68.414497375488 3.2116405963898 281.83218383789
68.836921691895 3.2882442474365 281.93008422852
69.327163696289 3.2281703948975 282.00390625
69.819366455078 3.1657238006592 282.06039428711
70.311828613281 3.1029717922211 282.11462402344
70.797836303711 3.152357339859 282.21685791016
71.284202575684 3.2043776512146 282.31744384766
71.77172088623 3.2573280334473 282.41192626953
65.37247467041 -3.0435769557953 280.18859863281
65.42406463623 -2.5800569057465 280.37188720703
65.446662902832 -2.0990519523621 280.50408935547
65.641258239746 -1.6631436347961 280.65277099609
65.953582763672 -1.295699596405 280.7880859375
66.324584960938 -0.99119448661804 280.93228149414
66.70662689209 -0.7292600274086 281.12347412109
67.12540435791 -0.52583259344101 281.30944824219
67.564498901367 -0.35908004641533 281.4846496582
68.022750854492 -0.23684303462505 281.64752197266
68.488655090332 -0.12402556091547 281.79452514648
68.96558380127 -0.026614105328918 281.91510009766
69.441871643066 0.071501016616821 282.03762817383
69.917350769043 0.16968154907227 282.16296386719
70.382957458496 0.26778876781464 282.3212890625
70.844230651855 0.36490014195442 282.49221801758
71.292091369629 0.45855215191841 282.69744873047
71.746391296387 0.5436624288559 282.89202880859
72.203834533691 0.6238095164299 283.08114624023
72.644714355469 0.70974016189575 283.30413818359
73.083976745605 0.79744845628738 283.52960205078
73.522621154785 0.89577972888947 283.75186157227
73.956565856934 1.0223466157913 283.9690246582
74.391815185547 1.133646607399 284.19183349609
74.830673217773 1.2075204849243 284.42300415039
65.432403564453 -2.9033334255219 279.52828979492
65.457382202148 -2.3888168334961 279.55047607422
65.550224304199 -1.8924670219421 279.65173339844
65.769561767578 -1.4393836259842 279.76239013672
66.087295532227 -1.0477555990219 279.86791992188
66.489959716797 -0.73629283905029 279.95486450195
66.922866821289 -0.46565502882004 280.03021240234
67.393074035645 -0.25979685783386 280.08795166016
67.876091003418 -0.085762970149517 280.14541625977
68.363800048828 0.074471928179264 280.20333862305
68.855438232422 0.21886931359768 280.26919555664
69.349998474121 0.34961247444153 280.34146118164
69.847068786621 0.46854183077812 280.4167175293
70.342956542969 0.60130339860916 280.47415161133
70.835227966309 0.75533598661423 280.50335693359
71.326553344727 0.91292071342468 280.52880859375
71.812118530273 1.0892322063446 280.53396606445
72.291801452637 1.2808748483658 280.52450561523
72.767608642578 1.4812735319138 280.50549316406
73.242500305176 1.6834028959274 280.48452758789
73.6943359375 1.930196762085 280.44149780273
74.144493103027 2.1816141605377 280.40899658203
74.597427368164 2.4291880130768 280.38775634766
75.05451965332 2.669376373291 280.40472412109
75.51229095459 2.907324552536 280.43200683594
