68.639419555664 5.4354639053345 271.33831787109
76.88875579834 -1.4923728704453 274.54931640625
79.924591064453 -0.25456464290619 271.56018066406
78.446319580078 1.0201457738876 278.17919921875
68.530532836914 5.0064997673035 271.39343261719
68.636642456055 4.5821475982666 271.49746704102
68.839836120605 4.1986055374146 271.61639404297
69.104537963867 3.8564701080322 271.74188232422
69.39183807373 3.5336630344391 271.86901855469
69.693351745605 3.2244579792023 271.99688720703
70.014289855957 2.9356486797333 272.12539672852
70.333480834961 2.6449499130249 272.25387573242
70.665283203125 2.3687632083893 272.3825378418
71.001152038574 2.0975511074066 272.51123046875
71.338104248047 1.8276941776276 272.63995361328
71.678810119629 1.5626248121262 272.76861572266
72.03343963623 1.3163261413574 272.89703369141
72.380722045898 1.0599222183228 273.02560424805
72.746124267578 0.82958942651749 273.15350341797
73.112342834473 0.60053074359894 273.28134155273
73.47876739502 0.37182208895683 273.4091796875
73.852882385254 0.15556633472443 273.53643798828
74.222679138184 -0.067792117595673 273.6640625
74.598754882812 -0.2807200551033 273.79116821289
74.973083496094 -0.49655815958977 273.91845703125
75.35962677002 -0.69041210412979 274.04440307617
75.732643127441 -0.90846174955368 274.17178344727
76.119689941406 -1.1014859676361 274.29769897461
76.490272521973 -1.3235501050949 274.42526245117
68.90055847168 5.0409231185913 271.21594238281
69.27018737793 4.7223906517029 271.17071533203
69.687774658203 4.4633774757385 271.17700195312
70.094093322754 4.1886796951294 271.20986938477
70.50666809082 3.921689748764 271.21789550781
70.936965942383 3.6842520236969 271.23291015625
71.370735168457 3.4532837867737 271.24877929688
71.806396484375 3.2257282733917 271.2619934082
72.245574951172 3.005234003067 271.27798461914
72.688270568848 2.7921016216278 271.29678344727
73.129035949707 2.5748245716095 271.31344604492
73.569198608398 2.3563146591187 271.32907104492
74.015983581543 2.1520254611969 271.3486328125
74.469367980957 1.9632083177567 271.37213134766
74.924102783203 1.7774621248245 271.39398193359
75.38037109375 1.5952724218369 271.41354370117
75.835098266602 1.408836722374 271.42834472656
76.28825378418 1.218256354332 271.43719482422
76.746200561523 1.0392619371414 271.43481445312
77.202087402344 0.85531890392303 271.42657470703
77.65503692627 0.66510248184204 271.44366455078
78.09880065918 0.46749126911163 271.51959228516
78.547416687012 0.2731519639492 271.57135009766
79.002998352051 0.088237799704075 271.57437133789
79.463798522949 -0.083163425326347 271.56726074219
68.791709899902 5.1518359184265 271.71051025391
69.087196350098 4.8840174674988 272.00201416016
69.451675415039 4.6795325279236 272.26800537109
69.79825592041 4.4409909248352 272.52972412109
70.167037963867 4.2376670837402 272.79098510742
70.555191040039 4.0538115501404 273.03848266602
70.943649291992 3.8719160556793 273.28686523438
71.3251953125 3.6887440681458 273.54486083984
71.717788696289 3.5199058055878 273.79598999023
72.120056152344 3.3597962856293 274.03720092773
72.52645111084 3.1823079586029 274.25869750977
72.930450439453 3.0050137042999 274.48458862305
73.323364257812 2.8299241065979 274.73083496094
73.712448120117 2.671703338623 274.99404907227
74.111961364746 2.5310509204865 275.25143432617
74.528190612793 2.4039850234985 275.48858642578
74.922828674316 2.2604196071625 275.75183105469
75.337127685547 2.1314897537231 275.9914855957
75.740715026855 1.9952988624573 276.24499511719
76.128677368164 1.8499467372894 276.51712036133
76.514846801758 1.7230665683746 276.80075073242
76.90690612793 1.565801024437 277.06011962891
77.295455932617 1.400163769722 277.31958007812
77.678176879883 1.2489045858383 277.59588623047
78.065315246582 1.1301349401474 277.88177490234
