98.815086364746 -3.8086550235748 332.89804077148
91.590148925781 -20.866626739502 331.1979675293
82.680877685547 -15.871762275696 340.21084594727
80.851852416992 -13.14334487915 326.71127319336
99.437965393066 -4.3420977592468 332.71304321289
99.807952880859 -5.0758237838745 332.5341796875
100.10938262939 -5.8415031433105 332.36071777344
100.32121276855 -6.638514995575 332.19595336914
100.46905517578 -7.4512915611267 332.03854370117
100.55621337891 -8.2742471694946 331.88882446289
100.60130310059 -9.1016130447388 331.74493408203
100.56367492676 -9.9314107894897 331.61346435547
100.5520324707 -10.761323928833 331.47799682617
100.41138458252 -11.582587242126 331.36395263672
100.20267486572 -12.39094543457 331.26266479492
99.906028747559 -13.173456192017 331.17929077148
99.585632324219 -13.947079658508 331.10107421875
99.207901000977 -14.695638656616 331.0358581543
98.793518066406 -15.425283432007 330.9794921875
98.330070495605 -16.125679016113 330.93563842773
97.825172424316 -16.797454833984 330.90289306641
97.265892028809 -17.42529296875 330.88586425781
96.66552734375 -18.014196395874 330.88168334961
96.02579498291 -18.56001663208 330.89074707031
95.341125488281 -19.047693252563 330.91635131836
94.648414611816 -19.523717880249 330.94519042969
93.908203125 -19.919809341431 330.99459838867
93.177047729492 -20.332893371582 331.03979492188
92.387702941895 -20.61270904541 331.11608886719
98.712043762207 -4.4215478897095 333.52444458008
98.638130187988 -5.2108459472656 333.9137878418
98.419174194336 -6.0275597572327 334.17016601562
98.097297668457 -6.8246469497681 334.37515258789
97.701942443848 -7.5914855003357 334.5671081543
97.291641235352 -8.3463201522827 334.77435302734
96.860343933105 -9.0708169937134 335.03771972656
96.297882080078 -9.6793689727783 335.34432983398
95.652122497559 -10.242207527161 335.56192016602
94.982460021973 -10.765246391296 335.80490112305
94.303817749023 -11.246005058289 336.10244750977
93.526123046875 -11.57063293457 336.36892700195
92.741241455078 -11.892482757568 336.61706542969
91.953254699707 -12.212691307068 336.85736083984
91.161979675293 -12.513945579529 337.11099243164
90.368659973145 -12.799995422363 337.37548828125
89.582313537598 -13.040992736816 337.69918823242
88.800743103027 -13.264093399048 338.04556274414
88.028221130371 -13.654703140259 338.22399902344
87.258819580078 -14.059509277344 338.38314819336
86.469566345215 -14.413219451904 338.56530761719
85.678955078125 -14.758068084717 338.75762939453
84.88835144043 -14.967350959778 339.09274291992
84.132736206055 -15.316555976868 339.3899230957
83.383476257324 -15.643918037415 339.72540283203
98.384269714355 -4.1809978485107 332.24478149414
97.968818664551 -4.7510390281677 331.74072265625
97.624366760254 -5.42635679245 331.31976318359
97.263282775879 -6.1046681404114 330.91799926758
96.869773864746 -6.7845268249512 330.55081176758
96.41089630127 -7.4463057518005 330.22943115234
95.86304473877 -8.0416269302368 329.91738891602
95.287208557129 -8.6224889755249 329.62976074219
94.607528686523 -9.1191358566284 329.42218017578
93.867858886719 -9.4938621520996 329.16845703125
93.09903717041 -9.8298330307007 328.94967651367
92.28882598877 -10.09597492218 328.7926940918
91.464241027832 -10.321671485901 328.64761352539
90.638450622559 -10.543675422668 328.50411987305
89.859275817871 -10.91203212738 328.40853881836
89.076751708984 -11.272345542908 328.30999755859
88.252479553223 -11.499917030334 328.16604614258
87.422943115234 -11.715817451477 328.03494262695
86.584815979004 -11.910449981689 327.92727661133
85.769821166992 -12.197435379028 327.85437011719
84.962059020996 -12.506167411804 327.79000854492
84.154747009277 -12.770050048828 327.61544799805
83.338218688965 -12.986159324646 327.41928100586
82.510108947754 -13.096324920654 327.18695068359
81.683990478516 -13.204815864563 326.94677734375
