63.823387145996 -8.2519464492798 270.24563598633
65.223487854004 2.8250787258148 277.70477294922
72.448753356934 1.1612628698349 276.48657226562
66.168754577637 5.4454965591431 270.85272216797
63.464714050293 -8.1528882980347 270.65228271484
63.208393096924 -7.9119772911072 271.07711791992
63.01558303833 -7.6070528030396 271.49432373047
62.895401000977 -7.2433972358704 271.89135742188
62.818664550781 -6.850914478302 272.27136230469
62.774253845215 -6.4397296905518 272.63647460938
62.7590675354 -6.0136585235596 272.98663330078
62.758636474609 -5.5807600021362 273.32864379883
62.770656585693 -5.1424832344055 273.66348266602
62.816078186035 -4.6914086341858 273.97787475586
62.867790222168 -4.2382025718689 274.28817749023
62.942348480225 -3.7779536247253 274.58309936523
63.019584655762 -3.3169598579407 274.87615966797
63.102699279785 -2.8543643951416 275.1650390625
63.220897674561 -2.3839943408966 275.4280090332
63.339134216309 -1.9135999679565 275.69091796875
63.475593566895 -1.4403406381607 275.93948364258
63.610660552979 -0.96725302934647 276.18911743164
63.747150421143 -0.49397680163383 276.43759155273
63.905727386475 -0.018311491236091 276.66772460938
64.095703125 0.45851868391037 276.86999511719
64.291572570801 0.93524193763733 277.06680297852
64.500587463379 1.4113668203354 277.25119018555
64.717384338379 1.8869122266769 277.42788696289
64.947944641113 2.3609046936035 277.5908203125
64.109817504883 -8.1040897369385 270.68176269531
64.014778137207 -7.7749199867249 271.12451171875
64.212028503418 -7.4695596694946 271.53439331055
64.52855682373 -7.1527671813965 271.89123535156
64.801879882812 -6.8226704597473 272.27359008789
65.084953308105 -6.4794573783875 272.63723754883
65.380722045898 -6.1217169761658 272.97573852539
65.682579040527 -5.759473323822 273.30297851562
66.021759033203 -5.3755788803101 273.56329345703
66.367652893066 -5.0013546943665 273.82836914062
66.72290802002 -4.6406192779541 274.10009765625
67.102081298828 -4.2858510017395 274.34442138672
67.491508483887 -3.9184415340424 274.5520324707
67.872314453125 -3.5382947921753 274.75329589844
68.236518859863 -3.1638224124908 274.98867797852
68.582679748535 -2.8172926902771 275.28860473633
68.914848327637 -2.4054265022278 275.51254272461
69.270622253418 -2.0148339271545 275.72283935547
69.707885742188 -1.648859500885 275.78076171875
70.098762512207 -1.2459628582001 275.89651489258
70.460121154785 -0.82262992858887 276.03823852539
70.828521728516 -0.39516264200211 276.14654541016
71.261695861816 -0.028938418254256 276.2138671875
71.66138458252 0.35674124956131 276.32278442383
72.024238586426 0.77559065818787 276.45162963867
63.58162689209 -7.801335811615 270.18273925781
63.435398101807 -7.3821978569031 270.5026550293
63.345516204834 -6.8625473976135 270.6376953125
63.312885284424 -6.3080344200134 270.64562988281
63.30118560791 -5.7544827461243 270.69546508789
63.299236297607 -5.2017025947571 270.75387573242
63.314025878906 -4.6481966972351 270.80419921875
63.388938903809 -4.0997538566589 270.85653686523
63.496273040771 -3.5564367771149 270.9013671875
63.619407653809 -3.0157649517059 270.94137573242
63.752613067627 -2.4770710468292 270.97613525391
63.894371032715 -1.9395493268967 270.98373413086
64.034294128418 -1.4015321731567 270.9866027832
64.15837097168 -0.85976427793503 270.97134399414
64.285865783691 -0.31876170635223 270.95974731445
64.422546386719 0.2201781719923 270.95794677734
64.547973632812 0.76083523035049 270.99084472656
64.712341308594 1.287418961525 271.04586791992
64.908966064453 1.8039890527725 271.08407592773
65.10521697998 2.3236212730408 271.05990600586
65.275909423828 2.852724313736 271.0524597168
65.44832611084 3.3812251091003 271.04449462891
65.638771057129 3.9034366607666 271.03158569336
65.800148010254 4.3998417854309 270.86813354492
65.970336914062 4.9263396263123 270.83694458008
