66.395927429199 -1.8189080953598 259.11898803711
75.207221984863 -0.69192832708359 268.73010253906
68.785957336426 2.6403131484985 270.16470336914
68.988319396973 -4.6709070205688 271.02554321289
66.953216552734 -1.7697297334671 259.15032958984
67.51050567627 -1.7205514907837 259.181640625
68.067794799805 -1.671373128891 259.21298217773
68.593879699707 -1.6196027994156 259.38201904297
69.110649108887 -1.5670586824417 259.59216308594
69.627418518066 -1.5145146846771 259.80227661133
70.122505187988 -1.462237238884 260.05416870117
70.591316223145 -1.4102830886841 260.35662841797
71.060127258301 -1.3583289384842 260.65908813477
71.521118164062 -1.3066605329514 260.9716796875
71.930282592773 -1.2568854093552 261.35125732422
72.339447021484 -1.2071101665497 261.73083496094
72.748603820801 -1.1573350429535 262.11041259766
73.09757232666 -1.1106495857239 262.54458618164
73.432746887207 -1.0646719932556 262.99124145508
73.767929077148 -1.0186942815781 263.43792724609
74.063491821289 -0.97517049312592 263.90954589844
74.317878723145 -0.93419802188873 264.40710449219
74.572257995605 -0.89322549104691 264.90469360352
74.801773071289 -0.85405719280243 265.41104125977
74.911827087402 -0.82355546951294 265.95962524414
75.021881103516 -0.79305374622345 266.50817871094
75.131935119629 -0.76255202293396 267.05676269531
75.196746826172 -0.73569703102112 267.61196899414
75.218330383301 -0.71242928504944 268.17037963867
66.556869506836 -1.3456151485443 259.23471069336
66.811401367188 -0.98254454135895 259.46948242188
67.176895141602 -0.7179302573204 259.70950317383
67.32356262207 -0.70164555311203 260.19970703125
67.557250976562 -0.45550400018692 260.51934814453
67.833679199219 -0.12043095380068 260.77911376953
68.100959777832 0.083079189062119 261.1669921875
68.32559967041 0.26661592721939 261.58987426758
68.497604370117 0.28005823493004 262.05621337891
68.660316467285 0.29659047722816 262.52581787109
68.831283569336 0.5224781036377 262.94650268555
68.937896728516 0.85714131593704 263.3205871582
69.061065673828 1.0614372491837 263.7626953125
69.189094543457 1.2226362228394 264.23092651367
69.25813293457 1.4236204624176 264.69061279297
69.227394104004 1.5696429014206 265.18157958984
69.167358398438 1.7547172307968 265.65637207031
69.105697631836 1.8972042798996 266.14465332031
69.047477722168 2.0179018974304 266.6396484375
69.017578125 2.1036281585693 267.14468383789
68.98161315918 2.2114081382751 267.64498901367
68.944648742676 2.3228054046631 268.14450073242
68.907646179199 2.4336895942688 268.64410400391
68.867080688477 2.5025641918182 269.15097045898
68.826522827148 2.5714385509491 269.65783691406
66.635177612305 -2.0490052700043 259.38088989258
66.80940246582 -2.5300433635712 259.5256652832
67.089996337891 -2.7482166290283 259.88189697266
67.444351196289 -2.9152603149414 260.23150634766
67.827903747559 -3.0682246685028 260.55233764648
68.126747131348 -3.1465027332306 260.9850769043
68.390510559082 -3.1728751659393 261.4443359375
68.641746520996 -3.194572687149 261.90954589844
68.879920959473 -3.4171233177185 262.32962036133
69.101348876953 -3.6196401119232 262.76306152344
69.229347229004 -3.7104287147522 263.27108764648
69.346778869629 -3.7947647571564 263.78225708008
69.431449890137 -3.8591077327728 264.30322265625
69.508644104004 -3.929488658905 264.82400512695
69.538154602051 -4.0383329391479 265.34362792969
69.537353515625 -4.152871131897 265.86151123047
69.493011474609 -4.2755880355835 266.37698364258
69.449531555176 -4.381007194519 266.89590454102
69.407173156738 -4.4641122817993 267.41937255859
69.363166809082 -4.5344820022583 267.94445800781
69.321380615234 -4.5958442687988 268.47088623047
69.298873901367 -4.6529412269592 268.99905395508
69.262817382812 -4.6632966995239 269.52035522461
69.173194885254 -4.4889688491821 270.01461791992
69.081176757812 -4.5408129692078 270.51843261719
