89.070137023926 -9.1635103225708 412.45504760742
94.355659484863 10.043113708496 408.74291992188
100.38117980957 6.8730792999268 412.00811767578
97.607971191406 5.4284586906433 404.72454833984
88.86653137207 -8.4017791748047 412.39801025391
88.824317932129 -7.6180129051208 412.30276489258
88.841850280762 -6.8349585533142 412.1946105957
88.881065368652 -6.0533595085144 412.08193969727
88.994895935059 -5.2814078330994 411.95422363281
89.129539489746 -4.5134806632996 411.82257080078
89.279624938965 -3.7489349842072 411.68798828125
89.462966918945 -2.9927942752838 411.54721069336
89.648933410645 -2.2373785972595 411.40600585938
89.8486328125 -1.4859467744827 411.26232910156
90.06649017334 -0.74020719528198 411.11538696289
90.292182922363 0.0029461700469255 410.96719360352
90.519508361816 0.74552541971207 410.81860351562
90.768508911133 1.480378985405 410.66641235352
91.027465820312 2.2114272117615 410.51251220703
91.281707763672 2.9442982673645 410.35940551758
91.549896240234 3.6716854572296 410.20397949219
91.836029052734 4.3915700912476 410.0456237793
92.141021728516 5.1029953956604 409.88427734375
92.439315795898 5.8174924850464 409.72399902344
92.751075744629 6.5257511138916 409.56164550781
93.070266723633 7.2304096221924 409.39810180664
93.389114379883 7.9352355003357 409.2346496582
93.677963256836 8.65394115448 409.07586669922
94.005126953125 9.3546314239502 408.91110229492
89.450340270996 -8.6616077423096 412.88418579102
89.814712524414 -7.9866533279419 412.953125
90.144737243652 -7.2908220291138 412.94805908203
90.479843139648 -6.6020398139954 412.86508178711
90.819198608398 -5.9144735336304 412.78979492188
91.176803588867 -5.2365016937256 412.71240234375
91.559326171875 -4.574679851532 412.61639404297
91.943405151367 -3.9099621772766 412.55145263672
92.346237182617 -3.2562417984009 412.49160766602
92.797561645508 -2.6432507038116 412.37292480469
93.22673034668 -2.0108349323273 412.27563476562
93.64826965332 -1.3723223209381 412.18811035156
94.026573181152 -0.70148712396622 412.20953369141
94.402366638184 -0.02892392873764 412.21154785156
94.777923583984 0.64301997423172 412.17932128906
95.172325134277 1.3033556938171 412.13455200195
95.575302124023 1.9584765434265 412.08993530273
96.019950866699 2.5869538784027 412.05987548828
96.477737426758 3.2062590122223 412.03829956055
96.979972839355 3.790452003479 412.04675292969
97.486595153809 4.3690996170044 412.00088500977
98.016990661621 4.9268326759338 411.96606445312
98.564956665039 5.468132019043 411.94802856445
99.101371765137 6.0208296775818 411.96731567383
99.724403381348 6.4736714363098 411.95709228516
89.157356262207 -8.729642868042 411.88171386719
89.350234985352 -8.1364135742188 411.51107788086
89.635063171387 -7.5291442871094 411.23345947266
89.96907043457 -6.9328179359436 410.98883056641
90.253303527832 -6.3120222091675 410.74197387695
90.535659790039 -5.6895589828491 410.49728393555
90.853469848633 -5.0795149803162 410.26501464844
91.180114746094 -4.4787859916687 410.02111816406
91.508056640625 -3.8967301845551 409.73709106445
91.87825012207 -3.3162999153137 409.50665283203
92.214088439941 -2.7363729476929 409.22735595703
92.562377929688 -2.1609718799591 408.95401000977
92.922431945801 -1.5890375375748 408.68878173828
93.252937316895 -1.0008065700531 408.42071533203
93.566749572754 -0.4004462659359 408.15957641602
93.886863708496 0.20472873747349 407.91790771484
94.18384552002 0.79954725503922 407.62619018555
94.485343933105 1.3847733736038 407.3200378418
94.842887878418 1.9539411067963 407.04559326172
95.195663452148 2.5221583843231 406.76312255859
95.484275817871 3.0709278583527 406.38552856445
95.796661376953 3.6144921779633 406.01937866211
96.240425109863 4.1128959655762 405.73376464844
96.5986328125 4.5804667472839 405.30963134766
97.116569519043 5.0385594367981 405.08996582031
