76.597213745117 -10.571755409241 274.92422485352
84.113952636719 -12.524525642395 276.29064941406
84.734100341797 -10.669138908386 273.92727661133
84.381103515625 -10.215396881104 278.39996337891
76.718910217285 -10.859955787659 274.96856689453
76.927268981934 -11.091835021973 275.02185058594
77.162811279297 -11.295543670654 275.07705688477
77.413925170898 -11.479475975037 275.13302612305
77.679672241211 -11.64146232605 275.18939208984
77.953147888184 -11.7897605896 275.24575805664
78.244430541992 -11.899600982666 275.30169677734
78.539192199707 -11.999935150146 275.35733032227
78.837104797363 -12.090567588806 275.41262817383
79.140953063965 -12.159510612488 275.46694946289
79.448997497559 -12.207630157471 275.52020263672
79.75853729248 -12.24584197998 275.57284545898
80.069053649902 -12.276005744934 275.62490844727
80.380905151367 -12.290095329285 275.67581176758
80.692916870117 -12.301177978516 275.72650146484
81.005088806152 -12.308906555176 275.77682495117
81.317405700684 -12.311267852783 275.82678222656
81.629737854004 -12.312818527222 275.87670898438
81.941772460938 -12.323764801025 275.92730712891
82.252685546875 -12.350047111511 275.97912597656
82.563079833984 -12.381333351135 276.03125
82.873207092285 -12.414985656738 276.08352661133
83.181541442871 -12.461289405823 276.13671875
83.493667602539 -12.459066390991 276.18621826172
83.8046875 -12.484286308289 276.23794555664
76.835739135742 -10.684350967407 274.78713989258
77.115875244141 -10.836901664734 274.76260375977
77.428031921387 -10.867838859558 274.697265625
77.73738861084 -10.948127746582 274.6706237793
78.053100585938 -10.994376182556 274.65130615234
78.373321533203 -11.014610290527 274.63470458984
78.693298339844 -11.035836219788 274.61499023438
79.013244628906 -11.057180404663 274.59487915039
79.333526611328 -11.06270980835 274.57043457031
79.653831481934 -11.067114830017 274.54571533203
79.973777770996 -11.057608604431 274.51800537109
80.293724060059 -11.048101425171 274.49026489258
80.61360168457 -11.037628173828 274.46212768555
80.933464050293 -11.026798248291 274.4338684082
81.252799987793 -11.013538360596 274.4016418457
81.571311950684 -10.996382713318 274.36315917969
81.889602661133 -10.977338790894 274.32440185547
82.204818725586 -10.931541442871 274.28237915039
82.520034790039 -10.885744094849 274.24032592773
82.835578918457 -10.859512329102 274.18634033203
83.151153564453 -10.835431098938 274.13104248047
83.466827392578 -10.811013221741 274.07653808594
83.783615112305 -10.7827501297 274.03103637695
84.100402832031 -10.754487037659 273.98553466797
84.418342590332 -10.711772918701 273.96792602539
76.830184936523 -10.633676528931 275.1337890625
77.107582092285 -10.733654975891 275.28393554688
77.401306152344 -10.76553440094 275.43655395508
77.696998596191 -10.809505462646 275.58187866211
77.993789672852 -10.859609603882 275.72326660156
78.304588317871 -10.87885761261 275.83999633789
78.612861633301 -10.894728660583 275.96337890625
78.917854309082 -10.906199455261 276.0954284668
79.226303100586 -10.902588844299 276.21807861328
79.538940429688 -10.880736351013 276.32931518555
79.848236083984 -10.858797073364 276.44900512695
80.152709960938 -10.83673286438 276.58090209961
80.461051940918 -10.800539970398 276.69857788086
80.772773742676 -10.751963615417 276.80374145508
81.07982635498 -10.696875572205 276.91873168945
81.385475158691 -10.639828681946 277.03671264648
81.694122314453 -10.57905960083 277.14456176758
82.001037597656 -10.520115852356 277.25747680664
82.299842834473 -10.469825744629 277.39450073242
82.598648071289 -10.419535636902 277.53155517578
82.893737792969 -10.38285446167 277.68029785156
83.188346862793 -10.347926139832 277.83053588867
83.486763000488 -10.305381774902 277.97055053711
83.786323547363 -10.259708404541 278.10711669922
84.078758239746 -10.229863166809 278.26223754883
