57.92431640625 1.6579928398132 272.14108276367
65.878547668457 -0.50103622674942 270.04049682617
67.429641723633 1.5905410051346 269.86141967773
67.469436645508 -0.89116603136063 272.05551147461
58.075881958008 1.4573215246201 271.91650390625
58.31526184082 1.2951169013977 271.74075317383
58.565689086914 1.1402041912079 271.57406616211
58.826988220215 0.99333947896957 271.41720581055
59.107154846191 0.86248123645782 271.27978515625
59.395332336426 0.7395378947258 271.15194702148
59.691856384277 0.62575829029083 271.03515625
59.989463806152 0.5132982134819 270.91989135742
60.293884277344 0.40935763716698 270.81481933594
60.602298736572 0.31092667579651 270.71633911133
60.916961669922 0.2220094949007 270.6291809082
61.232955932617 0.13532754778862 270.54467773438
61.552917480469 0.055694274604321 270.46853637695
61.874782562256 -0.020221896469593 270.39682006836
62.202220916748 -0.083695650100708 270.33969116211
62.533664703369 -0.13586653769016 270.2958984375
62.869632720947 -0.16966803371906 270.27355957031
63.205493927002 -0.20404846966267 270.25057983398
63.540416717529 -0.24310693144798 270.22207641602
63.877754211426 -0.26743096113205 270.21084594727
64.214576721191 -0.29583469033241 270.19479370117
64.552780151367 -0.30313602089882 270.20321655273
64.889785766602 -0.32997235655785 270.18905639648
65.21997833252 -0.38606482744217 270.140625
65.55281829834 -0.43338039517403 270.10247802734
58.195896148682 1.8031085729599 271.92269897461
58.544967651367 1.7333312034607 271.78262329102
58.899940490723 1.6448338031769 271.67044067383
59.258251190186 1.5593537092209 271.56707763672
59.624980926514 1.4956756830215 271.47833251953
59.991310119629 1.4299232959747 271.38955688477
60.36145401001 1.3635870218277 271.31875610352
60.733615875244 1.3075746297836 271.24975585938
61.10627746582 1.2721446752548 271.17056274414
61.481231689453 1.2576099634171 271.0959777832
61.847888946533 1.2676082849503 270.98773193359
62.193691253662 1.2984759807587 270.82711791992
62.555770874023 1.3058811426163 270.7041015625
62.932331085205 1.2980861663818 270.63684082031
63.302494049072 1.3148934841156 270.54208374023
63.656421661377 1.3665153980255 270.40692138672
64.032341003418 1.3889240026474 270.33905029297
64.407051086426 1.4133636951447 270.26565551758
64.774215698242 1.448678612709 270.16430664062
65.152900695801 1.4862011671066 270.12420654297
65.533493041992 1.5109705924988 270.09350585938
65.915069580078 1.5094776153564 270.06500244141
66.295219421387 1.5211366415024 270.02291870117
66.673362731934 1.5442715883255 269.96908569336
67.051498413086 1.5674061775208 269.91525268555
58.217746734619 1.432217001915 272.2453918457
58.57702255249 1.3000537157059 272.19586181641
58.926158905029 1.2014926671982 272.06280517578
59.280658721924 1.1003044843674 271.94711303711
59.641765594482 0.99560409784317 271.85806274414
60.008628845215 0.88840276002884 271.80114746094
60.375774383545 0.78093284368515 271.74661254883
60.742870330811 0.66837298870087 271.70315551758
61.112022399902 0.55771297216415 271.67498779297
61.485622406006 0.45968168973923 271.66387939453
61.854610443115 0.34522789716721 271.67172241211
62.216793060303 0.21290145814419 271.69677734375
62.571216583252 0.063022643327713 271.73153686523
62.943416595459 -0.03651874884963 271.76049804688
63.325424194336 -0.089292503893375 271.78421020508
63.696220397949 -0.17970018088818 271.84469604492
64.067504882812 -0.26936373114586 271.90319824219
64.444618225098 -0.34350538253784 271.94302368164
64.829399108887 -0.37795326113701 271.95111083984
65.215438842773 -0.38610914349556 271.93826293945
65.592842102051 -0.460673391819 271.97476196289
65.967269897461 -0.54539757966995 272.0188293457
66.34349822998 -0.62533926963806 272.05603027344
66.724296569824 -0.68940937519073 272.07037353516
67.100814819336 -0.77632218599319 272.07135009766
