12.478998184204 51.136978149414 325.89291381836
8.9019908905029 47.444808959961 371.75848388672
27.081832885742 24.195581436157 386.28659057617
32.876625061035 50.049324035645 383.20309448242
10.822407722473 51.581432342529 326.64120483398
9.7974758148193 51.740711212158 328.20471191406
8.9438791275024 51.834850311279 329.87319946289
8.1971139907837 51.889778137207 331.59390258789
7.5177540779114 51.920429229736 333.34292602539
6.9004793167114 51.92907333374 335.11489868164
6.440089225769 51.883262634277 336.93356323242
5.995557308197 51.832069396973 338.75582885742
5.696496963501 51.732021331787 340.6057434082
5.3755469322205 51.639251708984 342.45227050781
5.1935973167419 51.500896453857 344.31488037109
5.0976910591125 51.334941864014 346.181640625
5.0598211288452 51.150615692139 348.04876708984
5.0606985092163 50.954147338867 349.9150390625
5.0864882469177 50.749919891357 351.78024291992
5.2592992782593 50.500659942627 353.63217163086
5.455451965332 50.24437713623 355.48080444336
5.6985664367676 49.974060058594 357.32180786133
6.0995936393738 49.657592773438 359.12753295898
6.502272605896 49.340656280518 360.93280029297
6.9626402854919 49.007274627686 362.72125244141
7.4652428627014 48.661994934082 364.49594116211
7.7927136421204 48.366828918457 366.32000732422
8.2115612030029 48.045257568359 368.12075805664
8.6157646179199 47.727882385254 369.92556762695
12.404342651367 49.113128662109 327.427734375
11.585193634033 48.505908966064 329.81317138672
11.215221405029 47.990501403809 332.3883972168
11.271604537964 47.17947769165 334.95715332031
11.449447631836 46.482151031494 337.55444335938
11.583298683167 45.846061706543 340.17083740234
11.759502410889 45.089557647705 342.75228881836
12.387135505676 44.272308349609 345.24227905273
13.080352783203 43.345516204834 347.67474365234
14.006669998169 42.427280426025 350.02423095703
15.126884460449 41.592498779297 352.33004760742
15.851176261902 40.367012023926 354.60400390625
16.519578933716 39.06681060791 356.86859130859
17.257780075073 37.796520233154 359.12911987305
18.189086914062 36.505153656006 361.30322265625
18.995740890503 35.249141693115 363.54306030273
19.687023162842 34.021522521973 365.84167480469
20.363924026489 32.790683746338 368.1428527832
21.17564201355 31.53161239624 370.38146972656
22.063869476318 30.256523132324 372.58459472656
22.774801254272 28.962425231934 374.83895874023
23.525396347046 27.79102897644 377.11364746094
24.815601348877 27.561166763306 379.4697265625
25.906620025635 26.770235061646 381.75765991211
26.722707748413 25.669982910156 384.07656860352
13.561506271362 52.263118743896 327.6164855957
13.391571044922 52.106899261475 329.92993164062
13.102963447571 53.09546661377 331.88461303711
13.467691421509 53.042415618896 334.28298950195
13.749458312988 52.991458892822 336.69293212891
14.43763923645 52.647369384766 338.98529052734
14.584614753723 52.84939956665 341.37292480469
15.083527565002 52.710803985596 343.74392700195
15.834769248962 52.483551025391 346.03475952148
16.638303756714 52.297756195068 348.31161499023
17.415060043335 52.315940856934 350.59829711914
18.384464263916 52.168853759766 352.8046875
19.055042266846 52.328044891357 355.12979125977
20.112560272217 52.4587059021 357.31024169922
21.081819534302 52.422611236572 359.53265380859
22.045307159424 52.338542938232 361.75747680664
23.209400177002 52.212245941162 363.88320922852
24.433897018433 52.032295227051 365.96939086914
25.624801635742 51.634609222412 368.04013061523
26.747968673706 51.182628631592 370.1325378418
27.728887557983 51.307838439941 372.34350585938
28.844467163086 51.104724884033 374.48919677734
29.782649993896 51.082355499268 376.72402954102
30.758583068848 50.890613555908 378.92105102539
31.840993881226 50.400554656982 381.03717041016
