62.057666778564 -1.6222724914551 271.17684936523
75.524703979492 -7.0726284980774 271.64743041992
76.476516723633 -5.0808463096619 267.63562011719
77.029090881348 -3.0726139545441 273.12432861328
62.047225952148 -2.1902072429657 271.35653686523
62.249435424805 -2.7301487922668 271.50775146484
62.5520362854 -3.2273054122925 271.63623046875
62.954074859619 -3.6563282012939 271.73413085938
63.443260192871 -3.9916958808899 271.79443359375
63.967788696289 -4.2722840309143 271.8342590332
64.511215209961 -4.5160641670227 271.86074829102
65.067115783691 -4.7309422492981 271.87701416016
65.632385253906 -4.9203629493713 271.88436889648
66.205230712891 -5.0856547355652 271.88345336914
66.778533935547 -5.2493319511414 271.88195800781
67.354835510254 -5.4020671844482 271.87673950195
67.932960510254 -5.5475945472717 271.86911010742
68.513343811035 -5.6836824417114 271.85830688477
69.095703125 -5.8107080459595 271.84442138672
69.678321838379 -5.9365048408508 271.83020019531
70.261787414551 -6.0581560134888 271.81457519531
70.845756530762 -6.1772336959839 271.79809570312
71.430816650391 -6.2905349731445 271.77963256836
72.016860961914 -6.3983359336853 271.75942993164
72.604927062988 -6.4934015274048 271.73501586914
73.183670043945 -6.6364278793335 271.72653198242
73.773765563965 -6.7160449028015 271.69705200195
74.35627746582 -6.842324256897 271.68292236328
74.944625854492 -6.9352450370789 271.65777587891
62.326072692871 -2.1290464401245 270.99060058594
62.737228393555 -2.5623416900635 270.97647094727
63.294403076172 -2.7235398292542 270.80990600586
63.869651794434 -2.8851616382599 270.72351074219
64.449142456055 -3.0460908412933 270.67004394531
65.028739929199 -3.2066252231598 270.61663818359
65.610961914062 -3.3569509983063 270.56329345703
66.204406738281 -3.4551224708557 270.51083374023
66.797843933105 -3.553293466568 270.45834350586
67.39128112793 -3.6514644622803 270.40582275391
67.984672546387 -3.7494759559631 270.35266113281
68.576416015625 -3.8422741889954 270.27676391602
69.164505004883 -3.927707195282 270.16989135742
69.752456665039 -4.0133280754089 270.06253051758
70.333778381348 -4.1079549789429 269.9296875
70.903747558594 -4.2149076461792 269.76156616211
71.47371673584 -4.3217210769653 269.59338378906
72.04386138916 -4.4163289070129 269.41860961914
72.612762451172 -4.5021362304688 269.23547363281
73.173416137695 -4.5813341140747 269.02578735352
73.734062194824 -4.6605319976807 268.8161315918
74.286697387695 -4.7597818374634 268.59408569336
74.839309692383 -4.8496851921082 268.36801147461
75.394668579102 -4.9037880897522 268.13739013672
75.933860778809 -4.9616832733154 267.87191772461
62.333065032959 -1.9138140678406 271.62539672852
62.70080947876 -2.3489646911621 271.80990600586
63.291530609131 -2.4040696620941 271.92544555664
63.888202667236 -2.4563980102539 272.00335693359
64.477043151855 -2.5853888988495 272.04879760742
65.068756103516 -2.7049403190613 272.07928466797
65.665023803711 -2.8045473098755 272.07846069336
66.261329650879 -2.9038965702057 272.07757568359
66.858512878418 -2.997504234314 272.07470703125
67.459564208984 -3.0609486103058 272.06170654297
68.060615539551 -3.1243937015533 272.04867553711
68.661659240723 -3.1876163482666 272.03750610352
69.262420654297 -3.2452027797699 272.07211303711
69.861557006836 -3.2995758056641 272.13159179688
70.460731506348 -3.3534321784973 272.19097900391
71.061851501465 -3.3852472305298 272.24639892578
71.664405822754 -3.3782780170441 272.29470825195
72.266250610352 -3.3698978424072 272.35073852539
72.8603515625 -3.3426456451416 272.45913696289
73.459465026855 -3.309582233429 272.53280639648
74.056991577148 -3.2821283340454 272.62036132812
74.650764465332 -3.2427024841309 272.72680664062
75.243545532227 -3.1999888420105 272.83743286133
75.839378356934 -3.156653881073 272.9299621582
76.436180114746 -3.1044738292694 273.01089477539
