73.322006225586 -4.5189442634583 269.85443115234
79.602912902832 1.5068860054016 269.01931762695
82.642509460449 1.8874304294586 270.12536621094
82.660491943359 1.8410089015961 267.42254638672
73.444198608398 -4.203275680542 269.82217407227
73.623817443848 -3.9163789749146 269.7890625
73.81925201416 -3.6400022506714 269.75588989258
74.015571594238 -3.3642497062683 269.72274780273
74.215682983398 -3.0912387371063 269.68957519531
74.421447753906 -2.8224813938141 269.65646362305
74.639602661133 -2.5636382102966 269.62347412109
74.86336517334 -2.3096334934235 269.59057617188
75.098564147949 -2.0661368370056 269.55786132812
75.338714599609 -1.8275099992752 269.52523803711
75.584213256836 -1.5943669080734 269.49279785156
75.833526611328 -1.3652843236923 269.46047973633
76.089485168457 -1.1436287164688 269.42837524414
76.349197387695 -0.9263613820076 269.39636230469
76.610565185547 -0.71106493473053 269.3645324707
76.87491607666 -0.49944537878036 269.33276367188
77.14623260498 -0.29676407575607 269.30130004883
77.414863586426 -0.090552777051926 269.26974487305
77.686187744141 0.11211495101452 269.23834228516
77.960273742676 0.31105002760887 269.20706176758
78.237274169922 0.50595200061798 269.17596435547
78.514999389648 0.69981330633163 269.14489746094
78.789108276367 0.89872115850449 269.11361694336
79.062873840332 1.0980962514877 269.0823059082
79.332305908203 1.3032698631287 269.05078125
73.648231506348 -4.2302527427673 269.88995361328
73.965911865234 -3.930252790451 269.90057373047
74.293090820312 -3.6406390666962 269.91088867188
74.620338439941 -3.3510980606079 269.92120361328
74.954475402832 -3.0695614814758 269.93215942383
75.288627624512 -2.7880349159241 269.94314575195
75.626922607422 -2.5113034248352 269.94540405273
75.973426818848 -2.2454192638397 269.92901611328
76.319976806641 -1.9795912504196 269.91256713867
76.672225952148 -1.7211052179337 269.90100097656
77.037628173828 -1.4812903404236 269.90148925781
77.403129577637 -1.2416281700134 269.9020690918
77.768623352051 -1.0019606351852 269.90435791016
78.133850097656 -0.76232552528381 269.9189453125
78.499076843262 -0.52269142866135 269.93374633789
78.87077331543 -0.29279401898384 269.93701171875
79.243026733398 -0.063755817711353 269.93933105469
79.618179321289 0.16049852967262 269.94030761719
79.994178771973 0.38332495093346 269.94097900391
80.362525939941 0.61841160058975 269.94995117188
80.727882385254 0.85799312591553 269.96212768555
81.105407714844 1.0781358480453 269.96752929688
81.490509033203 1.283707857132 269.98889160156
81.872039794922 1.4922680854797 270.03305053711
82.240119934082 1.7222143411636 270.08459472656
73.674880981445 -4.3092746734619 269.67919921875
74.018455505371 -4.0449304580688 269.5729675293
74.359664916992 -3.7754647731781 269.47216796875
74.699356079102 -3.5028538703918 269.3747253418
75.038925170898 -3.2273173332214 269.2854309082
75.378196716309 -2.9485645294189 269.20547485352
75.718643188477 -2.6694719791412 269.13195800781
76.060401916504 -2.3900628089905 269.0661315918
76.412887573242 -2.1235649585724 269.00341796875
76.769630432129 -1.8624651432037 268.94204711914
77.129928588867 -1.6082445383072 268.87307739258
77.49861907959 -1.3660241365433 268.80526733398
77.871154785156 -1.1294915676117 268.73843383789
78.237831115723 -0.88812118768692 268.65786743164
78.606285095215 -0.64611154794693 268.58807373047
78.976226806641 -0.40409776568413 268.5266418457
79.33260345459 -0.1608711630106 268.41253662109
79.695037841797 0.075570143759251 268.30328369141
80.064819335938 0.3039017021656 268.20166015625
80.447311401367 0.51726531982422 268.11581420898
80.825584411621 0.73494118452072 268.02236938477
81.202644348145 0.94999992847443 267.91854858398
81.585273742676 1.1411952972412 267.79116821289
81.947647094727 1.3753269910812 267.67691040039
82.294479370117 1.6379536390305 267.57730102539
