58.33003616333 1.9785031080246 270.1799621582
71.985694885254 -2.8495304584503 268.82403564453
74.181114196777 1.1688019037247 263.89239501953
73.965408325195 0.93356788158417 272.88916015625
58.759399414062 1.6172279119492 270.12661743164
59.222244262695 1.3001050949097 270.07272338867
59.712860107422 1.0285967588425 270.01898193359
60.240772247314 0.83809411525726 269.96633911133
60.7317237854 0.5681648850441 269.91268920898
61.268363952637 0.40363988280296 269.86071777344
61.792163848877 0.2023690789938 269.80786132812
62.328968048096 0.038413561880589 269.755859375
62.852447509766 -0.16390067338943 269.70303344727
63.373516082764 -0.37228113412857 269.65002441406
63.909267425537 -0.53962540626526 269.5979309082
64.45182800293 -0.68363308906555 269.54653930664
64.983558654785 -0.86320966482162 269.49417114258
65.526290893555 -1.0065636634827 269.44277954102
66.067695617676 -1.1548097133636 269.39123535156
66.613052368164 -1.2879493236542 269.3401184082
67.16478729248 -1.3920028209686 269.2900390625
67.708450317383 -1.531815290451 269.23873901367
68.248603820801 -1.6845142841339 269.18710327148
68.787467956543 -1.8416635990143 269.13525390625
69.322196960449 -2.0122485160828 269.08312988281
69.844833374023 -2.2166783809662 269.03024291992
70.358375549316 -2.4429168701172 268.97698974609
70.89624786377 -2.6031119823456 268.9250793457
71.428192138672 -2.7819230556488 268.87274169922
58.884384155273 1.9837577342987 269.82559204102
59.487380981445 1.784241437912 269.65185546875
60.10818862915 1.6215118169785 269.50463867188
60.756149291992 1.5886092185974 269.37088012695
61.390911102295 1.4836260080338 269.2131652832
62.025951385498 1.3875324726105 269.04611206055
62.657989501953 1.3206522464752 268.85699462891
63.294120788574 1.2800334692001 268.67828369141
63.937637329102 1.2467069625854 268.51928710938
64.55542755127 1.1827543973923 268.28503417969
65.172355651855 1.1426352262497 268.0461730957
65.800727844238 1.1673895120621 267.83352661133
66.411026000977 1.1475329399109 267.57702636719
67.022804260254 1.1298295259476 267.32446289062
67.652755737305 1.154264330864 267.1164855957
68.256416320801 1.1201617717743 266.84320068359
68.874519348145 1.1491990089417 266.60382080078
69.470649719238 1.1416091918945 266.31799316406
70.05867767334 1.1217235326767 266.01110839844
70.664428710938 1.1306850910187 265.74240112305
71.277557373047 1.1510345935822 265.48980712891
71.880226135254 1.1566599607468 265.21151733398
72.458297729492 1.1391291618347 264.88616943359
73.040710449219 1.1211929321289 264.56845092773
73.603897094727 1.132256269455 264.21719360352
58.734874725342 2.0073854923248 270.52224731445
59.344551086426 1.9161653518677 270.58123779297
59.941425323486 1.7423280477524 270.55828857422
60.541728973389 1.6342774629593 270.61181640625
61.159900665283 1.5564622879028 270.62619018555
61.779685974121 1.4878835678101 270.623046875
62.402503967285 1.4575302600861 270.61123657227
63.021980285645 1.4071462154388 270.65469360352
63.643180847168 1.3639574050903 270.67736816406
64.262840270996 1.3190988302231 270.71948242188
64.880638122559 1.2810829877853 270.79513549805
65.497184753418 1.2576721906662 270.88552856445
66.110877990723 1.2250946760178 270.99096679688
66.726623535156 1.2105897665024 271.08493041992
67.34049987793 1.1648145914078 271.18194580078
67.942687988281 1.1383517980576 271.33883666992
68.556510925293 1.1207426786423 271.44720458984
69.165031433105 1.0997313261032 271.57894897461
69.766822814941 1.0686467885971 271.73965454102
70.365608215332 1.0484787225723 271.91168212891
70.973457336426 1.0736466646194 272.04083251953
71.576232910156 1.049929022789 272.19662475586
72.17756652832 1.0191853046417 272.35870361328
72.77018737793 0.98371094465256 272.54940795898
73.374931335449 0.94501936435699 272.68872070312
