64.999656677246 7.3098225593567 281.37713623047
71.967788696289 -2.8412883281708 281.05480957031
75.754699707031 -1.1130276918411 278.46990966797
75.221031188965 -1.5607095956802 284.60366821289
64.728790283203 6.8865919113159 281.32913208008
64.604568481445 6.3991861343384 281.28540039062
64.576385498047 5.8966159820557 281.24645996094
64.670555114746 5.401602268219 281.21557617188
64.853302001953 4.9314560890198 281.19207763672
65.076042175293 4.4787092208862 281.17227172852
65.33422088623 4.0450172424316 281.15606689453
65.617568969727 3.6272263526917 281.14254760742
65.911201477051 3.2165710926056 281.13021850586
66.216903686523 2.8147850036621 281.11932373047
66.542404174805 2.4287924766541 281.11080932617
66.867652893066 2.0425841808319 281.1022644043
67.201705932617 1.6639635562897 281.09478759766
67.554992675781 1.3031573295593 281.08984375
67.895561218262 0.93036383390427 281.08322143555
68.259368896484 0.58014887571335 281.07971191406
68.621284484863 0.22798584401608 281.07592773438
68.982299804688 -0.12509736418724 281.07205200195
69.344184875488 -0.47729307413101 281.06826782227
69.708511352539 -0.82695984840393 281.06475830078
70.089721679688 -1.1581659317017 281.06378173828
70.467292785645 -1.493502497673 281.06216430664
70.83203125 -1.8427451848984 281.05880737305
71.199562072754 -2.1890516281128 281.05578613281
71.562149047852 -2.5405285358429 281.05209350586
65.190483093262 6.8284697532654 281.17401123047
65.209777832031 6.2704319953918 281.06945800781
65.445915222168 5.9172444343567 280.88955688477
65.925071716309 5.6397371292114 280.76373291016
66.356262207031 5.2762756347656 280.68075561523
66.763282775879 4.9049072265625 280.53625488281
67.179382324219 4.528862953186 280.43246459961
67.628120422363 4.1859579086304 280.34680175781
68.068382263184 3.8338985443115 280.25463867188
68.521217346191 3.4971749782562 280.16448974609
68.960906982422 3.147833108902 280.06072998047
69.408569335938 2.8069744110107 279.96362304688
69.870025634766 2.4794824123383 279.88366699219
70.334098815918 2.1568670272827 279.79995727539
70.800048828125 1.8412748575211 279.70703125
71.258308410645 1.5162234306335 279.6067199707
71.719612121582 1.2032768726349 279.48742675781
72.189224243164 0.90041154623032 279.36883544922
72.675651550293 0.61802166700363 279.26760864258
73.16423034668 0.35371577739716 279.13916015625
73.661392211914 0.10257431864738 279.01483154297
74.121490478516 -0.20530860126019 278.87466430664
74.592025756836 -0.50350117683411 278.76193237305
74.899841308594 -0.72701269388199 278.96487426758
75.286491394043 -0.81859123706818 278.60488891602
65.082054138184 6.8147940635681 281.50158691406
65.11100769043 6.2646670341492 281.42520141602
65.21280670166 5.811981678009 281.64614868164
65.673202514648 5.5265202522278 281.80209350586
66.027122497559 5.1180200576782 281.95901489258
66.428337097168 4.7359652519226 282.08502197266
66.830154418945 4.3487782478333 282.19299316406
67.244888305664 3.9781684875488 282.30404663086
67.67749786377 3.6242873668671 282.40451049805
68.099029541016 3.2595422267914 282.51324462891
68.553565979004 2.9342060089111 282.61422729492
69.007698059082 2.6096577644348 282.71862792969
69.434906005859 2.2562351226807 282.84378051758
69.857841491699 1.8981986045837 282.97045898438
70.312576293945 1.580384016037 283.09310913086
70.778686523438 1.2785532474518 283.21405029297
71.247787475586 0.98095101118088 283.32931518555
71.697975158691 0.67190903425217 283.48718261719
72.155792236328 0.37165784835815 283.63983154297
72.593360900879 0.057966221123934 283.82000732422
73.05534362793 -0.24020072817802 283.94653320312
73.536628723145 -0.52443754673004 284.04949951172
74.004341125488 -0.82898795604706 284.15280151367
74.465217590332 -1.1374597549438 284.21011352539
74.761589050293 -1.3626029491425 284.52377319336
