56.487510681152 8.0363683700562 271.41384887695
63.396133422852 -0.31488135457039 272.38012695312
72.371170043945 -2.1144979000092 269.28274536133
72.460151672363 -0.82850223779678 275.83053588867
56.535091400146 7.6192355155945 271.45431518555
56.746364593506 7.2551836967468 271.49401855469
56.971523284912 6.899510383606 271.53335571289
57.211307525635 6.5534601211548 271.57214355469
57.447891235352 6.2052335739136 271.61111450195
57.694709777832 5.8641338348389 271.64962768555
57.941120147705 5.5227484703064 271.6882019043
58.19603729248 5.1876177787781 271.72637939453
58.449913024902 4.8517084121704 271.76461791992
58.714309692383 4.5239639282227 271.80239868164
58.985836029053 4.2020411491394 271.83972167969
59.253936767578 3.8772902488708 271.87728881836
59.526565551758 3.5563118457794 271.91464233398
59.809944152832 3.2447025775909 271.95138549805
60.093029022217 2.932829618454 271.98812866211
60.383289337158 2.6275668144226 272.0244140625
60.674095153809 2.3228244781494 272.06069946289
60.964431762695 2.0176358222961 272.09701538086
61.261032104492 1.7184865474701 272.13290405273
61.5618019104 1.4234904050827 272.16854858398
61.863380432129 1.1293201446533 272.2041015625
62.173488616943 0.84407770633698 272.23907470703
62.484809875488 0.56014853715897 272.27398681641
62.794647216797 0.27461293339729 272.30895996094
63.104393005371 -0.011027884669602 272.34390258789
56.916355133057 7.478485584259 271.1819152832
57.457691192627 6.9738869667053 271.12683105469
58.019191741943 6.4897532463074 271.16098022461
58.5403175354 5.9612908363342 271.1457824707
59.08470916748 5.4565997123718 271.1484375
59.650985717773 4.9765706062317 271.14282226562
60.223369598389 4.5041351318359 271.12579345703
60.810367584229 4.0504603385925 271.09860229492
61.401371002197 3.6031708717346 271.05648803711
61.998622894287 3.1645042896271 271.01248168945
62.617160797119 2.754683971405 270.98892211914
63.227157592773 2.3352093696594 270.93341064453
63.839515686035 1.9191203117371 270.87857055664
64.463706970215 1.5205007791519 270.82754516602
65.104667663574 1.1487678289413 270.78204345703
65.727806091309 0.75316083431244 270.70272827148
66.37158203125 0.39006534218788 270.63317871094
67.031730651855 0.057149536907673 270.56610107422
67.688529968262 -0.28231883049011 270.49908447266
68.34969329834 -0.60427290201187 270.39743041992
69.013618469238 -0.91501754522324 270.28009033203
69.679473876953 -1.2089864015579 270.13400268555
70.345916748047 -1.4811701774597 269.95260620117
71.016967773438 -1.7285948991776 269.7536315918
71.694068908691 -1.9215463399887 269.51818847656
56.944686889648 7.5568513870239 271.73028564453
57.458950042725 7.0414080619812 271.83126831055
57.982044219971 6.5436310768127 271.96899414062
58.521709442139 6.0609526634216 272.09613037109
59.07763671875 5.5965437889099 272.22125244141
59.64395904541 5.146228313446 272.35113525391
60.215106964111 4.7091360092163 272.50314331055
60.80687713623 4.2980175018311 272.64868164062
61.407028198242 3.9002208709717 272.79684448242
61.99813079834 3.4982945919037 272.96838378906
62.60578918457 3.1181733608246 273.13162231445
63.218437194824 2.746111869812 273.29479980469
63.835716247559 2.3844599723816 273.46380615234
64.45970916748 2.0304234027863 273.62405395508
65.094253540039 1.6931320428848 273.77886962891
65.740501403809 1.3771917819977 273.93032836914
66.391792297363 1.0688209533691 274.07562255859
67.046287536621 0.76708191633224 274.22033691406
67.717094421387 0.52784991264343 274.40249633789
68.387603759766 0.28829285502434 274.58529663086
69.050651550293 0.041304394602776 274.78466796875
69.722801208496 -0.17993745207787 274.98379516602
70.406066894531 -0.36483055353165 275.18215942383
71.093551635742 -0.54268455505371 275.37225341797
71.780479431152 -0.69897353649139 275.58221435547
