115.25721740723 23.830829620361 343.43405151367
116.83828735352 -5.7947311401367 340.16342163086
114.22148895264 -4.7832365036011 347.82891845703
108.25336456299 -5.9675812721252 338.73083496094
116.12155914307 23.306440353394 342.85510253906
116.57482147217 22.27006149292 342.49279785156
116.94192504883 21.184164047241 342.18032836914
117.2561416626 20.073682785034 341.89889526367
117.49543762207 18.934274673462 341.66189575195
117.69253540039 17.781913757324 341.4501953125
117.84324645996 16.617765426636 341.26647949219
117.95766448975 15.446159362793 341.10479736328
118.07216644287 14.274575233459 340.9430847168
118.16513824463 13.099523544312 340.79449462891
118.19111633301 11.91644859314 340.68707275391
118.23014831543 10.734519958496 340.5715637207
118.23960113525 9.5503158569336 340.47430419922
118.23819732666 8.3655652999878 340.3837890625
118.20703125 7.1799330711365 340.31170654297
118.17795562744 5.9944009780884 340.23834228516
118.09567260742 4.8097143173218 340.1982421875
118.04560852051 3.6241550445557 340.13793945312
117.92469787598 2.442200422287 340.12210083008
117.79529571533 1.261089682579 340.1116027832
117.68707275391 0.078053645789623 340.08773803711
117.54055786133 -1.1011092662811 340.08801269531
117.39154052734 -2.2799549102783 340.08993530273
117.27338409424 -3.4621644020081 340.07232666016
117.09533691406 -4.6368007659912 340.09262084961
115.61221313477 22.934225082397 343.74377441406
115.8238067627 21.818658828735 343.7614440918
115.95714569092 20.696109771729 343.88610839844
115.97793579102 19.55943107605 343.88586425781
116.02351379395 18.42403793335 343.91763305664
116.02814483643 17.28814125061 343.94668579102
116.09963989258 16.157997131348 344.0129699707
115.92868804932 15.038166046143 344.03689575195
115.88318634033 13.9059009552 344.09350585938
115.87921905518 12.770025253296 344.15893554688
115.6579284668 11.663004875183 344.12677001953
115.60963439941 10.532629966736 344.20028686523
115.48332977295 9.4068565368652 344.25616455078
115.48685455322 8.2819290161133 344.40811157227
115.28137207031 7.1640830039978 344.46017456055
115.22862243652 6.0467572212219 344.62887573242
115.14521789551 4.9257736206055 344.79208374023
115.05014038086 3.8214309215546 345.02868652344
114.97870635986 2.7286739349365 345.33587646484
114.87689971924 1.6333010196686 345.62240600586
114.71460723877 0.55150198936462 345.9352722168
114.56507110596 -0.51701790094376 346.29403686523
114.42443847656 -1.5762642621994 346.6848449707
114.39830780029 -2.6512095928192 347.05352783203
114.30989837646 -3.7172231674194 347.44122314453
115.21238708496 22.872848510742 342.73751831055
115.24851226807 21.716669082642 342.3928527832
115.20671844482 20.515306472778 342.21234130859
115.10929107666 19.315292358398 342.05554199219
115.05936431885 18.117208480835 341.86068725586
114.92644500732 16.915756225586 341.73049926758
114.81184387207 15.711856842041 341.60333251953
114.70984649658 14.506116867065 341.48040771484
114.5768661499 13.303871154785 341.35467529297
114.4213104248 12.102666854858 341.25216674805
114.25505828857 10.89905166626 341.19747924805
114.12869262695 9.7060146331787 341.02133178711
113.94482421875 8.5141077041626 340.8918762207
113.68778991699 7.3282384872437 340.81295776367
113.39753723145 6.1515436172485 340.7155456543
113.08300018311 4.9849696159363 340.57608032227
112.72174072266 3.8308756351471 340.44525146484
112.32277679443 2.6870079040527 340.33850097656
111.86959838867 1.5673493146896 340.20584106445
111.3599319458 0.47242707014084 340.06369018555
110.87322998047 -0.62483340501785 339.87957763672
110.41641998291 -1.7192121744156 339.61163330078
109.9270324707 -2.7966110706329 339.35327148438
109.35484313965 -3.8592340946198 339.23937988281
108.81378936768 -4.9174757003784 338.98135375977
