92.785804748535 4.5116543769836 335.39349365234
49.880290985107 -12.60568523407 333.61993408203
48.18265914917 -4.1781845092773 338.1637878418
49.646667480469 -4.5167908668518 328.77313232422
92.32022857666 2.7440493106842 335.20663452148
91.140258789062 1.3597791194916 335.17721557617
89.83081817627 0.073899529874325 335.10266113281
88.361038208008 -1.0258016586304 335.06744384766
86.801177978516 -1.9914002418518 334.98669433594
85.157844543457 -2.8037643432617 334.90243530273
83.479774475098 -3.5444667339325 334.79956054688
81.767463684082 -4.1928677558899 334.67901611328
80.007949829102 -4.710554599762 334.58056640625
78.225372314453 -5.155074596405 334.5505065918
76.414329528809 -5.4609332084656 334.52386474609
74.603584289551 -5.7711911201477 334.49417114258
72.794784545898 -6.0883893966675 334.44354248047
70.988563537598 -6.4061794281006 334.33374023438
69.196281433105 -6.7969226837158 334.22821044922
67.411163330078 -7.2244381904602 334.1506652832
65.630378723145 -7.6719346046448 334.0866394043
63.861240386963 -8.16676902771 334.04943847656
62.099086761475 -8.6853895187378 334.00982666016
60.341171264648 -9.2184591293335 333.96878051758
58.597248077393 -9.7928085327148 333.90008544922
56.865016937256 -10.401955604553 333.84521484375
55.142971038818 -11.041441917419 333.80743408203
53.383331298828 -11.569429397583 333.77584838867
51.587989807129 -11.943820953369 333.71856689453
91.359603881836 3.6011352539062 335.97210693359
89.900039672852 2.5605065822601 335.98620605469
88.408317565918 1.5667890310287 335.98602294922
86.839317321777 0.70029819011688 335.9778137207
85.203964233398 -0.032469283789396 336.01977539062
83.52522277832 -0.6570035815239 336.08724975586
81.800216674805 -1.1434704065323 336.12142944336
80.060348510742 -1.5729446411133 336.15283203125
78.287910461426 -1.8385291099548 336.1142578125
76.514831542969 -2.1015045642853 336.09014892578
74.738708496094 -2.342355966568 336.06491088867
72.953109741211 -2.4789018630981 335.98406982422
71.16877746582 -2.6368083953857 335.91494750977
69.382171630859 -2.7759618759155 335.86785888672
67.594398498535 -2.9035520553589 335.83374023438
65.806106567383 -3.0276877880096 335.82327270508
64.021057128906 -3.1794390678406 335.8874206543
62.234741210938 -3.2963454723358 335.98211669922
60.447132110596 -3.4170346260071 336.04092407227
58.660377502441 -3.5016736984253 336.15881347656
56.882297515869 -3.5789723396301 336.37329101562
55.125099182129 -3.8155183792114 336.63735961914
53.403175354004 -4.1315355300903 337.02285766602
51.636371612549 -4.2962770462036 337.27746582031
49.86803817749 -4.3212776184082 337.57000732422
91.447631835938 3.5956161022186 334.73263549805
90.04288482666 2.5851488113403 334.45797729492
88.570899963379 1.6445136070251 334.32202148438
87.026214599609 0.83016318082809 334.17788696289
85.417594909668 0.14927642047405 334.04144287109
83.752723693848 -0.36901199817657 333.86862182617
82.064025878906 -0.82154226303101 333.75375366211
80.421913146973 -1.3629550933838 333.47161865234
78.712028503418 -1.7211887836456 333.33633422852
76.987434387207 -2.0145745277405 333.23574829102
75.258979797363 -2.280858039856 333.12634277344
73.526329040527 -2.51598072052 333.01205444336
71.790237426758 -2.7270016670227 332.9030456543
70.052734375 -2.9220819473267 332.787109375
68.319137573242 -3.1183550357819 332.62411499023
66.589683532715 -3.34121966362 332.45166015625
64.859001159668 -3.5374937057495 332.26031494141
63.126480102539 -3.6677248477936 332.03256225586
61.393474578857 -3.7911682128906 331.80477905273
59.662242889404 -3.8969311714172 331.55560302734
57.9660987854 -4.0426230430603 331.14053344727
56.261558532715 -4.171546459198 330.75537109375
54.618595123291 -4.4788570404053 330.22940063477
52.987361907959 -4.7935161590576 329.67218017578
51.300045013428 -4.8970322608948 329.21124267578
