62.627716064453 -1.5809869766235 281.07507324219
69.719383239746 4.4219932556152 285.13427734375
70.884674072266 -0.073056496679783 286.82174682617
72.354522705078 2.9448635578156 280.67221069336
62.631256103516 -1.2248741388321 281.27212524414
62.76628112793 -0.89463353157043 281.46878051758
62.937843322754 -0.57905948162079 281.66104125977
63.126895904541 -0.27190914750099 281.85049438477
63.33748626709 0.023559587076306 282.03576660156
63.556720733643 0.31389403343201 282.21914672852
63.785137176514 0.59848785400391 282.40029907227
64.026832580566 0.8741951584816 282.57791137695
64.282707214355 1.139613032341 282.75134277344
64.545883178711 1.3993438482285 282.92239379883
64.817611694336 1.6521050930023 283.09048461914
65.099800109863 1.8958216905594 283.25466918945
65.382553100586 2.1390244960785 283.4186706543
65.66429901123 2.3831293582916 283.58303833008
65.956657409668 2.6174237728119 283.74307250977
66.252174377441 2.8486318588257 283.90182495117
66.558563232422 3.0688223838806 284.05554199219
66.859176635742 3.2949841022491 284.21194458008
67.177955627441 3.5014383792877 284.35940551758
67.489250183105 3.7163505554199 284.51071166992
67.827850341797 3.8977112770081 284.64642333984
68.176376342773 4.0647673606873 284.77523803711
68.54810333252 4.1911492347717 284.88403320312
68.928314208984 4.2986993789673 284.98327636719
69.322486877441 4.3656888008118 285.06155395508
62.829856872559 -1.5473861694336 281.42755126953
63.082290649414 -1.3371181488037 281.67153930664
63.338348388672 -1.1420869827271 281.923828125
63.607753753662 -1.0074253082275 282.20065307617
63.910820007324 -0.86937510967255 282.43829345703
64.238204956055 -0.75527739524841 282.65567016602
64.575202941895 -0.64301759004593 282.85882568359
64.90071105957 -0.519391477108 283.07373046875
65.241653442383 -0.40170067548752 283.26690673828
65.561080932617 -0.28200632333755 283.49295043945
65.870651245117 -0.16941767930984 283.73571777344
66.181358337402 -0.07037466019392 283.98294067383
66.496215820312 0.023366710171103 284.22662353516
66.763801574707 0.086280360817909 284.52972412109
67.053894042969 0.16804122924805 284.80645751953
67.349746704102 0.27898359298706 285.06649780273
67.639839172363 0.40286430716515 285.32717895508
67.948524475098 0.51372146606445 285.5712890625
68.299156188965 0.50343811511993 285.78204345703
68.659210205078 0.49075970053673 285.97607421875
69.021690368652 0.45367410778999 286.16213989258
69.393890380859 0.35091027617455 286.29763793945
69.766807556152 0.23394256830215 286.41891479492
70.141204833984 0.12613520026207 286.54406738281
70.514526367188 0.02196155115962 286.67538452148
62.87553024292 -1.2441649436951 280.95867919922
63.178955078125 -0.94290262460709 281.04797363281
63.494106292725 -0.65925937891006 281.15115356445
63.864612579346 -0.43826451897621 281.21893310547
64.204917907715 -0.17527243494987 281.29531860352
64.542503356934 0.09678790718317 281.34854125977
64.884201049805 0.36037519574165 281.41604614258
65.231636047363 0.62277787923813 281.45108032227
65.599418640137 0.85298532247543 281.50158691406
65.980903625488 1.0630686283112 281.53552246094
66.363426208496 1.2739018201828 281.54281616211
66.748977661133 1.4791808128357 281.53704833984
67.133392333984 1.6856251955032 281.51617431641
67.508453369141 1.9081466197968 281.49096679688
67.874176025391 2.146496295929 281.47473144531
68.234115600586 2.3939821720123 281.47076416016
68.611923217773 2.6128597259521 281.48364257812
69.000282287598 2.7991049289703 281.41149902344
69.415199279785 2.9346916675568 281.39855957031
69.850593566895 2.9662554264069 281.3893737793
70.271545410156 2.9359593391418 281.27728271484
70.694679260254 2.9486203193665 281.16958618164
71.112411499023 3.0225045681 281.06552124023
71.53638458252 3.0365192890167 280.96166992188
71.948112487793 2.9743132591248 280.82965087891
