75.161689758301 11.724347114563 412.16870117188
111.73180389404 -1.8398231267929 406.51745605469
115.59474945068 -1.471225976944 403.20504760742
115.98950958252 -0.73384594917297 408.47143554688
76.341972351074 10.786751747131 411.97171020508
77.645896911621 10.033915519714 411.76232910156
79.008392333984 9.39501953125 411.54788208008
80.410842895508 8.8501443862915 411.33044433594
81.828392028809 8.3462581634521 411.11196899414
83.259201049805 7.8816404342651 410.8928527832
84.689743041992 7.4162092208862 410.67370605469
86.116134643555 6.9381155967712 410.45474243164
87.539863586426 6.4520468711853 410.23599243164
88.96019744873 5.9561109542847 410.01736450195
90.376594543457 5.4489002227783 409.79904174805
91.793380737305 4.9427905082703 409.58071899414
93.210830688477 4.4385914802551 409.36224365234
94.635498046875 3.9553413391113 409.14340209961
96.058395385742 3.4668288230896 408.92468261719
97.483070373535 2.9836077690125 408.70584106445
98.910652160645 2.5090878009796 408.48684692383
100.33074951172 2.0124659538269 408.2682800293
101.76052093506 1.5446362495422 408.04916381836
103.18740081787 1.0680016279221 407.83023071289
104.61516571045 0.59403681755066 407.61120605469
106.03673553467 0.10166876763105 407.39254760742
107.4564666748 -0.39603793621063 407.17398071289
108.88842773438 -0.85704505443573 406.95474243164
110.31826782227 -1.3246196508408 406.7356262207
76.659278869629 11.293325424194 411.68170166016
78.170585632324 10.757053375244 411.18988037109
79.737182617188 10.276253700256 410.82620239258
81.310218811035 9.8014783859253 410.48281860352
82.892845153809 9.3133087158203 410.20974731445
84.475799560547 8.8246736526489 409.93911743164
86.047653198242 8.3126878738403 409.64801025391
87.617813110352 7.7971386909485 409.35375976562
89.196876525879 7.2994575500488 409.07760620117
90.780464172363 6.8108329772949 408.81063842773
92.364921569824 6.3238263130188 408.54595947266
93.952095031738 5.8418455123901 408.28839111328
95.540084838867 5.3622126579285 408.03158569336
97.13370513916 4.8987655639648 407.77987670898
98.727325439453 4.4353184700012 407.52816772461
100.31350708008 3.9577581882477 407.25827026367
101.88855743408 3.4590580463409 406.96112060547
103.4575881958 2.960880279541 406.63598632812
105.01200866699 2.4639713764191 406.24273681641
106.57106781006 1.9703589677811 405.86538696289
108.14696502686 1.4886968135834 405.54550170898
109.72285461426 1.0070346593857 405.22561645508
111.27000427246 0.54340976476669 404.77389526367
112.7633895874 -0.0065227416343987 404.2490234375
114.20920562744 -0.70121663808823 403.75723266602
76.746269226074 11.302874565125 412.28823852539
78.313606262207 10.78536605835 412.22961425781
79.886032104492 10.297526359558 412.10336303711
81.459884643555 9.8202857971191 411.95056152344
83.026786804199 9.3330421447754 411.76171875
84.593696594238 8.8457984924316 411.57290649414
86.159545898438 8.3603887557983 411.37133789062
87.724609375 7.8763365745544 411.16033935547
89.290054321289 7.3941111564636 410.94799804688
90.856246948242 6.91548204422 410.73306274414
92.422454833984 6.437159538269 410.51754760742
93.989326477051 5.9709186553955 410.28134155273
95.553504943848 5.4844608306885 410.06964111328
97.117309570312 4.995189666748 409.86135864258
98.681098937988 4.5031967163086 409.65957641602
100.24491119385 4.0092878341675 409.46258544922
101.81079101562 3.5256071090698 409.25686645508
103.38210296631 3.0507726669312 409.0758972168
104.96106719971 2.5883984565735 408.92980957031
106.5421295166 2.1361899375916 408.77584838867
108.1270980835 1.7029985189438 408.60717773438
109.70336914062 1.232017993927 408.46063232422
111.28035736084 0.76580488681793 408.30612182617
112.87522888184 0.34031981229782 408.24600219727
114.43444061279 -0.19064076244831 408.34924316406
