-0.70631331205368 80.733222961426 583.26782226562
358.55508422852 14.277269363403 626.07067871094
377.34948730469 34.153366088867 600.27471923828
370.59503173828 42.132606506348 645.59289550781
3.8098649978638 68.005973815918 585.04583740234
16.36287689209 62.810230255127 586.80603027344
30.623041152954 60.752067565918 588.41888427734
44.883205413818 58.693908691406 590.03173828125
59.143367767334 56.635746002197 591.64459228516
73.403533935547 54.577583312988 593.25744628906
87.663696289062 52.519420623779 594.87030029297
101.92385864258 50.46125793457 596.48315429688
116.18402099609 48.403099060059 598.09600830078
130.44418334961 46.34493637085 599.70886230469
144.70434570312 44.286773681641 601.32171630859
158.95921325684 42.19881439209 602.94274902344
173.20782470703 40.075649261475 604.57330322266
187.45643615723 37.952487945557 606.20385742188
201.73971557617 36.083354949951 607.82562255859
216.0514831543 34.423091888428 609.44000244141
230.36325073242 32.762828826904 611.05444335938
244.67767333984 31.114538192749 612.65765380859
258.99285888672 29.469833374023 614.25750732422
273.28829956055 27.720058441162 615.91888427734
287.57269287109 25.911653518677 617.61456298828
301.83642578125 23.899795532227 619.24749755859
316.08172607422 21.714237213135 620.82312011719
330.27612304688 19.238941192627 622.38720703125
344.41946411133 16.885631561279 624.53192138672
8.6104822158813 70.208961486816 579.70684814453
23.045440673828 68.077560424805 576.35925292969
37.499736785889 65.199600219727 573.80981445312
52.271640777588 62.855861663818 573.10723876953
67.080017089844 60.630184173584 573.22448730469
81.90567779541 58.609638214111 573.83630371094
96.747947692871 56.877742767334 574.83209228516
111.5548248291 54.966426849365 575.99945068359
126.28119659424 52.707725524902 577.52209472656
141.01786804199 50.616725921631 579.17114257812
155.77073669434 48.959842681885 581.14508056641
170.5237121582 47.31392288208 583.12677001953
185.27819824219 45.823543548584 585.2177734375
200.03286743164 44.382972717285 587.34216308594
214.79188537598 43.006805419922 589.47875976562
229.56311035156 41.803123474121 591.63342285156
244.38661193848 40.469341278076 593.29846191406
259.22866821289 39.371520996094 594.96936035156
274.06295776367 38.815593719482 596.94195556641
288.93719482422 37.237632751465 596.19635009766
303.76342773438 35.97811126709 597.86767578125
317.99304199219 35.268989562988 602.48333740234
332.52819824219 33.682682037354 599.26782226562
347.47116088867 32.960147857666 598.62036132812
362.42391967773 33.302448272705 599.38470458984
7.0621109008789 72.316093444824 590.72937011719
20.086452484131 69.631660461426 597.38061523438
33.94596862793 67.751358032227 602.15087890625
48.267559051514 66.315956115723 605.88049316406
62.589149475098 64.880554199219 609.61016845703
77.037170410156 63.475158691406 612.72650146484
91.693145751953 62.119125366211 614.83410644531
106.32781219482 60.445384979248 616.82794189453
120.93860626221 58.415714263916 618.69439697266
135.67997741699 57.206436157227 620.20349121094
150.28221130371 54.987270355225 621.78649902344
164.94595336914 52.995174407959 623.11175537109
179.6940612793 51.417785644531 624.13604736328
194.46011352539 49.819713592529 624.83477783203
209.22090148926 48.28634262085 625.74426269531
223.97961425781 46.778442382812 626.73681640625
238.7191619873 45.268871307373 627.97454833984
253.46215820312 43.797203063965 629.21612548828
268.23489379883 42.475513458252 630.26361083984
283.05151367188 41.543560028076 631.07513427734
297.86819458008 40.978862762451 632.12908935547
312.66390991211 40.534881591797 633.51910400391
327.41662597656 40.052722930908 635.26330566406
342.06658935547 39.775913238525 637.78930664062
356.42333984375 40.605163574219 641.36102294922
