136.27812194824 1.4888904094696 651.93286132812
158.9214630127 2.9943625926971 656.12701416016
160.07615661621 -0.92196810245514 674.17419433594
163.60725402832 -14.047095298767 662.59826660156
136.92063903809 2.0448553562164 651.48327636719
137.75971984863 2.4517726898193 651.24981689453
138.58743286133 2.8715271949768 650.99908447266
139.43533325195 3.2678236961365 650.77960205078
140.31546020508 3.6192169189453 650.6181640625
141.2126159668 3.9412951469421 650.49359130859
142.13137817383 4.2162203788757 650.42694091797
143.06443786621 4.4471983909607 650.41253662109
144.00608825684 4.6379656791687 650.44506835938
144.95269775391 4.7823224067688 650.5302734375
145.89862060547 4.8708810806274 650.67706298828
146.84327697754 4.9454379081726 650.83892822266
147.78062438965 4.9735808372498 651.05041503906
148.70817565918 4.9624834060669 651.30279541016
149.62675476074 4.9235634803772 651.58361816406
150.53489685059 4.8574848175049 651.89196777344
151.41519165039 4.7330617904663 652.25769042969
152.1958770752 4.4688639640808 652.75250244141
152.9596862793 4.1862545013428 653.26324462891
153.7673034668 3.9536714553833 653.72998046875
154.61672973633 3.7780299186707 654.14447021484
155.45930480957 3.5922632217407 654.568359375
156.3136138916 3.424015045166 654.97583007812
157.17315673828 3.2641732692719 655.37561035156
158.03770446777 3.1122550964355 655.76751708984
136.65808105469 2.3284106254578 652.89434814453
137.76470947266 2.9055676460266 653.39227294922
138.96966552734 3.3975715637207 653.72906494141
140.21694946289 3.8328545093536 653.97564697266
141.47676086426 4.0984487533569 654.35992431641
142.70338439941 4.1623482704163 654.90258789062
143.83993530273 4.0017199516296 655.60302734375
144.97329711914 3.843980550766 656.30859375
146.0384979248 3.747834444046 657.12359619141
147.07550048828 3.6718361377716 657.97613525391
148.06500244141 3.5509486198425 658.87799072266
148.93916320801 3.3333566188812 659.87628173828
149.7993927002 3.0907707214355 660.88092041016
150.63525390625 2.8092617988586 661.89593505859
151.48599243164 2.5733811855316 662.91021728516
152.31730651855 2.3440430164337 663.94195556641
153.15142822266 2.0469741821289 664.95397949219
154.00765991211 1.6976395845413 665.93017578125
154.93701171875 1.5541186332703 666.89135742188
155.87910461426 1.1765074729919 667.77325439453
156.81025695801 0.7594490647316 668.64910888672
157.69267272949 0.40009266138077 669.59790039062
158.4907989502 0.18124562501907 670.65747070312
159.1411895752 -0.12100441753864 671.79455566406
159.68244934082 -0.43239349126816 672.98529052734
137.02993774414 0.62817043066025 651.19006347656
138.31541442871 0.24997116625309 650.97729492188
139.67218017578 0.21636600792408 650.87377929688
141.03326416016 0.25147199630737 650.81280517578
142.38200378418 0.15541251003742 650.96728515625
143.65898132324 -0.092714339494705 651.36346435547
144.89697265625 -0.40855491161346 651.83740234375
146.10678100586 -0.7910560965538 652.33459472656
147.26147460938 -1.2774085998535 652.86889648438
148.39273071289 -1.8127368688583 653.40856933594
149.4914855957 -2.4472074508667 653.90362548828
150.54428100586 -3.1237168312073 654.44244384766
151.54229736328 -3.821729183197 655.05303955078
152.5234375 -4.5506711006165 655.65582275391
153.50123596191 -5.3066625595093 656.23028564453
154.49154663086 -6.0544266700745 656.7939453125
155.50563049316 -6.7739319801331 657.35198974609
156.53721618652 -7.4621324539185 657.91741943359
157.5793762207 -8.123984336853 658.49493408203
158.64503479004 -8.7390480041504 659.08026123047
159.68119812012 -9.4036483764648 659.66082763672
160.62553405762 -10.216506958008 660.20367431641
161.44741821289 -11.150959014893 660.7529296875
162.18649291992 -12.085722923279 661.40881347656
162.8454284668 -13.081560134888 662.05017089844
