-22.656337738037 -15.429056167603 -19.953248977661
0.76517957448959 -10.460578918457 -19.440576553345
-1.7247679233551 -3.9108989238739 -29.102169036865
-2.1460978984833 0.88436752557755 -17.492855072021
-21.837400436401 -15.904278755188 -19.671854019165
-21.018463134766 -16.379501342773 -19.390460968018
-20.19952583313 -16.854724884033 -19.109066009521
-19.246774673462 -17.034122467041 -18.924734115601
-18.291948318481 -17.208927154541 -18.7419090271
-17.337120056152 -17.383731842041 -18.55908203125
-16.361650466919 -17.377992630005 -18.454292297363
-15.3792552948 -17.311672210693 -18.375686645508
-14.396860122681 -17.24535369873 -18.297080993652
-13.425584793091 -17.109560012817 -18.248950958252
-12.476145744324 -16.837333679199 -18.260673522949
-11.526707649231 -16.56510925293 -18.272394180298
-10.600297927856 -16.238946914673 -18.314002990723
-9.7234783172607 -15.796639442444 -18.419971466064
-8.8466596603394 -15.354331016541 -18.525941848755
-7.9596638679504 -14.929216384888 -18.61639213562
-7.0724563598633 -14.504461288452 -18.706520080566
-6.1734108924866 -14.098435401917 -18.746404647827
-5.2841510772705 -13.671918869019 -18.795705795288
-4.4004549980164 -13.234871864319 -18.856502532959
-3.5234549045563 -12.790163040161 -18.946830749512
-2.6539461612701 -12.34418964386 -19.090814590454
-1.789919257164 -11.88963508606 -19.240867614746
-0.95066797733307 -11.373517990112 -19.242053985596
-0.062727071344852 -10.970545768738 -19.28851890564
-21.95997428894 -15.746121406555 -20.631904602051
-21.008455276489 -15.972973823547 -20.998271942139
-20.000259399414 -16.062314987183 -21.265956878662
-18.973989486694 -16.061586380005 -21.467496871948
-17.945472717285 -15.963967323303 -21.64199256897
-16.942276000977 -15.731598854065 -21.837490081787
-15.97172164917 -15.408504486084 -22.052917480469
-15.035357475281 -15.013893127441 -22.305788040161
-14.130096435547 -14.585692405701 -22.614881515503
-13.248901367188 -14.133304595947 -22.954874038696
-12.409127235413 -13.628319740295 -23.326326370239
-11.591478347778 -13.115184783936 -23.732011795044
-10.834929466248 -12.525140762329 -24.152837753296
-10.130669593811 -11.885143280029 -24.590995788574
-9.4501028060913 -11.242888450623 -25.031318664551
-8.7630615234375 -10.652455329895 -25.52942276001
-8.0202398300171 -10.100556373596 -26.015472412109
-7.3311853408813 -9.4369611740112 -26.443284988403
-6.6057081222534 -8.8193044662476 -26.878427505493
-5.8974161148071 -8.1685991287231 -27.291540145874
-5.2209210395813 -7.4740262031555 -27.684188842773
-4.5592765808105 -6.7532005310059 -28.04155921936
-3.8236267566681 -6.1457381248474 -28.473159790039
-3.0855314731598 -5.4705471992493 -28.777696609497
-2.4198920726776 -4.681086063385 -28.953063964844
-22.304058074951 -15.18199634552 -18.964811325073
-21.456672668457 -15.009129524231 -18.308259963989
-20.527492523193 -14.593338012695 -17.964721679688
-19.515117645264 -14.362650871277 -17.643394470215
-18.480522155762 -14.156331062317 -17.375438690186
-17.456178665161 -13.892572402954 -17.116834640503
-16.442361831665 -13.550755500793 -16.918640136719
-15.459057807922 -13.106552124023 -16.781814575195
-14.588678359985 -12.470467567444 -16.7210521698
-13.711621284485 -11.838267326355 -16.610055923462
-12.886929512024 -11.130290985107 -16.552814483643
-12.066700935364 -10.417958259583 -16.482610702515
-11.298248291016 -9.6497192382812 -16.430292129517
-10.725461959839 -8.7409658432007 -16.526884078979
-10.029880523682 -7.9072546958923 -16.453020095825
-9.3112869262695 -7.0960698127747 -16.35548210144
-8.5862236022949 -6.2860150337219 -16.305877685547
-7.8421592712402 -5.4913702011108 -16.280727386475
-7.1057076454163 -4.6900825500488 -16.27459526062
-6.3900032043457 -3.8706901073456 -16.320295333862
-5.6742992401123 -3.0512974262238 -16.365997314453
-4.9536995887756 -2.2386267185211 -16.439052581787
-4.2289643287659 -1.4316341876984 -16.535213470459
-3.5278644561768 -0.6518058180809 -16.804529190063
-2.8369812965393 0.11628086864948 -17.148691177368
