92.089599609375 -4.8682651519775 401.20687866211
102.41162109375 4.0397934913635 402.65451049805
108.32127380371 1.0315854549408 405.25186157227
108.73846435547 3.1910905838013 397.37872314453
92.108520507812 -4.3553991317749 401.38391113281
92.319053649902 -3.8725423812866 401.51922607422
92.572418212891 -3.4071969985962 401.64138793945
92.878395080566 -2.9696888923645 401.74523925781
93.209831237793 -2.5488970279694 401.83901977539
93.578514099121 -2.156631231308 401.91674804688
93.950958251953 -1.7676042318344 401.99270629883
94.334411621094 -1.3884290456772 402.06344604492
94.741569519043 -1.0326104164124 402.12213134766
95.135681152344 -0.66356056928635 402.18756103516
95.551322937012 -0.31693354249001 402.24163818359
95.975791931152 0.019599121063948 402.29067993164
96.405868530273 0.34940847754478 402.33642578125
96.840469360352 0.67360299825668 402.37951660156
97.283325195312 0.98707550764084 402.41757202148
97.731925964355 1.2927175760269 402.45181274414
98.183494567871 1.594179391861 402.48413085938
98.635261535645 1.8953446149826 402.51635742188
99.095397949219 2.1841444969177 402.54284667969
99.554527282715 2.4744815826416 402.57006835938
100.01145935059 2.768114566803 402.59878540039
100.48600006104 3.0334379673004 402.61465454102
100.9673614502 3.2864389419556 402.62512207031
101.43796539307 3.5584359169006 402.64401245117
101.93654632568 3.7754094600677 402.63903808594
92.53084564209 -4.5166697502136 401.62036132812
93.013153076172 -4.0630683898926 401.84606933594
93.558883666992 -3.6542661190033 402.00216674805
94.141723632812 -3.2871642112732 402.1240234375
94.742668151855 -2.9433543682098 402.22387695312
95.357856750488 -2.6135835647583 402.26986694336
95.974128723145 -2.2870330810547 402.32363891602
96.590324401855 -1.9610775709152 402.38153076172
97.223892211914 -1.6650425195694 402.37353515625
97.864944458008 -1.3916308879852 402.43365478516
98.509872436523 -1.1274919509888 402.49374389648
99.154983520508 -0.88520020246506 402.59606933594
99.802635192871 -0.68134313821793 402.76306152344
100.45989990234 -0.47997441887856 402.892578125
101.11039733887 -0.28830483555794 403.06362915039
101.76165771484 -0.1085667386651 403.24462890625
102.41386413574 0.063671410083771 403.42977905273
103.07250976562 0.23326566815376 403.59332275391
103.74036407471 0.38283041119576 403.73571777344
104.41304779053 0.5076025724411 403.87698364258
105.07766723633 0.58601802587509 404.07958984375
105.71224212646 0.68281078338623 404.35754394531
106.3624420166 0.78375548124313 404.59368896484
107.01652526855 0.82809501886368 404.83151245117
107.67476654053 0.86117470264435 405.05471801758
92.4892578125 -4.3201899528503 400.88922119141
93.03498840332 -3.8071806430817 400.90023803711
93.619895935059 -3.3396875858307 400.87872314453
94.219833374023 -2.8915481567383 400.89813232422
94.828636169434 -2.4558749198914 400.92419433594
95.410835266113 -1.9845715761185 400.93041992188
96.04988861084 -1.5944129228592 400.95297241211
96.693328857422 -1.2113486528397 400.97235107422
97.357376098633 -0.86583364009857 400.94442749023
98.025001525879 -0.52837258577347 400.90542602539
98.709533691406 -0.25039002299309 400.78192138672
99.388366699219 0.033413786441088 400.6413269043
100.05153656006 0.33335825800896 400.46423339844
100.72113800049 0.6188257932663 400.28741455078
101.39302062988 0.89951688051224 400.11157226562
102.06994628906 1.1758556365967 399.94866943359
102.75244140625 1.447270989418 399.8014831543
103.41423034668 1.7431436777115 399.61279296875
104.08265686035 2.0155246257782 399.41244506836
104.74713134766 2.1956095695496 399.11727905273
105.40322113037 2.3712491989136 398.80133056641
106.07108306885 2.5272371768951 398.50006103516
106.75680541992 2.6504271030426 398.2248840332
107.44039916992 2.7183320522308 397.92620849609
108.12467193604 2.8668448925018 397.66006469727
