82.327903747559 -1.9645993709564 408.39456176758
99.59098815918 4.9849562644958 409.28540039062
106.50898742676 -0.6653465628624 416.00631713867
105.673828125 -0.88677358627319 404.48919677734
82.428382873535 -1.2243921756744 408.42626953125
82.816429138184 -0.58533227443695 408.46466064453
83.297813415527 -0.013428630307317 408.50384521484
83.872406005859 0.46492505073547 408.54284667969
84.499244689941 0.87246870994568 408.58111572266
85.165023803711 1.2130521535873 408.61822509766
85.850914001465 1.5112926959991 408.65447998047
86.534721374512 1.8141387701035 408.69079589844
87.236938476562 2.0717413425446 408.72607421875
87.943367004395 2.317572593689 408.76104736328
88.655685424805 2.545862197876 408.7956237793
89.370208740234 2.7671957015991 408.82995605469
90.085891723633 2.9847571849823 408.86419677734
90.805725097656 3.1882348060608 408.89807128906
91.52498626709 3.3936879634857 408.93200683594
92.252349853516 3.5685038566589 408.96508789062
92.980354309082 3.7406284809113 408.99801635742
93.709381103516 3.9084215164185 409.03088378906
94.441131591797 4.0639357566833 409.06338500977
95.16577911377 4.2496123313904 409.09674072266
95.902297973633 4.3809337615967 409.12847900391
96.632667541504 4.5428085327148 409.1611328125
97.368125915527 4.6798615455627 409.1930847168
98.106048583984 4.8031311035156 409.22457885742
98.846565246582 4.9098515510559 409.25546264648
83.23168182373 -1.6288619041443 408.58950805664
84.148666381836 -1.4128466844559 408.87249755859
85.088684082031 -1.3146716356277 409.14605712891
86.049903869629 -1.211896777153 409.33129882812
86.999366760254 -1.0880274772644 409.5595703125
87.942169189453 -0.96230083703995 409.81198120117
88.905349731445 -0.88207918405533 409.99853515625
89.861633300781 -0.79553151130676 410.21533203125
90.812141418457 -0.70466351509094 410.45474243164
91.765556335449 -0.61960417032242 410.68444824219
92.720092773438 -0.54906356334686 410.91445922852
93.669708251953 -0.47853541374207 411.16381835938
94.608558654785 -0.40068098902702 411.44918823242
95.557769775391 -0.34809458255768 411.70468139648
96.506080627441 -0.29645457863808 411.9631652832
97.434669494629 -0.26598900556564 412.28848266602
98.362251281738 -0.24268078804016 412.61715698242
99.285919189453 -0.24768348038197 412.95751953125
100.20267486572 -0.2490895986557 413.31607055664
101.1077041626 -0.24445113539696 413.70324707031
102.01587677002 -0.22694858908653 414.08264160156
102.93167877197 -0.23642928898335 414.44345092773
103.85474395752 -0.30101266503334 414.7790222168
104.7229385376 -0.37125051021576 415.23751831055
105.63528442383 -0.50169867277145 415.58337402344
83.010803222656 -1.4136743545532 408.1169128418
83.88005065918 -1.1498775482178 407.96142578125
84.788764953613 -1.0887440443039 407.80871582031
85.703735351562 -1.0104932785034 407.7099609375
86.619117736816 -0.92734450101852 407.61923217773
87.533714294434 -0.83625566959381 407.52841186523
88.450492858887 -0.76399219036102 407.44296264648
89.369956970215 -0.72215408086777 407.36618041992
90.289100646973 -0.6794940829277 407.28659057617
91.203567504883 -0.62552809715271 407.16870117188
92.118057250977 -0.57166087627411 407.05087280273
93.03295135498 -0.52023249864578 406.93521118164
93.948760986328 -0.47447687387466 406.82446289062
94.864196777344 -0.429343521595 406.71047973633
95.777694702148 -0.38733994960785 406.58074951172
96.691352844238 -0.34869998693466 406.45123291016
97.606132507324 -0.34612581133842 406.32388305664
98.517288208008 -0.35303267836571 406.17306518555
99.416748046875 -0.3830651640892 405.96536254883
100.31639099121 -0.41416203975677 405.75863647461
101.21650695801 -0.44816213846207 405.5544128418
102.11322021484 -0.51374632120132 405.34307861328
103.00507354736 -0.59180510044098 405.11599731445
103.90036773682 -0.64600056409836 404.89559936523
104.80171203613 -0.66406357288361 404.69482421875
