65.254791259766 -12.111095428467 334.04238891602
3.4722571372986 14.377420425415 338.04458618164
-7.5922265052795 4.9817490577698 328.31344604492
-6.6624374389648 4.2787985801697 347.61279296875
63.429027557373 -10.239151000977 334.15716552734
61.461826324463 -8.5429706573486 334.28189086914
59.249683380127 -7.1511807441711 334.42373657227
57.037609100342 -5.7592911720276 334.56561279297
54.824375152588 -4.3694081306458 334.70761108398
52.518737792969 -3.1394817829132 334.8561706543
50.198780059814 -1.9376811981201 335.00579833984
47.851997375488 -0.78859114646912 335.15734863281
45.478748321533 0.3036276102066 335.31085205078
43.092403411865 1.367711186409 335.46533203125
40.68302154541 2.3782839775085 335.62145996094
38.264343261719 3.3656370639801 335.77825927734
35.826141357422 4.3041877746582 335.93658447266
33.379875183105 5.2212600708008 336.09548950195
30.92921257019 6.1266140937805 336.25469970703
28.462108612061 6.9858946800232 336.41513061523
25.986890792847 7.820520401001 336.576171875
23.492294311523 8.5959806442261 336.73870849609
20.991668701172 9.351487159729 336.90170288086
18.487037658691 10.093731880188 337.06500244141
15.985510826111 10.842512130737 337.2444152832
13.516807556152 11.677882194519 337.47463989258
11.01310634613 12.418717384338 337.48941040039
8.576566696167 13.327290534973 337.69546508789
6.0261464118958 13.876835823059 337.76559448242
62.807769775391 -11.000335693359 333.82650756836
60.124622344971 -9.9244203567505 333.41580200195
57.408954620361 -8.8640880584717 333.31378173828
54.687046051025 -7.8096261024475 333.24609375
51.958984375 -6.7755017280579 333.16674804688
49.116413116455 -6.1095476150513 333.20989990234
46.283199310303 -5.4056239128113 333.18167114258
43.453033447266 -4.689332485199 333.13024902344
40.627475738525 -3.9534404277802 333.11520385742
37.819843292236 -3.1606657505035 333.03866577148
35.017204284668 -2.3556745052338 332.90686035156
32.188804626465 -1.6383559703827 332.80114746094
29.344718933105 -0.98810184001923 332.72982788086
26.477270126343 -0.43774008750916 332.70965576172
23.593544006348 0.0068301502615213 332.810546875
20.713998794556 0.45093792676926 332.86700439453
17.896055221558 0.97673296928406 332.31176757812
15.048084259033 1.4576053619385 331.90753173828
12.176772117615 1.9035563468933 331.62072753906
9.2753763198853 2.1996774673462 331.51574707031
6.377911567688 2.5041265487671 331.35015869141
3.4902031421661 2.844402551651 331.08386230469
0.63189423084259 3.1969203948975 330.60327148438
-2.2234990596771 3.5550916194916 330.11447143555
-4.907862663269 4.2684202194214 329.21395874023
62.610702514648 -11.126664161682 334.5876159668
59.930568695068 -10.16342830658 335.1584777832
57.25313949585 -9.1321229934692 335.59780883789
54.577133178711 -8.0649099349976 335.9677734375
51.901126861572 -6.9976978302002 336.33773803711
49.124507904053 -6.2330665588379 336.71328735352
46.350486755371 -5.4616603851318 337.09289550781
43.63916015625 -4.5175452232361 337.53353881836
40.9013671875 -3.6609179973602 337.95205688477
38.066787719727 -3.124214887619 338.28961181641
35.232765197754 -2.5853538513184 338.62768554688
32.445053100586 -1.8654693365097 339.0114440918
29.649898529053 -1.1731605529785 339.38967895508
26.840902328491 -0.54097372293472 339.77069091797
24.031925201416 0.036794252693653 340.23184204102
21.202976226807 0.50450199842453 340.68072509766
18.352544784546 0.85383647680283 341.11639404297
15.540777206421 1.3477506637573 341.63787841797
12.735492706299 1.8429170846939 342.19613647461
9.9048461914062 2.1979260444641 342.74221801758
7.0932946205139 2.5976448059082 343.35150146484
4.3318963050842 3.1007661819458 344.08975219727
1.5755894184113 3.4909207820892 344.89428710938
-1.1906870603561 3.6943650245667 345.75115966797
-3.9265623092651 3.9865818023682 346.68197631836
