67.353927612305 41.959903717041 312.83877563477
46.008571624756 -12.007187843323 322.58813476562
64.712982177734 -26.106206893921 327.36318969727
54.938533782959 -18.154579162598 343.68658447266
65.682914733887 40.451278686523 312.38140869141
64.390724182129 38.549911499023 312.35797119141
63.179237365723 36.59676361084 312.41259765625
62.034511566162 34.606410980225 312.52932739258
60.940452575684 32.590915679932 312.69171142578
59.871082305908 30.564098358154 312.8759765625
58.883354187012 28.503751754761 313.13079833984
57.897617340088 26.442667007446 313.38726806641
56.984722137451 24.35662651062 313.70449829102
56.099296569824 22.262281417847 314.04406738281
55.274284362793 20.151720046997 314.43197631836
54.490394592285 18.031671524048 314.85208129883
53.741165161133 15.904578208923 315.29895019531
53.016956329346 13.772891998291 315.76480102539
52.338924407959 11.633899688721 316.2653503418
51.655769348145 9.4956521987915 316.76211547852
51.025501251221 7.350574016571 317.29782104492
50.420833587646 5.2028546333313 317.85214233398
49.844951629639 3.0526633262634 318.42712402344
49.284538269043 0.90134686231613 319.01309204102
48.728065490723 -1.2502112388611 319.60192871094
48.185180664062 -3.4026081562042 320.20028686523
47.633960723877 -5.5544018745422 320.79272460938
46.995548248291 -7.698549747467 321.32247924805
46.488616943359 -9.8524713516235 321.9460144043
67.272659301758 39.304660797119 312.50848388672
66.583450317383 36.689231872559 312.97888183594
65.860855102539 34.078136444092 313.41522216797
65.045463562012 31.479076385498 313.75698852539
64.283988952637 28.881401062012 314.19979858398
63.614547729492 26.278831481934 314.75396728516
63.135818481445 23.64236831665 315.34994506836
62.67195892334 20.988744735718 315.87701416016
62.097423553467 18.383241653442 316.52355957031
61.585350036621 15.783529281616 317.24057006836
61.165386199951 13.176219940186 317.98809814453
60.761569976807 10.553561210632 318.67813110352
60.25874710083 7.8914608955383 319.12213134766
60.227031707764 5.4204912185669 320.2958984375
60.188377380371 2.8278601169586 321.15826416016
60.154491424561 0.14799496531487 321.74838256836
60.16626739502 -2.5547440052032 322.22775268555
60.513278961182 -5.1134104728699 323.10934448242
60.870079040527 -7.7558860778809 323.71401977539
61.381374359131 -10.401660919189 324.22354125977
62.210105895996 -12.922336578369 324.90127563477
63.100852966309 -15.42741394043 325.58285522461
63.735591888428 -18.045490264893 326.04501342773
64.197372436523 -20.722738265991 326.43655395508
64.50658416748 -23.409420013428 326.89254760742
66.743118286133 40.296691894531 314.74426269531
65.654991149902 37.871879577637 315.37579345703
64.567771911621 35.446884155273 316.00814819336
63.484321594238 33.021114349365 316.64401245117
62.464786529541 30.578845977783 317.31002807617
61.625373840332 28.090074539185 318.06100463867
60.866062164307 25.583534240723 318.83120727539
60.219581604004 23.051961898804 319.62857055664
59.514545440674 20.538286209106 320.43167114258
58.779880523682 18.033668518066 321.23770141602
58.155838012695 15.512617111206 322.08432006836
57.497428894043 13.016204833984 322.97286987305
56.7614402771 10.569693565369 323.94003295898
56.586761474609 8.0621118545532 324.96716308594
56.402351379395 5.5760321617126 326.0615234375
55.998119354248 3.1525444984436 327.25164794922
55.783664703369 0.73244172334671 328.50051879883
55.911109924316 -1.5728390216827 329.95108032227
56.072414398193 -3.8479356765747 331.45068359375
55.941249847412 -5.9695320129395 333.16653442383
55.872886657715 -8.0728073120117 334.89916992188
56.246753692627 -10.04706287384 336.74984741211
56.39737701416 -12.192756652832 338.41748046875
56.439235687256 -14.421975135803 339.99588012695
55.699485778809 -16.293132781982 341.83764648438
