95.381462097168 -11.07567024231 408.84201049805
91.573120117188 7.050178527832 413.41613769531
95.942916870117 12.494817733765 417.53680419922
94.435302734375 14.659001350403 410.06646728516
94.682518005371 -10.804364204407 408.99822998047
94.162788391113 -10.268534660339 409.18911743164
93.689598083496 -9.6920785903931 409.38275146484
93.261703491211 -9.081654548645 409.57772827148
92.878845214844 -8.4421014785767 409.77313232422
92.538291931152 -7.779025554657 409.96795654297
92.260673522949 -7.0865364074707 410.16079711914
92.028060913086 -6.3772239685059 410.35125732422
91.862800598145 -5.6478147506714 410.53695678711
91.734565734863 -4.9102578163147 410.7194519043
91.665153503418 -4.1635031700134 410.89587402344
91.663040161133 -3.4114878177643 411.06430053711
91.671585083008 -2.6593525409698 411.23135375977
91.77628326416 -1.9134073257446 411.38388061523
91.986198425293 -1.1844890117645 411.51815795898
92.027885437012 -0.43233004212379 411.6806640625
92.036682128906 0.3199383020401 411.84768676758
92.018516540527 1.0712747573853 412.01818847656
91.995109558105 1.8223139047623 412.18933105469
91.982650756836 2.5739169120789 412.35916137695
91.972366333008 3.3256185054779 412.52862548828
91.925559997559 4.0749163627625 412.70257568359
91.889457702637 4.8250641822815 412.8752746582
91.775650024414 5.5654339790344 413.05639648438
91.687400817871 6.3098912239075 413.23498535156
95.347595214844 -10.542870521545 409.65441894531
95.105560302734 -9.7088146209717 410.11462402344
94.890190124512 -8.7896738052368 410.39520263672
94.679862976074 -7.8654708862305 410.66259765625
94.49634552002 -6.9339027404785 410.92367553711
94.373756408691 -5.9921202659607 411.18377685547
94.313316345215 -5.0502109527588 411.46481323242
94.289710998535 -4.1077256202698 411.74960327148
94.276145935059 -3.1655583381653 412.03588867188
94.254898071289 -2.2370278835297 412.36346435547
94.235168457031 -1.3119312524796 412.7001953125
94.287307739258 -0.37508416175842 412.99938964844
94.352035522461 0.55243909358978 413.32373046875
94.420639038086 1.4521701335907 413.71826171875
94.505752563477 2.3655676841736 414.07656860352
94.597679138184 3.2854256629944 414.41610717773
94.672203063965 4.2187438011169 414.72155761719
94.755432128906 5.1509175300598 415.02825927734
94.847076416016 6.0815749168396 415.33700561523
94.950302124023 6.9798130989075 415.72744750977
95.056564331055 7.8671054840088 416.14083862305
95.149406433105 8.8181753158569 416.37875366211
95.321159362793 9.7268962860107 416.71737670898
95.498069763184 10.650483131409 417.00997924805
95.695556640625 11.579585075378 417.27017211914
95.06812286377 -10.22006893158 408.43237304688
94.837554931641 -9.242226600647 408.45458984375
94.635147094727 -8.2727661132812 408.62945556641
94.467407226562 -7.3039021492004 408.84072875977
94.324394226074 -6.3371725082397 409.07824707031
94.22388458252 -5.360682964325 409.29650878906
94.159553527832 -4.3696970939636 409.45489501953
94.089614868164 -3.3705747127533 409.5461730957
94.024284362793 -2.3756029605865 409.677734375
93.97346496582 -1.3798443078995 409.80966186523
93.933441162109 -0.38039568066597 409.91134643555
93.850357055664 0.62169617414474 409.89462280273
93.826843261719 1.6269266605377 409.91497802734
93.845001220703 2.6313164234161 409.96337890625
93.860092163086 3.6369636058807 409.96185302734
93.880996704102 4.642466545105 409.95474243164
93.933570861816 5.6466608047485 409.96362304688
94.072662353516 6.6410279273987 409.90780639648
94.15657043457 7.6417269706726 409.96139526367
94.173194885254 8.6466598510742 409.92407226562
94.188888549805 9.6515808105469 409.88708496094
94.131050109863 10.655529975891 409.87741088867
94.20329284668 11.656600952148 409.94204711914
94.289772033691 12.658512115479 409.95718383789
94.412422180176 13.654235839844 410.02798461914
