79.845634460449 -6.5764756202698 406.64431762695
93.225059509277 3.7903573513031 413.01992797852
100.17461395264 -5.7933721542358 428.35339355469
109.6997756958 -3.5984485149384 406.3424987793
79.844062805176 -5.8176674842834 406.70053100586
79.982521057129 -5.0780653953552 406.81390380859
80.190101623535 -4.3596529960632 406.95462036133
80.498832702637 -3.6877202987671 407.13418579102
80.852752685547 -3.0433206558228 407.33056640625
81.23127746582 -2.4159717559814 407.53601074219
81.639427185059 -1.8111904859543 407.75213623047
82.078628540039 -1.2327550649643 407.97924804688
82.545036315918 -0.67999064922333 408.21585083008
83.020324707031 -0.13617698848248 408.45550537109
83.532325744629 0.36723577976227 408.70745849609
84.067565917969 0.84179121255875 408.96701049805
84.630561828613 1.2778226137161 409.23529052734
85.213371276855 1.6830297708511 409.50952148438
85.817092895508 2.0518469810486 409.78979492188
86.43000793457 2.4031655788422 410.07257080078
87.06950378418 2.6968042850494 410.36215209961
87.722518920898 2.955552816391 410.65487670898
88.386817932129 3.1810219287872 410.94970703125
89.064498901367 3.3588955402374 411.24661254883
89.749465942383 3.504930973053 411.54418945312
90.441055297852 3.6150984764099 411.84185791016
91.138328552246 3.683828830719 412.13879394531
91.836280822754 3.7460868358612 412.43548583984
92.525077819824 3.8725550174713 412.73318481445
80.370399475098 -6.214855670929 407.64056396484
81.056381225586 -5.4158639907837 408.17352294922
82.008079528809 -5.4165697097778 408.86938476562
82.793304443359 -5.0065593719482 409.66305541992
83.60205078125 -4.6045522689819 410.43688964844
84.431518554688 -4.1984934806824 411.18566894531
85.183364868164 -3.7826447486877 412.00607299805
86.019378662109 -3.5695397853851 412.82363891602
86.827949523926 -3.5146324634552 413.69375610352
87.635444641113 -3.5725445747375 414.56469726562
88.44743347168 -3.7359619140625 415.41683959961
89.111038208008 -3.8525507450104 416.39627075195
89.845458984375 -4.0913352966309 417.30035400391
90.529075622559 -4.2040905952454 418.26699829102
91.163619995117 -4.2609257698059 419.27139282227
91.805526733398 -4.2919201850891 420.27215576172
92.515586853027 -4.3486819267273 421.22457885742
93.247993469238 -4.5127396583557 422.14682006836
93.812538146973 -4.52414894104 423.19317626953
94.749305725098 -4.7186903953552 423.89962768555
95.697532653809 -5.0107545852661 424.55447387695
96.473365783691 -5.0987148284912 425.45159912109
97.423812866211 -5.2542700767517 426.14953613281
98.364524841309 -5.4215173721313 426.85791015625
99.26700592041 -5.5664925575256 427.61895751953
80.874732971191 -6.1664619445801 406.26568603516
81.667045593262 -5.3519773483276 406.46795654297
82.80387878418 -5.3695378303528 406.73745727539
83.874290466309 -4.8306546211243 406.75915527344
84.95531463623 -4.3218383789062 406.85675048828
86.060501098633 -3.873304605484 406.97750854492
87.189788818359 -3.4927246570587 407.10079956055
88.358459472656 -3.2473223209381 407.19583129883
89.548690795898 -3.1078643798828 407.21734619141
90.730667114258 -2.922078371048 407.166015625
91.921356201172 -2.8840942382812 407.0309753418
93.111915588379 -2.8965439796448 406.88980102539
94.299957275391 -2.9430365562439 406.73617553711
95.478828430176 -2.9614708423615 406.51834106445
96.655578613281 -2.9396097660065 406.28939819336
97.833290100098 -2.899909734726 406.068359375
99.020195007324 -2.8551826477051 405.904296875
100.20753479004 -2.8165001869202 405.74731445312
101.40321350098 -2.9023196697235 405.73651123047
102.59064483643 -3.0530717372894 405.80541992188
103.78575134277 -3.1376869678497 405.8522644043
104.98229980469 -3.1967880725861 405.89331054688
106.17170715332 -3.0876014232635 405.99334716797
107.34663391113 -3.1973540782928 406.20571899414
108.526512146 -3.3514523506165 406.35272216797
