68.688591003418 3.5621185302734 271.61813354492
78.45662689209 -4.7232265472412 272.71148681641
81.613914489746 -2.4887669086456 268.47668457031
82.547592163086 -3.0879843235016 277.79544067383
68.756927490234 3.0570900440216 271.62109375
68.910140991211 2.5711724758148 271.6344909668
69.163307189941 2.129579782486 271.66046142578
69.440208435059 1.702672123909 271.68942260742
69.749671936035 1.2990692853928 271.72256469727
70.093070983887 0.92434078454971 271.76016235352
70.462379455566 0.57547461986542 271.80111694336
70.832817077637 0.22782170772552 271.84222412109
71.202072143555 -0.12109939754009 271.88314819336
71.591903686523 -0.44650673866272 271.92684936523
71.990455627441 -0.76101166009903 271.97174072266
72.395027160645 -1.0676262378693 272.01739501953
72.804260253906 -1.3678894042969 272.06365966797
73.213935852051 -1.667542219162 272.10998535156
73.632011413574 -1.9551572799683 272.15753173828
74.053489685059 -2.2377049922943 272.20547485352
74.468460083008 -2.5298542976379 272.25259399414
74.900756835938 -2.7952506542206 272.30206298828
75.333778381348 -3.059485912323 272.35153198242
75.775161743164 -3.3092367649078 272.40228271484
76.219078063965 -3.5543916225433 272.45336914062
76.65869140625 -3.8072981834412 272.50384521484
77.100700378418 -4.0559387207031 272.55465698242
77.550102233887 -4.2907180786133 272.60650634766
77.974380493164 -4.5689373016357 272.65484619141
68.982818603516 3.1171875 271.43167114258
69.397338867188 2.7568740844727 271.30239868164
69.883178710938 2.4849774837494 271.19320678711
70.359603881836 2.2064051628113 271.06234741211
70.86051940918 1.960062623024 270.96054077148
71.373680114746 1.7422975301743 270.85388183594
71.881843566895 1.5218025445938 270.73031616211
72.382591247559 1.2892976999283 270.59866333008
72.885818481445 1.0599722862244 270.47186279297
73.371238708496 0.80089634656906 270.3327331543
73.869018554688 0.5573924779892 270.21057128906
74.383476257324 0.34258818626404 270.10427856445
74.905807495117 0.14538170397282 270.00225830078
75.418159484863 -0.074458628892899 269.89672851562
75.913665771484 -0.31744647026062 269.76412963867
76.418228149414 -0.54914450645447 269.64642333984
76.932922363281 -0.76450622081757 269.54208374023
77.446159362793 -0.98251414299011 269.43634033203
77.958274841309 -1.1887818574905 269.30453491211
78.470855712891 -1.3932863473892 269.17193603516
78.985359191895 -1.6067230701447 269.06283569336
79.49853515625 -1.8158580064774 268.94003295898
80.010047912598 -2.0180697441101 268.80017089844
80.54288482666 -2.1842300891876 268.69696044922
81.077339172363 -2.3441774845123 268.59228515625
68.997009277344 3.1824820041656 272.03210449219
69.41349029541 2.7195098400116 272.18499755859
69.948280334473 2.4402756690979 272.41131591797
70.464546203613 2.1140878200531 272.61730957031
70.98274230957 1.813368678093 272.85504150391
71.512748718262 1.533478140831 273.09176635742
72.036773681641 1.2819111347198 273.37030029297
72.568740844727 1.0222101211548 273.62536621094
73.111015319824 0.76695972681046 273.86251831055
73.657402038574 0.50021296739578 274.07635498047
74.216865539551 0.27109414339066 274.2991027832
74.750396728516 0.058753840625286 274.59170532227
75.299217224121 -0.17370621860027 274.83703613281
75.836273193359 -0.44227597117424 275.07144165039
76.370056152344 -0.72579377889633 275.29550170898
76.908950805664 -1.0125101804733 275.50216674805
77.432151794434 -1.277956366539 275.76870727539
77.999458312988 -1.4895575046539 275.98977661133
78.557746887207 -1.6928926706314 276.23934936523
79.139320373535 -1.9105831384659 276.412109375
79.699531555176 -2.1470274925232 276.62603759766
80.261077880859 -2.3697760105133 276.85089111328
80.828506469727 -2.577024936676 277.07580566406
81.392845153809 -2.7745010852814 277.31674194336
81.96533203125 -2.9478855133057 277.55697631836
