124.97168731689 -0.21849969029427 655.71563720703
144.06964111328 -9.0647773742676 635.85021972656
142.68663024902 -8.5361375808716 631.95770263672
147.05311584473 -5.6516289710999 635.50335693359
125.57357788086 -1.1233998537064 655.45269775391
126.31037139893 -1.6837363243103 654.81323242188
127.05547332764 -2.0831739902496 654.06970214844
127.79863739014 -2.4315812587738 653.29907226562
128.5396270752 -2.7474229335785 652.51245117188
129.27983093262 -3.0538053512573 651.72137451172
130.01918029785 -3.3507490158081 650.92590332031
130.7569732666 -3.6315784454346 650.12316894531
131.49320983887 -3.8982379436493 649.31414794922
132.22938537598 -4.1642875671387 648.50494384766
132.96743774414 -4.4476933479309 647.70330810547
133.70637512207 -4.7399525642395 646.90576171875
134.44866943359 -5.074200630188 646.12799072266
135.18867492676 -5.3787589073181 645.33605957031
135.92901611328 -5.6866240501404 644.54565429688
136.66659545898 -5.9655966758728 643.74206542969
137.4047088623 -6.2495350837708 642.94073486328
138.14387512207 -6.54465675354 642.14440917969
138.8833770752 -6.8426375389099 641.34942626953
139.62301635742 -7.1431617736816 640.55554199219
140.36402893066 -7.4593839645386 639.76910400391
141.10411071777 -7.7642440795898 638.97729492188
141.84481811523 -8.0764646530151 638.18896484375
142.58413696289 -8.3729391098022 637.39331054688
143.32522583008 -8.6908321380615 636.60760498047
125.19580841064 -0.82621842622757 654.71276855469
125.84309387207 -1.2606867551804 653.80633544922
126.60738372803 -1.6044316291809 652.95343017578
127.29836273193 -2.0054929256439 652.06384277344
128.01640319824 -2.3220629692078 651.16162109375
128.79067993164 -2.6076047420502 650.29632568359
129.60285949707 -2.8823404312134 649.46282958984
130.37516784668 -3.1373000144958 648.58630371094
131.12246704102 -3.4353349208832 647.70166015625
131.87236022949 -3.7149984836578 646.81329345703
132.6203918457 -3.9795079231262 645.91870117188
133.32620239258 -4.3252511024475 645.017578125
134.05485534668 -4.5821895599365 644.10510253906
134.7855682373 -4.8215928077698 643.18939208984
135.51838684082 -5.0271530151367 642.26715087891
136.2472076416 -5.2358555793762 641.34246826172
136.9344329834 -5.4863471984863 640.39660644531
137.62356567383 -5.7337117195129 639.45123291016
138.32734680176 -5.961256980896 638.51171875
139.02070617676 -6.1977620124817 637.56665039062
139.68647766113 -6.458092212677 636.60815429688
140.3489074707 -6.7555165290833 635.658203125
141.01118469238 -7.0698480606079 634.71356201172
141.61860656738 -7.4098811149597 633.74151611328
142.13397216797 -7.840425491333 632.75274658203
126.0394821167 -0.60000908374786 655.37054443359
126.9981842041 -0.97871375083923 654.78558349609
127.85576629639 -1.31074655056 654.03802490234
128.58517456055 -1.5204591751099 653.12750244141
129.33340454102 -1.7533228397369 652.23815917969
130.11228942871 -2.0253987312317 651.38702392578
130.89120483398 -2.2974565029144 650.53594970703
131.68049621582 -2.5415651798248 649.68591308594
132.47848510742 -2.7611124515533 648.83734130859
133.27186584473 -2.9758076667786 647.98327636719
134.06137084961 -3.1864168643951 647.12451171875
134.86167907715 -3.3897161483765 646.27410888672
135.66516113281 -3.5908181667328 645.42614746094
136.47912597656 -3.8004701137543 644.59033203125
137.30000305176 -4.0158801078796 643.76275634766
138.11833190918 -4.216760635376 642.92907714844
138.93379211426 -4.4025197029114 642.08911132812
139.7515411377 -4.5793828964233 641.24945068359
140.57479858398 -4.7350649833679 640.41094970703
141.39950561523 -4.8926458358765 639.57421875
142.24627685547 -5.0898094177246 638.7685546875
143.09368896484 -5.2880163192749 637.96374511719
143.95205688477 -5.4466981887817 637.16186523438
144.88256835938 -5.6158475875854 636.44757080078
145.96731567383 -5.6842889785767 635.9775390625
