71.802673339844 -2.879189491272 268.07421875
78.055603027344 3.7940926551819 275.11340332031
80.050651550293 -3.4314501285553 274.81088256836
81.208061218262 1.659863114357 268.59735107422
71.669250488281 -2.5010869503021 268.34658813477
71.633087158203 -2.1212913990021 268.64553833008
71.654609680176 -1.7480865716934 268.95407104492
71.695541381836 -1.3783828020096 269.26486206055
71.773178100586 -1.016984462738 269.5783996582
71.853981018066 -0.65640991926193 269.89208984375
71.975006103516 -0.30786180496216 270.20642089844
72.119850158691 0.032168235629797 270.52001953125
72.28621673584 0.3635373711586 270.83221435547
72.476928710938 0.68401026725769 271.14181518555
72.684562683105 0.99613738059998 271.44909667969
72.912994384766 1.2971287965775 271.7526550293
73.17130279541 1.5802158117294 272.04943847656
73.441566467285 1.8554209470749 272.34298706055
73.745307922363 2.10626745224 272.62539672852
74.073059082031 2.3371233940125 272.89785766602
74.416168212891 2.553938627243 273.1628112793
74.771049499512 2.7591366767883 273.42144775391
75.136619567871 2.9531676769257 273.67376708984
75.524299621582 3.1215379238129 273.91101074219
75.92325592041 3.2753441333771 274.13928222656
76.341194152832 3.4013650417328 274.34997558594
76.755493164062 3.5330457687378 274.56433105469
77.150001525879 3.6927442550659 274.79629516602
77.615051269531 3.7089698314667 274.93005371094
71.871994018555 -3.0146472454071 268.48132324219
72.025894165039 -3.0171520709991 268.88781738281
72.213195800781 -2.9335722923279 269.27130126953
72.411430358887 -2.8228211402893 269.64221191406
72.60228729248 -2.708024263382 270.01577758789
72.805778503418 -2.606865644455 270.3864440918
73.067413330078 -2.5306539535522 270.72540283203
73.329803466797 -2.472806930542 271.06732177734
73.622802734375 -2.445835351944 271.38748168945
73.956207275391 -2.458021402359 271.66632080078
74.325736999512 -2.4974069595337 271.89221191406
74.710830688477 -2.5311598777771 272.09143066406
75.087608337402 -2.5377058982849 272.30850219727
75.478691101074 -2.5507364273071 272.49826049805
75.879364013672 -2.5978271961212 272.66067504883
76.281005859375 -2.6710648536682 272.810546875
76.673225402832 -2.7588827610016 272.97659301758
77.041831970215 -2.8631322383881 273.18249511719
77.394088745117 -2.9709467887878 273.41360473633
77.773315429688 -3.05832695961 273.60775756836
78.150497436523 -3.1380500793457 273.80908203125
78.527191162109 -3.2248888015747 274.00836181641
78.899230957031 -3.303587436676 274.21942138672
79.272331237793 -3.3749599456787 274.43118286133
79.659484863281 -3.4324977397919 274.62078857422
71.995536804199 -2.5711612701416 267.8498840332
72.245452880859 -2.2277460098267 267.79928588867
72.483337402344 -1.8771126270294 267.86145019531
72.728645324707 -1.5377597808838 267.95129394531
72.979919433594 -1.2077360153198 268.0578918457
73.238357543945 -0.88618421554565 268.17254638672
73.542625427246 -0.60055714845657 268.26864624023
73.868461608887 -0.33843415975571 268.3610534668
74.208183288574 -0.094437450170517 268.45300292969
74.568260192871 0.12405404448509 268.52987670898
74.962112426758 0.28434303402901 268.5798034668
75.372947692871 0.38038003444672 268.65325927734
75.790046691895 0.44498535990715 268.72543334961
76.213096618652 0.5096994638443 268.74032592773
76.634185791016 0.58360207080841 268.71517944336
77.049995422363 0.68524384498596 268.70135498047
77.464981079102 0.79076880216599 268.69284057617
77.882652282715 0.88513588905334 268.68518066406
78.294013977051 1.0000647306442 268.65362548828
78.708976745605 1.1026757955551 268.62744140625
79.130821228027 1.1763579845428 268.62185668945
79.553977966309 1.2380937337875 268.64511108398
79.974502563477 1.3188440799713 268.63760375977
80.390205383301 1.4175025224686 268.60787963867
80.800086975098 1.5337808132172 268.56442260742
