-15.196358680725 -16.12727355957 -25.985868453979
-30.084030151367 4.2160477638245 -18.319553375244
-37.577476501465 -6.7177886962891 -26.945383071899
-31.410383224487 -9.3293447494507 -9.7841529846191
-14.604554176331 -15.033688545227 -25.987236022949
-14.012749671936 -13.940102577209 -25.988603591919
-13.63809967041 -12.762244224548 -25.871852874756
-13.278791427612 -11.578431129456 -25.746757507324
-13.193101882935 -10.357374191284 -25.564601898193
-13.157863616943 -9.1294507980347 -25.371923446655
-13.157883644104 -7.9079189300537 -25.168899536133
-13.482452392578 -6.7452278137207 -24.870624542236
-13.807021141052 -5.5825362205505 -24.57234954834
-14.155856132507 -4.4328031539917 -24.267366409302
-14.794548034668 -3.4378535747528 -23.882255554199
-15.433239936829 -2.4429037570953 -23.497142791748
-16.138580322266 -1.4998869895935 -23.117788314819
-16.987661361694 -0.66887253522873 -22.750852584839
-17.842317581177 0.15539729595184 -22.384155273438
-18.830659866333 0.81797170639038 -22.023132324219
-19.819002151489 1.4805461168289 -21.662107467651
-20.898960113525 1.9937237501144 -21.325347900391
-22.017259597778 2.3983633518219 -20.974721908569
-23.159675598145 2.7220749855042 -20.605709075928
-24.29549407959 3.0556378364563 -20.225164413452
-25.433500289917 3.3784401416779 -19.841951370239
-26.587312698364 3.6579473018646 -19.474712371826
-27.760301589966 3.8056795597076 -19.090465545654
-28.933216094971 3.976496219635 -18.725021362305
-15.257349014282 -15.132857322693 -26.411125183105
-15.249368667603 -14.052266120911 -26.510721206665
-15.43124961853 -12.98283290863 -26.537565231323
-15.813259124756 -11.966444969177 -26.536972045898
-16.287786483765 -10.990057945251 -26.526121139526
-16.876247406006 -10.080363273621 -26.459526062012
-17.590877532959 -9.2760887145996 -26.333290100098
-18.52007484436 -8.7527379989624 -26.132020950317
-19.537467956543 -8.3940372467041 -26.010545730591
-20.593454360962 -8.1494808197021 -25.944633483887
-21.633634567261 -7.8446102142334 -25.879215240479
-22.651374816895 -7.4711608886719 -25.815032958984
-23.681114196777 -7.1307501792908 -25.762948989868
-24.742542266846 -6.9024505615234 -25.751623153687
-25.823076248169 -6.8030281066895 -25.79581451416
-26.905443191528 -6.7351517677307 -25.853216171265
-27.987714767456 -6.6690731048584 -25.906204223633
-29.031551361084 -6.6756100654602 -26.205669403076
-30.052381515503 -6.7034950256348 -26.575187683105
-31.073711395264 -6.7312564849854 -26.941972732544
-32.159564971924 -6.7427234649658 -26.95273399353
-33.239349365234 -6.7150645256042 -26.840097427368
-34.323547363281 -6.6903481483459 -26.784223556519
-35.408191680908 -6.6994948387146 -26.837944030762
-36.492832183838 -6.7086415290833 -26.891664505005
-14.881872177124 -15.395378112793 -25.266845703125
-14.684885978699 -14.41752243042 -24.86318397522
-14.72949886322 -13.441711425781 -24.409212112427
-14.900891304016 -12.484560966492 -23.944971084595
-15.116582870483 -11.539307594299 -23.477924346924
-15.570288658142 -10.696192741394 -22.983612060547
-16.066743850708 -9.8840198516846 -22.485992431641
-16.859998703003 -9.3785219192505 -21.960395812988
-17.675901412964 -8.9147958755493 -21.432355880737
-18.572954177856 -8.6394701004028 -20.902704238892
-19.452079772949 -8.3768653869629 -20.337669372559
-20.324190139771 -8.1246862411499 -19.758277893066
-21.128108978271 -8.037784576416 -19.046068191528
-21.949678421021 -7.9459023475647 -18.35503578186
-22.823947906494 -7.8394584655762 -17.734434127808
-23.632207870483 -7.8212175369263 -17.022272109985
-24.382453918457 -7.9621758460999 -16.26184463501
-25.09962272644 -8.1750049591064 -15.486325263977
-25.838327407837 -8.3414173126221 -14.719698905945
-26.577030181885 -8.507830619812 -13.953073501587
-27.3157787323 -8.6741809844971 -13.186482429504
-28.10998916626 -8.7645082473755 -12.463872909546
-28.915403366089 -8.8473415374756 -11.752861976624
-29.741527557373 -9.006947517395 -11.079741477966
-30.644386291504 -9.0660371780396 -10.494753837585
