14.181346893311 -17.531663894653 337.82098388672
126.07694244385 -45.346992492676 380.16497802734
100.57110595703 -33.650615692139 393.65802001953
99.311592102051 -62.638675689697 379.40676879883
18.168651580811 -15.886212348938 334.39486694336
23.284502029419 -15.108143806458 332.494140625
28.741813659668 -14.937069892883 331.69998168945
34.233936309814 -14.910787582397 331.17376708984
39.745391845703 -15.047799110413 330.95150756836
45.25830078125 -15.245704650879 330.84310913086
50.767642974854 -15.540004730225 330.91543579102
56.27848815918 -15.812682151794 330.94717407227
61.789310455322 -16.085391998291 330.97900390625
67.301826477051 -16.320993423462 330.94116210938
72.814102172852 -16.560209274292 330.91015625
78.317451477051 -16.90379524231 331.07522583008
83.74723815918 -17.548963546753 331.81118774414
88.886039733887 -18.676153182983 333.474609375
93.478805541992 -20.278663635254 336.0751953125
97.471603393555 -22.215665817261 339.35397338867
101.13143920898 -24.292282104492 342.92300415039
104.46148681641 -26.484567642212 346.73712158203
107.47978973389 -28.769268035889 350.75128173828
110.26570892334 -31.113479614258 354.89703369141
113.25651550293 -33.405639648438 358.92761230469
116.04848480225 -35.748432159424 363.07012939453
118.84951782227 -38.089031219482 367.20782470703
121.69188690186 -40.419528961182 371.3229675293
123.763671875 -42.903366088867 375.79211425781
18.938972473145 -15.179440498352 337.82629394531
24.082841873169 -14.299533843994 336.82272338867
29.314619064331 -13.377438545227 336.90655517578
34.281581878662 -11.506461143494 336.45782470703
39.427261352539 -10.13941192627 336.2900390625
44.692646026611 -9.3353719711304 336.26892089844
50.009326934814 -9.0403680801392 336.50091552734
55.326236724854 -8.7469005584717 336.67984008789
60.653614044189 -8.9014110565186 336.73181152344
65.978248596191 -9.0757369995117 336.88589477539
71.290824890137 -9.4111175537109 337.13391113281
76.572326660156 -9.6822948455811 337.79217529297
81.781707763672 -10.143736839294 338.79403686523
86.698333740234 -11.270595550537 340.50067138672
91.143341064453 -12.520412445068 343.15884399414
95.112091064453 -14.015460968018 346.38107299805
98.28199005127 -16.003198623657 350.17047119141
100.33151245117 -17.862899780273 354.72305297852
101.35129547119 -19.786315917969 359.58804321289
102.31739044189 -21.462024688721 364.55450439453
103.12979888916 -22.672998428345 369.68109130859
103.20146942139 -24.376184463501 374.7307434082
102.6641998291 -26.772441864014 379.4612121582
102.52973937988 -29.498706817627 384.03909301758
101.57629394531 -31.655248641968 388.81896972656
18.947240829468 -19.010040283203 335.75012207031
23.965259552002 -18.416431427002 333.80801391602
29.328559875488 -18.301607131958 333.08938598633
34.610961914062 -19.32469367981 332.56161499023
39.634948730469 -20.306718826294 330.80880737305
44.974941253662 -20.907716751099 330.10534667969
50.363128662109 -21.399179458618 329.7776184082
55.750358581543 -21.970916748047 329.60101318359
61.109592437744 -22.72367477417 329.29290771484
66.468284606934 -23.515089035034 329.09100341797
71.845916748047 -24.158569335938 328.87561035156
77.236289978027 -24.666078567505 328.9729309082
82.446846008301 -25.58557510376 330.14422607422
87.44563293457 -26.9792137146 331.69989013672
91.992958068848 -29.182041168213 333.63555908203
95.46403503418 -32.04475402832 336.64031982422
97.8447265625 -34.810981750488 340.64694213867
99.807609558105 -37.881332397461 344.65673828125
100.98945617676 -41.201282501221 348.7751159668
101.92681884766 -44.728073120117 352.78314208984
102.53393554688 -48.27449798584 356.83645629883
102.54383087158 -51.613510131836 361.10546875
102.01070404053 -54.545642852783 365.63299560547
101.71296691895 -57.09056854248 370.40924072266
100.59806060791 -59.86653137207 374.92971801758
