25.392549514771 6.6025195121765 316.72152709961
171.15476989746 6.6540741920471 361.9186706543
164.64503479004 -19.063053131104 345.36825561523
164.45463562012 11.579754829407 332.18695068359
23.406324386597 10.003450393677 322.12734985352
23.287059783936 13.308694839478 327.94152832031
24.882062911987 16.287528991699 333.70837402344
28.529340744019 18.540597915649 338.8254699707
33.681720733643 19.913513183594 342.85025024414
39.674453735352 20.504880905151 345.75152587891
46.174243927002 20.220220565796 347.25894165039
52.786430358887 19.376834869385 347.81204223633
59.371555328369 18.18300819397 347.73648071289
65.954803466797 16.980031967163 347.64407348633
72.547805786133 15.828193664551 347.64529418945
79.150184631348 14.737045288086 347.75680541992
85.753875732422 13.655646324158 347.88595581055
92.370094299316 12.745017051697 348.3212890625
98.986778259277 11.872732162476 348.82464599609
105.60105895996 11.084397315979 349.47592163086
112.21069335938 10.360375404358 350.2395324707
118.80967712402 9.7263946533203 351.15927124023
125.39318084717 9.1831092834473 352.23483276367
131.95831298828 8.7232465744019 353.45230102539
138.50717163086 8.3255414962769 354.77481079102
145.04547119141 7.964319229126 356.15859985352
151.57916259766 7.6182708740234 357.56784057617
158.12326049805 7.2372765541077 358.91848754883
164.65055847168 6.9116158485413 360.36184692383
26.345304489136 6.97323179245 322.69650268555
28.365550994873 8.7472486495972 328.1282043457
32.236522674561 9.9408226013184 332.63690185547
37.118179321289 10.429995536804 336.19668579102
42.586460113525 10.672420501709 338.58346557617
47.623050689697 8.8535394668579 336.25076293945
53.563991546631 7.8125500679016 335.71395874023
59.443458557129 6.4118633270264 335.24255371094
65.355361938477 5.1369585990906 334.83609008789
71.271675109863 3.8654499053955 334.56979370117
77.136978149414 2.3409039974213 334.73162841797
83.005882263184 0.83097392320633 334.89935302734
88.877922058105 -0.66621577739716 335.07220458984
94.725875854492 -2.1943833827972 335.52481079102
100.5697555542 -3.7277984619141 336.02478027344
106.43072509766 -5.1975803375244 336.513671875
112.29943084717 -6.6385674476624 336.99758911133
118.18609619141 -7.970654964447 337.56585693359
124.08480834961 -9.2075901031494 338.21694946289
129.98638916016 -10.420919418335 338.88888549805
135.84194946289 -11.729483604431 339.74493408203
141.67765808105 -13.079128265381 340.68045043945
147.47027587891 -14.437417030334 341.83972167969
153.25248718262 -15.811235427856 343.03567504883
159.02722167969 -17.217754364014 344.22982788086
26.762674331665 11.02986240387 320.21865844727
29.268714904785 13.907527923584 324.59481811523
33.10563659668 16.245420455933 328.2721862793
37.881893157959 17.649143218994 331.2575378418
43.43803024292 17.898475646973 332.88729858398
49.058441162109 16.663843154907 332.10864257812
54.73221206665 15.506942749023 331.67254638672
60.461589813232 14.604434013367 331.39016723633
66.219177246094 13.991689682007 330.94790649414
71.947677612305 13.151772499084 330.50112915039
77.688926696777 12.301769256592 330.31066894531
83.458885192871 11.708707809448 330.03244018555
89.234474182129 11.186902999878 329.72937011719
95.006164550781 10.612898826599 329.44772338867
100.79612731934 10.200120925903 329.2841796875
106.6010055542 10.043328285217 329.30239868164
112.4047088623 9.8875684738159 329.42138671875
118.20267486572 9.7398319244385 329.70993041992
124.00596618652 9.7196235656738 329.91696166992
129.81065368652 9.8196067810059 330.04852294922
135.61422729492 9.9497299194336 330.20083618164
141.41787719727 10.057330131531 330.36721801758
147.22053527832 10.061585426331 330.59130859375
152.99067687988 10.240125656128 331.21990966797
158.74389648438 10.55541229248 331.94253540039
