88.167541503906 -1.0100779533386 328.11572265625
66.539245605469 7.9441246986389 327.20510864258
61.755107879639 1.93774497509 324.77975463867
63.661689758301 7.6081957817078 334.97381591797
87.648651123047 -0.31102684140205 327.82556152344
87.028175354004 0.29960244894028 327.60342407227
86.251930236816 0.77465009689331 327.48556518555
85.456886291504 1.221351146698 327.38696289062
84.652618408203 1.6541516780853 327.29779052734
83.826652526855 2.0486929416656 327.23385620117
83.00365447998 2.4485528469086 327.16644287109
82.195343017578 2.8746638298035 327.0817565918
81.372047424316 3.2729313373566 327.01525878906
80.53450012207 3.6447010040283 326.96612548828
79.689315795898 3.9999051094055 326.92761230469
78.841789245605 4.3499956130981 326.89236450195
77.98974609375 4.6895728111267 326.86376953125
77.13321685791 5.0176725387573 326.84240722656
76.268623352051 5.3251166343689 326.83401489258
75.398468017578 5.6161689758301 326.83572387695
74.525123596191 5.8978147506714 326.84323120117
73.651290893555 6.177915096283 326.85168457031
72.775779724121 6.4522113800049 326.86367797852
71.893089294434 6.7016820907593 326.89080810547
71.005462646484 6.9296288490295 326.93072509766
70.112678527832 7.1350426673889 326.9841003418
69.220252990723 7.3423080444336 327.0364074707
68.32763671875 7.5484580993652 327.08938598633
67.433685302734 7.7475252151489 327.146484375
87.177795410156 -1.0389771461487 327.82427978516
86.168281555176 -0.92584043741226 327.64047241211
85.156074523926 -0.79302614927292 327.48721313477
84.142547607422 -0.64352256059647 327.36022949219
83.129005432129 -0.49419301748276 327.23318481445
82.11304473877 -0.37020149827003 327.09841918945
81.096687316895 -0.25126799941063 326.96212768555
80.08031463623 -0.13237296044827 326.82586669922
79.061134338379 -0.024118298664689 326.70233154297
78.041862487793 0.083744265139103 326.57922363281
77.022590637207 0.19160734117031 326.45611572266
76.00617980957 0.3029633462429 326.31390380859
74.991577148438 0.42101588845253 326.16436767578
73.97762298584 0.58093267679214 326.05471801758
72.96216583252 0.68302690982819 325.89944458008
71.943428039551 0.73290187120438 325.74011230469
70.913681030273 0.79694312810898 325.70483398438
69.908493041992 0.97507578134537 325.55139160156
68.906898498535 1.1640868186951 325.38775634766
67.889137268066 1.3001264333725 325.28115844727
66.868202209473 1.4269400835037 325.19567871094
65.845809936523 1.5491899251938 325.12164306641
64.824981689453 1.6835997104645 325.04711914062
63.804584503174 1.7969709634781 324.9391784668
62.786590576172 1.9095795154572 324.80990600586
87.380805969238 -0.72698718309402 328.73382568359
86.424560546875 -0.44987338781357 329.03341674805
85.465270996094 -0.15191172063351 329.30191040039
84.525932312012 0.22476254403591 329.54043579102
83.574737548828 0.56197601556778 329.79067993164
82.605972290039 0.82518941164017 330.06149291992
81.647468566895 1.1161693334579 330.34027099609
80.736289978027 1.5117812156677 330.6474609375
79.811424255371 1.8957149982452 330.92733764648
78.875183105469 2.2669332027435 331.18576049805
77.93058013916 2.6262419223785 331.43017578125
76.964828491211 2.9340260028839 331.66192626953
75.986656188965 3.2071216106415 331.88488769531
75.019485473633 3.509418964386 332.11795043945
74.062393188477 3.8376135826111 332.35748291016
73.11466217041 4.1894011497498 332.60070800781
72.164924621582 4.5339279174805 332.84655761719
71.208564758301 4.8528161048889 333.10110473633
70.247085571289 5.1508083343506 333.3616027832
69.274635314941 5.395453453064 333.63656616211
68.315422058105 5.6793842315674 333.92007446289
67.387741088867 6.0414881706238 334.21896362305
66.456123352051 6.394054889679 334.51715087891
65.495811462402 6.7215585708618 334.74423217773
64.507339477539 7.0432643890381 334.75958251953
