56.560642242432 3.351790189743 270.11413574219
65.225868225098 -0.59184527397156 270.8723449707
65.546859741211 2.7634057998657 269.65679931641
64.034111022949 1.8768301010132 272.82577514648
56.781616210938 3.0565550327301 270.08877563477
57.090099334717 2.851674079895 270.10098266602
57.415142059326 2.6750090122223 270.12280273438
57.741798400879 2.5014891624451 270.14569091797
58.070732116699 2.3325214385986 270.17004394531
58.398906707764 2.1620192527771 270.19387817383
58.728923797607 1.99529504776 270.21899414062
59.057720184326 1.826057434082 270.24328613281
59.388668060303 1.6612771749496 270.26895141602
59.719738006592 1.4967589378357 270.29476928711
60.05249786377 1.3358744382858 270.32171630859
60.386383056641 1.1774621009827 270.34939575195
60.719909667969 1.0182754993439 270.37689208984
61.057304382324 0.86798745393753 270.40719604492
61.396797180176 0.72283571958542 270.43905639648
61.736492156982 0.57820338010788 270.47106933594
62.080371856689 0.44464081525803 270.50637817383
62.424308776855 0.31125181913376 270.54180908203
62.768486022949 0.17854160070419 270.5774230957
63.11470413208 0.051761530339718 270.61483764648
63.462543487549 -0.070065140724182 270.65362548828
63.811817169189 -0.18726173043251 270.69378662109
64.160789489746 -0.30545544624329 270.73361206055
64.513732910156 -0.40960320830345 270.77746582031
64.870056152344 -0.49956193566322 270.82522583008
56.888431549072 3.4753932952881 270.12521362305
57.236274719238 3.4689755439758 270.07870483398
57.579368591309 3.4080131053925 270.03619384766
57.918739318848 3.3210287094116 270.01348876953
58.26155090332 3.2475242614746 269.99658203125
58.611087799072 3.2236206531525 270.01879882812
58.957893371582 3.1705727577209 270.03161621094
59.30200958252 3.1023571491241 270.04507446289
59.646583557129 3.0429811477661 270.07623291016
59.996746063232 3.0182151794434 270.07821655273
60.340560913086 2.9475152492523 270.08325195312
60.67565536499 2.843353509903 270.09136962891
61.023097991943 2.7941582202911 270.08084106445
61.373203277588 2.7738747596741 270.06506347656
61.723148345947 2.7900686264038 270.04208374023
62.072639465332 2.7864253520966 270.00894165039
62.422580718994 2.7687065601349 269.98696899414
62.772319793701 2.741575717926 269.97277832031
63.122367858887 2.7236022949219 269.9528503418
63.471927642822 2.7498822212219 269.93374633789
63.816864013672 2.8126127719879 269.91549682617
64.165870666504 2.8369464874268 269.88659667969
64.513580322266 2.8123869895935 269.84475708008
64.861282348633 2.7880387306213 269.80276489258
65.206512451172 2.7892682552338 269.7389831543
56.770114898682 3.5316417217255 270.27349853516
57.027523040771 3.3753409385681 270.37237548828
57.305305480957 3.2726521492004 270.49017333984
57.592071533203 3.1807217597961 270.59463500977
57.885887145996 3.0984523296356 270.6867980957
58.186130523682 3.0255920886993 270.76528930664
58.48392868042 2.9436795711517 270.84371948242
58.773357391357 2.8349940776825 270.92108154297
59.072414398193 2.7513654232025 270.99298095703
59.376888275146 2.6859865188599 271.0608215332
59.686454772949 2.6452789306641 271.12506103516
59.993953704834 2.5968010425568 271.19281005859
60.289039611816 2.5068182945251 271.27285766602
60.581432342529 2.4332103729248 271.37631225586
60.872589111328 2.3645706176758 271.48648071289
61.164657592773 2.2948331832886 271.59350585938
61.456413269043 2.2232840061188 271.69979858398
61.72924041748 2.1061356067657 271.81536865234
62.025268554688 2.0489325523376 271.91885375977
62.32483291626 2.0093417167664 272.01998901367
62.60022354126 1.9256875514984 272.15679931641
62.882476806641 1.9018740653992 272.30303955078
63.163387298584 1.8905041217804 272.45327758789
63.442493438721 1.8515297174454 272.6022644043
63.734180450439 1.8293145895004 272.7287902832
