81.01286315918 48.61116027832 318.25299072266
85.736839294434 -26.247440338135 340.79397583008
81.118728637695 -48.648620605469 329.92144775391
100.42778015137 -45.800483703613 334.46496582031
80.983963012695 46.075630187988 319.90698242188
80.997253417969 43.454643249512 321.41326904297
81.049789428711 40.755043029785 322.78158569336
81.158256530762 37.961196899414 323.9426574707
81.28776550293 35.13703918457 325.02270507812
81.43529510498 32.287097930908 326.033203125
81.60115814209 29.413471221924 326.9714050293
81.779312133789 26.52533531189 327.86038208008
81.967887878418 23.625019073486 328.70758056641
82.170867919922 20.709135055542 329.49615478516
82.377113342285 17.789909362793 330.27133178711
82.587104797363 14.866945266724 331.03112792969
82.810859680176 11.93071269989 331.73391723633
83.032096862793 8.9968385696411 332.44723510742
83.250411987305 6.0657424926758 333.17263793945
83.458679199219 3.1444430351257 333.93951416016
83.674728393555 0.21558387577534 334.67422485352
83.89421081543 -2.7166101932526 335.39477539062
84.103462219238 -5.6388969421387 336.15762329102
84.317138671875 -8.5655279159546 336.90219116211
84.534049987793 -11.495313644409 337.63342285156
84.75594329834 -14.42981338501 338.3440246582
84.990234375 -17.374887466431 339.00247192383
85.239105224609 -20.332405090332 339.59963989258
85.487968444824 -23.289922714233 340.19680786133
80.545303344727 44.887268066406 318.73696899414
80.565216064453 41.171249389648 319.45239257812
80.700706481934 37.448490142822 320.11856079102
80.850563049316 33.718162536621 320.73767089844
81.010963439941 29.976509094238 321.28115844727
81.171340942383 26.234857559204 321.82467651367
81.215744018555 22.508642196655 322.48379516602
81.25798034668 18.782474517822 323.14331054688
81.296936035156 15.051342010498 323.77435302734
81.359008789062 11.315234184265 324.37329101562
81.459701538086 7.5717339515686 324.91839599609
81.55500793457 3.8274590969086 325.45913696289
81.636672973633 0.081338711082935 325.98922729492
81.675735473633 -3.6727328300476 326.46514892578
81.706748962402 -7.429886341095 326.9167175293
81.800094604492 -11.190170288086 327.33218383789
81.888427734375 -14.9526014328 327.72891235352
81.962074279785 -18.720409393311 328.07427978516
81.491912841797 -22.456079483032 328.45220947266
81.358322143555 -26.16277885437 329.20220947266
81.449035644531 -29.86686706543 329.97192382812
81.590171813965 -33.573787689209 330.71987915039
81.71028137207 -37.355895996094 330.76721191406
81.686447143555 -41.13374710083 330.54730224609
81.55704498291 -44.904033660889 330.24859619141
81.800659179688 44.954032897949 318.76440429688
82.459419250488 41.325992584229 319.5768737793
83.087173461914 37.699668884277 320.42095947266
83.706329345703 34.074340820312 321.27557373047
84.315551757812 30.450229644775 322.14242553711
84.994468688965 26.826570510864 322.95782470703
85.683029174805 23.200395584106 323.75375366211
86.344451904297 19.559518814087 324.50427246094
87.005599975586 15.918493270874 325.25430297852
87.664161682129 12.271796226501 325.97863769531
88.320587158203 8.6207237243652 326.68255615234
88.963577270508 4.9477090835571 327.27593994141
89.612281799316 1.27379155159 327.85754394531
90.278343200684 -2.4014844894409 328.41021728516
90.955642700195 -6.0784401893616 328.93746948242
91.663215637207 -9.7590065002441 329.39505004883
92.416282653809 -13.425831794739 329.88897705078
93.19310760498 -17.084926605225 330.40307617188
93.953880310059 -20.735803604126 330.99374389648
94.52961730957 -24.419870376587 331.5869140625
95.04517364502 -28.100059509277 332.25540161133
95.801963806152 -31.517082214355 333.66458129883
96.39281463623 -35.235015869141 333.89590454102
97.631477355957 -38.797386169434 334.07464599609
98.97966003418 -42.318294525146 334.28045654297
