56.34729385376 6.52081823349 269.17993164062
73.384254455566 -2.148674249649 268.62112426758
74.426345825195 2.282306432724 264.89819335938
77.482299804688 1.3329305648804 274.20407104492
56.22424697876 5.7526655197144 269.08987426758
56.447948455811 5.0044965744019 269.01071166992
56.830177307129 4.3228631019592 268.94293212891
57.358585357666 3.7443013191223 268.89056396484
57.950824737549 3.2303307056427 268.84704589844
58.58825302124 2.7727866172791 268.81106567383
59.256256103516 2.3606767654419 268.78094482422
59.947704315186 1.988779425621 268.75601196289
60.651546478271 1.6406779289246 268.73403930664
61.35636138916 1.2945642471313 268.71237182617
62.072109222412 0.97146159410477 268.69354248047
62.790752410889 0.65483087301254 268.6755065918
63.520736694336 0.36507803201675 268.66082763672
64.253608703613 0.082650542259216 268.64706420898
64.985084533691 -0.20329035818577 268.6328125
65.730758666992 -0.45011919736862 268.62338256836
66.474136352539 -0.70375335216522 268.61315917969
67.227973937988 -0.92452222108841 268.60687255859
67.984268188477 -1.1367259025574 268.60165405273
68.749435424805 -1.314403295517 268.60052490234
69.514144897461 -1.4940419197083 268.59915161133
70.282577514648 -1.6569873094559 268.59979248047
71.051933288574 -1.8155413866043 268.60092163086
71.826271057129 -1.9476022720337 268.60516357422
72.604393005371 -2.0549507141113 268.61236572266
56.744575500488 6.1314482688904 268.75561523438
57.116088867188 5.5068783760071 268.56716918945
57.709922790527 5.0667324066162 268.41958618164
58.379634857178 4.7742857933044 268.22555541992
59.064052581787 4.4789180755615 268.09234619141
59.771705627441 4.2485966682434 267.96063232422
60.498031616211 4.0785226821899 267.82965087891
61.222412109375 3.8910489082336 267.71130371094
61.955379486084 3.7386095523834 267.59521484375
62.684989929199 3.5778062343597 267.4697265625
63.415794372559 3.4231762886047 267.34344482422
64.150398254395 3.292355298996 267.21411132812
64.888244628906 3.1833951473236 267.08126831055
65.62589263916 3.0902905464172 266.9358215332
66.359901428223 3.0089557170868 266.76934814453
67.088569641113 2.9448454380035 266.57217407227
67.818199157715 2.8712346553802 266.38201904297
68.548072814941 2.7961940765381 266.19332885742
69.278678894043 2.7222244739532 266.00708007812
70.011474609375 2.6485726833344 265.83016967773
70.749954223633 2.5757451057434 265.67749023438
71.488426208496 2.5029175281525 265.52484130859
72.216835021973 2.4309170246124 265.32977294922
72.94450378418 2.3589770793915 265.13159179688
73.677490234375 2.2680509090424 264.96411132812
56.739238739014 5.8696722984314 269.50704956055
57.271919250488 5.1723480224609 269.53381347656
58.027267456055 4.7729506492615 269.6826171875
58.833198547363 4.4442386627197 269.85562133789
59.66873550415 4.165060043335 269.95562744141
60.495471954346 3.8957371711731 270.13226318359
61.326725006104 3.6237874031067 270.28076171875
62.1731300354 3.3875873088837 270.39660644531
63.021408081055 3.1638405323029 270.52655029297
63.879177093506 2.9925835132599 270.67034912109
64.733825683594 2.8431339263916 270.85314941406
65.581001281738 2.6908354759216 271.06921386719
66.422012329102 2.5273950099945 271.30038452148
67.26513671875 2.3693375587463 271.52639770508
68.121871948242 2.2410066127777 271.71908569336
68.983039855957 2.1466534137726 271.91040039062
69.846000671387 2.0660655498505 272.10116577148
70.698059082031 1.9499788284302 272.32022094727
71.549545288086 1.8320373296738 272.54077148438
72.399337768555 1.6926329135895 272.75509643555
73.24870300293 1.5508167743683 272.96948242188
74.089241027832 1.4576814174652 273.2385559082
74.93009185791 1.365872502327 273.50698852539
75.779609680176 1.3113480806351 273.75787353516
76.621078491211 1.28371322155 274.03692626953
