6.274808883667 1.1174788475037 -16.407211303711
6.2131252288818 18.916856765747 -15.756366729736
-0.75070494413376 13.332388877869 -21.19581413269
0.20050293207169 13.250771522522 -9.1299524307251
6.9280767440796 1.5281935930252 -16.43504524231
7.4401268959045 2.1047291755676 -16.4476146698
7.9263353347778 2.7044887542725 -16.457643508911
8.3943567276001 3.3185775279999 -16.465965270996
8.8170166015625 3.9647307395935 -16.470149993896
9.1632404327393 4.6547474861145 -16.467737197876
9.4521417617798 5.3707475662231 -16.46063041687
9.694016456604 6.1039271354675 -16.449815750122
9.8877553939819 6.8512020111084 -16.435344696045
10.043087005615 7.6073503494263 -16.418033599854
10.181581497192 8.3667516708374 -16.399503707886
10.215089797974 9.1374540328979 -16.373691558838
10.19739151001 9.908802986145 -16.34450340271
10.125765800476 10.676875114441 -16.311902999878
10.00560760498 11.438744544983 -16.27635383606
9.8458127975464 12.193198204041 -16.238481521606
9.6491966247559 12.938798904419 -16.198514938354
9.3939924240112 13.666187286377 -16.155376434326
9.0888767242432 14.373954772949 -16.109685897827
8.7601404190063 15.071045875549 -16.062837600708
8.3836421966553 15.743314743042 -16.013765335083
7.9759573936462 16.397090911865 -15.963319778442
7.5286726951599 17.024265289307 -15.911251068115
7.0361652374268 17.616411209106 -15.857496261597
6.6518921852112 18.283731460571 -15.808093070984
6.3171081542969 1.5254642963409 -16.881479263306
6.3637161254883 2.0759527683258 -17.178256988525
6.4381923675537 2.6317591667175 -17.458982467651
6.5405206680298 3.1914019584656 -17.722780227661
6.4171266555786 3.7775464057922 -17.901721954346
6.2939085960388 4.3277397155762 -18.175193786621
6.2417225837708 4.8850402832031 -18.457412719727
6.2317681312561 5.4473032951355 -18.734783172607
6.1573333740234 6.0151624679565 -18.989345550537
5.7663488388062 6.4927067756653 -19.03498840332
5.3977518081665 6.831862449646 -19.373414993286
4.8000869750977 6.9674644470215 -19.453247070312
4.3428974151611 7.3500785827637 -19.636386871338
3.9505777359009 7.8305578231812 -19.723894119263
3.5939836502075 8.3211059570312 -19.882394790649
3.2820744514465 8.829981803894 -20.072441101074
3.0364696979523 9.3804368972778 -20.244413375854
2.7488555908203 9.9215488433838 -20.377679824829
2.456992149353 10.458729743958 -20.513029098511
2.0540342330933 10.920481681824 -20.633527755737
1.5227748155594 11.248797416687 -20.681116104126
1.050479888916 11.633899688721 -20.828233718872
0.60861730575562 12.069201469421 -20.920682907104
0.16240832209587 12.503249168396 -20.996379852295
-0.25874617695808 12.950506210327 -21.122127532959
6.4186263084412 1.3608071804047 -15.828847885132
6.5739765167236 1.9014875888824 -15.508604049683
6.7000203132629 2.4829349517822 -15.253273963928
6.7984862327576 3.06014585495 -14.977045059204
6.869432926178 3.6283957958221 -14.67499256134
6.9042220115662 4.1784963607788 -14.335366249084
6.8892416954041 4.7332873344421 -14.00200843811
6.862651348114 5.2779970169067 -13.653079986572
6.7375063896179 5.8333287239075 -13.345244407654
6.4015960693359 6.2233653068542 -12.960288047791
5.8520851135254 6.3509945869446 -12.643754005432
5.3891725540161 6.6747670173645 -12.34762096405
5.1962947845459 7.2165517807007 -12.052909851074
4.8781185150146 7.72026014328 -11.801188468933
4.4799060821533 8.1882829666138 -11.597483634949
4.0644154548645 8.6409816741943 -11.39453792572
3.715042591095 9.1332263946533 -11.161034584045
3.4187562465668 9.6445960998535 -10.896850585938
3.0906174182892 10.12539768219 -10.61487197876
2.666383266449 10.52074432373 -10.327433586121
2.249171257019 10.964698791504 -10.108448028564
1.8642550706863 11.430956840515 -9.876974105835
1.4501433372498 11.870603561401 -9.6437902450562
1.0118584632874 12.299414634705 -9.4359436035156
0.59052300453186 12.742465019226 -9.2231483459473
