1.6978168487549 -13.96351146698 -25.424562454224
7.7458710670471 10.357601165771 -25.202838897705
-4.4686193466187 6.3445811271667 -30.62193107605
-2.3736009597778 5.4687967300415 -16.461061477661
2.7358639240265 -13.576459884644 -25.516332626343
3.7409946918488 -13.110231399536 -25.602058410645
4.7556376457214 -12.664810180664 -25.689460754395
5.7184462547302 -12.120727539062 -25.76823425293
6.5297913551331 -11.379655838013 -25.824928283691
7.2280788421631 -10.516543388367 -25.865999221802
7.8659944534302 -9.6079006195068 -25.89940071106
8.4315481185913 -8.6522884368896 -25.923871994019
8.9280252456665 -7.6580290794373 -25.940027236938
9.3809862136841 -6.6430506706238 -25.951066970825
9.789776802063 -5.6093287467957 -25.956998825073
10.103622436523 -4.5429096221924 -25.952199935913
10.39089012146 -3.4690754413605 -25.944456100464
10.55508518219 -2.3714642524719 -25.923446655273
10.648867607117 -1.2644575834274 -25.894989013672
10.693877220154 -0.15450291335583 -25.861497879028
10.69050693512 0.9561333656311 -25.823085784912
10.615060806274 2.0629279613495 -25.777507781982
10.448394775391 3.1599657535553 -25.723037719727
10.215236663818 4.2449946403503 -25.66224861145
9.9366264343262 5.3189191818237 -25.597238540649
9.5966024398804 6.3749117851257 -25.526634216309
9.2147235870361 7.4162645339966 -25.452297210693
8.734076499939 8.4146966934204 -25.369436264038
8.1023550033569 9.3214702606201 -25.27442741394
1.9213963747025 -13.424395561218 -26.211496353149
2.3363835811615 -12.600004196167 -26.538213729858
2.7355036735535 -11.741340637207 -26.789636611938
3.1008253097534 -10.857461929321 -27.002075195312
3.4087245464325 -9.9586534500122 -27.241060256958
3.728574514389 -9.0688505172729 -27.497621536255
4.0070147514343 -8.1568336486816 -27.722190856934
4.2969932556152 -7.237606048584 -27.897367477417
4.5392332077026 -6.3014197349548 -28.05414390564
4.493757724762 -5.3523435592651 -28.278678894043
4.2993035316467 -4.3996505737305 -28.387525558472
3.946115732193 -3.5212860107422 -28.630596160889
3.1249680519104 -3.0458114147186 -28.794479370117
2.1711480617523 -2.9089636802673 -28.965909957886
1.3794442415237 -2.3486526012421 -29.084432601929
0.81458216905594 -1.5583989620209 -29.211505889893
0.28646242618561 -0.74992769956589 -29.376829147339
-0.20881545543671 0.064150340855122 -29.604396820068
-0.85122150182724 0.73674511909485 -29.910242080688
-1.2466067075729 1.5358458757401 -30.313760757446
-1.7487088441849 2.3575448989868 -30.492206573486
-2.3853325843811 3.1011521816254 -30.455102920532
-3.0108158588409 3.8448605537415 -30.330631256104
-3.6191546916962 4.5959973335266 -30.486318588257
-4.1247811317444 5.4343991279602 -30.511074066162
2.0031545162201 -13.528485298157 -24.606094360352
2.5168240070343 -12.77904510498 -24.233575820923
3.0347392559052 -11.981930732727 -23.986326217651
3.5088255405426 -11.145318031311 -23.786121368408
3.8857970237732 -10.265316963196 -23.566177368164
4.2955560684204 -9.417573928833 -23.286336898804
4.6035733222961 -8.5240850448608 -23.018804550171
4.7747883796692 -7.5827307701111 -22.797552108765
4.8529534339905 -6.6270604133606 -22.584741592407
4.8939867019653 -5.6616358757019 -22.408477783203
4.9850897789001 -4.7042622566223 -22.208793640137
4.7038059234619 -3.8719778060913 -21.782169342041
3.9451923370361 -3.5169723033905 -21.295394897461
3.0138108730316 -3.5058672428131 -20.990396499634
2.2390949726105 -3.1443190574646 -20.550704956055
2.0283851623535 -2.2521913051605 -20.19807434082
1.8560535907745 -1.3496534824371 -19.856237411499
1.4807934761047 -0.55175364017487 -19.424118041992
1.0063091516495 0.18975149095058 -18.988599777222
0.49125301837921 0.88176876306534 -18.518810272217
-0.037317059934139 1.5685075521469 -18.056407928467
-0.53188866376877 2.2536308765411 -17.556873321533
-1.1018551588058 3.0077965259552 -17.289995193481
-1.6416087150574 3.7954936027527 -17.059595108032
-2.1769015789032 4.5950970649719 -16.864599227905
