70.96110534668 -1.8630253076553 265.5192565918
77.760055541992 2.7986707687378 266.97467041016
78.748039245605 -1.4960027933121 269.21704101562
78.975723266602 0.38680502772331 263.28295898438
70.884269714355 -1.5304019451141 265.59674072266
70.919227600098 -1.197728395462 265.67953491211
71.048362731934 -0.88831567764282 265.7610168457
71.229194641113 -0.59916746616364 265.83999633789
71.41340637207 -0.31207349896431 265.91864013672
71.603645324707 -0.028747731819749 265.99664306641
71.831817626953 0.2261023670435 266.06948852539
72.077430725098 0.46524211764336 266.13928222656
72.334426879883 0.69298976659775 266.20687866211
72.599349975586 0.91206926107407 266.27270507812
72.870986938477 1.1232417821884 266.33694458008
73.161842346191 1.3089355230331 266.39587402344
73.460136413574 1.4831265211105 266.45230102539
73.765663146973 1.6450477838516 266.50610351562
74.081504821777 1.7863293886185 266.5553894043
74.406814575195 1.9074844121933 266.60015869141
74.727233886719 2.0402770042419 266.64755249023
75.058372497559 2.1458570957184 266.68881225586
75.383026123047 2.2682235240936 266.73388671875
75.713455200195 2.3731956481934 266.77499389648
76.052185058594 2.4540884494781 266.81057739258
76.391410827637 2.5330517292023 266.84573364258
76.73184967041 2.6071693897247 266.87979125977
77.074378967285 2.6719284057617 266.91162109375
77.417213439941 2.7352995872498 266.94314575195
71.122627258301 -1.6481754779816 265.73519897461
71.363548278809 -1.4478707313538 265.87973022461
71.634185791016 -1.260995388031 265.98324584961
71.944152832031 -1.2295897006989 266.13095092773
72.245269775391 -1.2437102794647 266.29885864258
72.546104431152 -1.243495464325 266.46743774414
72.856369018555 -1.1987801790237 266.61151123047
73.168807983398 -1.1308273077011 266.74127197266
73.480094909668 -1.0744000673294 266.87805175781
73.781936645508 -1.0769082307816 267.04455566406
74.10994720459 -1.0768785476685 267.15170288086
74.436500549316 -1.0621684789658 267.26138305664
74.746109008789 -0.99733203649521 267.39898681641
75.063049316406 -0.9757913351059 267.53369140625
75.381210327148 -0.97158485651016 267.66714477539
75.69213104248 -0.94894123077393 267.81503295898
75.999000549316 -0.89974212646484 267.96499633789
76.307525634766 -0.85801512002945 268.1120300293
76.619415283203 -0.93551594018936 268.23770141602
76.933479309082 -1.0021134614944 268.36416625977
77.249732971191 -1.0546309947968 268.49182128906
77.557090759277 -1.1186949014664 268.63500976562
77.862098693848 -1.1857173442841 268.78182983398
78.161979675293 -1.2741366624832 268.92785644531
78.455001831055 -1.3850677013397 269.07247924805
71.167922973633 -1.6301048994064 265.37133789062
71.401718139648 -1.3766297101974 265.35073852539
71.619995117188 -1.1101341247559 265.37823486328
71.86067199707 -0.87289446592331 265.40512084961
72.179550170898 -0.80232191085815 265.29223632812
72.492866516113 -0.70873045921326 265.18182373047
72.78662109375 -0.55706632137299 265.08142089844
73.095932006836 -0.42631840705872 265
73.415061950684 -0.31220477819443 264.93240356445
73.737129211426 -0.20961059629917 264.86041259766
74.061485290527 -0.11675382405519 264.78588867188
74.394874572754 -0.05432403087616 264.71975708008
74.731742858887 -0.0084138633683324 264.65771484375
75.067764282227 0.029759427532554 264.58648681641
75.402862548828 0.062487635761499 264.5085144043
75.736930847168 0.10074236989021 264.4287109375
76.070007324219 0.14351940155029 264.34704589844
76.403350830078 0.17181475460529 264.26034545898
76.735977172852 0.18654780089855 264.16793823242
77.055809020996 0.21634188294411 264.04043579102
77.376106262207 0.24841400980949 263.91467285156
77.70182800293 0.28526601195335 263.80517578125
78.027481079102 0.32201996445656 263.69546508789
78.347984313965 0.35051661729813 263.5693359375
78.664970397949 0.37409007549286 263.43365478516
