62.954010009766 -3.3682286739349 271.82083129883
68.97868347168 2.5872941017151 274.11853027344
72.291244506836 -0.026010230183601 278.98352050781
74.486396789551 0.26362088322639 271.69787597656
62.945011138916 -3.0193030834198 271.85168457031
63.025131225586 -2.6825094223022 271.90689086914
63.139343261719 -2.3572998046875 271.97076416016
63.290874481201 -2.049679517746 272.0436706543
63.457820892334 -1.7510530948639 272.12014770508
63.653881072998 -1.4724779129028 272.20300292969
63.857448577881 -1.1998481750488 272.28747558594
64.083610534668 -0.94720953702927 272.37652587891
64.314636230469 -0.69933795928955 272.46649169922
64.556427001953 -0.46273982524872 272.55850219727
64.80265045166 -0.23103407025337 272.65124511719
65.053649902344 -0.0048973951488733 272.74487304688
65.312118530273 0.21210935711861 272.83978271484
65.577171325684 0.42056426405907 272.93572998047
65.84447479248 0.62593674659729 273.03204345703
66.117721557617 0.82290321588516 273.12924194336
66.392280578613 1.0179083347321 273.22668457031
66.679100036621 1.1935147047043 273.32571411133
66.964057922363 1.3722240924835 273.4245300293
67.259475708008 1.532310962677 273.52456665039
67.550933837891 1.6997570991516 273.62417602539
67.838958740234 1.873296380043 273.7233581543
68.130630493164 2.0403428077698 273.82302856445
68.415138244629 2.2198140621185 273.92175292969
68.701454162598 2.396252155304 274.0207824707
63.22465133667 -3.0951516628265 272.10781860352
63.431037902832 -2.6819276809692 272.23373413086
63.803726196289 -2.5105636119843 272.48532104492
64.156723022461 -2.3223714828491 272.75286865234
64.502227783203 -2.1163721084595 273.01681518555
64.86499786377 -1.9497084617615 273.28564453125
65.22534942627 -1.7987177371979 273.56671142578
65.578971862793 -1.6495767831802 273.85699462891
65.914199829102 -1.4911903142929 274.16067504883
66.306976318359 -1.4538421630859 274.43634033203
66.696830749512 -1.4208092689514 274.71658325195
67.072891235352 -1.3701012134552 275.01266479492
67.45076751709 -1.327054142952 275.30767822266
67.829666137695 -1.2904704809189 275.60223388672
68.202392578125 -1.2478096485138 275.90374755859
68.563026428223 -1.2001678943634 276.21884155273
68.922714233398 -1.1159942150116 276.52725219727
69.304306030273 -1.0144709348679 276.80236816406
69.663276672363 -0.92368316650391 277.10986328125
70.013862609863 -0.81562024354935 277.42132568359
70.371559143066 -0.66781866550446 277.70736694336
70.746215820312 -0.49428144097328 277.95468139648
71.140701293945 -0.32456052303314 278.17196655273
71.530197143555 -0.18252931535244 278.41632080078
71.921562194824 -0.11039672791958 278.68707275391
63.321403503418 -3.0883333683014 271.71487426758
63.555835723877 -2.679514169693 271.77163696289
63.959758758545 -2.4275081157684 271.79489135742
64.375007629395 -2.1937708854675 271.77352905273
64.788589477539 -1.9577969312668 271.76150512695
65.234031677246 -1.7880603075027 271.76718139648
65.693840026855 -1.662156701088 271.78332519531
66.155738830566 -1.5436059236526 271.79440307617
66.618362426758 -1.4274020195007 271.79263305664
67.084411621094 -1.3258481025696 271.79229736328
67.554008483887 -1.242183804512 271.78839111328
68.024803161621 -1.1669112443924 271.77380371094
68.497940063477 -1.1085729598999 271.75695800781
68.971343994141 -1.052778840065 271.73968505859
69.442497253418 -0.98007702827454 271.72317504883
69.913299560547 -0.90843105316162 271.69610595703
70.384582519531 -0.83523595333099 271.69009399414
70.849456787109 -0.73070788383484 271.66946411133
71.302467346191 -0.58953279256821 271.62072753906
71.746429443359 -0.42227384448051 271.57211303711
72.17839050293 -0.22017529606819 271.57269287109
72.623527526855 -0.057353287935257 271.62643432617
73.074424743652 0.092017255723476 271.67007446289
73.536979675293 0.20246104896069 271.70684814453
74.010551452637 0.25451171398163 271.73010253906
