60.206836700439 -5.1260271072388 281.65783691406
72.760368347168 8.2401418685913 284.13070678711
76.14720916748 3.0814769268036 289.88812255859
77.90559387207 3.6689178943634 279.62451171875
60.081302642822 -4.3977499008179 281.63900756836
60.208473205566 -3.6699252128601 281.66812133789
60.494968414307 -2.9903216362 281.72717285156
60.826969146729 -2.3325870037079 281.7946472168
61.21314239502 -1.706263422966 281.87219238281
61.636070251465 -1.1050468683243 281.95654296875
62.089282989502 -0.5271475315094 282.04644775391
62.561134338379 0.035065248608589 282.13986206055
63.056941986084 0.57551980018616 282.2375793457
63.561134338379 1.1078743934631 282.33688354492
64.073699951172 1.6318717002869 282.43771362305
64.605659484863 2.1354598999023 282.54205322266
65.149192810059 2.6260747909546 282.64852905273
65.701454162598 3.1064925193787 282.75659179688
66.234619140625 3.6086933612823 282.86117553711
66.817642211914 4.0498700141907 282.97479248047
67.412261962891 4.4747309684753 283.09045410156
67.984519958496 4.9302740097046 283.2021484375
68.55403137207 5.389356136322 283.31332397461
69.097190856934 5.880410194397 283.41970825195
69.649131774902 6.3612117767334 283.52767944336
70.206207275391 6.8358435630798 283.63662719727
70.818733215332 7.2334113121033 283.75552368164
71.455986022949 7.5886178016663 283.87881469727
72.103141784668 7.9248070716858 284.00387573242
60.475467681885 -4.6184582710266 282.16784667969
60.95333480835 -4.0643434524536 282.42193603516
61.498199462891 -3.6055085659027 282.72930908203
62.055595397949 -3.1497535705566 283.01821899414
62.629261016846 -2.7110433578491 283.30163574219
63.217830657959 -2.2892806529999 283.58001708984
63.829753875732 -1.8962464332581 283.85009765625
64.431587219238 -1.5074807405472 284.14752197266
65.018623352051 -1.1255342960358 284.48132324219
65.608901977539 -0.7478147149086 284.8141784668
66.213317871094 -0.39679861068726 285.15063476562
66.839973449707 -0.093607753515244 285.49310302734
67.471557617188 0.19509425759315 285.83905029297
68.101615905762 0.47182533144951 286.19689941406
68.684066772461 0.79687887430191 286.59317016602
69.26488494873 1.1277687549591 286.98696899414
69.845748901367 1.4662680625916 287.37194824219
70.53929901123 1.6304867267609 287.6784362793
71.241394042969 1.7711421251297 287.97708129883
71.934852600098 1.9262044429779 288.28842163086
72.639251708984 2.1083824634552 288.55780029297
73.344276428223 2.2926852703094 288.82406616211
74.048652648926 2.4762492179871 289.09255981445
74.75422668457 2.6542518138885 289.36166381836
75.461097717285 2.8259851932526 289.63140869141
60.771057128906 -4.7057838439941 281.33569335938
61.232501983643 -4.0886063575745 281.23669433594
61.836360931396 -3.6014308929443 281.16802978516
62.455615997314 -3.1323421001434 281.11126708984
63.079391479492 -2.6690418720245 281.0573425293
63.725677490234 -2.2370641231537 281.00778198242
64.377426147461 -1.8133622407913 280.95874023438
65.043243408203 -1.4129925966263 280.90267944336
65.711738586426 -1.0176873207092 280.84310913086
66.370979309082 -0.61157035827637 280.75909423828
67.060325622559 -0.25971189141273 280.67114257812
67.758522033691 0.073830142617226 280.58160400391
68.459686279297 0.40043550729752 280.48977661133
69.161888122559 0.71798366308212 280.37670898438
69.845741271973 1.066398024559 280.24368286133
70.517066955566 1.4315007925034 280.09283447266
71.200271606445 1.7777594327927 279.95199584961
71.938842773438 2.0166652202606 279.88879394531
72.703437805176 2.1636071205139 279.86587524414
73.460372924805 2.3375699520111 279.80654907227
74.205848693848 2.5471682548523 279.72274780273
74.957626342773 2.74982213974 279.74560546875
75.71418762207 2.9340515136719 279.76611328125
76.476501464844 3.0904235839844 279.73205566406
77.216606140137 3.3055613040924 279.61972045898
