60.404933929443 4.0961108207703 281.20297241211
76.072738647461 -6.484254360199 282.65069580078
78.907096862793 -3.1305665969849 279.01815795898
76.60945892334 -3.1361975669861 286.42947387695
60.429916381836 3.3482377529144 281.17114257812
60.748863220215 2.6688070297241 281.17895507812
61.197002410889 2.067421913147 281.20645141602
61.738750457764 1.5491335391998 281.24938964844
62.323581695557 1.0806384086609 281.30004882812
62.935035705566 0.64802402257919 281.35552978516
63.566528320312 0.2457182854414 281.4150390625
64.193855285645 -0.16314576566219 281.47366333008
64.834648132324 -0.55017030239105 281.53500366211
65.472831726074 -0.94157475233078 281.59585571289
66.114181518555 -1.3276571035385 281.65731811523
66.762092590332 -1.7024207115173 281.72009277344
67.410667419434 -2.0760023593903 281.78302001953
68.06273651123 -2.4433126449585 281.84671020508
68.720710754395 -2.7997250556946 281.91162109375
69.383018493652 -3.1478443145752 281.97741699219
70.040016174316 -3.5060682296753 282.04214477539
70.71102142334 -3.8367443084717 282.10983276367
71.379119873047 -4.1733546257019 282.17694091797
72.047431945801 -4.5095586776733 282.24404907227
72.71508026123 -4.847092628479 282.31103515625
73.374176025391 -5.2013816833496 282.37615966797
74.052856445312 -5.5154914855957 282.44561767578
74.707878112793 -5.8774180412292 282.50988769531
75.40421295166 -6.148494720459 282.58352661133
60.906890869141 3.5941352844238 281.0061340332
61.522918701172 3.1500253677368 280.84301757812
62.208145141602 2.8016369342804 280.72436523438
62.931163787842 2.520836353302 280.65216064453
63.648059844971 2.2247853279114 280.72845458984
64.37767791748 1.9542925357819 280.67779541016
65.054138183594 1.6639008522034 280.44995117188
65.72779083252 1.3662152290344 280.24716186523
66.448875427246 1.0713959932327 280.28402709961
67.16934967041 0.77842575311661 280.29370117188
67.889808654785 0.49671319127083 280.19641113281
68.617050170898 0.22351555526257 280.12771606445
69.341003417969 -0.044601459056139 280.02767944336
70.057777404785 -0.30161681771278 279.8591003418
70.786933898926 -0.55373179912567 279.7741394043
71.526092529297 -0.80189031362534 279.75671386719
72.259185791016 -1.060239315033 279.70962524414
72.981246948242 -1.3371258974075 279.60864257812
73.710868835449 -1.5988066196442 279.52874755859
74.451126098633 -1.8390783071518 279.478515625
75.202262878418 -2.0462365150452 279.45272827148
75.959922790527 -2.226987361908 279.4582824707
76.702934265137 -2.4446651935577 279.3645324707
77.445602416992 -2.6721053123474 279.29629516602
78.180503845215 -2.9020760059357 279.18576049805
60.902927398682 3.6279633045197 281.36013793945
61.333545684814 3.123813867569 281.63259887695
61.899070739746 2.7432925701141 281.86251831055
62.485851287842 2.4014015197754 282.10571289062
63.089889526367 2.0983052253723 282.35806274414
63.726238250732 1.8428814411163 282.58010864258
64.374122619629 1.5941766500473 282.77709960938
64.989921569824 1.2950729131699 283.0016784668
65.597274780273 0.98418134450912 283.22705078125
66.261405944824 0.74413639307022 283.3678894043
66.879066467285 0.45077013969421 283.5989074707
67.500793457031 0.16394913196564 283.82690429688
68.132705688477 -0.10642123222351 284.04718017578
68.775863647461 -0.36916741728783 284.24176025391
69.432319641113 -0.62224090099335 284.40258789062
70.083236694336 -0.87969875335693 284.57702636719
70.723922729492 -1.1451729536057 284.77700805664
71.346984863281 -1.4348878860474 284.99594116211
72.009483337402 -1.6430752277374 285.1926574707
72.678504943848 -1.852112531662 285.36456298828
73.305816650391 -2.1007022857666 285.60766601562
73.944244384766 -2.3394968509674 285.84036254883
74.591690063477 -2.5727853775024 286.05780029297
75.255393981934 -2.8021626472473 286.22463989258
75.898612976074 -3.0118856430054 286.44342041016
