89.824562072754 -10.335644721985 367.66714477539
74.164169311523 -1.2082107067108 379.58801269531
81.535301208496 17.033012390137 378.61022949219
69.84058380127 11.568791389465 366.82830810547
89.395011901855 -10.827313423157 368.28561401367
88.824081420898 -11.05779838562 368.94149780273
88.207450866699 -11.153244972229 369.58959960938
87.575889587402 -11.189664840698 370.2292175293
86.925437927246 -11.123176574707 370.84716796875
86.267463684082 -10.988278388977 371.44573974609
85.606811523438 -10.80958366394 372.02969360352
84.945304870605 -10.576932907104 372.59332275391
84.284523010254 -10.313939094543 373.14428710938
83.62922668457 -9.9781007766724 373.66122436523
82.975135803223 -9.6322374343872 374.17300415039
82.328369140625 -9.238133430481 374.65856933594
81.687889099121 -8.812611579895 375.12557983398
81.050659179688 -8.3728942871094 375.58383178711
80.426109313965 -7.8862929344177 376.01110839844
79.814559936523 -7.3608417510986 376.41021728516
79.198196411133 -6.8489489555359 376.81945800781
78.59529876709 -6.3010144233704 377.20111083984
78.011924743652 -5.7095484733582 377.54641723633
77.436714172363 -5.1020550727844 377.87731933594
76.824401855469 -4.5787220001221 378.27801513672
76.256050109863 -3.9586517810822 378.59719848633
75.708030700684 -3.3049175739288 378.88302612305
75.181007385254 -2.6211643218994 379.13626098633
74.659446716309 -1.9302620887756 379.38125610352
89.398910522461 -9.6504592895508 368.60836791992
88.82381439209 -9.332332611084 369.66061401367
88.216979980469 -8.6937074661255 370.53533935547
87.634658813477 -7.8510088920593 371.23867797852
87.067115783691 -6.9412078857422 371.86676025391
86.485069274902 -6.0110306739807 372.44998168945
85.882583618164 -5.0523085594177 372.96212768555
85.285278320312 -4.0888395309448 373.47082519531
84.770225524902 -3.0530557632446 373.92501831055
84.268218994141 -2.0044202804565 374.36343383789
83.838371276855 -0.89277923107147 374.71545410156
83.412033081055 0.22029893100262 375.06643676758
83.108657836914 1.3835605382919 375.38140869141
82.817390441895 2.5537219047546 375.68173217773
82.565551757812 3.7452704906464 375.92910766602
82.349761962891 4.945788860321 376.16705322266
82.15892791748 6.1519145965576 376.39770507812
82.010551452637 7.3729548454285 376.57507324219
81.885383605957 8.6002941131592 376.72448730469
81.851486206055 9.8323526382446 376.88354492188
81.851295471191 11.064340591431 377.04669189453
81.908317565918 12.292359352112 377.22845458984
81.855178833008 13.475374221802 377.60540771484
81.902206420898 14.680564880371 377.90493774414
81.771697998047 15.86429977417 378.26000976562
88.648040771484 -10.10098361969 367.69769287109
87.519355773926 -10.046719551086 368.10260009766
86.497634887695 -9.5701656341553 368.52301025391
85.530204772949 -8.8900785446167 368.75738525391
84.612609863281 -8.1388397216797 368.97409057617
83.758262634277 -7.3291392326355 369.23431396484
82.968971252441 -6.4544539451599 369.49072265625
82.14656829834 -5.6123518943787 369.75231933594
81.312316894531 -4.7818312644958 370.01052856445
80.558090209961 -3.8554327487946 370.17437744141
79.796630859375 -2.9311764240265 370.31500244141
79.014190673828 -2.0204524993896 370.4211730957
78.308792114258 -1.043224811554 370.41934204102
77.699264526367 -0.01083839405328 370.29067993164
77.084976196289 1.013899564743 370.1279296875
76.467277526855 2.0318722724915 369.93795776367
75.846321105957 3.0410370826721 369.71466064453
75.201927185059 4.0250988006592 369.44958496094
74.520393371582 4.9783391952515 369.16537475586
73.858612060547 5.9476671218872 368.88897705078
73.214370727539 6.9289755821228 368.61343383789
72.560943603516 7.9024348258972 368.33172607422
71.890487670898 8.8615064620972 368.041015625
71.248977661133 9.7880125045776 367.61209106445
70.536140441895 10.629453659058 367.12445068359
