57.191970825195 6.0301532745361 269.70941162109
65.770133972168 -5.3039045333862 271.55963134766
70.570350646973 -2.2084755897522 267.47998046875
69.535705566406 -1.0853621959686 275.39013671875
57.19766998291 5.4750823974609 269.77386474609
57.374141693115 4.9490094184875 269.84576416016
57.593162536621 4.439257144928 269.91842651367
57.848690032959 3.9468324184418 269.99136352539
58.132953643799 3.470395565033 270.06433105469
58.435737609863 3.005473613739 270.13714599609
58.749938964844 2.5481672286987 270.20980834961
59.070472717285 2.0952537059784 270.28234863281
59.401145935059 1.6496511697769 270.35464477539
59.741596221924 1.2114431858063 270.42672729492
60.095890045166 0.78428053855896 270.49844360352
60.449550628662 0.35660231113434 270.57015991211
60.815185546875 -0.060974143445492 270.64144897461
61.181022644043 -0.47837150096893 270.71270751953
61.549488067627 -0.8934565782547 270.7839050293
61.926887512207 -1.3005042076111 270.8547668457
62.306011199951 -1.7059687376022 270.92547607422
62.684005737305 -2.112468957901 270.99627685547
63.05814743042 -2.5224924087524 271.06723022461
63.437683105469 -2.9275615215302 271.13800048828
63.8092918396 -3.3398609161377 271.20904541016
64.194938659668 -3.7391769886017 271.27951049805
64.576637268066 -4.1422233581543 271.35015869141
64.967712402344 -4.5362749099731 271.42031860352
65.36873626709 -4.920280456543 271.48999023438
57.521545410156 5.5491304397583 269.50268554688
57.920799255371 5.0765781402588 269.47763061523
58.4089012146 4.6952242851257 269.45913696289
58.882373809814 4.2973260879517 269.42102050781
59.368553161621 3.9209125041962 269.34506225586
59.88045501709 3.572003364563 269.32891845703
60.395519256592 3.2290606498718 269.29513549805
60.914051055908 2.8937633037567 269.24356079102
61.446834564209 2.5773420333862 269.23596191406
61.972206115723 2.249915599823 269.20758056641
62.487392425537 1.9097077846527 269.15383911133
62.999320983887 1.5627444982529 269.11380004883
63.509803771973 1.2133473157883 269.0774230957
64.013168334961 0.86248648166656 268.99041748047
64.524452209473 0.52477210760117 268.89782714844
65.052810668945 0.21371628344059 268.80764770508
65.569229125977 -0.11210333555937 268.70190429688
66.101058959961 -0.40550744533539 268.57894897461
66.641403198242 -0.67808747291565 268.4455871582
67.189155578613 -0.93617123365402 268.31362915039
67.739715576172 -1.175232052803 268.15939331055
68.29061126709 -1.4039868116379 267.99136352539
68.845863342285 -1.6458594799042 267.86001586914
69.411102294922 -1.8614710569382 267.7255859375
69.990631103516 -2.0663089752197 267.64657592773
57.500457763672 5.6273422241211 270.02920532227
57.849452972412 5.1765489578247 270.21603393555
58.241024017334 4.7587180137634 270.39462280273
58.653438568115 4.39723777771 270.63757324219
59.128730773926 4.0810418128967 270.82220458984
59.61217880249 3.7721042633057 270.99771118164
60.104389190674 3.4713761806488 271.16284179688
60.595806121826 3.1688940525055 271.32711791992
61.085456848145 2.8625199794769 271.48947143555
61.575073242188 2.5561480522156 271.65188598633
62.062622070312 2.2496225833893 271.82012939453
62.539573669434 1.9428343772888 272.01602172852
63.017337799072 1.6384360790253 272.21365356445
63.497447967529 1.3412203788757 272.41647338867
63.977535247803 1.0442279577255 272.61959838867
64.455009460449 0.7745133638382 272.8630065918
64.932083129883 0.50880873203278 273.11151123047
65.439125061035 0.28529697656631 273.34158325195
65.946189880371 0.063015207648277 273.57278442383
66.441864013672 -0.15466105937958 273.83139038086
66.972991943359 -0.3409212231636 274.03921508789
67.490615844727 -0.51891213655472 274.2848815918
68.01146697998 -0.63705533742905 274.55825805664
68.53157043457 -0.81664347648621 274.79745483398
69.053176879883 -0.96327823400497 275.05511474609
