5.7283945083618 -16.748359680176 -28.519577026367
2.7785189151764 10.306292533875 -23.083778381348
-3.5290236473083 9.5224275588989 -26.407228469849
-1.1107742786407 8.0109233856201 -18.577453613281
6.1478481292725 -15.75549697876 -28.418912887573
6.4212398529053 -14.724994659424 -28.284101486206
6.5739989280701 -13.666399002075 -28.121627807617
6.6418914794922 -12.601039886475 -27.942041397095
6.6650896072388 -11.535545349121 -27.754066467285
6.6415576934814 -10.47227191925 -27.557737350464
6.5507140159607 -9.4138259887695 -27.349670410156
6.4460988044739 -8.3571119308472 -27.139343261719
6.2970180511475 -7.3081283569336 -26.922086715698
6.0982022285461 -6.2682132720947 -26.697149276733
5.8302621841431 -5.2459707260132 -26.46245765686
5.5158314704895 -4.2391290664673 -26.221841812134
5.1873121261597 -3.2368516921997 -25.979410171509
4.9030795097351 -2.2195203304291 -25.742555618286
4.686695098877 -1.1841531991959 -25.51515007019
4.4850225448608 -0.14474806189537 -25.289770126343
4.2775821685791 0.89334738254547 -25.063545227051
4.0992298126221 1.9377355575562 -24.841630935669
3.9214291572571 2.9822583198547 -24.619798660278
3.7380313873291 4.025520324707 -24.397148132324
3.5051815509796 5.0574097633362 -24.167285919189
3.297730922699 6.0953450202942 -23.941087722778
3.1296422481537 7.1412420272827 -23.720827102661
3.0126011371613 8.1962585449219 -23.508478164673
2.8955600261688 9.2512760162354 -23.296127319336
5.5181279182434 -15.700626373291 -28.686201095581
5.231466293335 -14.681670188904 -28.610696792603
4.8938217163086 -13.681918144226 -28.373601913452
4.5646023750305 -12.65949344635 -28.24912071228
4.2356939315796 -11.636233329773 -28.128795623779
3.9339306354523 -10.601902008057 -28.038787841797
3.6431081295013 -9.5631084442139 -27.960996627808
3.3187499046326 -8.5356769561768 -27.869504928589
2.9821372032166 -7.512396812439 -27.773006439209
2.575968503952 -6.5274739265442 -27.603590011597
2.1479346752167 -5.5549736022949 -27.409847259521
1.8266378641129 -4.5264296531677 -27.317180633545
1.5331315994263 -3.4881997108459 -27.260246276855
1.2623056173325 -2.442599773407 -27.230836868286
0.91403663158417 -1.4288111925125 -27.087093353271
0.56576752662659 -0.41502258181572 -26.943347930908
0.19628198444843 0.59595274925232 -26.838985443115
-0.18615533411503 1.602382183075 -26.737607955933
-0.59158265590668 2.5995264053345 -26.632471084595
-0.86379438638687 3.6418845653534 -26.561120986938
-1.1813985109329 4.6709151268005 -26.467859268188
-1.5843596458435 5.6710758209229 -26.400077819824
-1.998081445694 6.668851852417 -26.34690284729
-2.4550313949585 7.6474533081055 -26.322050094604
-2.9862811565399 8.5882120132446 -26.358299255371
5.6628198623657 -16.028196334839 -27.728988647461
5.3241157531738 -15.049880981445 -27.463781356812
4.9816079139709 -14.067971229553 -27.205892562866
4.7942395210266 -13.094284057617 -26.807722091675
4.6231226921082 -12.117718696594 -26.401779174805
4.4786252975464 -11.133380889893 -26.004745483398
4.3497977256775 -10.147427558899 -25.605665206909
4.049015045166 -9.1839818954468 -25.268268585205
3.6699130535126 -8.2307863235474 -24.958969116211
3.3441209793091 -7.2643399238586 -24.632898330688
3.0450556278229 -6.2910146713257 -24.299531936646
2.7519178390503 -5.316020488739 -23.966300964355
2.3861284255981 -4.37069272995 -23.619140625
2.0829844474792 -3.3916277885437 -23.312633514404
1.9307038784027 -2.4171781539917 -22.921934127808
1.7548691034317 -1.4674493074417 -22.488922119141
1.3882529735565 -0.52177894115448 -22.144380569458
1.0095367431641 0.43119552731514 -21.83392906189
0.75716626644135 1.4264721870422 -21.533847808838
0.43215936422348 2.3970484733582 -21.217115402222
0.16938403248787 3.3792538642883 -20.880670547485
-0.14281941950321 4.3424391746521 -20.532279968262
-0.4736604988575 5.298647403717 -20.180370330811
-0.68603175878525 6.202739238739 -19.646064758301
-0.89840298891068 7.1068315505981 -19.111759185791
