61.333801269531 1.1613215208054 274.02642822266
65.001441955566 -6.1670570373535 272.07614135742
78.986312866211 -3.9790768623352 265.59808349609
74.30362701416 -11.811084747314 285.7971496582
61.150867462158 0.92423337697983 273.83779907227
61.063415527344 0.6297379732132 273.66162109375
61.033760070801 0.31575441360474 273.50030517578
61.011890411377 -5.2172490541125e-05 273.34133911133
61.01904296875 -0.32118314504623 273.19195556641
61.043281555176 -0.6442619562149 273.04873657227
61.09224319458 -0.96869015693665 272.91516113281
61.163478851318 -1.2927396297455 272.79107666016
61.257987976074 -1.6147472858429 272.67761230469
61.371273040771 -1.9338027238846 272.57342529297
61.505958557129 -2.2479734420776 272.48043823242
61.660110473633 -2.5561649799347 272.39834594727
61.839923858643 -2.8540058135986 272.33190917969
62.061866760254 -3.127571105957 272.29452514648
62.27742767334 -3.4055132865906 272.25238037109
62.483303070068 -3.6895909309387 272.20333862305
62.708320617676 -3.9609313011169 272.1682434082
62.954177856445 -4.2153220176697 272.14990234375
63.201740264893 -4.4681458473206 272.13302612305
63.47034072876 -4.6991119384766 272.13522338867
63.735218048096 -4.9343428611755 272.13391113281
63.9967918396 -5.1732025146484 272.12945556641
64.266319274902 -5.4030742645264 272.13259887695
64.523849487305 -5.6461930274963 272.12445068359
64.767761230469 -5.9023184776306 272.10446166992
61.856018066406 0.76513355970383 273.55685424805
61.995586395264 0.074964597821236 273.14959716797
62.387489318848 -0.62106865644455 272.99264526367
63.0205078125 -1.112330198288 272.85147094727
63.662712097168 -1.4433587789536 272.46520996094
64.293235778809 -1.747998714447 272.03982543945
64.950164794922 -2.0216655731201 271.63381958008
65.63436126709 -2.281329870224 271.26596069336
66.345985412598 -2.5571157932281 270.96780395508
67.063354492188 -2.7943241596222 270.65158081055
67.787223815918 -2.9554500579834 270.30294799805
68.513191223145 -3.1180865764618 269.95944213867
69.241302490234 -3.2821199893951 269.62115478516
69.969856262207 -3.4428515434265 269.28225708008
70.700523376465 -3.5867733955383 268.94036865234
71.432716369629 -3.7228920459747 268.59875488281
72.174331665039 -3.8042838573456 268.25982666016
72.915916442871 -3.8869953155518 267.92123413086
73.656776428223 -4.0045900344849 267.59140014648
74.397834777832 -4.1251430511475 267.26324462891
75.154182434082 -4.1889472007751 266.95443725586
75.914192199707 -4.2324986457825 266.65124511719
76.676628112793 -4.2192115783691 266.3512878418
77.453590393066 -4.1908922195435 266.09243774414
78.234489440918 -4.1924905776978 265.84448242188
61.586757659912 0.32896858453751 274.17553710938
61.66902923584 -0.53546845912933 274.04592895508
62.260555267334 -1.1852655410767 274.14834594727
62.816249847412 -1.8385307788849 274.35235595703
63.185424804688 -2.5892972946167 274.63879394531
63.615520477295 -3.2685399055481 275.00796508789
64.114532470703 -3.8802716732025 275.40713500977
64.681053161621 -4.4212474822998 275.81927490234
65.242477416992 -4.940625667572 276.26489257812
65.793365478516 -5.4496555328369 276.73498535156
66.335723876953 -5.9527297019958 277.22113037109
66.877899169922 -6.4556283950806 277.70767211914
67.417304992676 -6.9557771682739 278.20010375977
67.951080322266 -7.4522080421448 278.70230102539
68.46794128418 -7.9601306915283 279.21069335938
68.994438171387 -8.4591550827026 279.71795654297
69.541343688965 -8.937876701355 280.22296142578
70.077247619629 -9.3639688491821 280.78405761719
70.606880187988 -9.775689125061 281.3616027832
71.127624511719 -10.177122116089 281.95422363281
71.676513671875 -10.604296684265 282.50177001953
72.235061645508 -11.035507202148 283.03448486328
72.77320098877 -11.190447807312 283.71997070312
73.275817871094 -11.418350219727 284.41207885742
73.818649291992 -11.602168083191 285.08670043945
