67.920524597168 0.49870243668556 271.53042602539
75.503944396973 -4.3394155502319 271.14678955078
78.228775024414 -2.4503948688507 269.23190307617
77.874443054199 -3.2688674926758 274.12594604492
67.910491943359 0.14746990799904 271.46826171875
68.051063537598 -0.17705604434013 271.42007446289
68.28776550293 -0.44474998116493 271.38766479492
68.546287536621 -0.69207412004471 271.36010742188
68.821876525879 -0.92081540822983 271.33694458008
69.098907470703 -1.1477798223495 271.31411743164
69.386535644531 -1.361478805542 271.29431152344
69.683097839355 -1.5628089904785 271.27719116211
69.989730834961 -1.7487872838974 271.26333618164
70.299278259277 -1.9299529790878 271.25054931641
70.611312866211 -2.106853723526 271.23864746094
70.927238464355 -2.2768115997314 271.22821044922
71.246231079102 -2.4410057067871 271.21896362305
71.562294006348 -2.6106977462769 271.20852661133
71.885437011719 -2.7666528224945 271.20095825195
72.210083007812 -2.9195010662079 271.1940612793
72.537414550781 -3.0665416717529 271.18832397461
72.857620239258 -3.2283790111542 271.17956542969
73.182731628418 -3.3802387714386 271.1728515625
73.513732910156 -3.5188879966736 271.16879272461
73.842247009277 -3.6633057594299 271.16360473633
74.175582885742 -3.7962682247162 271.16070556641
74.503845214844 -3.9412472248077 271.15536499023
74.834083557129 -4.0816993713379 271.15093994141
75.170455932617 -4.2068109512329 271.14962768555
68.224731445312 0.31950423121452 271.28890991211
68.558944702148 0.1131668612361 271.11956787109
68.925651550293 -0.021219214424491 270.94467163086
69.295417785645 -0.17260925471783 270.79144287109
69.669464111328 -0.32559707760811 270.65069580078
70.055236816406 -0.46881347894669 270.53317260742
70.441116333008 -0.61316484212875 270.41748046875
70.828475952148 -0.7660299539566 270.31896972656
71.229751586914 -0.89460533857346 270.24432373047
71.621467590332 -1.0357712507248 270.1455078125
72.009178161621 -1.1839761734009 270.04162597656
72.414367675781 -1.3101055622101 269.98675537109
72.804267883301 -1.4579610824585 269.89065551758
73.207672119141 -1.5788642168045 269.81503295898
73.626846313477 -1.6567121744156 269.77801513672
74.045608520508 -1.7375102043152 269.74267578125
74.462707519531 -1.8220314979553 269.69772338867
74.878448486328 -1.9090530872345 269.64569091797
75.287063598633 -1.9946899414062 269.5517578125
75.704666137695 -2.0638847351074 269.48892211914
76.127815246582 -2.1188471317291 269.45648193359
76.544372558594 -2.1986155509949 269.39944458008
76.962326049805 -2.2744979858398 269.34756469727
77.384391784668 -2.3352653980255 269.31137084961
77.806579589844 -2.3928301334381 269.27163696289
68.19652557373 0.25238734483719 271.74234008789
68.513053894043 0.017497951164842 271.90472412109
68.853286743164 -0.17284075915813 272.07751464844
69.198333740234 -0.37441077828407 272.22647094727
69.55509185791 -0.56354814767838 272.36358642578
69.924743652344 -0.73246103525162 272.49261474609
70.308364868164 -0.89098191261292 272.59051513672
70.683952331543 -1.0650142431259 272.69314575195
71.056259155273 -1.2450740337372 272.79724121094
71.437515258789 -1.410982966423 272.89215087891
71.819244384766 -1.5761083364487 272.986328125
72.213928222656 -1.719883441925 273.06005859375
72.608810424805 -1.8631319999695 273.13372802734
73.009002685547 -1.9915751218796 273.20611572266
73.410530090332 -2.1163313388824 273.27749633789
73.81404876709 -2.2396492958069 273.3395690918
74.219139099121 -2.3556759357452 273.40530395508
74.627098083496 -2.4556877613068 273.47915649414
75.033355712891 -2.5538547039032 273.56402587891
75.436393737793 -2.6488862037659 273.66598510742
75.846870422363 -2.7416779994965 273.73519897461
76.258110046387 -2.8336102962494 273.80087280273
76.667098999023 -2.9242210388184 273.88092041016
77.07234954834 -3.030905008316 273.96014404297
77.474586486816 -3.1488814353943 274.03872680664
