67.907028198242 3.6009142398834 269.0380859375
78.321357727051 -5.6259026527405 269.73040771484
84.240264892578 -0.73698824644089 267.77752685547
81.319198608398 -4.7768979072571 277.43258666992
68.217269897461 3.1607165336609 269.00793457031
68.554756164551 2.7402541637421 268.99307250977
68.921401977539 2.3446581363678 268.99572753906
69.28784942627 1.9488791227341 268.99826049805
69.665519714355 1.5639079809189 269.00787353516
70.039360046387 1.1751646995544 269.01507568359
70.416534423828 0.7896933555603 269.02438354492
70.803787231445 0.41457915306091 269.0403137207
71.187156677246 0.035397492349148 269.05364990234
71.580322265625 -0.33333230018616 269.0735168457
71.97469329834 -0.70071744918823 269.09417724609
72.374496459961 -1.0619547367096 269.11865234375
72.770454406738 -1.4275671243668 269.14041137695
73.161628723145 -1.7984795570374 269.15893554688
73.547828674316 -2.1746821403503 269.17413330078
73.959159851074 -2.5220685005188 269.20669555664
74.361122131348 -2.8807897567749 269.23266601562
74.773536682129 -3.2268173694611 269.26602172852
75.189308166504 -3.5685505867004 269.30181884766
75.617332458496 -3.8936560153961 269.34692382812
76.060348510742 -4.1959810256958 269.40405273438
76.498916625977 -4.505392074585 269.45751953125
76.95329284668 -4.788224697113 269.52444458008
77.398544311523 -5.0868744850159 269.58352661133
77.86058807373 -5.3551378250122 269.65753173828
68.561218261719 3.5558516979218 268.9557800293
69.191757202148 3.364483833313 269.00866699219
69.822608947754 3.1673891544342 269.02206420898
70.445503234863 2.9464175701141 269.009765625
71.037254333496 2.6528081893921 268.98510742188
71.655937194824 2.4229638576508 269.02252197266
72.283134460449 2.2266738414764 269.09396362305
72.921340942383 2.0772578716278 269.17980957031
73.561981201172 1.9332685470581 269.25628662109
74.179718017578 1.6982545852661 269.24368286133
74.810028076172 1.502078294754 269.20867919922
75.44474029541 1.3227568864822 269.16418457031
76.08422088623 1.1594748497009 269.12661743164
76.732208251953 1.0304157733917 269.10559082031
77.387001037598 0.94097322225571 269.08990478516
78.039611816406 0.8418133854866 269.05432128906
78.690155029297 0.72452253103256 269.0491027832
79.345497131348 0.63874411582947 269.06161499023
80.000465393066 0.55362987518311 269.03424072266
80.634956359863 0.42867055535316 268.89755249023
81.258277893066 0.31638544797897 268.70816040039
81.878608703613 0.14591737091541 268.55606079102
82.480682373047 -0.056799203157425 268.37329101562
83.08275604248 -0.25951579213142 268.19049072266
83.684837341309 -0.4622323513031 268.00769042969
68.39379119873 3.3335156440735 269.46011352539
68.944801330566 2.9933481216431 269.7229309082
69.522956848145 2.6739757061005 269.95108032227
70.128173828125 2.4041938781738 270.17315673828
70.715156555176 2.1321461200714 270.43728637695
71.298400878906 1.8208405971527 270.6640625
71.883308410645 1.5211772918701 270.90161132812
72.4599609375 1.2494926452637 271.18817138672
73.014419555664 0.94571763277054 271.48602294922
73.55680847168 0.60883390903473 271.76995849609
74.100677490234 0.32192355394363 272.10220336914
74.643218994141 0.045951839536428 272.44570922852
75.175659179688 -0.23682029545307 272.79925537109
75.720458984375 -0.48144352436066 273.16226196289
76.267768859863 -0.76863348484039 273.48828125
76.783424377441 -1.1249198913574 273.79534912109
77.301284790039 -1.2811479568481 274.23788452148
77.798355102539 -1.5046969652176 274.67517089844
78.269676208496 -1.8189362287521 275.08450317383
78.730743408203 -2.1800155639648 275.46597290039
79.164756774902 -2.5451714992523 275.87438964844
79.601852416992 -2.9235610961914 276.26712036133
80.032447814941 -3.3429670333862 276.6237487793
80.445983886719 -3.804532289505 276.94692993164
80.862686157227 -4.2855701446533 277.23587036133
