70.558197021484 9.4972410202026 270.88223266602
76.646324157715 0.89789056777954 270.51791381836
83.531135559082 -0.46056190133095 266.8720703125
81.979103088379 -0.74930393695831 274.41134643555
70.424057006836 9.1062507629395 270.80935668945
70.433250427246 8.6899871826172 270.75253295898
70.514938354492 8.2801837921143 270.70663452148
70.647605895996 7.8832530975342 270.66949462891
70.838829040527 7.5097231864929 270.64364624023
71.048858642578 7.1461992263794 270.62176513672
71.27953338623 6.7951264381409 270.60443115234
71.520141601562 6.4506816864014 270.58935546875
71.769561767578 6.1124744415283 270.5764465332
72.030242919922 5.7827682495117 270.56616210938
72.299980163574 5.4603662490845 270.55825805664
72.571907043457 5.1398100852966 270.55084228516
72.855628967285 4.8295655250549 270.54644775391
73.137939453125 4.5180644989014 270.5417175293
73.435981750488 4.221522808075 270.54119873047
73.724197387695 3.9154570102692 270.53802490234
74.025428771973 3.6221606731415 270.53848266602
74.331161499023 3.3335580825806 270.54013061523
74.639533996582 3.0477809906006 270.54254150391
74.94229888916 2.7560639381409 270.54339599609
75.24275970459 2.461980342865 270.54357910156
75.517555236816 2.1438431739807 270.53689575195
75.80297088623 1.8351557254791 270.53298950195
76.093826293945 1.531574010849 270.53051757812
76.373733520508 1.2179038524628 270.52517700195
70.864784240723 8.9674968719482 270.65341186523
71.152305603027 8.4053192138672 270.51501464844
71.671211242676 8.0449657440186 270.34848022461
72.151268005371 7.6222968101501 270.21301269531
72.624267578125 7.1912484169006 270.07907104492
73.101020812988 6.7635412216187 269.94781494141
73.585823059082 6.3420639038086 269.82626342773
74.08390045166 5.9351034164429 269.7092590332
74.602233886719 5.5541334152222 269.59237670898
75.124664306641 5.179102897644 269.47467041016
75.637832641602 4.7983531951904 269.33636474609
76.16284942627 4.4361433982849 269.19281005859
76.695747375488 4.0901546478271 269.03860473633
77.226058959961 3.7466993331909 268.87048339844
77.75959777832 3.4133284091949 268.69250488281
78.288734436035 3.0770547389984 268.50704956055
78.814231872559 2.7309422492981 268.32949829102
79.34708404541 2.3885269165039 268.16735839844
79.884979248047 2.0530331134796 268.00744628906
80.408485412598 1.6994845867157 267.83889770508
80.921859741211 1.3350690603256 267.66247558594
81.429496765137 0.96464681625366 267.48205566406
81.950523376465 0.59774678945541 267.33581542969
82.460601806641 0.22538264095783 267.16659545898
82.975570678711 -0.13671718537807 266.99008178711
70.932441711426 9.0385417938232 271.02893066406
71.207015991211 8.5050258636475 271.13687133789
71.562843322754 8.0614957809448 271.35604858398
72.00651550293 7.6583471298218 271.46810913086
72.41089630127 7.2169547080994 271.58493041992
72.820777893066 6.7755999565125 271.68081665039
73.250114440918 6.3532538414001 271.77725219727
73.6875 5.9401516914368 271.87747192383
74.128578186035 5.5324172973633 271.98336791992
74.575561523438 5.1315560340881 272.09072875977
75.027381896973 4.7365031242371 272.19924926758
75.502410888672 4.3700094223022 272.30895996094
75.97883605957 4.0053596496582 272.41879272461
76.456039428711 3.6426107883453 272.53140258789
76.939514160156 3.2968652248383 272.6682434082
77.430206298828 2.9650635719299 272.81359863281
77.916198730469 2.6308217048645 272.96884155273
78.375602722168 2.2672078609467 273.13833618164
78.841842651367 1.9043650627136 273.28994750977
79.306968688965 1.5389846563339 273.43878173828
79.77197265625 1.1737489700317 273.58840942383
80.245262145996 0.82259154319763 273.74554443359
80.713882446289 0.45554384589195 273.87850952148
81.143310546875 0.046579778194427 274.02117919922
81.568168640137 -0.35838332772255 274.18701171875
