68.139678955078 6.6082825660706 273.09225463867
75.171035766602 -9.9825944900513 272.99111938477
81.480895996094 -9.8972320556641 270.15356445312
79.484306335449 -10.724466323853 277.90731811523
67.796157836914 5.9990954399109 272.95907592773
67.720825195312 5.2950434684753 272.87438964844
67.774505615234 4.5861177444458 272.81698608398
67.931343078613 3.8909776210785 272.78311157227
68.137298583984 3.208277463913 272.76098632812
68.38126373291 2.5379719734192 272.7483215332
68.655075073242 1.8791764974594 272.74310302734
68.933120727539 1.2221516370773 272.7389831543
69.223609924316 0.57052308320999 272.73812866211
69.53148651123 -0.073066353797913 272.74176025391
69.84651184082 -0.71317636966705 272.74722290039
70.166465759277 -1.3508224487305 272.75405883789
70.485214233398 -1.9890779256821 272.76058959961
70.800765991211 -2.6289148330688 272.76623535156
71.144081115723 -3.2541961669922 272.77926635742
71.49454498291 -3.8754549026489 272.79425048828
71.839614868164 -4.4997577667236 272.80776977539
72.194023132324 -5.1187472343445 272.82376098633
72.557418823242 -5.7324371337891 272.84225463867
72.89924621582 -6.3585381507874 272.85488891602
73.26634979248 -6.9699802398682 272.87438964844
73.620658874512 -7.5890259742737 272.89041137695
74.014183044434 -8.1835203170776 272.91723632812
74.390167236328 -8.7894620895386 272.9391784668
74.778274536133 -9.3875818252563 272.96450805664
68.471870422363 6.0479221343994 272.58850097656
68.820907592773 5.3154611587524 272.41567993164
69.305702209473 4.6648960113525 272.22882080078
69.731353759766 3.9604344367981 272.0959777832
70.180366516113 3.2645556926727 271.9987487793
70.644996643066 2.5765271186829 271.92037963867
71.11107635498 1.8883073329926 271.85287475586
71.580657958984 1.2024775743484 271.78616333008
72.069145202637 0.53157871961594 271.70446777344
72.570243835449 -0.12938086688519 271.61917114258
73.091102600098 -0.77800625562668 271.56066894531
73.610626220703 -1.4273051023483 271.49948120117
74.109657287598 -2.0884234905243 271.40325927734
74.599784851074 -2.7533950805664 271.28994750977
75.120391845703 -3.3985772132874 271.20004272461
75.657196044922 -4.0321054458618 271.12310791016
76.197853088379 -4.6620302200317 271.04531860352
76.781806945801 -5.250937461853 270.95806884766
77.365684509277 -5.839825630188 270.87017822266
77.947456359863 -6.4279413223267 270.76669311523
78.514060974121 -7.008496761322 270.57373046875
79.092208862305 -7.5934686660767 270.43600463867
79.674934387207 -8.1792268753052 270.32312011719
80.276840209961 -8.7479305267334 270.2248840332
80.860816955566 -9.3431673049927 270.21640014648
68.228126525879 6.0137190818787 273.65362548828
68.428001403809 5.233775138855 273.78018188477
68.882942199707 4.6076788902283 274.06744384766
69.251625061035 3.8824872970581 274.22961425781
69.607437133789 3.1516156196594 274.39044189453
70.043281555176 2.4576845169067 274.52020263672
70.480018615723 1.7643280029297 274.65005493164
70.919906616211 1.0730316638947 274.78021240234
71.36051940918 0.38304382562637 274.91436767578
71.807846069336 -0.2971442937851 275.07418823242
72.27165222168 -0.96780318021774 275.22695922852
72.755165100098 -1.6279003620148 275.36389160156
73.228538513184 -2.2982075214386 275.48538208008
73.703514099121 -2.9580085277557 275.65051269531
74.178443908691 -3.6088531017303 275.8483581543
74.649459838867 -4.2677974700928 276.02801513672
75.119743347168 -4.9277505874634 276.20587158203
75.589828491211 -5.5881733894348 276.38244628906
76.075286865234 -6.2388682365417 276.55349731445
76.567436218262 -6.8852033615112 276.72192382812
77.070129394531 -7.5251097679138 276.88363647461
77.57740020752 -8.1555509567261 277.06619262695
78.091796875 -8.7516260147095 277.32757568359
78.591690063477 -9.3825330734253 277.52850341797
79.057495117188 -10.027877807617 277.76260375977
