62.784267425537 1.339325428009 264.14785766602
67.559417724609 -4.3461585044861 269.11480712891
69.277870178223 -5.3147444725037 265.94677734375
69.783050537109 -1.6610915660858 269.42980957031
62.716907501221 1.1164186000824 264.41256713867
62.758792877197 0.87561398744583 264.66702270508
62.831386566162 0.63407927751541 264.9137878418
62.936450958252 0.39401715993881 265.15008544922
63.07133102417 0.15734440088272 265.37435913086
63.227016448975 -0.07558685541153 265.58889770508
63.394439697266 -0.30594730377197 265.79727172852
63.573532104492 -0.53328776359558 265.99917602539
63.756057739258 -0.75967282056808 266.19903564453
63.949886322021 -0.98263674974442 266.39199829102
64.149993896484 -1.2034922838211 266.58093261719
64.361351013184 -1.4202394485474 266.76223754883
64.569526672363 -1.6382063627243 266.94573974609
64.781379699707 -1.8547724485397 267.1266784668
65.000045776367 -2.0685880184174 267.30270385742
65.22102355957 -2.2814147472382 267.47705078125
65.447494506836 -2.4918270111084 267.64721679688
65.668174743652 -2.7047801017761 267.82177734375
65.886344909668 -2.9188044071198 267.99816894531
66.103118896484 -3.1333870887756 268.17559814453
66.340789794922 -3.3384511470795 268.33676147461
66.575271606445 -3.5450887680054 268.50054931641
66.833374023438 -3.7387080192566 268.64343261719
67.090339660645 -3.9329817295074 268.7873840332
67.328887939453 -4.1376099586487 268.94781494141
62.892532348633 0.98895436525345 264.18423461914
63.014080047607 0.6727032661438 264.32598876953
63.265434265137 0.40676072239876 264.37533569336
63.489952087402 0.13371373713017 264.48348999023
63.713626861572 -0.14347736537457 264.58242797852
63.939556121826 -0.42028203606606 264.67724609375
64.17359161377 -0.6905203461647 264.77133178711
64.409278869629 -0.96241343021393 264.85592651367
64.662933349609 -1.2179288864136 264.93978881836
64.919288635254 -1.470966219902 265.02291870117
65.174781799316 -1.7253110408783 265.10470581055
65.431480407715 -1.9759020805359 265.19400024414
65.688446044922 -2.2263383865356 265.2829284668
65.945304870605 -2.4797656536102 265.36328125
66.20329284668 -2.7317860126495 265.44442749023
66.463134765625 -2.9814171791077 265.52703857422
66.730598449707 -3.2193555831909 265.61923217773
67.005035400391 -3.4564213752747 265.69088745117
67.264656066895 -3.7080006599426 265.76809692383
67.529487609863 -3.9598503112793 265.82336425781
67.815795898438 -4.1931195259094 265.8395690918
68.106002807617 -4.4189524650574 265.87750244141
68.399108886719 -4.6419281959534 265.90960693359
68.693778991699 -4.8645715713501 265.92568969727
68.976081848145 -5.1014022827148 265.95523071289
62.973342895508 1.2702775001526 264.44522094727
63.110591888428 1.0588299036026 264.69952392578
63.367309570312 0.96766817569733 264.93615722656
63.61930847168 0.84603428840637 265.16412353516
63.881645202637 0.72199898958206 265.37875366211
64.134880065918 0.58053237199783 265.59353637695
64.390602111816 0.43133398890495 265.79995727539
64.653587341309 0.30227291584015 266.01083374023
64.916381835938 0.17915487289429 266.22546386719
65.177742004395 0.052986033260822 266.44006347656
65.443893432617 -0.079370550811291 266.6448059082
65.720039367676 -0.20348428189754 266.84127807617
65.979232788086 -0.34179595112801 267.05096435547
66.251884460449 -0.47112590074539 267.24896240234
66.513786315918 -0.60639917850494 267.45721435547
66.798187255859 -0.72389823198318 267.64587402344
67.08757019043 -0.83463650941849 267.83093261719
67.356315612793 -0.9458641409874 268.04461669922
67.647987365723 -1.0499805212021 268.23001098633
67.941932678223 -1.1473252773285 268.41549682617
68.243637084961 -1.2268122434616 268.59698486328
68.54541015625 -1.2978270053864 268.78186035156
68.850959777832 -1.3813813924789 268.95489501953
69.162483215332 -1.4739481210709 269.11196899414
69.473342895508 -1.5670477151871 269.27005004883
