55.181854248047 -33.847873687744 334.21350097656
39.290855407715 -7.3402800559998 330.08865356445
24.069696426392 -22.472324371338 322.21054077148
23.042053222656 -18.325416564941 344.08862304688
56.406135559082 -33.063991546631 334.12496948242
57.21561050415 -31.85969543457 333.96780395508
57.891757965088 -30.578804016113 333.79702758789
58.284812927246 -29.189359664917 333.59173583984
58.599277496338 -27.8421459198 333.12576293945
58.671161651611 -26.404781341553 332.8840637207
58.591384887695 -24.967084884644 332.67596435547
58.360317230225 -23.53851890564 332.50466918945
58.014778137207 -22.126834869385 332.36773681641
57.451435089111 -20.800975799561 332.14901733398
56.822345733643 -19.506687164307 331.92791748047
55.972457885742 -18.332582473755 331.75421142578
55.070423126221 -17.213356018066 331.5344543457
54.059707641602 -16.208520889282 331.21859741211
52.920318603516 -15.311196327209 331.08416748047
51.760818481445 -14.430676460266 330.97808837891
50.512741088867 -13.718732833862 330.73999023438
49.164249420166 -13.192800521851 330.59927368164
47.931449890137 -12.449809074402 330.44165039062
46.68514251709 -11.7327003479 330.26684570312
45.56519317627 -10.808313369751 330.11779785156
44.440711975098 -9.8893480300903 329.96932983398
43.257999420166 -9.0587749481201 329.83059692383
41.95626449585 -8.4088735580444 329.71173095703
40.63321685791 -7.8385300636292 329.80438232422
55.218925476074 -32.742263793945 333.12185668945
55.298049926758 -31.354917526245 332.42343139648
55.066741943359 -29.939594268799 331.82168579102
54.478042602539 -28.605611801147 331.28167724609
53.650371551514 -27.385433197021 330.78854370117
52.290859222412 -26.661266326904 330.64614868164
50.832439422607 -26.192663192749 330.38259887695
49.297607421875 -26.062652587891 330.18273925781
47.808227539062 -25.762281417847 329.85659790039
46.935249328613 -24.69606590271 329.17315673828
45.542011260986 -24.064889907837 328.93734741211
44.028614044189 -23.758665084839 328.76531982422
42.492462158203 -23.749006271362 328.53305053711
40.998668670654 -23.815073013306 328.10900878906
39.534332275391 -23.843788146973 327.58666992188
38.025611877441 -23.799789428711 327.21636962891
36.575973510742 -23.688226699829 326.66946411133
35.282325744629 -22.944917678833 326.31063842773
33.84016418457 -22.635845184326 325.84951782227
32.426010131836 -22.087366104126 325.52508544922
30.990743637085 -21.748497009277 325.04403686523
29.557464599609 -21.736547470093 324.45101928711
28.190534591675 -22.092609405518 323.81390380859
26.900939941406 -22.642347335815 323.14358520508
25.393751144409 -22.696866989136 322.9367980957
55.284690856934 -32.333660125732 334.71249389648
55.424991607666 -30.744527816772 334.80224609375
55.134204864502 -29.177568435669 334.93371582031
54.588996887207 -27.683019638062 335.07437133789
53.617351531982 -26.417699813843 335.05392456055
52.277221679688 -25.546184539795 335.06604003906
50.822612762451 -24.907396316528 335.24383544922
49.323581695557 -24.497217178345 335.62240600586
47.863101959229 -23.926876068115 335.93911743164
46.479351043701 -23.213291168213 336.30438232422
44.983798980713 -22.681825637817 336.49987792969
43.434322357178 -22.377906799316 336.75308227539
41.93713760376 -22.103391647339 337.24557495117
40.472019195557 -21.764827728271 337.79165649414
39.006011962891 -21.344938278198 338.27560424805
37.540828704834 -20.880666732788 338.71951293945
36.128353118896 -20.349813461304 339.2512512207
34.691249847412 -19.816024780273 339.70892333984
33.229782104492 -19.284608840942 340.08508300781
31.758903503418 -18.766544342041 340.44140625
30.349328994751 -18.319513320923 341.05197143555
28.90517616272 -18.049934387207 341.68557739258
27.463542938232 -17.887477874756 342.36013793945
26.02638053894 -17.864774703979 343.06289672852
24.534149169922 -17.975807189941 343.62902832031
