52.884593963623 8.4211559295654 268.94848632812
58.803035736084 1.0963876247406 269.81384277344
60.199314117432 4.7438712120056 267.52493286133
58.892055511475 4.1933326721191 272.77182006836
52.931209564209 8.0538997650146 268.92559814453
53.050186157227 7.7025723457336 268.92333984375
53.205520629883 7.3658399581909 268.93215942383
53.383407592773 7.0407290458679 268.94808959961
53.581398010254 6.727855682373 268.97055053711
53.79935836792 6.4291167259216 268.99960327148
54.023231506348 6.1349897384644 269.03070068359
54.254405975342 5.8468451499939 269.06430053711
54.49547958374 5.5673713684082 269.10134887695
54.737529754639 5.2887854576111 269.13876342773
54.975967407227 5.0069403648376 269.17492675781
55.223606109619 4.733594417572 269.21432495117
55.467090606689 4.4563293457031 269.2522277832
55.710941314697 4.1794099807739 269.29028320312
55.961826324463 3.9092049598694 269.33081054688
56.206607818604 3.6331498622894 269.36917114258
56.437999725342 3.3451926708221 269.40286254883
56.669956207275 3.0577247142792 269.43676757812
56.882190704346 2.7547161579132 269.46392822266
57.110664367676 2.4643189907074 269.49658203125
57.360420227051 2.1930289268494 269.53674316406
57.611686706543 1.9231960773468 269.57739257812
57.884647369385 1.676809668541 269.62612915039
58.153671264648 1.4258224964142 269.67333984375
58.474472045898 1.2527314424515 269.74172973633
53.181465148926 8.4520196914673 268.80661010742
53.439708709717 8.3191890716553 268.64889526367
53.714134216309 8.1392669677734 268.60861206055
54.002754211426 7.977997303009 268.6067199707
54.296146392822 7.826491355896 268.62341308594
54.5788230896 7.6550827026367 268.61804199219
54.860538482666 7.4822106361389 268.60998535156
55.152183532715 7.3276124000549 268.59103393555
55.446704864502 7.179009437561 268.56893920898
55.750183105469 7.0485882759094 268.55456542969
56.055515289307 6.9227809906006 268.53842163086
56.362106323242 6.8021121025085 268.51095581055
56.677928924561 6.709792137146 268.47857666016
56.998867034912 6.6395592689514 268.44143676758
57.312793731689 6.5624661445618 268.37197875977
57.62508392334 6.4738202095032 268.3092956543
57.92614364624 6.341757774353 268.2741394043
58.224140167236 6.2097487449646 268.21856689453
58.517887115479 6.0785970687866 268.14221191406
58.819194793701 5.9493236541748 268.09963989258
59.064075469971 5.7273716926575 268.09033203125
59.288146972656 5.4842758178711 268.08779907227
59.535182952881 5.2789340019226 268.00955200195
59.766677856445 5.0714168548584 267.89703369141
59.974967956543 4.879599571228 267.72634887695
52.968978881836 8.2797842025757 269.23150634766
53.167991638184 8.0806016921997 269.39874267578
53.422252655029 7.9188704490662 269.52703857422
53.698120117188 7.7856831550598 269.6428527832
53.95138168335 7.6131892204285 269.7585144043
54.203674316406 7.4385485649109 269.87310791016
54.455875396729 7.2613105773926 269.98382568359
54.7112159729 7.0882716178894 270.09399414062
54.970268249512 6.9207358360291 270.20394897461
55.23445892334 6.768027305603 270.32290649414
55.503017425537 6.6346302032471 270.45416259766
55.772121429443 6.5578866004944 270.62435913086
56.022216796875 6.4881272315979 270.81088256836
56.225147247314 6.3815369606018 271.0016784668
56.469043731689 6.2658190727234 271.18618774414
56.6999168396 6.1402616500854 271.38165283203
56.925617218018 5.9932007789612 271.56701660156
57.148246765137 5.8333911895752 271.74639892578
57.382949829102 5.6627922058105 271.89566040039
57.624855041504 5.4827837944031 272.02322387695
57.851139068604 5.2755627632141 272.13781738281
58.075889587402 5.0616989135742 272.24255371094
58.298046112061 4.8440952301025 272.34503173828
58.500980377197 4.615665435791 272.46298217773
58.699180603027 4.3982892036438 272.60427856445
