62.590087890625 3.5441536903381 273.58868408203
70.466377258301 -1.9516954421997 269.71343994141
72.751861572266 2.4946179389954 269.18041992188
72.931602478027 -1.0938755273819 273.95993041992
62.664546966553 3.2162551879883 273.35934448242
62.868995666504 2.9277744293213 273.1569519043
63.093803405762 2.6497230529785 272.96166992188
63.339328765869 2.3837313652039 272.77478027344
63.608749389648 2.1337685585022 272.59893798828
63.883316040039 1.8876059055328 272.42572021484
64.168037414551 1.6493140459061 272.25796508789
64.456390380859 1.4139797687531 272.09225463867
64.756271362305 1.1885545253754 271.93338012695
65.062721252441 0.96911418437958 271.77871704102
65.372192382812 0.75256383419037 271.62600708008
65.68701171875 0.5412330031395 271.47695922852
66.000785827637 0.32886099815369 271.3271484375
66.315933227539 0.11787641793489 271.17831420898
66.62931060791 -0.094892114400864 271.02828979492
66.956695556641 -0.29298704862595 270.8883972168
67.286071777344 -0.48884648084641 270.75006103516
67.614318847656 -0.6859587430954 270.61080932617
67.942436218262 -0.88324344158173 270.47149658203
68.28044128418 -1.068971991539 270.34017944336
68.624992370605 -1.246465921402 270.21459960938
68.980644226074 -1.408635020256 270.09973144531
69.345672607422 -1.5561619997025 269.99493408203
69.711166381836 -1.7029318809509 269.89071655273
70.085548400879 -1.8338521718979 269.79751586914
62.878196716309 3.4947011470795 273.25308227539
63.20442199707 3.2817022800446 273.03521728516
63.543724060059 3.0409293174744 272.87405395508
63.930500030518 2.8791961669922 272.72027587891
64.326904296875 2.7378125190735 272.57107543945
64.73201751709 2.6197874546051 272.4250793457
65.11890411377 2.4871547222137 272.2458190918
65.51057434082 2.3628444671631 272.0710144043
65.908187866211 2.2457029819489 271.90490722656
66.315063476562 2.140989780426 271.75393676758
66.723152160645 2.1012387275696 271.57708740234
67.121589660645 2.0403261184692 271.38485717773
67.526985168457 2.0006220340729 271.2018737793
67.935554504395 1.9743725061417 271.02389526367
68.293037414551 1.9526687860489 270.75729370117
68.678131103516 1.8795254230499 270.54336547852
69.05647277832 1.7930066585541 270.32247924805
69.443420410156 1.7379013299942 270.10665893555
69.853065490723 1.73939037323 269.92892456055
70.269744873047 1.7708783149719 269.771484375
70.680297851562 1.8406994342804 269.61029052734
71.084663391113 1.9376735687256 269.44763183594
71.516639709473 2.0303061008453 269.38265991211
71.937088012695 2.1586313247681 269.30413818359
72.34814453125 2.3062400817871 269.21115112305
62.833408355713 3.1713972091675 273.64324951172
63.174808502197 2.9042611122131 273.52093505859
63.546199798584 2.6799795627594 273.39993286133
63.942096710205 2.478764295578 273.32406616211
64.341621398926 2.2818706035614 273.25634765625
64.739562988281 2.0812015533447 273.19036865234
65.135643005371 1.8761639595032 273.12673950195
65.544258117676 1.6925233602524 273.07897949219
65.961524963379 1.5249428749084 273.05111694336
66.37377166748 1.3432042598724 273.04925537109
66.785499572754 1.1669956445694 273.00024414062
67.199272155762 0.99472159147263 272.95672607422
67.579772949219 0.87151294946671 273.16412353516
67.986770629883 0.68820357322693 273.22219848633
68.384994506836 0.48022902011871 273.18841552734
68.782196044922 0.26966980099678 273.15936279297
69.171806335449 0.043603707104921 273.16189575195
69.582664489746 -0.13625852763653 273.20428466797
69.995811462402 -0.3159054517746 273.20193481445
70.41178894043 -0.48706531524658 273.2236328125
70.82186126709 -0.62949752807617 273.34405517578
71.240112304688 -0.72751420736313 273.47985839844
71.659889221191 -0.81221985816956 273.61978149414
72.086288452148 -0.9305437207222 273.7043762207
72.497047424316 -1.022781252861 273.86477661133
