88.762161254883 -9.950590133667 400.9709777832
96.947998046875 0.23622599244118 400.28442382812
99.683441162109 0.69678622484207 405.06741333008
102.25189208984 -1.2264419794083 399.36956787109
88.729827880859 -9.4840002059937 400.75677490234
88.895408630371 -9.0120439529419 400.62908935547
89.112098693848 -8.5539846420288 400.53030395508
89.366493225098 -8.1110754013062 400.45486450195
89.642852783203 -7.6791934967041 400.39404296875
89.932464599609 -7.2548604011536 400.34240722656
90.236907958984 -6.8398375511169 400.30139160156
90.537239074707 -6.4221768379211 400.25744628906
90.856269836426 -6.0173106193542 400.2272644043
91.182182312012 -5.6175842285156 400.20245361328
91.511444091797 -5.2204656600952 400.18026733398
91.838287353516 -4.8214631080627 400.15612792969
92.167915344238 -4.4246482849121 400.13424682617
92.509788513184 -4.037905216217 400.12216186523
92.834274291992 -3.637131690979 400.09622192383
93.179550170898 -3.2533209323883 400.08688354492
93.531204223633 -2.8752551078796 400.08288574219
93.884910583496 -2.4990885257721 400.08059692383
94.233978271484 -2.118670463562 400.07443237305
94.599510192871 -1.7540701627731 400.08242797852
94.973289489746 -1.3981690406799 400.09777832031
95.341209411621 -1.0360312461853 400.10791015625
95.713523864746 -0.67854684591293 400.12200927734
96.100082397461 -0.33733701705933 400.14944458008
96.52384185791 -0.050347074866295 400.21676635742
88.901176452637 -9.3598937988281 401.08108520508
89.228118896484 -8.8382778167725 401.11880493164
89.642677307129 -8.390362739563 401.20785522461
90.080741882324 -7.9687666893005 401.31164550781
90.513481140137 -7.5383076667786 401.40023803711
90.942764282227 -7.1026105880737 401.47961425781
91.372245788574 -6.6671614646912 401.55923461914
91.80924987793 -6.2417521476746 401.65124511719
92.238235473633 -5.8135271072388 401.76528930664
92.680595397949 -5.400851726532 401.88537597656
93.142845153809 -5.0124192237854 402.01132202148
93.601051330566 -4.6232376098633 402.1491394043
94.057205200195 -4.2337164878845 402.2926940918
94.514198303223 -3.8451678752899 402.43621826172
94.974311828613 -3.4664213657379 402.59512329102
95.410011291504 -3.06627202034 402.76965332031
95.845069885254 -2.6655144691467 402.94436645508
96.276176452637 -2.2637748718262 403.12646484375
96.702484130859 -1.8609564304352 403.31729125977
97.133834838867 -1.4645191431046 403.51013183594
97.568374633789 -1.0721883773804 403.70419311523
98.00853729248 -0.70377784967422 403.92987060547
98.439758300781 -0.33820176124573 404.1764831543
98.868057250977 0.020987547934055 404.43716430664
99.272010803223 0.34388822317123 404.77313232422
89.059661865234 -9.5203714370728 400.62442016602
89.543045043945 -9.1294956207275 400.51986694336
90.017692565918 -8.7196741104126 400.45498657227
90.490501403809 -8.3067789077759 400.39703369141
90.972534179688 -7.9009308815002 400.37734985352
91.455474853516 -7.4960489273071 400.3606262207
91.948684692383 -7.1034646034241 400.35180664062
92.445686340332 -6.7156472206116 400.34585571289
92.947380065918 -6.3339762687683 400.33712768555
93.457572937012 -5.9638838768005 400.32330322266
93.969017028809 -5.5955500602722 400.30920410156
94.491630554199 -5.2433414459229 400.29284667969
95.026107788086 -4.9089994430542 400.29174804688
95.564628601074 -4.5812244415283 400.29010009766
96.109313964844 -4.2645025253296 400.26931762695
96.662651062012 -3.9674739837646 400.2141418457
97.215286254883 -3.6691555976868 400.1589050293
97.755249023438 -3.3482449054718 400.10504150391
98.298332214355 -3.0299904346466 400.07022094727
98.849212646484 -2.7308344841003 400.0032043457
99.39478302002 -2.4236323833466 399.92956542969
99.959327697754 -2.1545600891113 399.84994506836
100.53575897217 -1.9171968698502 399.75588989258
101.11122894287 -1.6833585500717 399.64819335938
101.69174194336 -1.4729809761047 399.52090454102
