52.288711547852 -18.602949142456 329.02447509766
62.540172576904 15.778545379639 325.6240234375
48.338096618652 6.929096698761 317.90765380859
49.562294006348 8.5631055831909 336.96057128906
53.845184326172 -18.228834152222 328.91189575195
55.301242828369 -17.571252822876 328.78091430664
56.692348480225 -16.783487319946 328.64254760742
58.011898040771 -15.881864547729 328.49838256836
59.267124176025 -14.893114089966 328.35037231445
60.449871063232 -13.819237709045 328.19906616211
61.498119354248 -12.614554405212 328.04382324219
62.443534851074 -11.327414512634 327.88711547852
63.29806137085 -9.9782838821411 327.73007202148
64.078742980957 -8.5850687026978 327.57318115234
64.709564208984 -7.1178760528564 327.41796875
65.308395385742 -5.6370964050293 327.26324462891
65.825477600098 -4.1256928443909 327.11029052734
66.229827880859 -2.5800631046295 326.96038818359
66.480842590332 -1.0018368959427 326.81576538086
66.669036865234 0.58548527956009 326.67370605469
66.733558654785 2.1830551624298 326.53723144531
66.648696899414 3.7802908420563 326.40856933594
66.494483947754 5.3727374076843 326.28402709961
66.222366333008 6.94983959198 326.16690063477
65.873519897461 8.5121946334839 326.05499267578
65.364967346191 10.030817985535 325.95504760742
64.759651184082 11.514138221741 325.86315917969
64.043365478516 12.94774723053 325.78118896484
63.267284393311 14.35027217865 325.70498657227
52.771301269531 -18.021770477295 328.05865478516
53.396942138672 -17.14574432373 327.46725463867
53.989128112793 -16.190801620483 326.97116088867
54.531276702881 -15.166676521301 326.56387329102
55.05073928833 -14.123003959656 326.17709350586
55.538993835449 -13.059232711792 325.80471801758
55.9358253479 -11.940311431885 325.49066162109
56.335105895996 -10.837416648865 325.12634277344
56.739303588867 -9.7359809875488 324.76275634766
57.084953308105 -8.6207485198975 324.38177490234
57.209175109863 -7.4841537475586 323.93869018555
56.293529510498 -6.8119797706604 323.63293457031
55.73462677002 -5.9821333885193 322.93215942383
55.092029571533 -5.0760617256165 322.40869140625
54.389892578125 -4.2177672386169 321.880859375
53.739135742188 -3.334050655365 321.33023071289
53.077854156494 -2.3973491191864 320.90756225586
52.28630065918 -1.4765845537186 320.8376159668
51.658168792725 -0.5834099650383 320.27630615234
51.080791473389 0.38954576849937 319.79928588867
50.602794647217 1.427050948143 319.34786987305
50.111213684082 2.4688274860382 318.92196655273
49.634014129639 3.5471992492676 318.57897949219
49.18586730957 4.6640934944153 318.33319091797
48.756999969482 5.7885208129883 318.08743286133
52.664398193359 -17.790704727173 329.85620117188
53.324871063232 -16.830135345459 330.23791503906
53.942867279053 -15.79092502594 330.44769287109
54.596683502197 -14.764477729797 330.60327148438
55.143978118896 -13.669683456421 330.69174194336
55.663909912109 -12.566841125488 330.82827758789
56.070095062256 -11.410501480103 330.8903503418
56.424312591553 -10.237935066223 330.96530151367
56.753383636475 -9.0615158081055 331.08203125
57.155624389648 -7.9161643981934 331.26034545898
57.391780853271 -6.8255453109741 331.67416381836
56.688491821289 -5.9820652008057 332.2216796875
55.995792388916 -5.1058549880981 332.72927856445
55.37467956543 -4.1820363998413 333.24371337891
54.630458831787 -3.3111786842346 333.68008422852
54.079090118408 -2.3274464607239 334.16366577148
53.59256362915 -1.2947597503662 334.6139831543
53.099590301514 -0.24535231292248 335.01580810547
52.66548538208 0.84642028808594 335.36990356445
52.302623748779 1.9701616764069 335.70388793945
51.971004486084 3.0927844047546 336.07186889648
51.537616729736 4.1636509895325 336.48461914062
50.995475769043 5.2436990737915 336.69741821289
50.350620269775 6.2436876296997 336.99536132812
49.945137023926 7.3984355926514 336.90551757812
