99.58194732666 6.5929822921753 411.27520751953
100.80812835693 -10.441644668579 407.88681030273
110.28587341309 -12.746222496033 403.3069152832
108.44553375244 -14.604635238647 414.99084472656
98.876747131348 6.5425281524658 411.12130737305
98.321357727051 6.1204891204834 410.91842651367
97.931907653809 5.5413084030151 410.71572875977
97.705184936523 4.8762640953064 410.52770996094
97.599594116211 4.1766557693481 410.35690307617
97.54711151123 3.468906879425 410.19509887695
97.528381347656 2.7580864429474 410.03955078125
97.553230285645 2.0456302165985 409.89245605469
97.608619689941 1.3336527347565 409.75170898438
97.704635620117 0.62426376342773 409.61968994141
97.811782836914 -0.083990015089512 409.49017333984
97.933731079102 -0.79046243429184 409.36410522461
98.083702087402 -1.4926855564117 409.24459838867
98.229568481445 -2.1955876350403 409.12414550781
98.403038024902 -2.893326997757 409.01034545898
98.58275604248 -3.5897343158722 408.89813232422
98.78205871582 -4.281581401825 408.79086303711
98.977935791016 -4.9742708206177 408.68270874023
99.165756225586 -5.6688680648804 408.5725402832
99.374938964844 -6.3581852912903 408.46786499023
99.61141204834 -7.039689540863 408.37030029297
99.840835571289 -7.7233281135559 408.27087402344
100.06144714355 -8.4095153808594 408.16912841797
100.32617950439 -9.0816268920898 408.07934570312
100.5563659668 -9.7650499343872 407.9801940918
99.29434967041 5.9028282165527 410.71157836914
98.973388671875 5.1053385734558 410.36505126953
99.276290893555 4.3406691551208 409.92965698242
99.508369445801 3.4740538597107 409.67672729492
99.917221069336 2.6637377738953 409.44644165039
100.25331878662 1.8118356466293 409.24942016602
100.68705749512 1.0097374916077 409.03021240234
101.13840484619 0.22289080917835 408.79339599609
101.53125762939 -0.59147584438324 408.54412841797
101.92147827148 -1.3932988643646 408.25387573242
102.29350280762 -2.1913208961487 407.93237304688
102.74128723145 -2.9632163047791 407.64361572266
103.19954681396 -3.7195756435394 407.33114624023
103.66913604736 -4.4813961982727 407.05056762695
104.16574859619 -5.2159934043884 406.74530029297
104.62648773193 -5.9580979347229 406.40435791016
105.145652771 -6.6829118728638 406.11279296875
105.67607116699 -7.3993129730225 405.82064819336
106.21139526367 -8.1103582382202 405.52465820312
106.78165435791 -8.7949352264404 405.23129272461
107.35915374756 -9.4684934616089 404.92684936523
107.95745849609 -10.131694793701 404.64031982422
108.54781341553 -10.791704177856 404.33093261719
109.13383483887 -11.435183525085 403.98107910156
109.73964691162 -12.043809890747 403.60385131836
99.15348815918 5.812885761261 411.49255371094
99.126068115234 4.9748201370239 411.14141845703
99.374588012695 4.0835552215576 411.21356201172
99.736938476562 3.227196931839 411.23901367188
100.08548736572 2.3691215515137 411.30413818359
100.3370513916 1.4785541296005 411.39437866211
100.63539886475 0.59838783740997 411.43536376953
100.95626831055 -0.27256727218628 411.49722290039
101.26121520996 -1.1463730335236 411.59234619141
101.57155609131 -2.0168483257294 411.69934082031
101.91058349609 -2.8756091594696 411.81323242188
102.27471923828 -3.7238795757294 411.9245300293
102.57685852051 -4.5885019302368 412.08740234375
102.92385864258 -5.438268661499 412.23788452148
103.32807159424 -6.265531539917 412.37036132812
103.75220489502 -7.0741362571716 412.54797363281
104.2038192749 -7.8771166801453 412.67626953125
104.61883544922 -8.6880655288696 412.86499023438
105.06916809082 -9.4841861724854 413.03515625
105.53926086426 -10.266802787781 413.21408081055
106.02554321289 -11.049855232239 413.34005737305
106.49556732178 -11.829885482788 413.53024291992
106.96144104004 -12.589695930481 413.79696655273
107.43101501465 -13.271353721619 414.22174072266
107.85175323486 -13.954160690308 414.69323730469
