69.426414489746 -6.5814919471741 268.88925170898
71.378364562988 6.4169840812683 265.3157043457
78.302612304688 8.99840259552 274.18035888672
81.442443847656 4.2955527305603 261.72723388672
69.066375732422 -6.2199053764343 268.65228271484
68.847221374512 -5.7530899047852 268.42794799805
68.672378540039 -5.2642760276794 268.2112121582
68.503509521484 -4.7728614807129 267.99551391602
68.341384887695 -4.2786073684692 267.78115844727
68.242324829102 -3.7623581886292 267.58065795898
68.15446472168 -3.2430682182312 267.38284301758
68.125366210938 -2.7116029262543 267.20059204102
68.040252685547 -2.1916010379791 267.00341796875
68.104774475098 -1.6541005373001 266.85028076172
68.103897094727 -1.1191376447678 266.67626953125
68.214256286621 -0.58482843637466 266.53939819336
68.374374389648 -0.058533739298582 266.4216003418
68.433326721191 0.47897008061409 266.2666015625
68.594123840332 1.0049523115158 266.1491394043
68.746894836426 1.5327855348587 266.02841186523
68.945327758789 2.049259185791 265.92657470703
69.141479492188 2.5664386749268 265.82373046875
69.364128112793 3.0749764442444 265.73245239258
69.59774017334 3.5794539451599 265.64614868164
69.858062744141 4.0727105140686 265.57238769531
70.135055541992 4.5579829216003 265.50674438477
70.427803039551 5.0349426269531 265.44903564453
70.751014709473 5.4935426712036 265.40734863281
71.105537414551 5.9296360015869 265.38339233398
69.495948791504 -5.871913433075 269.09921264648
69.446449279785 -5.139036655426 268.98638916016
69.591751098633 -4.4137053489685 269.04272460938
70.037803649902 -3.8628087043762 269.26098632812
70.232643127441 -3.1481699943542 269.31857299805
70.561897277832 -2.4896433353424 269.41976928711
70.807052612305 -1.7954857349396 269.52206420898
71.060752868652 -1.1110382080078 269.64755249023
71.550537109375 -0.61113876104355 269.89413452148
71.914604187012 0.024054715409875 270.02105712891
72.208229064941 0.70090943574905 270.11050415039
72.539192199707 1.3511949777603 270.24090576172
73.02173614502 1.8693685531616 270.46655273438
73.461540222168 2.4133472442627 270.71746826172
73.862609863281 2.9766092300415 270.98999023438
74.275421142578 3.523726940155 271.27749633789
74.699951171875 4.0529828071594 271.58093261719
75.115699768066 4.5837807655334 271.89367675781
75.512977600098 5.1173033714294 272.22528076172
75.910522460938 5.6509189605713 272.5563659668
76.321441650391 6.1894640922546 272.86218261719
76.74388885498 6.7317276000977 273.14486694336
77.165664672852 7.274037361145 273.42840576172
77.54859161377 7.8172283172607 273.76119995117
77.931510925293 8.3604230880737 274.09396362305
69.70923614502 -6.0569677352905 268.50189208984
69.760429382324 -5.4019799232483 268.22869873047
69.82112121582 -4.8530473709106 267.77972412109
70.456253051758 -4.5773096084595 267.63400268555
70.829139709473 -4.0777068138123 267.29193115234
71.127944946289 -3.5159246921539 266.97821044922
71.537956237793 -2.9995195865631 266.73095703125
71.758888244629 -2.452766418457 266.35873413086
72.273658752441 -1.9931693077087 266.18994140625
72.713066101074 -1.4910455942154 265.94253540039
73.181869506836 -1.0096791982651 265.70809936523
73.669448852539 -0.53577202558517 265.49859619141
74.189506530762 -0.10541555285454 265.27325439453
74.731948852539 0.29517066478729 265.04586791992
75.300300598145 0.66847908496857 264.83560180664
75.869606018066 1.0357909202576 264.61798095703
76.442993164062 1.3690822124481 264.3596496582
77.016159057617 1.702015042305 264.10040283203
77.583488464355 2.0259592533112 263.81802368164
78.141891479492 2.3372228145599 263.50512695312
78.700286865234 2.6484858989716 263.19223022461
79.259864807129 2.9594604969025 262.88119506836
79.819953918457 3.2702987194061 262.57089233398
80.431350708008 3.5940215587616 262.40576171875
80.883415222168 4.0388641357422 262.08526611328
