11.521287918091 41.670360565186 308.88272094727
66.82723236084 -7.5999369621277 351.11199951172
34.853740692139 0.93239933252335 351.53784179688
40.227172851562 -10.121422767639 329.73205566406
15.178753852844 42.653476715088 309.43426513672
18.883226394653 43.052680969238 310.30816650391
22.567218780518 43.137928009033 311.34188842773
26.227489471436 43.05611038208 312.45690917969
29.869663238525 42.875854492188 313.61871337891
33.460613250732 42.476902008057 314.88104248047
36.953681945801 41.771507263184 316.2766418457
40.303604125977 40.731327056885 317.80722045898
43.555885314941 39.503719329834 319.40823364258
46.623054504395 37.976703643799 321.11325073242
49.476707458496 36.163883209229 322.90679931641
52.186702728271 34.184173583984 324.74642944336
54.693351745605 31.995512008667 326.63693237305
57.009037017822 29.63410949707 328.56280517578
59.123821258545 27.11142539978 330.51501464844
60.99898147583 24.419776916504 332.486328125
62.648769378662 21.589468002319 334.46496582031
64.10474395752 18.653936386108 336.44241333008
65.309204101562 15.59956073761 338.40899658203
66.301803588867 12.459458351135 340.35888671875
67.043167114258 9.2337141036987 342.28045654297
67.547622680664 5.9423675537109 344.16729736328
67.77613067627 2.5925943851471 346.00424194336
67.796424865723 -0.78879988193512 347.79684448242
67.56046295166 -4.1943445205688 349.52722167969
13.851491928101 41.433506011963 310.46011352539
16.479913711548 41.117301940918 311.56393432617
18.819240570068 40.395320892334 313.06228637695
20.861093521118 39.448627471924 314.83526611328
22.62181854248 38.101600646973 316.66293334961
24.320264816284 36.683689117432 318.49514770508
25.905061721802 35.603721618652 320.63485717773
27.297603607178 34.200023651123 322.70971679688
27.878900527954 32.11555480957 324.56219482422
27.314641952515 29.951391220093 326.01306152344
25.742401123047 27.608818054199 325.90893554688
24.830451965332 25.150737762451 326.09252929688
26.293081283569 23.948318481445 328.05224609375
28.361026763916 22.76322555542 329.62704467773
29.985055923462 21.760076522827 331.75442504883
31.252668380737 20.562299728394 334.00994873047
31.674634933472 18.713024139404 336.12026977539
31.617364883423 16.704689025879 338.16934204102
30.588691711426 14.739890098572 339.97958374023
29.820192337036 12.279278755188 341.24234008789
29.355291366577 9.7464904785156 342.43930053711
29.496061325073 7.5339484214783 344.23818969727
30.162330627441 5.5522646903992 346.19787597656
31.336217880249 3.8123230934143 348.11328125
33.114189147949 2.416659116745 349.86071777344
14.10569858551 40.821659088135 308.92251586914
16.598237991333 40.30248260498 309.86608886719
19.02206993103 39.464328765869 310.76614379883
21.003391265869 38.088012695312 311.98565673828
23.009107589722 36.522106170654 312.92849731445
25.038619995117 34.838977813721 313.58499145508
26.97056388855 33.01001739502 314.14276123047
28.671775817871 31.007041931152 314.81295776367
29.694318771362 28.706150054932 315.65249633789
29.42746925354 26.374404907227 316.72158813477
28.746164321899 24.016492843628 317.33041381836
28.52321434021 21.698791503906 318.58929443359
29.163816452026 19.557397842407 320.03869628906
31.320514678955 18.137214660645 320.73626708984
32.925964355469 16.145164489746 321.6081237793
34.124389648438 13.73579120636 321.94262695312
35.08727645874 11.244368553162 322.42230224609
35.28369140625 8.5962991714478 322.81207275391
34.683765411377 6.0037922859192 323.36288452148
34.266292572021 3.5273802280426 324.37313842773
34.360595703125 0.98372930288315 325.30999755859
34.767463684082 -1.5931234359741 326.06610107422
35.709972381592 -4.0018677711487 326.85540771484
37.040405273438 -6.2203402519226 327.68588256836
38.691032409668 -8.1423807144165 328.67669677734
