70.275009155273 5.2979292869568 270.36026000977
76.61612701416 1.8837916851044 272.00454711914
78.237319946289 3.3902316093445 269.49917602539
77.237243652344 4.1008133888245 274.40777587891
70.412445068359 5.0455937385559 270.42614746094
70.573081970215 4.8077335357666 270.49337768555
70.75700378418 4.5876975059509 270.56161499023
70.952819824219 4.3782076835632 270.62997436523
71.15177154541 4.1717162132263 270.69839477539
71.366516113281 3.9816722869873 270.76675415039
71.578659057617 3.7887229919434 270.83508300781
71.799819946289 3.6060938835144 270.90319824219
72.02953338623 3.4342148303986 270.97094726562
72.265487670898 3.2708239555359 271.03829956055
72.502853393555 3.109486579895 271.10549926758
72.751083374023 2.9649052619934 271.17169189453
73.006637573242 2.8332674503326 271.23699951172
73.259948730469 2.6974730491638 271.30258178711
73.522308349609 2.5793180465698 271.36669921875
73.792945861816 2.4804055690765 271.42892456055
74.069602966309 2.3984451293945 271.48928833008
74.349433898926 2.3270347118378 271.54846191406
74.624382019043 2.2399346828461 271.60943603516
74.904609680176 2.1699583530426 271.66839599609
75.19051361084 2.1245820522308 271.72412109375
75.471580505371 2.0577306747437 271.78271484375
75.759811401367 2.0271558761597 271.83633422852
76.045074462891 1.9784996509552 271.89251708984
76.330619812012 1.9312183856964 271.9485168457
70.575950622559 5.2321715354919 270.25769042969
70.840026855469 5.0531277656555 270.19577026367
71.122634887695 4.8924059867859 270.20040893555
71.396408081055 4.7174654006958 270.21267700195
71.678344726562 4.5621452331543 270.2585144043
71.973342895508 4.4299941062927 270.29370117188
72.267295837402 4.2930130958557 270.31698608398
72.57299041748 4.1836342811584 270.33462524414
72.876571655273 4.0712866783142 270.36535644531
73.185188293457 3.9697198867798 270.37814331055
73.498443603516 3.8825953006744 270.37603759766
73.811851501465 3.7960169315338 270.37789916992
74.132743835449 3.7460947036743 270.36260986328
74.452590942383 3.6938991546631 270.3362121582
74.768501281738 3.6362104415894 270.28540039062
75.089653015137 3.6090970039368 270.24267578125
75.410522460938 3.6011106967926 270.19082641602
75.730651855469 3.592670917511 270.13452148438
76.046195983887 3.5712013244629 270.05917358398
76.36328125 3.5492930412292 269.99066162109
76.67359161377 3.5362637042999 269.89465332031
76.981544494629 3.5271201133728 269.79071044922
77.289985656738 3.5027463436127 269.69079589844
77.602066040039 3.4652681350708 269.60775756836
77.920951843262 3.4467332363129 269.54751586914
70.509689331055 5.2154488563538 270.56314086914
70.759391784668 5.0857715606689 270.71786499023
71.020492553711 4.9477205276489 270.84387207031
71.286674499512 4.8167672157288 270.966796875
71.535331726074 4.6683688163757 271.10556030273
71.804985046387 4.5414562225342 271.22509765625
72.081588745117 4.4232292175293 271.33743286133
72.37361907959 4.3387637138367 271.44082641602
72.645790100098 4.2306137084961 271.57244873047
72.934494018555 4.1689672470093 271.69863891602
73.233428955078 4.1214218139648 271.80578613281
73.507568359375 4.0558776855469 271.95935058594
73.785919189453 4.0214877128601 272.11566162109
74.073692321777 4.0085206031799 272.25747680664
74.352798461914 3.9929087162018 272.41543579102
74.627365112305 3.9777021408081 272.58123779297
74.911972045898 4.0013360977173 272.72778320312
75.190223693848 4.024462223053 272.88635253906
75.458152770996 4.0196075439453 273.06314086914
75.733589172363 4.0250816345215 273.22808837891
75.999137878418 4.0299692153931 273.40850830078
76.241836547852 4.055636882782 273.61703491211
76.508285522461 4.0940895080566 273.79187011719
76.768379211426 4.1345472335815 273.97576904297
76.995834350586 4.1485238075256 274.20175170898
