67.254722595215 -4.463879108429 268.69201660156
88.466972351074 7.4024386405945 266.08438110352
91.088607788086 5.9346961975098 272.73922729492
92.635192871094 1.6534923315048 264.1428527832
67.531883239746 -3.613438129425 268.298828125
68.047355651855 -2.843686580658 267.98684692383
68.648902893066 -2.122761964798 267.71441650391
69.301826477051 -1.4376810789108 267.46899414062
69.985290527344 -0.77677077054977 267.24111938477
70.703163146973 -0.14603532850742 267.03454589844
71.453132629395 0.4532790184021 266.84948730469
72.225883483887 1.028003692627 266.6809387207
73.021049499512 1.5763709545135 266.52972412109
73.84033203125 2.0935072898865 266.39859008789
74.681770324707 2.5788195133209 266.28759765625
75.542137145996 3.0339572429657 266.19534301758
76.413780212402 3.469470500946 266.11514282227
77.300735473633 3.8759963512421 266.05242919922
78.197326660156 4.2625589370728 266.00155639648
79.100761413574 4.6339602470398 265.9596862793
80.007049560547 4.9987874031067 265.92169189453
80.93505859375 5.3064489364624 265.91680908203
81.86922454834 5.5948553085327 265.92294311523
82.804130554199 5.8808398246765 265.93035888672
83.748161315918 6.133861541748 265.95639038086
84.690528869629 6.3933486938477 265.9787902832
85.635848999023 6.6412024497986 266.00765991211
86.583717346191 6.8783040046692 266.04248046875
87.527694702148 7.1315121650696 266.06842041016
67.905296325684 -3.7372934818268 269.02008056641
68.709754943848 -3.0962178707123 269.05444335938
69.578079223633 -2.5444014072418 269.08413696289
70.456001281738 -2.0079684257507 269.05477905273
71.331031799316 -1.4695934057236 268.99325561523
72.235275268555 -0.97918093204498 269.02819824219
73.143020629883 -0.49672657251358 269.07931518555
74.048965454102 -0.011530614458025 269.13616943359
74.962921142578 0.45626637339592 269.20840454102
75.884918212891 0.90339112281799 269.30526733398
76.811912536621 1.3335750102997 269.427734375
77.754295349121 1.7209941148758 269.57333374023
78.688629150391 2.1218159198761 269.73376464844
79.604499816895 2.5533301830292 269.91912841797
80.526626586914 2.9594302177429 270.1291809082
81.452796936035 3.3459253311157 270.3576965332
82.407348632812 3.6659297943115 270.57168579102
83.3681640625 3.9691960811615 270.78204345703
84.309547424316 4.306056022644 271.0263671875
85.237594604492 4.663453578949 271.29159545898
86.199310302734 4.9702048301697 271.49258422852
87.166572570801 5.2669310569763 271.68151855469
88.152397155762 5.4144558906555 271.93795776367
89.13353729248 5.5794668197632 272.20159912109
90.11107635498 5.7570810317993 272.47039794922
68.018409729004 -4.2441339492798 268.01809692383
68.922294616699 -3.813747882843 267.72937011719
69.811706542969 -3.3480341434479 267.45059204102
70.670417785645 -2.8466889858246 267.13925170898
71.558937072754 -2.3608958721161 266.89385986328
72.459655761719 -1.8985524177551 266.64761352539
73.367622375488 -1.4485667943954 266.40539550781
74.335891723633 -1.101153254509 266.23971557617
75.303916931152 -0.75638526678085 266.06723022461
76.271263122559 -0.41903203725815 265.87731933594
77.27507019043 -0.1784805059433 265.73519897461
78.27906036377 0.061357486993074 265.59317016602
79.281745910645 0.27464887499809 265.40661621094
80.283981323242 0.48296073079109 265.21215820312
81.298980712891 0.65851658582687 265.05514526367
82.316299438477 0.82729035615921 264.90591430664
83.341621398926 0.96867436170578 264.7858581543
84.368347167969 1.1045597791672 264.67163085938
85.384574890137 1.2750771045685 264.51699829102
86.394744873047 1.4620649814606 264.34310913086
87.431190490723 1.5505260229111 264.28277587891
88.468933105469 1.6263147592545 264.22763061523
89.509880065918 1.6188540458679 264.18228149414
90.551544189453 1.6230065822601 264.15768432617
91.593383789062 1.6363041400909 264.14782714844
