69.502769470215 5.8937206268311 268.78359985352
82.125381469727 -0.61208575963974 273.76049804688
83.350532531738 1.4482731819153 272.04083251953
82.679260253906 1.3928649425507 275.36456298828
69.721214294434 5.3734941482544 268.94607543945
70.08861541748 4.9552040100098 269.13381958008
70.499488830566 4.5817790031433 269.32604980469
70.940155029297 4.2451367378235 269.52032470703
71.400550842285 3.9364383220673 269.71524047852
71.881866455078 3.6613657474518 269.91003417969
72.373596191406 3.405143737793 270.10446166992
72.877990722656 3.1739895343781 270.29791259766
73.389961242676 2.9594330787659 270.49057006836
73.911643981934 2.7681658267975 270.68173217773
74.429161071777 2.566547870636 270.87356567383
74.944107055664 2.3588039875031 271.06579589844
75.459167480469 2.1513242721558 271.25799560547
75.974601745605 1.9447604417801 271.4501953125
76.489196777344 1.7361909151077 271.64245605469
77.003578186035 1.5271309614182 271.83477783203
77.518196105957 1.3186420202255 272.0270690918
78.034637451172 1.1144561767578 272.21908569336
78.550323486328 0.90846878290176 272.41119384766
79.062599182129 0.69458115100861 272.60382080078
79.577812194824 0.48748049139977 272.79602050781
80.081886291504 0.25567644834518 272.9895324707
80.58674621582 0.025488495826721 273.18295288086
81.09937286377 -0.18761906027794 273.37548828125
81.611869812012 -0.4009952545166 273.5680847168
69.945732116699 5.5312838554382 268.68389892578
70.453636169434 5.2502660751343 268.68997192383
70.981010437012 5.036440372467 268.806640625
71.489074707031 4.785448551178 268.93392944336
72.021949768066 4.6099352836609 269.08480834961
72.55590057373 4.43971824646 269.23782348633
73.079475402832 4.2409920692444 269.39208984375
73.613151550293 4.0987033843994 269.572265625
74.148139953613 3.9598586559296 269.75119018555
74.681175231934 3.7972319126129 269.91528320312
75.206634521484 3.607008934021 270.07406616211
75.739288330078 3.4432363510132 270.23825073242
76.278114318848 3.3070206642151 270.40747070312
76.818923950195 3.1694912910461 270.56912231445
77.35823059082 3.0258755683899 270.73046875
77.891258239746 2.8631076812744 270.89450073242
78.432693481445 2.7194550037384 271.04852294922
78.979110717773 2.5882012844086 271.19589233398
79.526412963867 2.4503407478333 271.33364868164
80.073738098145 2.3115556240082 271.47033691406
80.608459472656 2.1344699859619 271.61251831055
81.123504638672 1.9101369380951 271.76055908203
81.656440734863 1.7160269021988 271.88632202148
82.199127197266 1.5409255027771 271.99731445312
82.769622802734 1.4402949810028 272.04089355469
69.928466796875 5.6519289016724 269.12353515625
70.367195129395 5.4103064537048 269.44659423828
70.838859558105 5.1707458496094 269.72116088867
71.317779541016 4.9368453025818 269.98791503906
71.819068908691 4.7221813201904 270.22848510742
72.320365905762 4.5075125694275 270.4690246582
72.837577819824 4.3168301582336 270.69564819336
73.363395690918 4.1403961181641 270.91387939453
73.889152526855 3.9801313877106 271.14437866211
74.414878845215 3.8212995529175 271.37594604492
74.938301086426 3.6709413528442 271.61813354492
75.460060119629 3.5262079238892 271.86724853516
75.994186401367 3.3976809978485 272.09841918945
76.540504455566 3.2870552539825 272.30941772461
77.092224121094 3.1973733901978 272.51629638672
77.64478302002 3.1170613765717 272.72482299805
78.187950134277 3.0180311203003 272.94931030273
78.711303710938 2.8871648311615 273.20269775391
79.225532531738 2.759699344635 273.47573852539
79.734214782715 2.5947649478912 273.73895263672
80.236892700195 2.4087839126587 273.99963378906
80.738059997559 2.2359004020691 274.27197265625
81.222595214844 2.0243949890137 274.54718017578
81.724128723145 1.8426681756973 274.81301879883
82.213455200195 1.6371886730194 275.0842590332
