72.489372253418 1.7304356098175 267.48281860352
75.285530090332 -0.21339347958565 268.87582397461
77.076232910156 1.5129379034042 267.83795166016
75.828689575195 1.8936500549316 270.62518310547
72.510620117188 1.5834994316101 267.50045776367
72.580932617188 1.4574826955795 267.53958129883
72.665023803711 1.3422994613647 267.58447265625
72.740875244141 1.2202954292297 267.62591552734
72.819152832031 1.1002027988434 267.66845703125
72.895370483398 0.97847527265549 267.71002197266
72.981185913086 0.86486834287643 267.75567626953
73.078994750977 0.76368075609207 267.80618286133
73.17790222168 0.66380685567856 267.85711669922
73.286781311035 0.57721626758575 267.91192626953
73.393821716309 0.48793163895607 267.96603393555
73.504005432129 0.40333858132362 268.02136230469
73.61743927002 0.3240413069725 268.07791137695
73.732368469238 0.24727462232113 268.13497924805
73.854484558105 0.1849200129509 268.1946105957
73.977409362793 0.12445670366287 268.25451660156
74.103439331055 0.071936503052711 268.31546020508
74.226783752441 0.012458094395697 268.37548828125
74.357276916504 -0.025674726814032 268.43774414062
74.488555908203 -0.060738209635019 268.50012207031
74.619995117188 -0.095139652490616 268.56256103516
74.753395080566 -0.1198073476553 268.62542724609
74.888298034668 -0.13375243544579 268.68838500977
75.023178100586 -0.14783649146557 268.75134277344
75.157470703125 -0.16685999929905 268.81430053711
72.653022766113 1.6772582530975 267.42120361328
72.825721740723 1.6183128356934 267.43045043945
72.997459411621 1.5560768842697 267.43664550781
73.175727844238 1.5164474248886 267.42935180664
73.356887817383 1.4949917793274 267.41827392578
73.53670501709 1.4635847806931 267.42733764648
73.715087890625 1.4249880313873 267.41836547852
73.881500244141 1.3513306379318 267.4026184082
74.061470031738 1.3197339773178 267.40380859375
74.244171142578 1.3194304704666 267.39892578125
74.426643371582 1.3109303712845 267.40472412109
74.608711242676 1.3249275684357 267.41232299805
74.78882598877 1.3556464910507 267.41647338867
74.968475341797 1.3825433254242 267.43603515625
75.148727416992 1.3546673059464 267.44546508789
75.316009521484 1.2842826843262 267.46246337891
75.494476318359 1.287456870079 267.50177001953
75.672645568848 1.2913157939911 267.5422668457
75.846366882324 1.3043611049652 267.59747314453
76.024932861328 1.3216615915298 267.63241577148
76.203895568848 1.3431385755539 267.66247558594
76.37621307373 1.3969247341156 267.69100952148
76.553314208984 1.4285085201263 267.72332763672
76.732833862305 1.4475396871567 267.75186157227
76.91397857666 1.4630078077316 267.7702331543
72.546051025391 1.6830137968063 267.65167236328
72.657348632812 1.5787502527237 267.75512695312
72.766120910645 1.4981836080551 267.88024902344
72.875389099121 1.4491759538651 268.02035522461
72.986145019531 1.4587306976318 268.16732788086
73.098655700684 1.4510266780853 268.31311035156
73.212394714355 1.4319792985916 268.45690917969
73.326797485352 1.4043209552765 268.59875488281
73.444984436035 1.3884098529816 268.73931884766
73.568305969238 1.3939422369003 268.87619018555
73.692916870117 1.4004497528076 269.01184082031
73.820007324219 1.4049416780472 269.14526367188
73.940010070801 1.4883346557617 269.25708007812
74.053077697754 1.5313098430634 269.39605712891
74.182029724121 1.5397540330887 269.52749633789
74.320816040039 1.5399669408798 269.64877319336
74.470993041992 1.5542536973953 269.75469970703
74.618453979492 1.5681765079498 269.86441040039
74.76530456543 1.5839204788208 269.97470092773
74.915237426758 1.6126481294632 270.07800292969
75.062789916992 1.6502763032913 270.18185424805
75.20565032959 1.7023477554321 270.28604125977
75.347221374512 1.7527618408203 270.39279174805
75.505310058594 1.800298333168 270.47479248047
75.6669921875 1.8469734191895 270.54998779297
