95.858604431152 13.213720321655 388.55715942383
91.414710998535 -1.7948136329651 387.04849243164
100.68784332275 -4.4138073921204 381.91333007812
96.089149475098 -5.0445947647095 396.98797607422
95.264450073242 13.048545837402 388.35577392578
94.760864257812 12.677146911621 388.18505859375
94.300651550293 12.247433662415 388.02899169922
93.858116149902 11.79744052887 387.87893676758
93.452514648438 11.310202598572 387.74139404297
93.078720092773 10.795360565186 387.61465454102
92.771125793457 10.233863830566 387.51031494141
92.545501708984 9.6304664611816 387.43371582031
92.302688598633 9.0345592498779 387.35131835938
92.081008911133 8.4295320510864 387.2760925293
91.880409240723 7.8163557052612 387.20803833008
91.682189941406 7.2023191452026 387.14071655273
91.526733398438 6.5747022628784 387.08795166016
91.39673614502 5.940661907196 387.04376220703
91.278884887695 5.3039798736572 387.00369262695
91.183837890625 4.663055896759 386.9714050293
91.120597839355 4.0177702903748 386.94979858398
91.083442687988 3.3702220916748 386.93716430664
91.056373596191 2.7221159934998 386.92785644531
91.063743591309 2.0734283924103 386.93023681641
91.05411529541 1.4247727394104 386.92687988281
91.102493286133 0.77806133031845 386.94314575195
91.154434204102 0.13164295256138 386.96063232422
91.255508422852 -0.50826501846313 386.99475097656
91.335601806641 -1.1514717340469 387.02178955078
95.815742492676 12.794506072998 387.94247436523
95.454681396484 12.226898193359 387.53604125977
95.620101928711 11.58185005188 387.25933837891
95.572380065918 10.939162254333 386.80944824219
95.518539428711 10.335590362549 386.31005859375
95.49893951416 9.7264699935913 385.82229614258
95.616027832031 9.05482006073 385.43127441406
95.789772033691 8.370171546936 385.09051513672
95.989288330078 7.6796073913574 384.77264404297
96.177383422852 6.9799184799194 384.4697265625
96.338958740234 6.2590503692627 384.20147705078
96.562103271484 5.5403604507446 383.97882080078
96.804557800293 4.8223533630371 383.77047729492
97.036483764648 4.0969605445862 383.57669067383
97.269172668457 3.3679702281952 383.39859008789
97.525871276855 2.6390545368195 383.25537109375
97.795104980469 1.9125504493713 383.12417602539
98.07307434082 1.1891874074936 382.99420166016
98.350830078125 0.47424241900444 382.82266235352
98.660614013672 -0.22860077023506 382.65972900391
99.003219604492 -0.91880518198013 382.50494384766
99.347351074219 -1.6081429719925 382.34967041016
99.680206298828 -2.3088874816895 382.22445678711
99.982078552246 -3.0229368209839 382.09652709961
100.3225402832 -3.7229540348053 381.99697875977
95.450592041016 12.747654914856 389.03405761719
94.958068847656 12.12871837616 389.18399047852
94.660285949707 11.474720001221 389.49697875977
94.422691345215 10.815031051636 389.890625
94.226844787598 10.160949707031 390.31326293945
94.115577697754 9.477653503418 390.72296142578
93.967475891113 8.7978858947754 391.12664794922
93.855453491211 8.1062984466553 391.51879882812
93.809776306152 7.394847869873 391.89157104492
93.812057495117 6.6661500930786 392.23379516602
93.888618469238 5.9442777633667 392.58081054688
93.990325927734 5.2091679573059 392.89245605469
94.075462341309 4.4645380973816 393.18560791016
94.151428222656 3.713977098465 393.46591186523
94.288627624512 2.9651749134064 393.72784423828
94.353439331055 2.2257332801819 394.0383605957
94.48690032959 1.4822922945023 394.31695556641
94.668914794922 0.74639123678207 394.5869140625
94.856674194336 0.01592044532299 394.8674621582
95.027626037598 -0.7036526799202 395.18545532227
95.208885192871 -1.4325758218765 395.47515869141
95.392448425293 -2.1621291637421 395.76181030273
95.587738037109 -2.8934814929962 396.03567504883
95.799598693848 -3.626978635788 396.29107666016
95.988609313965 -4.3436079025269 396.60507202148
