54.246475219727 12.652503013611 272.59017944336
62.40775680542 -4.5309834480286 268.30187988281
66.974327087402 3.3956205844879 268.35452270508
66.327835083008 1.6208519935608 273.85104370117
53.504615783691 12.201384544373 272.32803344727
53.031902313232 11.489535331726 272.02359008789
52.665725708008 10.718457221985 271.71661376953
52.405330657959 9.9044952392578 271.41235351562
52.197589874268 9.0744590759277 271.11108398438
52.090255737305 8.2225666046143 270.818359375
52.044208526611 7.3628029823303 270.53271484375
52.079273223877 6.4988241195679 270.25842285156
52.165832519531 5.6358890533447 269.9924621582
52.362873077393 4.7849016189575 269.74771118164
52.635623931885 3.9501991271973 269.52011108398
52.956890106201 3.1296679973602 269.30459594727
53.334518432617 2.3294842243195 269.10455322266
53.778018951416 1.5589357614517 268.92434692383
54.280330657959 0.82078897953033 268.76388549805
54.821598052979 0.10765682160854 268.61761474609
55.411483764648 -0.5696781873703 268.4905090332
56.057834625244 -1.1979113817215 268.38812255859
56.736621856689 -1.7934095859528 268.30145263672
57.473808288574 -2.3192191123962 268.24645996094
58.229942321777 -2.8185036182404 268.20303344727
59.021621704102 -3.2609906196594 268.18359375
59.837997436523 -3.656530380249 268.18316650391
60.678035736084 -3.9983637332916 268.20385742188
61.532386779785 -4.3012776374817 268.23937988281
54.260334014893 12.476063728333 271.95199584961
54.254661560059 11.869786262512 271.53335571289
54.364543914795 11.180635452271 271.29037475586
54.553504943848 10.489517211914 271.11059570312
54.591648101807 9.8180131912231 270.84097290039
54.782634735107 9.1499929428101 270.58526611328
54.985977172852 8.4883918762207 270.32257080078
55.225814819336 7.8341436386108 270.07299804688
55.521682739258 7.1997809410095 269.83044433594
55.97428894043 6.630699634552 269.69577026367
56.517559051514 6.150041103363 269.56616210938
57.10717010498 5.7219462394714 269.4475402832
57.777179718018 5.409285068512 269.40145874023
58.464279174805 5.1434211730957 269.33432006836
59.160110473633 4.9014673233032 269.25640869141
59.819271087646 4.6483387947083 269.03509521484
60.501258850098 4.3989105224609 268.90020751953
61.192203521729 4.1522927284241 268.79754638672
61.888809204102 3.9228932857513 268.6930847168
62.603664398193 3.7506935596466 268.61804199219
63.32986831665 3.6187827587128 268.56057739258
64.067565917969 3.5684621334076 268.51519775391
64.806686401367 3.5427446365356 268.51644897461
65.546737670898 3.5331828594208 268.54837036133
66.278121948242 3.5994791984558 268.5046081543
54.133430480957 11.977462768555 272.59442138672
54.053619384766 11.279627799988 272.34899902344
54.088687896729 10.549515724182 272.21575927734
54.184024810791 9.8311529159546 272.13119506836
54.332714080811 9.1417055130005 271.92916870117
54.530597686768 8.445011138916 271.78707885742
54.751316070557 7.7403540611267 271.70123291016
55.00707244873 7.0504326820374 271.59899902344
55.342617034912 6.388683795929 271.57925415039
55.760398864746 5.7753992080688 271.60470581055
56.317153930664 5.2952561378479 271.57632446289
56.950057983398 4.9073028564453 271.56188964844
57.617713928223 4.5850925445557 271.62832641602
58.260093688965 4.2430973052979 271.77270507812
58.889842987061 3.8912155628204 271.95599365234
59.561134338379 3.5949003696442 272.07089233398
60.25471496582 3.3340303897858 272.11096191406
60.956878662109 3.0877823829651 272.11383056641
61.655815124512 2.8335196971893 272.14288330078
62.348407745361 2.5838088989258 272.25173950195
62.963283538818 2.3425788879395 272.58978271484
63.629676818848 2.1774446964264 272.86950683594
64.329666137695 2.0681762695312 273.095703125
64.960266113281 1.9269218444824 273.45462036133
65.60620880127 1.7728459835052 273.7737121582
