70.140243530273 1.5300024747849 270.20599365234
77.877243041992 -4.9391932487488 273.10559082031
81.14656829834 -3.1363153457642 272.04220581055
79.217254638672 -4.4938650131226 277.31582641602
70.245666503906 1.1324064731598 270.16543579102
70.410026550293 0.75321507453918 270.16445922852
70.63452911377 0.40899381041527 270.20809936523
70.900665283203 0.10243834555149 270.28610229492
71.176567077637 -0.19294872879982 270.37274169922
71.463516235352 -0.47434315085411 270.46954345703
71.760185241699 -0.74196654558182 270.57565307617
72.056350708008 -1.0103100538254 270.68127441406
72.362045288086 -1.2636606693268 270.79641723633
72.670791625977 -1.5117819309235 270.9147644043
72.984924316406 -1.7501890659332 271.03875732422
73.301750183105 -1.9834372997284 271.16571044922
73.618698120117 -2.2164487838745 271.29275512695
73.939178466797 -2.4423611164093 271.42370605469
74.259582519531 -2.6683688163757 271.5546875
74.58570098877 -2.8820049762726 271.69216918945
74.90998840332 -3.0997366905212 271.82751464844
75.234199523926 -3.3176500797272 271.96279907227
75.555511474609 -3.5418124198914 272.09469604492
75.876342773438 -3.7669734954834 272.22610473633
76.206588745117 -3.9707255363464 272.36862182617
76.541496276855 -4.162362575531 272.51699829102
76.876922607422 -4.3524994850159 272.66607666016
77.211158752441 -4.5459098815918 272.81362915039
77.544395446777 -4.7420697212219 272.95983886719
70.554664611816 1.3239555358887 270.13760375977
70.940711975098 1.060958981514 270.18270874023
71.328727722168 0.79716360569 270.19131469727
71.737892150879 0.56801152229309 270.20620727539
72.148536682129 0.3505702316761 270.27224731445
72.553695678711 0.13327191770077 270.36685180664
72.96363067627 -0.082368262112141 270.44131469727
73.383491516113 -0.29086321592331 270.46047973633
73.799942016602 -0.49253103137016 270.53927612305
74.219116210938 -0.67959636449814 270.6374206543
74.640983581543 -0.85412669181824 270.74652099609
75.064086914062 -1.0308821201324 270.84686279297
75.489013671875 -1.2113803625107 270.93170166016
75.919563293457 -1.3819236755371 271.00814819336
76.359550476074 -1.5264612436295 271.08084106445
76.768852233887 -1.6558771133423 271.2698059082
77.211967468262 -1.7810641527176 271.36099243164
77.655090332031 -1.9154247045517 271.43798828125
78.098182678223 -2.0510897636414 271.51278686523
78.542602539062 -2.1924126148224 271.56628417969
78.986694335938 -2.3340301513672 271.62084960938
79.407051086426 -2.4971714019775 271.7512512207
79.841949462891 -2.6521933078766 271.83587646484
80.282157897949 -2.8029005527496 271.89794921875
80.7216796875 -2.9590246677399 271.95068359375
70.332466125488 1.1946703195572 270.5309753418
70.640930175781 0.85085427761078 270.73782348633
70.913063049316 0.54652541875839 271.03799438477
71.186874389648 0.25918647646904 271.35034179688
71.575187683105 -0.00037638054345734 271.546875
71.950569152832 -0.26984184980392 271.75482177734
72.308792114258 -0.54535466432571 271.98413085938
72.667579650879 -0.81471359729767 272.21969604492
73.032760620117 -1.0615011453629 272.46978759766
73.397552490234 -1.3052535057068 272.72338867188
73.763031005859 -1.5310711860657 272.99212646484
74.119613647461 -1.7716995477676 273.26000976562
74.478019714355 -2.0137779712677 273.52407836914
74.851890563965 -2.2318162918091 273.78765869141
75.227638244629 -2.4258115291595 274.06689453125
75.591735839844 -2.6334371566772 274.35168457031
75.935852050781 -2.8787395954132 274.63122558594
76.308654785156 -3.0583846569061 274.92367553711
76.64966583252 -3.2801141738892 275.22589111328
77.02596282959 -3.4937217235565 275.48968505859
77.401878356934 -3.6676778793335 275.78161621094
77.760292053223 -3.8852763175964 276.06622314453
78.160720825195 -4.0468602180481 276.33145141602
78.526138305664 -4.222813129425 276.63528442383
78.87964630127 -4.4074463844299 276.94793701172
