64.277656555176 4.5241317749023 281.41409301758
73.245948791504 -2.5852727890015 282.91293334961
77.50415802002 -1.781507730484 279.2292175293
77.230316162109 -0.69277101755142 286.51153564453
64.164421081543 4.0781955718994 281.45690917969
64.258575439453 3.6278059482574 281.5158996582
64.457214355469 3.2135062217712 281.57870483398
64.745513916016 2.8549613952637 281.64184570312
65.062484741211 2.5213012695312 281.70428466797
65.395774841309 2.2038624286652 281.76611328125
65.750473022461 1.9102518558502 281.8268737793
66.116813659668 1.6311174631119 281.88681030273
66.490104675293 1.3612122535706 281.94619750977
66.858894348145 1.0853098630905 282.00592041016
67.243003845215 0.83082467317581 282.06433105469
67.630828857422 0.58194983005524 282.12243652344
68.013847351074 0.32585817575455 282.18096923828
68.406394958496 0.084373138844967 282.23852539062
68.795127868652 -0.16309735178947 282.29650878906
69.188507080078 -0.40323784947395 282.35403442383
69.579956054688 -0.64647310972214 282.41171264648
69.974952697754 -0.88398849964142 282.46899414062
70.378211975098 -1.1074323654175 282.52529907227
70.775299072266 -1.3414974212646 282.58233642578
71.177909851074 -1.5660901069641 282.63876342773
71.589088439941 -1.7748992443085 282.69400024414
71.999504089355 -1.9851841926575 282.74932861328
72.408561706543 -2.1980459690094 282.80484008789
72.828598022461 -2.3888032436371 282.8586730957
64.525451660156 4.065878868103 281.17440795898
64.973335266113 3.7124946117401 281.10781860352
65.471527099609 3.4617545604706 280.95770263672
65.963996887207 3.1713931560516 280.86953735352
66.467842102051 2.902414560318 280.77810668945
66.974433898926 2.6485230922699 280.66162109375
67.484504699707 2.4073634147644 280.53436279297
67.993232727051 2.1809866428375 280.37747192383
68.497215270996 1.9420666694641 280.22409057617
69.006950378418 1.6993908882141 280.09777832031
69.520713806152 1.4608438014984 279.98031616211
70.030075073242 1.2224490642548 279.8450012207
70.535469055176 0.96651470661163 279.73004150391
71.07332611084 0.76936572790146 279.64938354492
71.611824035645 0.56658667325974 279.58981323242
72.143165588379 0.34273353219032 279.54321289062
72.662139892578 0.089567184448242 279.5078125
73.184326171875 -0.15859623253345 279.48895263672
73.718460083008 -0.38079860806465 279.48889160156
74.255187988281 -0.59555053710938 279.46719360352
74.795288085938 -0.79815965890884 279.42333984375
75.338073730469 -0.99710780382156 279.40179443359
75.891250610352 -1.1639044284821 279.37246704102
76.442260742188 -1.3343192338943 279.32751464844
76.980125427246 -1.5404620170593 279.27374267578
64.530578613281 4.151303768158 281.77969360352
64.890037536621 3.7827386856079 282.04168701172
65.36442565918 3.5567662715912 282.29080200195
65.857894897461 3.3263533115387 282.49548339844
66.35115814209 3.0995924472809 282.70468139648
66.844161987305 2.8861110210419 282.92752075195
67.340690612793 2.7096757888794 283.17413330078
67.836204528809 2.544127702713 283.43017578125
68.329650878906 2.3792226314545 283.69055175781
68.824836730957 2.2043786048889 283.94091796875
69.322067260742 2.015777349472 284.17694091797
69.820289611816 1.8299174308777 284.41299438477
70.323432922363 1.6601368188858 284.65063476562
70.828979492188 1.5082103013992 284.89483642578
71.332763671875 1.308310508728 285.10632324219
71.843284606934 1.1112552881241 285.30377197266
72.367225646973 0.92425781488419 285.47406005859
72.898208618164 0.73808354139328 285.62203979492
73.431457519531 0.55830711126328 285.76977539062
73.966423034668 0.38621252775192 285.92013549805
74.517723083496 0.22860196232796 286.01876831055
75.071617126465 0.073798917233944 286.10641479492
75.609092712402 -0.11131840199232 286.23031616211
76.147407531738 -0.30442517995834 286.33721923828
76.687484741211 -0.50345993041992 286.42208862305
