59.957801818848 6.5710563659668 270.21221923828
62.529216766357 -4.1299667358398 274.98883056641
65.795867919922 -2.4977426528931 269.00463867188
65.999824523926 1.3300933837891 276.91891479492
59.584922790527 6.2409753799438 270.40780639648
59.177707672119 5.9456238746643 270.59066772461
58.944019317627 5.5262422561646 270.81356811523
58.713939666748 5.0991635322571 271.03973388672
58.515617370605 4.6581315994263 271.26904296875
58.369625091553 4.1988081932068 271.50140380859
58.268928527832 3.727707862854 271.73455810547
58.224872589111 3.2494783401489 271.96496582031
58.024848937988 2.8090851306915 272.19418334961
58.079460144043 2.3279995918274 272.41543579102
58.13712310791 1.8444167375565 272.63751220703
58.22265625 1.3631757497787 272.85556030273
58.33198928833 0.88495868444443 273.06964111328
58.459896087646 0.40982380509377 273.2802734375
58.790203094482 0.020037716254592 273.4289855957
59.030296325684 -0.42120277881622 273.61163330078
59.316223144531 -0.84124213457108 273.77935791016
59.629028320312 -1.2459045648575 273.93701171875
59.935176849365 -1.6546652317047 274.09725952148
60.258441925049 -2.0527238845825 274.25064086914
60.597969055176 -2.4396989345551 274.39709472656
60.938835144043 -2.8257508277893 274.54293823242
61.328422546387 -3.1716847419739 274.66467285156
61.734001159668 -3.5020349025726 274.77734375
62.045566558838 -3.9075343608856 274.93542480469
59.912925720215 6.3061280250549 269.84301757812
59.880409240723 5.9171690940857 269.60641479492
59.877597808838 5.502637386322 269.41506958008
59.945251464844 5.0623621940613 269.31460571289
60.01290512085 4.6220870018005 269.2141418457
60.07958984375 4.1706719398499 269.19931030273
60.144760131836 3.7198579311371 269.23126220703
60.222858428955 3.2711932659149 269.26461791992
60.329288482666 2.8285944461823 269.30035400391
60.635936737061 2.4941220283508 269.27484130859
61.021026611328 2.2575616836548 269.20977783203
61.392318725586 2.0052869319916 269.1266784668
61.729885101318 1.7180696725845 269.01812744141
62.003379821777 1.3615231513977 268.93780517578
62.234508514404 0.97253501415253 268.87701416016
62.495487213135 0.59848392009735 268.85494995117
62.761070251465 0.22754988074303 268.83740234375
63.0553855896 -0.11610350757837 268.77603149414
63.376293182373 -0.43685817718506 268.72872924805
63.732788085938 -0.71488118171692 268.79296875
64.089111328125 -0.99315643310547 268.85696411133
64.433860778809 -1.2891483306885 268.90219116211
64.769309997559 -1.5974023342133 268.93322753906
65.095138549805 -1.9167882204056 268.95172119141
65.430374145508 -2.2244210243225 268.99032592773
60.03385925293 6.5831599235535 270.63851928711
60.102531433105 6.5047059059143 271.05902099609
60.16040802002 6.4032559394836 271.47622680664
60.207145690918 6.1754269599915 271.84167480469
60.259601593018 5.885027885437 272.15884399414
60.32063293457 5.5553665161133 272.43301391602
60.347339630127 5.3113522529602 272.78997802734
60.43957901001 5.0455679893494 273.1194152832
60.599517822266 4.7835555076599 273.42504882812
60.904766082764 4.5678224563599 273.642578125
61.283367156982 4.4220280647278 273.79330444336
61.627002716064 4.3060021400452 274.03018188477
61.953990936279 4.1584100723267 274.27307128906
62.275497436523 4.0044593811035 274.51916503906
62.592235565186 3.8075838088989 274.73968505859
62.904788970947 3.6001510620117 274.95629882812
63.182270050049 3.3692708015442 275.19583129883
63.486705780029 3.1412506103516 275.40316772461
63.817249298096 2.9191293716431 275.57366943359
64.13582611084 2.7153239250183 275.78500366211
64.453521728516 2.4878668785095 275.97204589844
64.768539428711 2.2250807285309 276.11102294922
65.124725341797 2.0371687412262 276.27056884766
65.432273864746 1.8221530914307 276.48712158203
65.719413757324 1.5806860923767 276.70379638672
