-16.196382522583 -16.002599716187 -17.193552017212
-12.707540512085 19.663114547729 -4.4220771789551
-22.292886734009 11.03081035614 -16.673069000244
-22.394638061523 5.2628903388977 -1.8381966352463
-14.547903060913 -15.566379547119 -16.9215965271
-13.120169639587 -14.686671257019 -16.509864807129
-11.791177749634 -13.67982006073 -16.060626983643
-10.520934104919 -12.607730865479 -15.592723846436
-9.226731300354 -11.561435699463 -15.132142066956
-8.2170782089233 -10.265162467957 -14.604325294495
-7.3024687767029 -8.9050369262695 -14.060941696167
-6.4531483650208 -7.5066084861755 -13.508820533752
-5.7660264968872 -6.0280051231384 -12.940243721008
-5.2568550109863 -4.4830737113953 -12.361213684082
-4.8835115432739 -2.9009387493134 -11.778914451599
-4.6654114723206 -1.2896890640259 -11.197584152222
-4.538773059845 0.33236077427864 -10.619055747986
-4.5341906547546 1.9615449905396 -10.046822547913
-4.6471171379089 3.5898873806 -9.4833545684814
-4.8616223335266 5.2113528251648 -8.9296188354492
-5.2151679992676 6.8139462471008 -8.3925371170044
-5.6765599250793 8.3941316604614 -7.8710913658142
-6.2414555549622 9.9460878372192 -7.3670144081116
-6.945960521698 11.448790550232 -6.8902959823608
-7.7326951026917 12.916020393372 -6.4319519996643
-8.5950813293457 14.345942497253 -5.9921636581421
-9.5661640167236 15.713633537292 -5.582052230835
-10.555714607239 17.069673538208 -5.1773610115051
-11.640727996826 18.359714508057 -4.8027243614197
-15.719432830811 -14.995184898376 -17.656517028809
-14.942812919617 -14.034603118896 -17.71625328064
-14.221992492676 -13.057719230652 -17.534971237183
-13.55784034729 -12.04222202301 -17.316879272461
-12.961358070374 -10.965588569641 -17.196491241455
-12.467355728149 -9.8362417221069 -17.138641357422
-12.092929840088 -8.6640319824219 -17.11581993103
-11.91788482666 -7.4446339607239 -17.127613067627
-12.05622959137 -6.2219877243042 -17.251792907715
-12.905540466309 -5.4260625839233 -17.479263305664
-13.953756332397 -4.811870098114 -17.618299484253
-14.725768089294 -3.8980565071106 -17.419630050659
-14.814421653748 -2.6757206916809 -17.422306060791
-14.978444099426 -1.4528328180313 -17.362665176392
-15.378380775452 -0.28796324133873 -17.336204528809
-15.879749298096 0.84161621332169 -17.342191696167
-16.464998245239 1.9259346723557 -17.29008102417
-17.087274551392 2.9867942333221 -17.175012588501
-17.521265029907 4.1423807144165 -17.099536895752
-18.002223968506 5.2792086601257 -17.025604248047
-18.502996444702 6.4080152511597 -16.959617614746
-19.083736419678 7.4816856384277 -16.834497451782
-19.810092926025 8.452675819397 -16.591581344604
-20.629905700684 9.3507699966431 -16.368724822998
-21.52011680603 10.198058128357 -16.230703353882
-15.924976348877 -15.676155090332 -16.182060241699
-15.275829315186 -14.951106071472 -15.489030838013
-14.617402076721 -14.067222595215 -15.021980285645
-13.993328094482 -13.179203987122 -14.519256591797
-13.414351463318 -12.285752296448 -13.974226951599
-12.934272766113 -11.38036441803 -13.355590820312
-12.558115005493 -10.475238800049 -12.669589042664
-12.277700424194 -9.5898351669312 -11.943445205688
-12.527111053467 -8.8307313919067 -11.096640586853
-13.380434989929 -8.2520608901978 -10.497098922729
-14.337142944336 -7.7113299369812 -10.046395301819
-15.048500061035 -6.9227204322815 -9.581693649292
-15.223245620728 -5.9018602371216 -8.9901151657104
-15.413059234619 -4.8672609329224 -8.4190454483032
-15.704609870911 -3.8530740737915 -7.856342792511
-16.186868667603 -2.8775954246521 -7.370258808136
-16.778705596924 -2.045773267746 -6.7572054862976
-17.498008728027 -1.2065712213516 -6.3411927223206
-18.087917327881 -0.22001828253269 -6.0441570281982
-18.642854690552 0.69578111171722 -5.5153269767761
-19.143995285034 1.605708360672 -4.9205131530762
-19.481973648071 2.2458896636963 -3.974586725235
-20.090009689331 3.0808730125427 -3.375269651413
-20.829559326172 3.8923621177673 -2.9041714668274
-21.651847839355 4.7020163536072 -2.5860271453857
