54.149616241455 -41.684749603271 329.771484375
46.808792114258 0.18929494917393 327.14889526367
37.997955322266 -11.355291366577 321.3346862793
40.952445983887 -10.218596458435 337.72103881836
55.563522338867 -40.518287658691 329.38656616211
56.667446136475 -39.046539306641 329.03198242188
57.646007537842 -37.48511505127 328.69287109375
58.532661437988 -35.867240905762 328.36605834961
59.286609649658 -34.179851531982 328.05807495117
59.924564361572 -32.442264556885 327.76763916016
60.430515289307 -30.658447265625 327.49816894531
60.811370849609 -28.840866088867 327.24954223633
61.006671905518 -26.989994049072 327.03341674805
61.042282104492 -25.125984191895 326.84689331055
60.922031402588 -23.262727737427 326.69039916992
60.672885894775 -21.41028213501 326.55981445312
60.273403167725 -19.582359313965 326.46057128906
59.773933410645 -17.778131484985 326.38290405273
59.168628692627 -16.005725860596 326.32864379883
58.444538116455 -14.277808189392 326.30157470703
57.607643127441 -12.601404190063 326.30120849609
56.681823730469 -10.972563743591 326.32257080078
55.65344619751 -9.4070243835449 326.36978149414
54.526458740234 -7.9119510650635 326.44277954102
53.26350402832 -6.5323524475098 326.55316162109
51.881134033203 -5.27596616745 326.69842529297
50.465492248535 -4.05837059021 326.85382080078
49.187019348145 -2.6935529708862 326.96856689453
47.919937133789 -1.317756652832 327.08010864258
54.141399383545 -40.97505569458 328.50903320312
54.459651947021 -39.694858551025 327.84936523438
54.737937927246 -38.367904663086 327.27966308594
54.973972320557 -36.99153137207 326.80508422852
55.139835357666 -35.595901489258 326.36080932617
55.112281799316 -34.179267883301 325.9850769043
54.903476715088 -32.753776550293 325.67523193359
54.566295623779 -31.356321334839 325.37268066406
53.941188812256 -30.110795974731 324.91632080078
53.005962371826 -29.040325164795 324.54138183594
52.015380859375 -27.973743438721 324.35232543945
51.208057403564 -26.765613555908 324.12036132812
50.398754119873 -25.569345474243 323.83010864258
49.293952941895 -24.625068664551 323.76571655273
48.20276260376 -23.65075302124 323.58825683594
47.205078125 -22.582962036133 323.39404296875
46.301876068115 -21.437885284424 323.18011474609
45.482879638672 -20.235019683838 322.94958496094
44.596698760986 -19.068153381348 322.79290771484
43.79471206665 -17.894027709961 322.40905761719
42.8678855896 -16.770971298218 322.17434692383
41.804573059082 -15.772864341736 321.96069335938
40.969062805176 -14.614115715027 321.62850952148
39.927959442139 -13.572436332703 321.54983520508
38.938171386719 -12.485627174377 321.45172119141
54.516159057617 -40.824531555176 330.84896850586
54.896076202393 -39.494922637939 331.27487182617
55.251777648926 -38.073825836182 331.34689331055
55.547298431396 -36.6350440979 331.40277099609
55.816753387451 -35.189861297607 331.4153137207
55.955513000488 -33.749755859375 331.6455078125
55.977279663086 -32.298770904541 331.87280273438
55.814033508301 -30.862800598145 332.11196899414
55.440841674805 -29.482152938843 332.44943237305
54.607856750488 -28.423460006714 332.93334960938
53.590713500977 -27.403842926025 333.21008300781
52.995365142822 -26.102819442749 333.53677368164
52.294097900391 -24.862871170044 333.89547729492
51.191528320312 -23.994066238403 333.98687744141
50.14928817749 -23.007322311401 334.17352294922
49.339977264404 -21.817975997925 334.47738647461
48.572635650635 -20.599498748779 334.77493286133
47.827487945557 -19.365646362305 335.06756591797
47.013858795166 -18.182424545288 335.38360595703
46.176868438721 -17.025789260864 335.73580932617
45.327476501465 -15.88768863678 336.11734008789
44.451747894287 -14.786813735962 336.54681396484
43.599136352539 -13.652044296265 336.9294128418
42.728225708008 -12.513875961304 337.25665283203
41.826652526855 -11.387138366699 337.53790283203
