-2.0533885955811 -15.500044822693 -23.360607147217
7.0267739295959 -0.67160731554031 -11.571193695068
-1.5222995281219 0.52374911308289 -18.965103149414
-1.8967423439026 -7.3436164855957 -8.6802854537964
-1.1024103164673 -15.460778236389 -23.324670791626
-0.17607501149178 -15.290843963623 -23.185382843018
0.71733289957047 -15.034415245056 -22.977764129639
1.5831491947174 -14.725427627563 -22.728662490845
2.4268221855164 -14.381019592285 -22.451622009277
3.2399413585663 -13.994235038757 -22.141166687012
4.0565700531006 -13.611964225769 -21.834280014038
4.7874646186829 -13.135507583618 -21.453233718872
5.4501905441284 -12.600975990295 -21.026546478271
6.0512022972107 -12.023285865784 -20.565996170044
6.5090012550354 -11.369978904724 -20.046287536621
7.012665271759 -10.737498283386 -19.542837142944
7.4156665802002 -10.062169075012 -19.005970001221
7.7833290100098 -9.374285697937 -18.459337234497
8.0395450592041 -8.6558790206909 -17.889101028442
8.2778263092041 -7.9335360527039 -17.315835952759
8.3791284561157 -7.191508769989 -16.727680206299
8.4620676040649 -6.4478731155396 -16.138343811035
8.4906072616577 -5.7016229629517 -15.547213554382
8.4502010345459 -4.955545425415 -14.956568717957
8.2948684692383 -4.2185502052307 -14.373704910278
8.1083555221558 -3.4858705997467 -13.794416427612
8.0140132904053 -2.7426788806915 -13.206332206726
7.8890690803528 -2.0021464824677 -12.620512962341
7.5083355903625 -1.3169932365417 -12.07984828949
-1.7085620164871 -14.948716163635 -23.66107749939
-1.2551648616791 -14.395298957825 -23.665357589722
-0.78568863868713 -13.865440368652 -23.557720184326
-0.37379968166351 -13.292510032654 -23.435394287109
-0.038674656301737 -12.673092842102 -23.306255340576
0.2502766251564 -12.029944419861 -23.180444717407
0.51957559585571 -11.377840042114 -23.056526184082
0.73460710048676 -10.713907241821 -22.896686553955
0.89961856603622 -10.044140815735 -22.704498291016
1.069547533989 -9.3800706863403 -22.496576309204
1.2033716440201 -8.7095317840576 -22.283718109131
0.82379108667374 -8.1777477264404 -22.151233673096
0.23502813279629 -7.790379524231 -22.214036941528
-0.096861340105534 -7.17950963974 -22.057516098022
-0.14759659767151 -6.5031032562256 -21.827346801758
-0.15926678478718 -5.8190989494324 -21.614894866943
-0.14604385197163 -5.1315445899963 -21.414300918579
-0.18759573996067 -4.4518809318542 -21.191854476929
-0.27613481879234 -3.781875371933 -20.954442977905
-0.45462366938591 -3.1389172077179 -20.694444656372
-0.66781824827194 -2.5034449100494 -20.441829681396
-0.88514250516891 -1.8705825805664 -20.186084747314
-1.0963391065598 -1.2474154233932 -19.903017044067
-1.3597466945648 -0.64012652635574 -19.629905700684
-1.6470831632614 -0.067036524415016 -19.31109046936
-1.6909030675888 -15.631575584412 -22.755769729614
-1.2008970975876 -15.484268188477 -22.251754760742
-0.82250237464905 -15.195326805115 -21.713436126709
-0.47503656148911 -14.966069221497 -21.127592086792
-0.13355092704296 -14.746957778931 -20.534395217896
0.18340690433979 -14.510456085205 -19.934316635132
0.43950012326241 -14.235453605652 -19.32183265686
0.60591250658035 -13.91134262085 -18.702630996704
0.76649129390717 -13.601184844971 -18.074533462524
0.88894963264465 -13.267795562744 -17.4498462677
0.82645213603973 -12.877921104431 -16.851556777954
0.34664127230644 -12.680631637573 -16.3726978302
-0.20078520476818 -12.535229682922 -15.952025413513
-0.28708785772324 -12.166655540466 -15.341142654419
-0.38117668032646 -11.818947792053 -14.719283103943
-0.50218480825424 -11.485062599182 -14.094515800476
-0.58395147323608 -11.15345287323 -13.462195396423
-0.65946292877197 -10.788662910461 -12.847599983215
-0.75060319900513 -10.411348342896 -12.242758750916
-0.8356254696846 -10.020721435547 -11.645527839661
-1.0396665334702 -9.6013975143433 -11.0989818573
-1.1771280765533 -9.1771020889282 -10.535570144653
-1.4263362884521 -8.716347694397 -10.044382095337
-1.7869174480438 -8.2569227218628 -9.6263437271118
-2.1107332706451 -7.7957468032837 -9.1804466247559
