70.222801208496 10.268409729004 284.56024169922
68.552864074707 -5.1989541053772 283.52578735352
75.960601806641 -1.2145856618881 280.77328491211
73.051383972168 -1.8442158699036 289.31878662109
69.595069885254 10.032185554504 284.41915893555
69.053779602051 9.6325540542603 284.2887878418
68.545112609863 9.190673828125 284.16333007812
68.081771850586 8.6996841430664 284.04510498047
67.661155700684 8.1700735092163 283.93402099609
67.282096862793 7.608558177948 283.83029174805
66.945953369141 7.0190505981445 283.73416137695
66.648704528809 6.40793800354 283.64511108398
66.40022277832 5.7742056846619 283.56530761719
66.187454223633 5.1268000602722 283.49221801758
66.040420532227 4.4601082801819 283.43206787109
65.941795349121 3.7837612628937 283.38150024414
65.873397827148 3.1032528877258 283.33703613281
65.838577270508 2.4197943210602 283.29946899414
65.855018615723 1.7351583242416 283.27249145508
65.907516479492 1.0520733594894 283.25302124023
66.02082824707 0.37619405984879 283.24658203125
66.182670593262 -0.28976875543594 283.25064086914
66.376045227051 -0.94720500707626 283.26174926758
66.596855163574 -1.5958158969879 283.27886962891
66.887275695801 -2.2156765460968 283.31173706055
67.228546142578 -2.8083393573761 283.35641479492
67.541313171387 -3.4170014858246 283.39450073242
67.839714050293 -4.0330424308777 283.42916870117
68.212913513184 -4.6054701805115 283.48141479492
70.069755554199 9.9119491577148 284.1018371582
69.82349395752 9.4091520309448 283.88439941406
69.577239990234 8.9063549041748 283.66696166992
69.374183654785 8.362813949585 283.51205444336
69.173377990723 7.817476272583 283.3603515625
69.029762268066 7.2565803527832 283.2008972168
68.92106628418 6.6889657974243 283.03747558594
68.849082946777 6.117787361145 282.86639404297
68.809638977051 5.5453381538391 282.68908691406
68.949058532715 4.9774346351624 282.55590820312
69.327758789062 4.5310750007629 282.43368530273
69.838233947754 4.2338352203369 282.32513427734
70.339797973633 3.9212517738342 282.21954345703
70.783111572266 3.5239827632904 282.13986206055
71.207000732422 3.1049606800079 282.06689453125
71.650337219238 2.7234673500061 281.93035888672
72.094215393066 2.343195438385 281.79217529297
72.548721313477 1.9763993024826 281.65216064453
73.008255004883 1.616241812706 281.51132202148
73.445518493652 1.2239201068878 281.38641357422
73.856842041016 0.79963660240173 281.27908325195
74.262268066406 0.37040638923645 281.16903686523
74.652244567871 -0.071113154292107 281.05197143555
75.037605285645 -0.51713293790817 280.93670654297
75.41576385498 -0.97016209363937 280.82498168945
69.94213104248 9.8313474655151 284.8381652832
69.595191955566 9.3692178726196 284.95855712891
69.307716369629 8.8552894592285 285.00723266602
69.033020019531 8.3334903717041 285.04385375977
68.793815612793 7.7946548461914 285.08312988281
68.585311889648 7.2433404922485 285.12460327148
68.392700195312 6.6874237060547 285.1735534668
68.31485748291 6.1102800369263 285.27352905273
68.238143920898 5.5329747200012 285.37316894531
68.210815429688 4.9492249488831 285.45889282227
68.308662414551 4.3937020301819 285.61239624023
68.756256103516 4.1051387786865 285.86822509766
69.211051940918 3.8538753986359 286.14874267578
69.617263793945 3.5020279884338 286.39379882812
69.968948364258 3.0837786197662 286.61810302734
70.261283874512 2.6190533638 286.83633422852
70.586616516113 2.1927738189697 287.08422851562
70.946731567383 1.8172727823257 287.36434936523
71.297340393066 1.4369745254517 287.65002441406
71.634696960449 1.0501683950424 287.94271850586
71.922439575195 0.62001621723175 288.22787475586
72.177047729492 0.16527093946934 288.50631713867
72.460144042969 -0.33362191915512 288.64810180664
72.659805297852 -0.87314414978027 288.78302001953
72.810188293457 -1.3876198530197 289.03155517578
