11.575947761536 9.2335166931152 -32.655456542969
4.0978741645813 -6.04860496521 -30.468965530396
14.394988059998 -6.2981548309326 -37.149223327637
15.205023765564 -4.6183409690857 -22.289110183716
10.87233543396 9.0558948516846 -32.656772613525
10.248907089233 8.6880798339844 -32.623371124268
9.64342212677 8.2899971008301 -32.584217071533
9.0529317855835 7.8704075813293 -32.540870666504
8.4708213806152 7.4394874572754 -32.495315551758
7.9086680412292 6.9833703041077 -32.444747924805
7.3674216270447 6.5031747817993 -32.389320373535
6.8528323173523 5.9951801300049 -32.328170776367
6.375771522522 5.452666759491 -32.25972366333
5.9290361404419 4.8855934143066 -32.185928344727
5.5245141983032 4.2885684967041 -32.105373382568
5.1478500366211 3.6741025447845 -32.020751953125
4.8040127754211 3.0413014888763 -31.931692123413
4.4940590858459 2.3918151855469 -31.838432312012
4.2244071960449 1.7252391576767 -31.740610122681
4.0138297080994 1.0386167764664 -31.636932373047
3.8494729995728 0.34005582332611 -31.529293060303
3.7103052139282 -0.3636759519577 -31.419713973999
3.6360306739807 -1.0764354467392 -31.305837631226
3.6029303073883 -1.7919882535934 -31.18971824646
3.6255173683167 -2.5075426101685 -31.071184158325
3.7028567790985 -3.2189838886261 -30.950950622559
3.7772316932678 -3.9307787418365 -30.830791473389
3.8265511989594 -4.6448621749878 -30.711339950562
3.9903609752655 -5.3411903381348 -30.58984375
11.487418174744 8.8363237380981 -33.160346984863
11.148601531982 8.2505369186401 -33.354644775391
10.784129142761 7.6657271385193 -33.502620697021
10.440619468689 7.0677728652954 -33.648391723633
10.140762329102 6.4543933868408 -33.809680938721
9.9612674713135 5.8128504753113 -34.039630889893
9.8119401931763 5.165388584137 -34.273784637451
9.6822967529297 4.4979963302612 -34.459720611572
9.5551633834839 3.8236649036407 -34.620594024658
9.4830837249756 3.163938999176 -34.7653465271
9.9720449447632 2.74551653862 -35.033550262451
10.497761726379 2.415296792984 -35.335845947266
10.875415802002 1.8753446340561 -35.585868835449
11.248558044434 1.3188103437424 -35.797550201416
11.667669296265 0.76166731119156 -35.900550842285
12.079867362976 0.19651626050472 -35.974678039551
12.402800559998 -0.42585533857346 -36.04704284668
12.717240333557 -1.0523247718811 -36.120834350586
13.000285148621 -1.6905436515808 -36.212036132812
13.193232536316 -2.3542382717133 -36.350437164307
13.383361816406 -3.0187139511108 -36.48832321167
13.514126777649 -3.6996319293976 -36.615310668945
13.639514923096 -4.3817520141602 -36.741268157959
13.838073730469 -5.0485587120056 -36.854454040527
14.05476474762 -5.7102727890015 -36.964210510254
11.234901428223 8.7815866470337 -32.105052947998
10.813695907593 8.2321271896362 -31.724081039429
10.432951927185 7.6434545516968 -31.359397888184
10.102977752686 7.0497331619263 -30.955543518066
9.7906923294067 6.4549174308777 -30.539417266846
9.4817972183228 5.8589468002319 -30.122407913208
9.2542715072632 5.2420086860657 -29.684446334839
9.0543203353882 4.6387405395508 -29.214881896973
8.8828649520874 4.0293216705322 -28.741962432861
9.4246654510498 3.6860251426697 -28.336158752441
10.123722076416 3.5566124916077 -27.996522903442
10.741635322571 3.2357115745544 -27.624053955078
11.285552024841 2.8221213817596 -27.23112487793
11.68200302124 2.2510039806366 -26.857021331787
11.984966278076 1.6072328090668 -26.513181686401
12.267679214478 0.96188950538635 -26.155632019043
12.574396133423 0.35807436704636 -25.748481750488
12.846051216125 -0.26118731498718 -25.339590072632
13.091767311096 -0.89419609308243 -24.935567855835
13.253485679626 -1.5831693410873 -24.583934783936
13.444090843201 -2.2227761745453 -24.16077041626
13.698244094849 -2.6901984214783 -23.576833724976
13.986445426941 -2.9846973419189 -22.902515411377
14.315452575684 -3.3408789634705 -22.284349441528
14.791477203369 -3.9580860137939 -22.156679153442
