41.38472366333 -1.0646436214447 333.1051940918
36.056976318359 -29.121612548828 325.67419433594
22.217163085938 -33.703914642334 333.1696472168
21.292518615723 -29.698884963989 317.45715332031
42.178958892822 -1.9142472743988 332.85284423828
42.558238983154 -3.0039427280426 332.54748535156
42.852905273438 -4.1182589530945 332.23788452148
43.046043395996 -5.253918170929 331.92541503906
43.178050994873 -6.3981800079346 331.61236572266
43.295913696289 -7.5439581871033 331.29934692383
43.359310150146 -8.6941471099854 330.98663330078
43.438808441162 -9.8430519104004 330.673828125
43.363079071045 -10.993560791016 330.36505126953
43.317157745361 -12.145083427429 330.05508422852
43.119827270508 -13.282799720764 329.75323486328
42.80456161499 -14.396406173706 329.46127319336
42.467929840088 -15.504308700562 329.17147827148
42.161567687988 -16.620122909546 328.87860107422
41.78617477417 -17.716602325439 328.59298706055
41.398441314697 -18.809144973755 328.30880737305
40.982620239258 -19.892154693604 328.02795410156
40.492374420166 -20.946187973022 327.75708007812
39.942066192627 -21.972549438477 327.4953918457
39.34867477417 -22.976463317871 327.24099731445
38.651302337646 -23.916049957275 327.00701904297
38.104179382324 -24.9439868927 326.74481201172
37.588478088379 -25.986797332764 326.47769165039
37.056541442871 -27.022071838379 326.21307373047
36.539386749268 -28.064222335815 325.94616699219
41.035354614258 -2.1796889305115 333.92303466797
40.739555358887 -3.6091980934143 334.12088012695
40.474796295166 -5.0739259719849 333.94943237305
40.22953414917 -6.5434169769287 333.8332824707
39.782787322998 -7.9587597846985 333.60736083984
39.224670410156 -9.3335390090942 333.37954711914
38.698055267334 -10.737216949463 333.28479003906
37.999732971191 -12.055260658264 333.1201171875
37.205574035645 -13.314102172852 332.93597412109
36.386600494385 -14.556692123413 332.77697753906
35.755187988281 -15.919751167297 332.77816772461
34.77278137207 -17.047550201416 332.65231323242
33.83959197998 -18.216400146484 332.55377197266
32.996952056885 -19.458990097046 332.50329589844
32.08731842041 -20.654029846191 332.47106933594
31.167240142822 -21.841176986694 332.44735717773
30.239040374756 -23.0221824646 332.43035888672
29.300762176514 -24.193937301636 332.46453857422
28.360126495361 -25.36279296875 332.53692626953
27.463724136353 -26.565845489502 332.61270141602
26.557956695557 -27.762254714966 332.66421508789
25.624200820923 -28.938810348511 332.6432800293
24.789758682251 -30.181112289429 332.77328491211
24.185075759888 -31.536773681641 332.88943481445
23.328435897827 -32.704040527344 333.02151489258
40.920246124268 -1.5798441171646 331.86077880859
40.732395172119 -2.8762860298157 331.23425292969
40.290031433105 -3.9338691234589 330.86206054688
40.069507598877 -5.2258973121643 330.07952880859
39.574058532715 -6.5870327949524 329.60577392578
39.039989471436 -7.9134969711304 329.06225585938
38.481540679932 -9.1956224441528 328.44418334961
37.850940704346 -10.41837978363 327.82327270508
37.028285980225 -11.64077091217 327.41519165039
36.215843200684 -12.83699131012 326.91793823242
35.335353851318 -13.98844909668 326.4319152832
34.400745391846 -15.118032455444 325.99298095703
33.556739807129 -16.24454498291 325.390625
32.691173553467 -17.335763931274 324.75476074219
31.792640686035 -18.416347503662 324.14813232422
30.87268447876 -19.485094070435 323.55215454102
29.944969177246 -20.517684936523 322.90609741211
28.994096755981 -21.548980712891 322.29415893555
28.014600753784 -22.578674316406 321.72442626953
27.088027954102 -23.5494556427 320.99606323242
26.039916992188 -24.49059677124 320.39822387695
25.04340171814 -25.531583786011 319.89013671875
24.157409667969 -26.660299301147 319.35598754883
23.237964630127 -27.678396224976 318.68069458008
22.279607772827 -28.684551239014 318.04116821289
