57.957305908203 -5.6810398101807 275.79843139648
63.477851867676 3.5279612541199 272.42202758789
72.862350463867 3.9364128112793 272.68743896484
69.983207702637 3.4617877006531 264.85202026367
57.852596282959 -5.2452254295349 275.7900390625
57.87487411499 -4.8014965057373 275.72814941406
57.947578430176 -4.3664531707764 275.64645385742
58.057884216309 -3.9423310756683 275.5505065918
58.178806304932 -3.5220258235931 275.45062255859
58.316101074219 -3.1082696914673 275.3447265625
58.457908630371 -2.6965539455414 275.23715209961
58.644329071045 -2.3075721263885 275.11389160156
58.843070983887 -1.926119685173 274.98645019531
59.067970275879 -1.5626286268234 274.85025024414
59.299453735352 -1.204085111618 274.71197509766
59.536380767822 -0.84981620311737 274.57192993164
59.785980224609 -0.50601011514664 274.42785644531
60.037048339844 -0.16345898807049 274.28338623047
60.296047210693 0.17205849289894 274.1364440918
60.569480895996 0.4939239025116 273.98513793945
60.842617034912 0.81606924533844 273.83389282227
61.129356384277 1.1242176294327 273.6787109375
61.420703887939 1.4273709058762 273.52227783203
61.70641708374 1.7366030216217 273.36737060547
61.998329162598 2.0391097068787 273.21072387695
62.290637969971 2.3411555290222 273.05395507812
62.586906433105 2.6387438774109 272.89608764648
62.890949249268 2.9272158145905 272.73608398438
63.194919586182 3.2157490253448 272.57608032227
58.518692016602 -5.2768707275391 275.83712768555
58.838809967041 -4.6657886505127 275.75103759766
59.39298248291 -4.261456489563 275.60513305664
59.957981109619 -3.8621842861176 275.49139404297
60.518901824951 -3.476081609726 275.32269287109
61.077716827393 -3.0827441215515 275.16488647461
61.640224456787 -2.7124211788177 274.96823120117
62.201122283936 -2.3361337184906 274.77853393555
62.751403808594 -1.9515135288239 274.57498168945
63.311050415039 -1.584415435791 274.36477661133
63.861865997314 -1.1981456279755 274.16595458984
64.428581237793 -0.8389618396759 273.9609375
65.001220703125 -0.4788698554039 273.77517700195
65.574356079102 -0.10350915789604 273.62408447266
66.160568237305 0.25039321184158 273.47146606445
66.757675170898 0.5813912153244 273.30993652344
67.35961151123 0.91599678993225 273.17608642578
67.975914001465 1.2292460203171 273.05679321289
68.600769042969 1.5360341072083 272.97033691406
69.217514038086 1.8686660528183 272.9384765625
69.8203125 2.2134881019592 272.83868408203
70.421440124512 2.5535292625427 272.71624755859
71.027755737305 2.9053537845612 272.68716430664
71.633796691895 3.2587258815765 272.67813110352
72.250442504883 3.5933637619019 272.67565917969
58.207244873047 -5.179356098175 275.33355712891
58.516914367676 -4.5962562561035 275.03085327148
58.998729705811 -4.2384252548218 274.61599731445
59.479194641113 -3.8678662776947 274.21090698242
59.959892272949 -3.4767348766327 273.82598876953
60.458202362061 -3.0775465965271 273.47296142578
60.947814941406 -2.6647257804871 273.1240234375
61.504131317139 -2.3256676197052 272.79565429688
62.055160522461 -1.9698179960251 272.47625732422
62.614128112793 -1.6274390220642 272.15591430664
63.1572265625 -1.2716289758682 271.8232421875
63.67162322998 -0.90032076835632 271.46310424805
64.225410461426 -0.58555454015732 271.10739135742
64.765319824219 -0.25326678156853 270.74642944336
65.25789642334 0.10700690001249 270.34664916992
65.720886230469 0.46241331100464 269.9089050293
66.178741455078 0.78270733356476 269.43978881836
66.649398803711 1.1020420789719 268.98287963867
67.08763885498 1.4061671495438 268.48510742188
67.565422058105 1.6976467370987 268.01708984375
68.041290283203 1.9822976589203 267.54293823242
68.478721618652 2.2351801395416 267.01666259766
68.867362976074 2.516167640686 266.46688842773
69.234519958496 2.8310759067535 265.92071533203
69.612846374512 3.2169914245605 265.43072509766
