149.24053955078 73.566429138184 303.79336547852
135.76741027832 -6.7847099304199 347.9635925293
145.36468505859 -14.454612731934 329.94686889648
156.54698181152 -4.5001759529114 350.27423095703
145.58062744141 74.169792175293 305.26300048828
142.15263366699 73.532493591309 307.20401000977
139.16194152832 72.000122070312 309.35571289062
136.69247436523 69.787208557129 311.57717895508
134.63031005859 67.181632995605 313.78793334961
132.97003173828 64.266647338867 315.95141601562
131.49174499512 61.233390808105 318.08322143555
130.40182495117 57.984619140625 320.13021850586
129.57968139648 54.614929199219 322.10577392578
128.94650268555 51.172508239746 324.02487182617
128.48785400391 47.671924591064 325.88772583008
128.14376831055 44.137771606445 327.71151733398
127.90237426758 40.576560974121 329.49877929688
127.77838897705 36.987922668457 331.24267578125
127.73319244385 33.383037567139 332.95651245117
127.82802581787 29.753244400024 334.61492919922
128.03671264648 26.107152938843 336.22647094727
128.38270568848 22.446033477783 337.779296875
128.90017700195 18.773420333862 339.25546264648
129.51322937012 15.097937583923 340.68713378906
130.26206970215 11.422764778137 342.05361938477
131.0887298584 7.7501578330994 343.38162231445
131.95077514648 4.0794034004211 344.69186401367
133.10665893555 0.43759018182755 345.84777832031
134.37364196777 -3.1862704753876 346.94201660156
145.87612915039 72.310150146484 304.86233520508
142.97334289551 70.594741821289 306.49456787109
141.29536437988 67.60424041748 307.96673583984
140.76007080078 64.167343139648 309.34030151367
140.14004516602 60.682899475098 310.57049560547
139.4659576416 57.333713531494 312.10891723633
139.50173950195 53.779796600342 313.29409790039
139.03903198242 50.184268951416 314.23297119141
138.39384460449 46.755043029785 315.52764892578
138.24328613281 43.146636962891 316.5046081543
137.95904541016 39.583980560303 317.59567260742
138.15632629395 35.963436126709 318.53799438477
138.39659118652 32.363143920898 319.54504394531
138.51324462891 28.749557495117 320.5283203125
138.67681884766 25.115180969238 321.42065429688
138.88764953613 21.48363494873 322.30548095703
139.07066345215 17.888919830322 323.31011962891
139.64645385742 14.310517311096 324.24942016602
140.0712890625 10.751146316528 325.3356628418
140.64866638184 7.1687469482422 326.26968383789
141.27697753906 3.5821690559387 327.15356445312
141.9566192627 -0.0081188268959522 327.98165893555
142.72001647949 -3.6082053184509 328.68453979492
143.56652832031 -7.2183966636658 329.2190246582
144.49337768555 -10.838229179382 329.49658203125
146.41007995605 73.150352478027 306.21185302734
143.79244995117 71.855735778809 308.5546875
142.52253723145 69.501747131348 311.1520690918
142.41618347168 66.311431884766 313.06707763672
142.56396484375 63.127182006836 315.03143310547
142.33145141602 59.901668548584 316.91159057617
141.80139160156 56.87043762207 319.02215576172
142.15838623047 53.721405029297 321.00521850586
141.98692321777 50.683490753174 323.18328857422
142.28807067871 47.513153076172 325.15557861328
142.71740722656 44.326152801514 327.07604980469
143.32983398438 41.091613769531 328.85580444336
144.03987121582 37.818965911865 330.47796630859
144.23027038574 34.623859405518 332.3876953125
145.07397460938 31.353853225708 334.00762939453
145.77311706543 28.063270568848 335.65454101562
146.36410522461 24.77827835083 337.35531616211
147.01950073242 21.465831756592 338.95843505859
148.01429748535 18.118934631348 340.30633544922
148.8080291748 14.790013313293 341.82452392578
149.87156677246 11.517199516296 343.30477905273
150.94067382812 8.240517616272 344.77066040039
152.1641998291 4.9735088348389 346.13543701172
153.44352722168 1.7526623010635 347.55645751953
154.94319152832 -1.3814219236374 348.95706176758
