61.352794647217 4.6647200584412 274.91049194336
68.780632019043 -8.1313276290894 276.99670410156
72.936988830566 -2.5635018348694 272.28723144531
74.05989074707 -1.869412779808 280.76937866211
61.133247375488 4.1008172035217 274.99658203125
61.083507537842 3.4984796047211 275.09045410156
61.098789215088 2.8943977355957 275.18536376953
61.156978607178 2.2929267883301 275.28030395508
61.239139556885 1.6942311525345 275.37509155273
61.349548339844 1.1000273227692 275.46948242188
61.478862762451 0.5096121430397 275.56344604492
61.650779724121 -0.070003643631935 275.65612792969
61.892330169678 -0.62479823827744 275.74578857422
62.131694793701 -1.1805272102356 275.83547973633
62.403903961182 -1.7212306261063 275.92318725586
62.730037689209 -2.2319273948669 276.00677490234
63.105388641357 -2.7084612846375 276.08554077148
63.474559783936 -3.1896996498108 276.16494750977
63.851085662842 -3.6653339862823 276.24356079102
64.264045715332 -4.110456943512 276.31781005859
64.688903808594 -4.5445160865784 276.39038085938
65.188163757324 -4.8927540779114 276.45034790039
65.671340942383 -5.2621221542358 276.51345825195
66.065490722656 -5.7236046791077 276.59005737305
66.468078613281 -6.1779079437256 276.66558837891
66.883354187012 -6.620924949646 276.73950195312
67.301200866699 -7.0615696907043 276.81311035156
67.791030883789 -7.4223918914795 276.87493896484
68.285491943359 -7.7773265838623 276.93588256836
61.50267791748 4.4302468299866 274.38031005859
61.715755462646 4.0275259017944 274.06100463867
61.978885650635 3.5178518295288 273.89364624023
62.289916992188 3.0140194892883 273.81066894531
62.627082824707 2.5207331180573 273.77157592773
63.030048370361 2.0842468738556 273.82489013672
63.446102142334 1.6579859256744 273.86795043945
63.866619110107 1.2326613664627 273.8395690918
64.311386108398 0.83945947885513 273.77349853516
64.782638549805 0.48023983836174 273.71115112305
65.293601989746 0.17078250646591 273.71124267578
65.796401977539 -0.14696879684925 273.64218139648
66.321533203125 -0.4269472360611 273.61944580078
66.866539001465 -0.66036605834961 273.60403442383
67.399765014648 -0.84624165296555 273.40634155273
67.918891906738 -1.0419281721115 273.1838684082
68.457489013672 -1.2590909004211 273.03796386719
69.0205078125 -1.43004155159 272.94430541992
69.332130432129 -1.8058507442474 273.291015625
69.762001037598 -2.0504696369171 273.38763427734
70.315185546875 -2.1850574016571 273.27236938477
70.815475463867 -2.3261885643005 273.22988891602
71.272201538086 -2.2230908870697 272.85662841797
71.823440551758 -2.3284163475037 272.65994262695
72.380210876465 -2.4459590911865 272.47357177734
61.54354095459 4.4426970481873 275.46630859375
61.810695648193 4.0227627754211 275.82348632812
62.128967285156 3.5536820888519 276.09136962891
62.49284362793 3.082656621933 276.28967285156
62.894184112549 2.6408495903015 276.48468017578
63.284957885742 2.1955351829529 276.6884765625
63.657787322998 1.7622431516647 276.94854736328
64.07405090332 1.3590803146362 277.18463134766
64.565971374512 1.0116134881973 277.35684204102
65.074066162109 0.70469260215759 277.55328369141
65.565956115723 0.40813416242599 277.80755615234
66.096458435059 0.1551788598299 278.01489257812
66.650825500488 -0.053941961377859 278.21441650391
67.205627441406 -0.18481902778149 278.46328735352
67.75887298584 -0.29324525594711 278.73034667969
68.257820129395 -0.517946600914 279.03689575195
68.753059387207 -0.77395391464233 279.32537841797
69.316093444824 -0.93671888113022 279.55145263672
69.872444152832 -1.1263154745102 279.76736450195
70.452125549316 -1.2510459423065 279.97305297852
71.032646179199 -1.3699699640274 280.17849731445
71.626533508301 -1.4642338752747 280.35754394531
72.237396240234 -1.5514857769012 280.47103881836
72.843307495117 -1.6999931335449 280.50546264648
73.451599121094 -1.7847030162811 280.6374206543
