70.119232177734 -5.2171411514282 268.57037353516
76.293212890625 -0.70313316583633 273.46624755859
82.438034057617 -5.3475494384766 275.41714477539
82.229370117188 2.3097898960114 269.15426635742
69.993370056152 -5.0017266273499 268.84564208984
69.988128662109 -4.7665071487427 269.13317871094
70.057800292969 -4.531759262085 269.41265869141
70.180778503418 -4.3035793304443 269.67892456055
70.338241577148 -4.0826382637024 269.93286132812
70.517547607422 -3.8677353858948 270.17730712891
70.720878601074 -3.6608703136444 270.40957641602
70.943695068359 -3.4617335796356 270.63046264648
71.182540893555 -3.2699182033539 270.8408203125
71.434509277344 -3.0848300457001 271.04168701172
71.701271057129 -2.9082181453705 271.2307434082
71.971038818359 -2.7334704399109 271.41723632812
72.255180358887 -2.5682566165924 271.59063720703
72.549011230469 -2.4102513790131 271.75430297852
72.853729248047 -2.2611820697784 271.90603637695
73.15837097168 -2.1120254993439 272.05783081055
73.468368530273 -1.9676300287247 272.20327758789
73.788551330566 -1.8331924676895 272.33557128906
74.101631164551 -1.6917061805725 272.47720336914
74.420425415039 -1.5558439493179 272.61138916016
74.729507446289 -1.4106132984161 272.75793457031
75.046279907227 -1.2727278470993 272.89483642578
75.364036560059 -1.1358066797256 273.03042602539
75.672309875488 -0.98984807729721 273.17791748047
75.993232727051 -0.85624170303345 273.30917358398
70.421264648438 -5.1612324714661 269.03048706055
70.715713500977 -4.9461832046509 269.43563842773
71.210563659668 -4.8804926872253 269.65893554688
71.590934753418 -4.821635723114 270.05117797852
72.084823608398 -4.8034195899963 270.30270385742
72.582237243652 -4.7807388305664 270.5451965332
73.051277160645 -4.7941112518311 270.84088134766
73.518493652344 -4.814389705658 271.13876342773
73.971313476562 -4.8364677429199 271.45724487305
74.454933166504 -4.8240747451782 271.72839355469
74.938400268555 -4.8284049034119 271.99996948242
75.414421081543 -4.8488116264343 272.28308105469
75.913734436035 -4.8469109535217 272.52310180664
76.389442443848 -4.9049711227417 272.80215454102
76.87483215332 -4.9471554756165 273.06701660156
77.345352172852 -5.0013270378113 273.35552978516
77.821311950684 -5.0331621170044 273.6383972168
78.308959960938 -5.0512552261353 273.90191650391
78.8056640625 -5.0547366142273 274.14859008789
79.312828063965 -5.0431933403015 274.3727722168
79.822448730469 -5.0237231254578 274.59051513672
80.34944152832 -5.0229301452637 274.76330566406
80.871208190918 -5.0542120933533 274.94863891602
81.390121459961 -5.1306791305542 275.12887573242
81.909172058105 -5.2334909439087 275.29504394531
70.417037963867 -4.7684817314148 268.71658325195
70.918174743652 -4.5293097496033 268.78942871094
71.341659545898 -4.1964249610901 268.91024780273
71.678771972656 -3.7934417724609 269.08419799805
72.119567871094 -3.4583342075348 269.16885375977
72.58829498291 -3.1546711921692 269.21963500977
73.068435668945 -2.8673319816589 269.25921630859
73.54825592041 -2.5782852172852 269.2883605957
74.026184082031 -2.2859480381012 269.31323242188
74.505989074707 -1.9987727403641 269.35656738281
74.973594665527 -1.6906666755676 269.38668823242
75.427940368652 -1.3621205091476 269.4040222168
75.881019592285 -1.0316156148911 269.41052246094
76.328987121582 -0.69469672441483 269.39028930664
76.773109436035 -0.35439297556877 269.35009765625
77.223640441895 -0.022760096937418 269.30908203125
77.678619384766 0.30436828732491 269.28491210938
78.133186340332 0.63269400596619 269.2868347168
78.609809875488 0.92740136384964 269.31213378906
79.092704772949 1.2119162082672 269.33239746094
79.561737060547 1.5190714597702 269.32684326172
80.066558837891 1.7630397081375 269.31466674805
80.594032287598 1.9535055160522 269.30429077148
81.130867004395 2.1114346981049 269.26565551758
81.679908752441 2.2154173851013 269.21649169922
