79.425636291504 -4.5829601287842 405.57067871094
97.433944702148 -8.554443359375 406.74905395508
99.675407409668 -4.6900506019592 403.73718261719
99.913696289062 -5.0211505889893 410.65716552734
79.68431854248 -5.2703561782837 405.53970336914
80.21459197998 -5.7807421684265 405.54458618164
80.840637207031 -6.1675324440002 405.56661987305
81.498031616211 -6.4976058006287 405.59558105469
82.181968688965 -6.7678575515747 405.63125610352
82.87939453125 -7.0004730224609 405.67092895508
83.5859375 -7.2031545639038 405.7135925293
84.295623779297 -7.3942971229553 405.75738525391
85.011558532715 -7.5597515106201 405.80364990234
85.733757019043 -7.6943888664246 405.85278320312
86.457550048828 -7.8198080062866 405.90277099609
87.183586120605 -7.9309787750244 405.95397949219
87.911437988281 -8.0288991928101 406.00637817383
88.640762329102 -8.114574432373 406.05981445312
89.371635437012 -8.1846876144409 406.1145324707
90.105155944824 -8.2101726531982 406.17291259766
90.835968017578 -8.2808790206909 406.22760009766
91.567764282227 -8.3399639129639 406.283203125
92.301574707031 -8.3446435928345 406.34313964844
93.033317565918 -8.4043025970459 406.39877319336
93.767127990723 -8.4118890762329 406.45849609375
94.500465393066 -8.4432010650635 406.51641845703
95.233749389648 -8.4756927490234 406.57421875
95.96654510498 -8.5189819335938 406.6311340332
96.700225830078 -8.5377759933472 406.69000244141
80.152122497559 -4.6040191650391 405.26718139648
80.913856506348 -4.7698740959167 405.14739990234
81.678939819336 -4.840087890625 404.97192382812
82.456382751465 -4.971312046051 404.93127441406
83.233558654785 -5.1083164215088 404.90774536133
84.012519836426 -5.2345628738403 404.88687133789
84.797805786133 -5.314790725708 404.88333129883
85.585868835449 -5.3536863327026 404.91076660156
86.374366760254 -5.3748774528503 404.94458007812
87.163307189941 -5.392557144165 404.96835327148
87.952667236328 -5.3942713737488 404.98089599609
88.741577148438 -5.4112615585327 404.9560546875
89.529205322266 -5.4225397109985 404.90313720703
90.315353393555 -5.4161143302917 404.837890625
91.098815917969 -5.3306136131287 404.87481689453
91.88224029541 -5.2829089164734 404.78958129883
92.666618347168 -5.2182388305664 404.72723388672
93.450256347656 -5.1596350669861 404.65145874023
94.231689453125 -5.1169981956482 404.54721069336
95.014770507812 -5.0726671218872 404.45721435547
95.794227600098 -5.046028137207 404.3346862793
96.576034545898 -4.9877686500549 404.24157714844
97.353416442871 -4.9479813575745 404.10995483398
98.128303527832 -4.8316473960876 404.01333618164
98.905548095703 -4.7492637634277 403.90191650391
80.119979858398 -4.7831363677979 405.95693969727
80.877349853516 -4.9976162910461 406.18563842773
81.66527557373 -5.1179571151733 406.37658691406
82.475547790527 -5.1948099136353 406.47790527344
83.285568237305 -5.2722253799438 406.58013916016
84.088920593262 -5.3842735290527 406.70132446289
84.897621154785 -5.4603643417358 406.814453125
85.710327148438 -5.4960722923279 406.91906738281
86.521308898926 -5.5338883399963 407.03512573242
87.334571838379 -5.5268721580505 407.14123535156
88.146827697754 -5.5033421516418 407.25155639648
88.948104858398 -5.5092458724976 407.42575073242
89.734245300293 -5.5718760490417 407.65100097656
90.525588989258 -5.6070494651794 407.86352539062
91.322601318359 -5.5992698669434 408.05688476562
92.110992431641 -5.5717644691467 408.28131103516
92.890739440918 -5.5276436805725 408.53179931641
93.680198669434 -5.497278213501 408.75210571289
94.473648071289 -5.4689989089966 408.95788574219
95.256828308105 -5.4502282142639 409.20077514648
96.038436889648 -5.42671251297 409.4482421875
96.825790405273 -5.384829044342 409.67416381836
97.594749450684 -5.3495488166809 409.9573059082
98.353302001953 -5.3300065994263 410.26864624023
99.125778198242 -5.192042350769 410.50689697266
