74.912506103516 -27.157987594604 334.47647094727
66.398857116699 -13.307201385498 339.35095214844
74.684005737305 -9.7185573577881 347.4494934082
73.999351501465 -5.543577671051 334.78894042969
74.24169921875 -27.04044342041 334.52682495117
73.656982421875 -26.708791732788 334.64926147461
73.11417388916 -26.318729400635 334.79110717773
72.592720031738 -25.903457641602 334.94125366211
72.083572387695 -25.474779129028 335.09576416016
71.615043640137 -25.006460189819 335.26330566406
71.16234588623 -24.5244140625 335.43530273438
70.745574951172 -24.014102935791 335.61642456055
70.345710754395 -23.491802215576 335.80139160156
69.93537902832 -22.976865768433 335.9841003418
69.548072814941 -22.446128845215 336.17175292969
69.195999145508 -21.89377784729 336.36633300781
68.876403808594 -21.323934555054 336.56643676758
68.576515197754 -20.744504928589 336.76950073242
68.287742614746 -20.160015106201 336.97418212891
68.019821166992 -19.566627502441 337.18157958984
67.782608032227 -18.961502075195 337.39245605469
67.575691223145 -18.346412658691 337.60635375977
67.389389038086 -17.725368499756 337.82202148438
67.237022399902 -17.095935821533 338.03997802734
67.080101013184 -16.467531204224 338.25769042969
66.935668945312 -15.836398124695 338.47613525391
66.768287658691 -15.210464477539 338.69317626953
66.612213134766 -14.581866264343 338.91091918945
66.475456237793 -13.949177742004 339.12979125977
74.808464050293 -26.738191604614 335.23007202148
74.629272460938 -26.202909469604 335.88052368164
74.279685974121 -25.63737487793 336.43698120117
73.979301452637 -24.973785400391 336.91067504883
73.674598693848 -24.324628829956 337.40072631836
73.364646911621 -23.693048477173 337.91061401367
73.133316040039 -23.029876708984 338.41326904297
72.999809265137 -22.327394485474 338.90692138672
72.866302490234 -21.624912261963 339.40054321289
72.828460693359 -20.88946723938 339.85980224609
72.805229187012 -20.148990631104 340.31381225586
72.750442504883 -19.426065444946 340.78594970703
72.571258544922 -18.772338867188 341.32955932617
72.507598876953 -18.072612762451 341.81988525391
72.570236206055 -17.322748184204 342.25399780273
72.605041503906 -16.584720611572 342.71124267578
72.65364074707 -15.848344802856 343.16833496094
72.803680419922 -15.124121665955 343.62438964844
72.942192077637 -14.40784072876 344.0940246582
73.01537322998 -13.736571311951 344.64083862305
73.219833374023 -13.0784034729 345.1535949707
73.545127868652 -12.452211380005 345.65887451172
73.856971740723 -11.822187423706 346.15939331055
74.133804321289 -11.090426445007 346.53735351562
74.409072875977 -10.400078773499 346.98590087891
74.777046203613 -26.345287322998 334.2356262207
74.464401245117 -25.573265075684 334.05120849609
74.127891540527 -24.794496536255 333.93701171875
73.813919067383 -23.997444152832 333.88323974609
73.537124633789 -23.184991836548 333.87133789062
73.270248413086 -22.369297027588 333.88650512695
73.097747802734 -21.531427383423 333.9462890625
72.97891998291 -20.684648513794 334.01281738281
72.889930725098 -19.833536148071 334.08010864258
72.680389404297 -19.004600524902 334.06494140625
72.661888122559 -18.157037734985 334.17053222656
72.625534057617 -17.306402206421 334.26995849609
72.548446655273 -16.455106735229 334.34866333008
72.502632141113 -15.602909088135 334.42962646484
72.518608093262 -14.748925209045 334.51501464844
72.546684265137 -13.8958568573 334.5993347168
72.674034118652 -13.05029964447 334.6745300293
72.781707763672 -12.201706886292 334.73742675781
72.846992492676 -11.346575737 334.77386474609
72.858329772949 -10.510599136353 334.60903930664
72.930168151855 -9.6779842376709 334.50836181641
73.116165161133 -8.8433303833008 334.58316040039
73.291305541992 -8.003960609436 334.60885620117
73.473258972168 -7.1652364730835 334.62033081055
73.715171813965 -6.3467416763306 334.68402099609
