144.65660095215 14.509497642517 644.12982177734
135.27870178223 -10.200366020203 647.12231445312
137.05459594727 -14.95183467865 639.91259765625
142.0279083252 -15.824889183044 649.12658691406
143.66990661621 14.823350906372 644.6728515625
142.66854858398 14.900338172913 645.205078125
141.64768981934 14.662225723267 645.72283935547
140.74856567383 14.075452804565 646.14929199219
139.91488647461 13.362005233765 646.53149414062
139.22747802734 12.462073326111 646.822265625
138.66717529297 11.469157218933 647.03894042969
138.2106628418 10.407576560974 647.19567871094
138.0115814209 9.2555704116821 647.21002197266
137.94583129883 8.0970449447632 647.15386962891
137.98124694824 6.933572769165 647.04418945312
138.08430480957 5.778018951416 646.89947509766
138.17735290527 4.6219320297241 646.76000976562
138.1078338623 3.4561169147491 646.70526123047
138.0528717041 2.2900485992432 646.64282226562
138.01501464844 1.1236822605133 646.5712890625
137.81649780273 -0.02554571442306 646.58563232422
137.58804321289 -1.1717706918716 646.61590576172
137.36645507812 -2.319442987442 646.64239501953
137.08206176758 -3.4502296447754 646.70330810547
136.7548828125 -4.569516658783 646.78765869141
136.41191101074 -5.6833643913269 646.88067626953
136.07566833496 -6.7956705093384 646.98986816406
135.74932861328 -7.9120645523071 647.08312988281
135.4856262207 -9.0496730804443 647.11590576172
143.40420532227 14.369735717773 644.32720947266
142.27084350586 13.970301628113 644.74658203125
141.4013671875 13.107062339783 645.09802246094
140.7706451416 12.022165298462 645.32299804688
140.38555908203 10.809787750244 645.41375732422
140.17739868164 9.5513601303101 645.41137695312
140.09394836426 8.2802543640137 645.3447265625
140.11660766602 7.011791229248 645.21026611328
140.15321350098 5.7454137802124 645.06115722656
140.08309936523 4.4799680709839 644.91510009766
140.01454162598 3.2148497104645 644.76629638672
139.99226379395 1.9611879587173 644.53088378906
139.92825317383 0.7082234621048 644.29962158203
139.8021697998 -0.53457921743393 644.04058837891
139.63360595703 -1.7648507356644 643.74798583984
139.50198364258 -2.999725818634 643.45587158203
139.37448120117 -4.235080242157 643.16394042969
139.22538757324 -5.4720087051392 642.88940429688
139.07215881348 -6.7091341018677 642.61804199219
138.88999938965 -7.9352226257324 642.31616210938
138.68627929688 -9.1521072387695 641.99169921875
138.40798950195 -10.339935302734 641.61859130859
138.10931396484 -11.518600463867 641.232421875
137.79393005371 -12.672275543213 640.78839111328
137.42332458496 -13.814748764038 640.35833740234
143.86666870117 14.301231384277 645.10504150391
142.85371398926 13.737748146057 645.63348388672
142.05432128906 12.825248718262 646.02471923828
141.46432495117 11.736185073853 646.32391357422
141.16313171387 10.499979019165 646.40521240234
140.99812316895 9.2360534667969 646.43969726562
140.88763427734 7.965850353241 646.45715332031
140.83293151855 6.69189453125 646.45513916016
140.82180786133 5.4168195724487 646.44934082031
140.84071350098 4.1418476104736 646.44091796875
140.85984802246 2.8668875694275 646.43267822266
140.9552154541 1.5958731174469 646.47021484375
141.01693725586 0.32225945591927 646.47924804688
141.03343200684 -0.95245867967606 646.45104980469
141.15473937988 -2.2217600345612 646.45953369141
141.29002380371 -3.4896321296692 646.47296142578
141.37390136719 -4.7492923736572 646.65142822266
141.44534301758 -6.0212421417236 646.70495605469
141.51667785645 -7.293309211731 646.75726318359
141.57934570312 -8.5567579269409 646.91717529297
141.64070129395 -9.8182516098022 647.09283447266
141.69631958008 -11.03978729248 647.45330810547
141.80523681641 -12.281085968018 647.72344970703
141.89018249512 -13.492165565491 648.11279296875
142.01545715332 -14.662205696106 648.60357666016
