65.498329162598 9.536319732666 344.18344116211
95.707221984863 34.181587219238 337.63284301758
71.921478271484 32.567455291748 326.19543457031
74.209213256836 37.290409088135 348.24118041992
67.052490234375 8.6213216781616 344.43533325195
68.793312072754 8.1075458526611 344.57955932617
70.566719055176 7.7096719741821 344.6926574707
72.371673583984 7.4784955978394 344.76092529297
74.190582275391 7.3966116905212 344.78887939453
75.988822937012 7.6732711791992 344.72015380859
77.771369934082 8.0340585708618 344.62860107422
79.519393920898 8.5279512405396 344.50100708008
81.222694396973 9.1511077880859 344.33847045898
82.813690185547 10.006502151489 344.11288452148
84.325790405273 10.987334251404 343.85314941406
85.772369384766 12.056359291077 343.56945800781
87.099815368652 13.260807037354 343.24884033203
88.287651062012 14.594059944153 342.89300537109
89.43726348877 15.95848941803 342.52862548828
90.337882995605 17.486978530884 342.11923217773
91.144462585449 19.063890457153 341.69644165039
91.724395751953 20.730754852295 341.24865722656
92.411193847656 22.359497070312 340.81149291992
93.277976989746 23.906406402588 340.39694213867
93.533462524414 25.6467628479 339.92831420898
93.945182800293 27.359703063965 339.46746826172
94.442092895508 29.051527023315 339.01272583008
94.79638671875 30.776372909546 338.5485534668
95.239204406738 32.48210144043 338.08978271484
66.643363952637 9.4389553070068 343.39105224609
67.941139221191 9.4990234375 342.88232421875
69.188201904297 9.7899417877197 342.32821655273
70.435249328613 10.159335136414 341.82171630859
71.680030822754 10.602995872498 341.37265014648
72.864471435547 10.967804908752 340.73315429688
74.017166137695 11.487936973572 340.14456176758
74.828063964844 12.541192054749 339.77438354492
75.300918579102 13.763362884521 339.30853271484
75.650856018066 14.93791103363 338.64495849609
75.943717956543 16.082897186279 337.90277099609
75.93531036377 17.237272262573 337.12762451172
75.876861572266 18.394142150879 336.34872436523
75.830230712891 19.565637588501 335.59130859375
75.789672851562 20.744411468506 334.84478759766
75.794631958008 21.967668533325 334.17419433594
75.756866455078 23.191806793213 333.5051574707
75.450752258301 24.306848526001 332.7392578125
75.010581970215 25.337158203125 331.90817260742
74.510986328125 26.303907394409 331.03491210938
73.965019226074 27.19189453125 330.10791015625
73.511619567871 28.197616577148 329.2619934082
73.161285400391 29.322950363159 328.51745605469
72.709945678711 30.433200836182 327.80752563477
72.293670654297 31.505004882812 327.02072143555
66.494735717773 9.9767227172852 344.86212158203
67.602653503418 10.44264125824 345.31210327148
68.754501342773 10.925397872925 345.60794067383
69.897399902344 11.481527328491 345.78649902344
71.022804260254 12.086514472961 345.90780639648
72.062896728516 12.835459709167 345.83953857422
72.99877166748 13.713046073914 345.86569213867
73.765548706055 14.731353759766 346.01419067383
74.342994689941 15.876720428467 346.04055786133
74.715538024902 17.101083755493 345.95199584961
74.806106567383 18.38076210022 345.91226196289
74.863731384277 19.662237167358 345.88195800781
74.868843078613 20.928684234619 346.09027099609
74.860290527344 22.183511734009 346.35992431641
74.870269775391 23.443683624268 346.60015869141
75.049903869629 24.714019775391 346.56332397461
75.227821350098 25.984344482422 346.52819824219
75.188377380371 27.253116607666 346.71780395508
75.090354919434 28.508668899536 346.96539306641
74.947280883789 29.771217346191 347.14666748047
74.75080871582 31.030181884766 347.30059814453
74.497932434082 32.262580871582 347.55480957031
74.266952514648 33.506736755371 347.76950073242
74.123718261719 34.761226654053 348
73.989807128906 36.030311584473 348.13726806641
