131.7194519043 8.0211048126221 641.99157714844
139.20161437988 -1.4661474227905 646.04675292969
133.87872314453 -5.6633105278015 649.02697753906
137.75094604492 -4.9849944114685 640.98663330078
132.17991638184 8.0978298187256 642.21630859375
132.63751220703 8.0154609680176 642.44561767578
133.07371520996 7.8443145751953 642.66766357422
133.49877929688 7.6426920890808 642.88537597656
133.88804626465 7.3666081428528 643.08819580078
134.2639465332 7.0686883926392 643.28515625
134.61712646484 6.7382402420044 643.47216796875
134.96557617188 6.4018182754517 643.65716552734
135.28131103516 6.0272703170776 643.82720947266
135.5931854248 5.6487526893616 643.99560546875
135.90426635742 5.2694401741028 644.16369628906
136.2043762207 4.8792667388916 644.32672119141
136.48237609863 4.4690356254578 644.47943115234
136.75509643555 4.0544495582581 644.62994384766
137.01991271973 3.6334683895111 644.77667236328
137.27314758301 3.2035765647888 644.91796875
137.51640319824 2.7665045261383 645.0546875
137.72471618652 2.3071029186249 645.17486572266
137.92195129395 1.8415347337723 645.28997802734
138.12886047363 1.3813036680222 645.40942382812
138.32557678223 0.91545611619949 645.52423095703
138.51719665527 0.44685325026512 645.63647460938
138.70620727539 -0.023052260279655 645.74768066406
138.89114379883 -0.49505284428596 645.85681152344
139.05062866211 -0.97884994745255 645.95379638672
131.97227478027 7.7293920516968 642.47351074219
132.11219787598 7.2332978248596 642.78271484375
132.2970123291 6.7788925170898 643.03393554688
132.54391479492 6.4052834510803 643.30548095703
132.69296264648 5.8057498931885 643.40417480469
132.92308044434 5.277850151062 643.6240234375
133.18391418457 4.7812008857727 643.90356445312
133.39710998535 4.2549829483032 644.16839599609
133.58483886719 3.7137866020203 644.42413330078
133.73918151855 3.1558880805969 644.66546630859
133.88912963867 2.595796585083 644.90496826172
133.98669433594 2.0729908943176 645.23724365234
134.07981872559 1.5424839258194 645.55157470703
134.1410369873 0.93029004335403 645.67407226562
134.18395996094 0.38755545020103 645.95379638672
134.21531677246 -0.111307695508 646.33288574219
134.23347473145 -0.63019013404846 646.68133544922
134.22933959961 -1.1829344034195 646.97796630859
134.22174072266 -1.7546682357788 647.22442626953
134.20712280273 -2.3648109436035 647.36950683594
134.20080566406 -2.9590618610382 647.56414794922
134.20191955566 -3.5391373634338 647.80303955078
134.16455078125 -4.0417418479919 648.17504882812
134.12548828125 -4.5409269332886 648.55297851562
134.06224060059 -5.117627620697 648.787109375
131.86000061035 7.5088739395142 641.82305908203
132.12203979492 7.0089111328125 641.77587890625
132.42835998535 6.5311207771301 641.80133056641
132.75077819824 6.0689520835876 641.83972167969
133.16287231445 5.6937532424927 641.95007324219
133.46850585938 5.2303204536438 642.03454589844
133.77699279785 4.7644453048706 642.13385009766
134.0708770752 4.2861013412476 642.22094726562
134.35795593262 3.8002264499664 642.27899169922
134.63851928711 3.3071329593658 642.30920410156
134.90898132324 2.8077609539032 642.30938720703
135.17715454102 2.3069515228271 642.30267333984
135.42947387695 1.8006196022034 642.26019287109
135.67250061035 1.2910468578339 642.19665527344
135.79795837402 0.74675357341766 642.09301757812
135.97561645508 0.22538036108017 641.98883056641
136.28964233398 -0.23618616163731 641.88336181641
136.47877502441 -0.76729583740234 641.81439208984
136.6695098877 -1.2958797216415 641.73413085938
136.8692779541 -1.8135372400284 641.61206054688
137.05406188965 -2.3438611030579 641.52746582031
137.25956726074 -2.8603837490082 641.42828369141
137.54434204102 -3.3230011463165 641.26196289062
137.6188659668 -3.8789989948273 641.19561767578
137.68174743652 -4.4390239715576 641.12768554688
