55.368431091309 -5.6547675132751 265.46820068359
66.21875 6.4175801277161 267.93380737305
69.926963806152 3.513258934021 274.21011352539
71.711242675781 2.8009879589081 264.35705566406
55.067245483398 -5.075385093689 265.3623046875
55.084079742432 -4.4106163978577 265.33969116211
55.25256729126 -3.7666757106781 265.35928344727
55.519176483154 -3.1579432487488 265.40710449219
55.844638824463 -2.5803754329681 265.47219848633
56.233211517334 -2.0455455780029 265.55630493164
56.652507781982 -1.5360872745514 265.64984130859
57.101028442383 -1.0539257526398 265.75247192383
57.564136505127 -0.58677983283997 265.85968017578
58.040687561035 -0.13439030945301 265.97116088867
58.530685424805 0.30230402946472 266.0869140625
59.026359558105 0.73203349113464 266.20452880859
59.533710479736 1.1468245983124 266.32595825195
60.045444488525 1.5557742118835 266.44882202148
60.555778503418 1.9666057825089 266.57119750977
61.071041107178 2.3707242012024 266.69528198242
61.592430114746 2.7663011550903 266.82125854492
62.105373382568 3.1736016273499 266.94454956055
62.620315551758 3.5781891345978 267.06845092773
63.137676239014 3.9794363975525 267.19311523438
63.657825469971 4.3767552375793 267.31875610352
64.172637939453 4.7815222740173 267.44259643555
64.682357788086 5.1931662559509 267.56481933594
65.199447631836 5.5947723388672 267.689453125
65.718902587891 5.9930748939514 267.81481933594
55.549060821533 -5.0053081512451 265.81008911133
55.868083953857 -4.3622808456421 266.00793457031
56.526439666748 -4.1708989143372 266.3190612793
57.068511962891 -3.7643935680389 266.65505981445
57.649742126465 -3.3728947639465 266.93991088867
58.250930786133 -3.0140435695648 267.2265625
58.850841522217 -2.6557326316833 267.51617431641
59.419399261475 -2.2604146003723 267.82080078125
59.999969482422 -1.8800393342972 268.12164306641
60.604175567627 -1.5314520597458 268.41448974609
61.197242736816 -1.1733334064484 268.71841430664
61.782379150391 -0.80974245071411 269.03106689453
62.361270904541 -0.45315891504288 269.36288452148
62.941360473633 -0.098602086305618 269.6946105957
63.54557800293 0.21392431855202 270.02563476562
64.134941101074 0.53583747148514 270.3740234375
64.713394165039 0.86160200834274 270.73672485352
65.316749572754 1.1517570018768 271.08895874023
65.892799377441 1.460477232933 271.47003173828
66.452194213867 1.7797967195511 271.86682128906
67.022933959961 2.1074028015137 272.24002075195
67.589302062988 2.4085292816162 272.64114379883
68.151145935059 2.6882984638214 273.0634765625
68.744575500488 2.9459919929504 273.45565795898
69.337135314941 3.2207884788513 273.83740234375
55.612426757812 -5.036970615387 265.18600463867
56.043788909912 -4.4661135673523 265.20745849609
56.713592529297 -4.1940197944641 265.19638061523
57.32674407959 -3.8092646598816 265.20095825195
57.943435668945 -3.4307703971863 265.22232055664
58.559650421143 -3.0508978366852 265.22647094727
59.177768707275 -2.6745939254761 265.22598266602
59.830768585205 -2.3628828525543 265.24755859375
60.479804992676 -2.0427010059357 265.26239013672
61.115970611572 -1.6972531080246 265.2610168457
61.754489898682 -1.3562177419662 265.25677490234
62.399951934814 -1.0287209749222 265.24420166016
63.050933837891 -0.71232885122299 265.23257446289
63.71293258667 -0.41956409811974 265.22305297852
64.374481201172 -0.1257216334343 265.21621704102
65.033447265625 0.1737734079361 265.22235107422
65.690483093262 0.47446396946907 265.17984008789
66.340774536133 0.7738401889801 265.0729675293
67.011787414551 1.0406782627106 265.02221679688
67.686653137207 1.2991526126862 264.98052978516
68.350372314453 1.573281288147 264.88903808594
69.016311645508 1.8424873352051 264.79913330078
69.693733215332 2.0843739509583 264.71771240234
70.369445800781 2.3251316547394 264.62033081055
71.040344238281 2.5630588531494 264.48867797852
