49.394855499268 -7.7675046920776 341.48394775391
94.58715057373 -16.192287445068 341.71377563477
96.991333007812 -4.1973195075989 336.88174438477
99.553817749023 -9.9131565093994 355.80535888672
49.964984893799 -9.4171829223633 340.83731079102
51.204097747803 -10.733929634094 340.38671875
52.587425231934 -11.921625137329 340.00244140625
54.13941192627 -12.911716461182 339.71539306641
55.840908050537 -13.652353286743 339.54583740234
57.605335235596 -14.243224143982 339.44458007812
59.408611297607 -14.710513114929 339.39859008789
61.252094268799 -14.980050086975 339.43914794922
63.103706359863 -15.177874565125 339.51055908203
64.961517333984 -15.259689331055 339.63137817383
66.819396972656 -15.336754798889 339.75415039062
68.677268981934 -15.370013237 339.89532470703
70.534790039062 -15.385263442993 340.04406738281
72.39094543457 -15.363679885864 340.20825195312
74.2392578125 -15.243405342102 340.41323852539
76.095176696777 -15.217103004456 340.5793762207
77.948303222656 -15.147771835327 340.76336669922
79.80086517334 -15.073924064636 340.94918823242
81.657348632812 -15.199375152588 341.0514831543
83.511932373047 -15.151552200317 341.22653198242
85.368728637695 -15.144637107849 341.38458251953
87.206451416016 -15.451698303223 341.40887451172
89.06413269043 -15.503958702087 341.54202270508
90.919250488281 -15.655380249023 341.63330078125
92.776222229004 -15.753915786743 341.74697875977
50.823802947998 -7.0086636543274 340.62475585938
52.417778015137 -7.6106519699097 339.84140014648
54.219032287598 -8.0308475494385 339.51580810547
56.08869934082 -8.0326251983643 339.31018066406
57.928199768066 -7.7080101966858 339.22695922852
59.63109588623 -6.9791011810303 339.51898193359
61.476829528809 -6.6084213256836 339.5227355957
63.327522277832 -6.2814841270447 339.40408325195
65.188110351562 -6.0068774223328 339.31484985352
67.059074401855 -5.8077683448792 339.28890991211
68.93090057373 -5.7501711845398 339.09136962891
70.804649353027 -5.652042388916 338.93121337891
72.678787231445 -5.5248675346375 338.79849243164
74.552429199219 -5.3657903671265 338.69619750977
76.424919128418 -5.1963238716125 338.58953857422
78.297630310059 -5.0443077087402 338.46520996094
80.170112609863 -4.9776654243469 338.27694702148
82.045394897461 -4.8681402206421 338.14471435547
83.921684265137 -4.7308921813965 338.06137084961
85.80078125 -4.6252317428589 338.0090637207
87.664672851562 -4.5476217269897 337.75192260742
89.519760131836 -4.4646878242493 337.43887329102
91.381492614746 -4.3448848724365 337.18325805664
93.248748779297 -4.1237907409668 337.08099365234
95.115158081055 -4.039134979248 336.84619140625
50.646621704102 -8.0811882019043 342.9670715332
52.454235076904 -8.9402093887329 343.3420715332
54.406269073486 -9.3297605514526 343.80850219727
56.389228820801 -9.4330463409424 344.26129150391
58.338371276855 -9.112473487854 344.77645874023
60.246185302734 -9.0237846374512 345.50915527344
62.195819854736 -8.880973815918 346.11264038086
64.174774169922 -8.7820854187012 346.62084960938
66.15217590332 -8.8477268218994 347.14102172852
68.11994934082 -9.0395927429199 347.66784667969
70.10717010498 -9.1819143295288 348.13464355469
72.089683532715 -9.302942276001 348.62686157227
74.06999206543 -9.4167013168335 349.1296081543
76.050285339355 -9.5353469848633 349.63104248047
78.039039611816 -9.6855192184448 350.08883666992
80.028617858887 -9.8210220336914 350.54751586914
82.01277923584 -9.9217100143433 351.03756713867
83.998168945312 -10.072863578796 351.50939941406
85.975738525391 -10.256986618042 352.00186157227
87.935791015625 -10.465476989746 352.55120849609
89.898811340332 -10.562438964844 353.12072753906
91.852081298828 -10.742040634155 353.70355224609
93.784469604492 -11.090579986572 354.27908325195
95.81014251709 -10.934928894043 354.52346801758
97.668197631836 -10.330109596252 355.12875366211
