58.151584625244 5.2625541687012 270.48611450195
64.72582244873 -3.6406631469727 270.86614990234
67.527809143066 0.49194699525833 267.06036376953
65.702941894531 0.68407738208771 274.30471801758
58.068622589111 4.8268928527832 270.49505615234
58.119777679443 4.3863205909729 270.50726318359
58.219333648682 3.954122543335 270.5205078125
58.351951599121 3.5309171676636 270.53427124023
58.517776489258 3.1196007728577 270.54852294922
58.710956573486 2.7204113006592 270.56314086914
58.925998687744 2.3325672149658 270.57800292969
59.156776428223 1.9538812637329 270.59301757812
59.397975921631 1.5817514657974 270.60809326172
59.660659790039 1.2244682312012 270.6233215332
59.930969238281 0.87291491031647 270.63854980469
60.203426361084 0.52302825450897 270.65383911133
60.479164123535 0.17572149634361 270.66912841797
60.779445648193 -0.15058894455433 270.68447875977
61.045040130615 -0.5057168006897 270.69970703125
61.327976226807 -0.84718269109726 270.71499633789
61.645290374756 -1.156956076622 270.73031616211
61.938007354736 -1.4900749921799 270.74569702148
62.248218536377 -1.8069652318954 270.76104736328
62.56591796875 -2.1163518428802 270.77633666992
62.877300262451 -2.4320933818817 270.7917175293
63.22452545166 -2.7079222202301 270.80688476562
63.566822052002 -2.9898581504822 270.82217407227
63.94242477417 -3.2256133556366 270.83706665039
64.327842712402 -3.4449808597565 270.85174560547
58.290985107422 4.9797739982605 270.16754150391
58.513874053955 4.6150102615356 270.02465820312
58.749897003174 4.26469373703 269.86956787109
59.065689086914 4.0048823356628 269.67999267578
59.384296417236 3.7427706718445 269.49850463867
59.704792022705 3.4814434051514 269.31921386719
60.030075073242 3.230535030365 269.1337890625
60.341728210449 2.9769325256348 268.92956542969
60.66459274292 2.7409024238586 268.72174072266
61.007530212402 2.519561290741 268.53060913086
61.365257263184 2.2956759929657 268.37231445312
61.717578887939 2.0555939674377 268.22619628906
62.07674407959 1.8021130561829 268.1266784668
62.440578460693 1.5509517192841 268.03903198242
62.827266693115 1.3256257772446 267.98577880859
63.232997894287 1.1315959692001 267.9560546875
63.650382995605 0.96807700395584 267.90902709961
64.071464538574 0.81715106964111 267.85360717773
64.499778747559 0.69277483224869 267.78866577148
64.941390991211 0.64732897281647 267.71072387695
65.37858581543 0.63651913404465 267.60177612305
65.797065734863 0.68587404489517 267.44183349609
66.208847045898 0.60717815160751 267.27630615234
66.631050109863 0.5410595536232 267.13299560547
67.078109741211 0.51146858930588 267.08377075195
58.324138641357 5.1130571365356 270.79553222656
58.450801849365 4.778480052948 270.95541381836
58.645988464355 4.4656896591187 271.08950805664
58.86580657959 4.1857891082764 271.25469970703
59.118476867676 3.939610004425 271.42687988281
59.380035400391 3.706081867218 271.60330200195
59.620723724365 3.4576120376587 271.78833007812
59.905731201172 3.2685284614563 271.98101806641
60.190727233887 3.0736327171326 272.16784667969
60.474010467529 2.8738799095154 272.35214233398
60.758888244629 2.6786541938782 272.53881835938
61.067249298096 2.5016357898712 272.70520019531
61.370433807373 2.3095641136169 272.86422729492
61.677021026611 2.1085040569305 273.00451660156
62.011089324951 1.9342302083969 273.11419677734
62.367519378662 1.8443828821182 273.25021362305
62.748153686523 1.7730741500854 273.31109619141
63.018222808838 1.5031980276108 273.39044189453
63.311550140381 1.2441583871841 273.3694152832
63.679553985596 1.1118298768997 273.4033203125
64.051635742188 1.0137586593628 273.48110961914
64.436866760254 0.9437740445137 273.50946044922
64.767135620117 0.99982982873917 273.71353149414
65.090538024902 1.0067929029465 273.93420410156
65.396743774414 0.84543395042419 274.11947631836
