69.438369750977 -0.79409182071686 267.70724487305
78.201202392578 2.1898918151855 271.66317749023
79.946380615234 -0.60227203369141 271.51235961914
80.164978027344 2.7902479171753 269.0495300293
69.481704711914 -0.54865121841431 268.01986694336
69.661201477051 -0.3285768032074 268.30285644531
69.89315032959 -0.12853533029556 268.56130981445
70.179870605469 0.04225318133831 268.78369140625
70.492134094238 0.19501747190952 268.9836730957
70.82364654541 0.33156964182854 269.16339111328
71.16968536377 0.45385843515396 269.32525634766
71.518493652344 0.57311755418777 269.48336791992
71.876083374023 0.6822435259819 269.62869262695
72.23583984375 0.78866195678711 269.77062988281
72.601257324219 0.88758444786072 269.90322875977
72.971809387207 0.97916734218597 270.02655029297
73.335762023926 1.0800904035568 270.16165161133
73.705513000488 1.1728698015213 270.28646850586
74.076240539551 1.2642047405243 270.4094543457
74.447158813477 1.3552114963531 270.53207397461
74.817413330078 1.4472380876541 270.65594482422
75.193168640137 1.5305770635605 270.76892089844
75.563995361328 1.6217397451401 270.89172363281
75.937049865723 1.7094657421112 271.01016235352
76.320861816406 1.7779775857925 271.10446166992
76.695053100586 1.8639162778854 271.22064208984
77.064865112305 1.9565763473511 271.34536743164
77.43773651123 2.0446088314056 271.46420288086
77.818565368652 2.1189873218536 271.56588745117
69.712356567383 -0.8336415886879 268.0442199707
70.030059814453 -0.71035414934158 268.31753540039
70.42098236084 -0.65091395378113 268.50735473633
70.803329467773 -0.54491919279099 268.69491577148
71.185638427734 -0.43611726164818 268.88095092773
71.571128845215 -0.33308780193329 269.06341552734
71.971954345703 -0.24553555250168 269.21899414062
72.384231567383 -0.18329760432243 269.35534667969
72.810279846191 -0.13737338781357 269.45007324219
73.238227844238 -0.10292590409517 269.54089355469
73.664428710938 -0.086191952228546 269.64398193359
74.083595275879 -0.067820429801941 269.77255249023
74.507598876953 -0.07214167714119 269.88562011719
74.932456970215 -0.095583550632 269.99304199219
75.355102539062 -0.13773450255394 270.10348510742
75.775497436523 -0.17859058082104 270.22268676758
76.194877624512 -0.21889510750771 270.34558105469
76.614250183105 -0.25939154624939 270.46841430664
77.033248901367 -0.3056468963623 270.59051513672
77.451141357422 -0.35540586709976 270.71499633789
77.865074157715 -0.40591862797737 270.85177612305
78.282722473145 -0.45581948757172 270.97702026367
78.701805114746 -0.50014233589172 271.09954833984
79.122604370117 -0.52717417478561 271.22116088867
79.529022216797 -0.55924713611603 271.38363647461
69.709449768066 -0.44870558381081 267.77224731445
70.045471191406 -0.21840710937977 267.94854736328
70.444427490234 -0.045757137238979 268.04266357422
70.849914550781 0.083277337253094 268.1731262207
71.255020141602 0.21063382923603 268.3063659668
71.665214538574 0.33190104365349 268.42904663086
72.08772277832 0.43044808506966 268.5283203125
72.513679504395 0.52031433582306 268.62084960938
72.942916870117 0.60732066631317 268.69976806641
73.374778747559 0.70163941383362 268.75155639648
73.803581237793 0.80862420797348 268.80410766602
74.228805541992 0.92896163463593 268.85681152344
74.657852172852 1.0403145551682 268.89694213867
75.087387084961 1.1521550416946 268.92895507812
75.508888244629 1.294417142868 268.94253540039
75.928428649902 1.4426072835922 268.95306396484
76.351203918457 1.5817081928253 268.95184326172
76.77596282959 1.7145005464554 268.94616699219
77.201866149902 1.8436051607132 268.94244384766
77.63306427002 1.9536771774292 268.94891357422
78.062828063965 2.0691256523132 268.95501708984
78.47966003418 2.2250986099243 268.95849609375
78.899475097656 2.3719828128815 268.97473144531
79.322578430176 2.5057847499847 269.00885009766
79.744590759277 2.6448788642883 269.03439331055
