59.060512542725 -3.6109461784363 273.46545410156
67.006286621094 2.8288288116455 273.97048950195
68.273231506348 0.16954053938389 277.55026245117
70.508720397949 -0.68520498275757 271.52346801758
59.151473999023 -3.2154641151428 273.4326171875
59.320835113525 -2.8456020355225 273.41543579102
59.51668548584 -2.4888544082642 273.40411376953
59.749416351318 -2.154776096344 273.40142822266
59.994560241699 -1.8296842575073 273.40185546875
60.251708984375 -1.5140416622162 273.40533447266
60.530239105225 -1.2171950340271 273.41448974609
60.813297271729 -0.92470574378967 273.42486572266
61.102577209473 -0.63844758272171 273.43707275391
61.405986785889 -0.36741834878922 273.45333862305
61.716247558594 -0.10439235717058 273.4716796875
62.031494140625 0.15252295136452 273.49151611328
62.352283477783 0.40233892202377 273.51312255859
62.682422637939 0.63935434818268 273.53784179688
63.013042449951 0.87569504976273 273.56265258789
63.351169586182 1.1008694171906 273.58996582031
63.695747375488 1.3157353401184 273.61959838867
64.044410705566 1.5236829519272 273.65072631836
64.397689819336 1.7234342098236 273.68356323242
64.758140563965 1.9093961715698 273.71920776367
65.123985290527 2.0840451717377 273.7571105957
65.496940612793 2.2421827316284 273.79809570312
65.872940063477 2.3925156593323 273.8405456543
66.25178527832 2.53511095047 273.88439941406
66.626846313477 2.6879215240479 273.92633056641
59.279941558838 -3.3611145019531 273.73123168945
59.528430938721 -3.0291593074799 273.83013916016
59.856105804443 -2.7817213535309 273.94577026367
60.222400665283 -2.589941740036 274.05130004883
60.576652526855 -2.3817925453186 274.16641235352
60.911800384521 -2.1503884792328 274.29382324219
61.250549316406 -1.9258960485458 274.42388916016
61.609477996826 -1.7346237897873 274.55303955078
61.963935852051 -1.5461853742599 274.69778442383
62.3134765625 -1.3593082427979 274.85583496094
62.679084777832 -1.1850785017014 274.990234375
63.054080963135 -1.0339241027832 275.12649536133
63.402904510498 -0.86203080415726 275.30221557617
63.755645751953 -0.68103086948395 275.46005249023
64.110382080078 -0.50743353366852 275.62170410156
64.47119140625 -0.35213449597359 275.78839111328
64.845680236816 -0.2172904163599 275.94229125977
65.22191619873 -0.094673819839954 276.10202026367
65.596969604492 0.018108867108822 276.271484375
65.982124328613 0.10496428608894 276.43334960938
66.365570068359 0.1599967777729 276.61236572266
66.748123168945 0.21552762389183 276.79312133789
67.13158416748 0.24474388360977 276.97805786133
67.513793945312 0.24206309020519 277.16784667969
67.891731262207 0.21023234724998 277.36343383789
59.423416137695 -3.3859231472015 273.25634765625
59.727203369141 -3.0248770713806 273.19830322266
60.127178192139 -2.8023035526276 273.06756591797
60.536594390869 -2.5661947727203 273.00576782227
60.943916320801 -2.3238477706909 272.9580078125
61.373626708984 -2.1230313777924 272.91418457031
61.784927368164 -1.8966718912125 272.83459472656
62.224426269531 -1.7207977771759 272.77941894531
62.654987335205 -1.5308674573898 272.70474243164
63.103176116943 -1.3799089193344 272.64547729492
63.554122924805 -1.2460213899612 272.56890869141
63.995136260986 -1.0911421775818 272.47650146484
64.452407836914 -0.97425359487534 272.41009521484
64.901710510254 -0.83989500999451 272.32479858398
65.357551574707 -0.7269394993782 272.24353027344
65.821655273438 -0.63446164131165 272.18646240234
66.283538818359 -0.54629701375961 272.10879516602
66.752876281738 -0.49893739819527 272.04022216797
67.220092773438 -0.44105267524719 271.96597290039
67.691474914551 -0.42792099714279 271.896484375
68.165084838867 -0.43832084536552 271.84353637695
68.637519836426 -0.47167780995369 271.79028320312
69.102668762207 -0.56259799003601 271.73983764648
69.570877075195 -0.60551595687866 271.66137695312
70.035774230957 -0.67475926876068 271.58212280273
