94.759239196777 7.6932654380798 406.76330566406
106.00220489502 -1.850713133812 406.48193359375
113.43967437744 0.4801951944828 402.64840698242
111.08840179443 -0.87301641702652 411.95217895508
94.532608032227 7.1682891845703 406.63998413086
94.663871765137 6.5903015136719 406.55279541016
94.895225524902 6.0418276786804 406.48370361328
95.205940246582 5.5316691398621 406.43161010742
95.57234954834 5.0581469535828 406.39324951172
95.968330383301 4.608494758606 406.36288452148
96.392890930176 4.1850271224976 406.34094238281
96.831916809082 3.7763521671295 406.32348632812
97.283058166504 3.3809306621552 406.30996704102
97.744514465332 2.9975256919861 406.29992675781
98.222053527832 2.6341869831085 406.29550170898
98.707557678223 2.2815136909485 406.29406738281
99.19686126709 1.934170126915 406.29403686523
99.69783782959 1.6038805246353 406.29858398438
100.20349884033 1.2808319330215 406.30502319336
100.71089935303 0.96052986383438 406.31213378906
101.22193908691 0.64612722396851 406.32089233398
101.73973083496 0.34305617213249 406.33242797852
102.26078796387 0.045710448175669 406.34548950195
102.7777557373 -0.25847148895264 406.35675048828
103.3288269043 -0.49430799484253 406.38467407227
103.86938476562 -0.75390845537186 406.4069519043
104.40746307373 -1.0186893939972 406.4280090332
104.93319702148 -1.307603597641 406.44314575195
105.47499847412 -1.5645486116409 406.46612548828
95.21662902832 7.1753926277161 406.36547851562
95.772033691406 6.6389203071594 406.1676940918
96.450721740723 6.2733225822449 405.95901489258
97.102638244629 5.8475813865662 405.78259277344
97.807792663574 5.4872207641602 405.67752075195
98.500694274902 5.1061639785767 405.56442260742
99.20458984375 4.7374691963196 405.48492431641
99.946411132812 4.4456105232239 405.43307495117
100.68552398682 4.151074886322 405.36151123047
101.42796325684 3.8689434528351 405.27584838867
102.17743682861 3.608368396759 405.18334960938
102.93131256104 3.365650177002 405.07876586914
103.68759155273 3.1343688964844 404.96597290039
104.44623565674 2.9145619869232 404.8464050293
105.20745849609 2.7169315814972 404.7067565918
105.94208526611 2.4628682136536 404.52261352539
106.69016265869 2.251793384552 404.33840942383
107.4575881958 2.084076166153 404.19332885742
108.20687866211 1.880110502243 404.00588989258
108.95478820801 1.665815114975 403.82455444336
109.71337890625 1.4766089916229 403.66049194336
110.45893859863 1.2609831094742 403.47125244141
111.19127655029 1.0246214866638 403.25677490234
111.92108917236 0.78379392623901 403.03875732422
112.67378997803 0.61321067810059 402.83255004883
95.093711853027 7.0487356185913 406.96893310547
95.350662231445 6.3598656654358 407.11129760742
95.910652160645 5.8960547447205 407.31475830078
96.468696594238 5.4111533164978 407.46417236328
97.115646362305 5.0520534515381 407.61489868164
97.785255432129 4.7265515327454 407.74136352539
98.45947265625 4.4036202430725 407.84805297852
99.152236938477 4.1200013160706 407.94790649414
99.842071533203 3.8354470729828 408.06396484375
100.52261352539 3.5357151031494 408.19567871094
101.19700622559 3.2303767204285 408.34481811523
101.85691833496 2.9098701477051 408.52404785156
102.52401733398 2.6079664230347 408.70883178711
103.19437408447 2.3279719352722 408.91500854492
103.85167694092 2.0487425327301 409.16058349609
104.50159454346 1.7607674598694 409.41555786133
105.14395904541 1.4525445699692 409.66598510742
105.78757476807 1.1463476419449 409.91567993164
106.42872619629 0.83638668060303 410.16705322266
107.06308746338 0.51632463932037 410.42291259766
107.71507263184 0.2333632260561 410.67819213867
108.37418365479 -0.016308439895511 410.94943237305
109.0450592041 -0.26275151968002 411.19342041016
109.71943664551 -0.49175307154655 411.44464111328
110.39347076416 -0.71322429180145 411.70343017578
