68.154602050781 -3.2647998332977 338.96774291992
41.055103302002 7.1755709648132 341.76113891602
36.665821075439 -0.97039157152176 349.08209228516
40.921115875244 9.6942977905273 353.81820678711
67.418617248535 -2.6926145553589 338.29681396484
66.474487304688 -2.1493353843689 337.92965698242
65.477813720703 -1.6312787532806 337.68551635742
64.436096191406 -1.1533519029617 337.59466552734
63.382934570312 -0.69320464134216 337.5625
62.329814910889 -0.23313727974892 337.53042602539
61.266086578369 0.200603723526 337.57818603516
60.20108795166 0.62938660383224 337.64013671875
59.134227752686 1.0487269163132 337.72857666016
58.065635681152 1.4516571760178 337.86135864258
56.996959686279 1.8407179117203 338.03015136719
55.928211212158 2.2335155010223 338.18936157227
54.861179351807 2.6043663024902 338.40347290039
53.794261932373 2.9744164943695 338.61947631836
52.728317260742 3.3384220600128 338.85012817383
51.662109375 3.7038872241974 339.07717895508
50.596309661865 4.0670680999756 339.30975341797
49.528987884521 4.4400897026062 339.51858520508
48.462718963623 4.8059554100037 339.74472045898
47.398090362549 5.1631217002869 339.99154663086
46.332092285156 5.5274062156677 340.22146606445
45.265659332275 5.8943104743958 340.44512939453
44.202117919922 6.2466344833374 340.70333862305
43.144786834717 6.5771198272705 341.01116943359
42.098220825195 6.8800826072693 341.37835693359
66.85294342041 -3.4039866924286 338.9697265625
65.569381713867 -3.1299493312836 339.03927612305
64.290878295898 -2.8471086025238 339.15344238281
63.014923095703 -2.5564737319946 339.26516723633
61.764965057373 -2.2928121089935 339.57437133789
60.512203216553 -2.0033395290375 339.84619140625
59.232990264893 -1.7898366451263 340.05914306641
57.967769622803 -1.5880247354507 340.35250854492
56.694370269775 -1.4125847816467 340.62689208984
55.424613952637 -1.2454459667206 340.92233276367
54.170822143555 -1.0693267583847 341.27514648438
52.89612197876 -0.92381739616394 341.56072998047
51.632328033447 -0.7653831243515 341.88528442383
50.374549865723 -0.58336216211319 342.22067260742
49.110744476318 -0.38736563920975 342.52398681641
47.873126983643 -0.18091684579849 342.91552734375
46.620830535889 -0.096399053931236 343.30560302734
45.399353027344 -0.014632043428719 343.78399658203
44.202808380127 0.03206828981638 344.3258972168
43.011554718018 0.01075264532119 344.88088989258
41.82054901123 -0.087672479450703 345.42794799805
40.60099029541 -0.19468928873539 345.90615844727
39.427082061768 -0.24232545495033 346.49496459961
38.36255645752 -0.33086356520653 347.25985717773
37.32564163208 -0.50806111097336 348.04779052734
67.385749816895 -2.2125010490417 339.28756713867
66.221992492676 -1.5379099845886 339.39617919922
65.044723510742 -0.90555149316788 339.58297729492
63.850746154785 -0.34936818480492 339.876953125
62.665798187256 0.18709602952003 340.23706054688
61.484371185303 0.72927981615067 340.59921264648
60.310348510742 1.1901935338974 341.07958984375
59.136318206787 1.6793206930161 341.53121948242
57.97872543335 2.191645860672 341.99920654297
56.8408203125 2.7555358409882 342.45611572266
55.689632415771 3.2768507003784 342.92999267578
54.550163269043 3.7765331268311 343.45297241211
53.407348632812 4.3159909248352 343.92678833008
52.233959197998 4.8128008842468 344.37161254883
51.078693389893 5.3522229194641 344.81423950195
49.923881530762 5.8031907081604 345.34741210938
48.833766937256 6.3108549118042 345.95993041992
47.774066925049 6.8054037094116 346.63363647461
46.713428497314 7.2339291572571 347.34970092773
45.659320831299 7.6092915534973 348.10427856445
44.666580200195 8.0558462142944 348.90182495117
43.630626678467 8.5316514968872 349.62399291992
42.724124908447 8.8987102508545 350.55218505859
41.712326049805 9.0570058822632 351.43008422852
41.027751922607 9.1570262908936 352.5846862793
