71.140678405762 -0.77388340234756 267.94906616211
78.408279418945 -1.2256710529327 268.34097290039
79.484497070312 -0.089261427521706 266.88876342773
79.504928588867 0.1447731256485 269.43228149414
71.381660461426 -0.91682404279709 267.97662353516
71.656875610352 -0.97847157716751 267.99655151367
71.932914733887 -1.0363867282867 268.01611328125
72.211647033691 -1.0802915096283 268.03411865234
72.489990234375 -1.1264399290085 268.05239868164
72.768447875977 -1.1719523668289 268.07061767578
73.048484802246 -1.2070162296295 268.08770751953
73.329132080078 -1.2369122505188 268.10430908203
73.610954284668 -1.25375020504 268.1194152832
73.893295288086 -1.2594494819641 268.13333129883
74.175704956055 -1.2614425420761 268.1467590332
74.458122253418 -1.2624396085739 268.16009521484
74.740524291992 -1.2567298412323 268.17269897461
75.022857666016 -1.2478014230728 268.18493652344
75.305198669434 -1.2390892505646 268.19714355469
75.587417602539 -1.2266638278961 268.20892333984
75.86979675293 -1.2201496362686 268.22146606445
76.151405334473 -1.197381734848 268.23205566406
76.433807373047 -1.1919128894806 268.24468994141
76.716011047363 -1.1790667772293 268.25640869141
76.998435974121 -1.1795780658722 268.26965332031
77.28059387207 -1.1904971599579 268.28411865234
77.562896728516 -1.1975721120834 268.29815673828
77.845123291016 -1.2068508863449 268.31246948242
78.125953674316 -1.2350472211838 268.32885742188
71.440757751465 -0.71556693315506 267.83248901367
71.765449523926 -0.70916509628296 267.79138183594
72.090888977051 -0.69353222846985 267.75982666016
72.416534423828 -0.66728627681732 267.73937988281
72.741973876953 -0.63510406017303 267.72494506836
73.066390991211 -0.59156268835068 267.72213745117
73.392601013184 -0.56755608320236 267.70938110352
73.719276428223 -0.54952847957611 267.69866943359
74.046379089355 -0.53858232498169 267.69253540039
74.37313079834 -0.51922851800919 267.69018554688
74.696838378906 -0.47168838977814 267.70050048828
75.022926330566 -0.4433621764183 267.70516967773
75.349700927734 -0.4254242181778 267.69836425781
75.675628662109 -0.41184616088867 267.67114257812
76.001876831055 -0.39479517936707 267.65048217773
76.328231811523 -0.37024620175362 267.64389038086
76.650360107422 -0.33851000666618 267.59509277344
76.97290802002 -0.31003347039223 267.54705810547
77.296905517578 -0.28699821233749 267.50643920898
77.620552062988 -0.27671682834625 267.45846557617
77.942459106445 -0.24527148902416 267.40808105469
78.255439758301 -0.20021244883537 267.32345581055
78.558128356934 -0.15184152126312 267.20858764648
78.866516113281 -0.12869645655155 267.1012878418
79.175506591797 -0.10897894203663 266.99502563477
71.428108215332 -0.67830365896225 268.08422851562
71.751655578613 -0.65906774997711 268.15484619141
72.077682495117 -0.61155754327774 268.19342041016
72.404655456543 -0.56738412380219 268.22775268555
72.732795715332 -0.53726047277451 268.26596069336
73.060546875 -0.51925992965698 268.31390380859
73.388618469238 -0.50386941432953 268.36053466797
73.7177734375 -0.49963319301605 268.40151977539
74.04711151123 -0.48802670836449 268.43951416016
74.376457214355 -0.4702191054821 268.47497558594
74.706634521484 -0.43819400668144 268.47540283203
75.03589630127 -0.39953690767288 268.48699951172
75.363670349121 -0.35617730021477 268.51385498047
75.693687438965 -0.32514271140099 268.52697753906
76.023124694824 -0.29164758324623 268.54672241211
76.349975585938 -0.25092789530754 268.58609008789
76.676162719727 -0.20741491019726 268.62799072266
77.000778198242 -0.15798482298851 268.67514038086
77.327850341797 -0.12484696507454 268.71948242188
77.655174255371 -0.098463989794254 268.76641845703
77.97966003418 -0.076261818408966 268.83166503906
78.299186706543 -0.046508014202118 268.91567993164
78.608734130859 -0.0054356195032597 269.02764892578
78.912750244141 0.043621677905321 269.15097045898
79.211265563965 0.094314470887184 269.28646850586
