67.07243347168 2.2927210330963 271.15167236328
87.369720458984 -5.8053359985352 271.92541503906
88.969047546387 -3.7739453315735 269.0959777832
90.356986999512 -3.3663775920868 274.56558227539
67.356880187988 1.4940240383148 271.24716186523
68.00740814209 0.94106525182724 271.30822753906
68.745323181152 0.50928604602814 271.35327148438
69.521446228027 0.14944915473461 271.38909912109
70.303527832031 -0.19739623367786 271.42321777344
71.092872619629 -0.52754503488541 271.45520019531
71.892272949219 -0.83295619487762 271.48397827148
72.689949035645 -1.1427495479584 271.51333618164
73.494613647461 -1.4341622591019 271.54037475586
74.305191040039 -1.7088891267776 271.56524658203
75.113067626953 -1.9913723468781 271.59112548828
75.92700958252 -2.2560875415802 271.61474609375
76.742469787598 -2.5161280632019 271.63775634766
77.563606262207 -2.7578821182251 271.65844726562
78.38264465332 -3.0065751075745 271.68002319336
79.202491760254 -3.252601146698 271.70129394531
80.025184631348 -3.4890599250793 271.72131347656
80.838195800781 -3.7566103935242 271.74523925781
81.65104675293 -4.024621963501 271.76928710938
82.465141296387 -4.288866519928 271.79284667969
83.282257080078 -4.5437393188477 271.81518554688
84.101829528809 -4.7906937599182 271.83654785156
84.92253112793 -5.0338950157166 271.857421875
85.743553161621 -5.276029586792 271.87817382812
86.568336486816 -5.5051312446594 271.89724731445
67.854454040527 1.9446994066238 270.94195556641
68.554611206055 1.422914147377 270.83850097656
69.368705749512 1.0790652036667 270.82534790039
70.209228515625 0.80490309000015 270.81753540039
71.05948638916 0.56228536367416 270.82678222656
71.901817321777 0.293188393116 270.82739257812
72.742073059082 0.01843866892159 270.81826782227
73.595191955566 -0.21384908258915 270.8313293457
74.445190429688 -0.45763450860977 270.82662963867
75.291236877441 -0.71375042200089 270.80349731445
76.135940551758 -0.97079938650131 270.76016235352
76.997665405273 -1.1673825979233 270.73345947266
77.854499816895 -1.3810398578644 270.6875
78.706108093262 -1.6091660261154 270.61901855469
79.560905456543 -1.8215000629425 270.54046630859
80.422004699707 -2.0058505535126 270.45980834961
81.282424926758 -2.184956073761 270.36441040039
82.131118774414 -2.3580093383789 270.18658447266
82.985725402832 -2.5460503101349 270.05905151367
83.842124938965 -2.7348580360413 269.9455871582
84.690719604492 -2.9401140213013 269.80535888672
85.552551269531 -3.1047446727753 269.69522094727
86.416435241699 -3.2620704174042 269.59063720703
87.2763671875 -3.4276781082153 269.46783447266
88.13037109375 -3.5985186100006 269.31469726562
67.799003601074 1.8136265277863 271.49722290039
68.658172607422 1.43931889534 271.5539855957
69.553039550781 1.1597235202789 271.60845947266
70.449691772461 0.88235569000244 271.64050292969
71.351524353027 0.62326341867447 271.67788696289
72.26643371582 0.41672113537788 271.71536254883
73.137283325195 0.067751802504063 271.75100708008
74.044151306152 -0.17099992930889 271.80096435547
74.956985473633 -0.38205406069756 271.86511230469
75.860374450684 -0.62697315216064 271.94152832031
76.758163452148 -0.88872081041336 272.02743530273
77.664985656738 -1.1168822050095 272.11441040039
78.56534576416 -1.3649960756302 272.21301269531
79.466049194336 -1.5990625619888 272.33892822266
80.374031066895 -1.7901538610458 272.48355102539
81.284324645996 -1.9265468120575 272.66989135742
82.19596862793 -2.0568058490753 272.85397338867
83.107406616211 -2.2056896686554 273.0244140625
84.012535095215 -2.3610391616821 273.22052001953
84.899391174316 -2.5934717655182 273.42401123047
85.793174743652 -2.8015275001526 273.62347412109
86.701141357422 -2.944032907486 273.81643676758
87.613456726074 -3.0527610778809 274.01086425781
88.528182983398 -3.1579210758209 274.19573974609
89.447372436523 -3.2366046905518 274.3713684082
