63.264682769775 3.7928411960602 264.01553344727
69.542427062988 -6.2874636650085 280.04476928711
73.091567993164 -3.4053757190704 281.84625244141
66.925109863281 -3.5217087268829 283.62747192383
63.384117126465 3.0184106826782 264.13739013672
63.5654296875 2.323117017746 264.4733581543
63.77502822876 1.7010033130646 264.91876220703
63.997200012207 1.1251490116119 265.41717529297
64.227638244629 0.58717715740204 265.95281982422
64.465766906738 0.09250832349062 266.52554321289
64.705841064453 -0.38919389247894 267.10830688477
64.953887939453 -0.80686056613922 267.73556518555
65.202186584473 -1.2221796512604 268.36428833008
65.451843261719 -1.6229282617569 269.00186157227
65.703758239746 -1.9969108104706 269.65463256836
65.956748962402 -2.3553786277771 270.31561279297
66.210647583008 -2.6992607116699 270.98397827148
66.464736938477 -3.0401668548584 271.65380859375
66.719749450684 -3.3629395961761 272.33221435547
66.974792480469 -3.6851816177368 273.01083374023
67.23046875 -3.9926788806915 273.69604492188
67.486679077148 -4.2848234176636 274.38772583008
67.7431640625 -4.5677342414856 275.08316040039
68.000205993652 -4.8243689537048 275.78848266602
68.257369995117 -5.0687336921692 276.49813842773
68.514602661133 -5.3054122924805 277.21032714844
68.771759033203 -5.5517029762268 277.91931152344
69.028945922852 -5.7599339485168 278.6403503418
69.286170959473 -5.9967169761658 279.35250854492
63.728054046631 3.4634921550751 264.49594116211
64.155891418457 2.8639318943024 264.87377929688
64.529403686523 2.3872830867767 265.46612548828
64.881156921387 1.9837955236435 266.12426757812
65.210540771484 1.6148629188538 266.81378173828
65.549629211426 1.2594600915909 267.50561523438
65.88745880127 0.89581328630447 268.19171142578
66.15941619873 0.59285193681717 268.9365234375
66.491859436035 0.2528800368309 269.63967895508
66.791542053223 -0.054171029478312 270.37191772461
67.040054321289 -0.28291076421738 271.14584350586
67.372520446777 -0.57494777441025 271.86999511719
67.699729919434 -0.8692661523819 272.59579467773
68.099189758301 -1.1481733322144 273.28897094727
68.500091552734 -1.3894188404083 273.99572753906
68.884620666504 -1.6035975217819 274.72137451172
69.298210144043 -1.8214385509491 275.42993164062
69.703979492188 -2.0285668373108 276.14614868164
70.104881286621 -2.2245676517487 276.86810302734
70.499031066895 -2.4037885665894 277.59820556641
70.911521911621 -2.5482513904572 278.32583618164
71.317985534668 -2.6783199310303 279.05944824219
71.716888427734 -2.7962625026703 279.79940795898
72.161529541016 -2.9514400959015 280.5048828125
72.620491027832 -3.1390643119812 281.19223022461
63.130416870117 3.3546998500824 264.55709838867
63.239196777344 2.7814772129059 265.1455078125
63.40055847168 2.3279175758362 265.83160400391
63.611698150635 1.9232923984528 266.52740478516
63.811721801758 1.5221320390701 267.23449707031
64.000457763672 1.1106754541397 267.94180297852
64.201484680176 0.71859747171402 268.6572265625
64.411598205566 0.37991511821747 269.39685058594
64.616546630859 0.062189914286137 270.14706420898
64.896560668945 -0.256487429142 270.87091064453
65.057624816895 -0.59601259231567 271.61346435547
65.17578125 -0.90583181381226 272.38027954102
65.416572570801 -1.146289229393 273.14752197266
65.590316772461 -1.4045286178589 273.91653442383
65.695007324219 -1.7091559171677 274.69073486328
65.957656860352 -1.8688519001007 275.46350097656
66.077964782715 -2.0754125118256 276.26901245117
66.214157104492 -2.2587010860443 277.07754516602
66.337272644043 -2.3686907291412 277.90005493164
66.415733337402 -2.5676040649414 278.7126159668
66.50887298584 -2.7686779499054 279.52313232422
66.572151184082 -2.9839057922363 280.33251953125
66.642028808594 -3.1657495498657 281.14852905273
66.734024047852 -3.3037176132202 281.97216796875
66.829566955566 -3.4127130508423 282.79983520508
