62.704898834229 2.6972703933716 281.60177612305
65.338188171387 -0.32259711623192 282.22958374023
74.36402130127 1.8197031021118 279.21185302734
70.791389465332 0.94390314817429 289.30032348633
62.654140472412 2.5358102321625 281.57437133789
62.648517608643 2.3660020828247 281.56076049805
62.663280487061 2.1953554153442 281.55352783203
62.701961517334 2.0283482074738 281.55422973633
62.755073547363 1.8654453754425 281.55978393555
62.806728363037 1.7020332813263 281.56488037109
62.873554229736 1.5444806814194 281.57510375977
62.943000793457 1.3881187438965 281.58630371094
63.031269073486 1.2422773838043 281.60427856445
63.128894805908 1.1029601097107 281.62561035156
63.229568481445 0.96600943803787 281.64813232422
63.339317321777 0.83686727285385 281.67407226562
63.469707489014 0.73093181848526 281.70819091797
63.594295501709 0.6174910068512 281.73992919922
63.720748901367 0.50636565685272 281.7724609375
63.852729797363 0.40260353684425 281.80728149414
63.991596221924 0.30938747525215 281.84497070312
64.125015258789 0.20768393576145 281.88037109375
64.275665283203 0.13836066424847 281.92346191406
64.425811767578 0.067552290856838 281.96636962891
64.572067260742 -0.011978466063738 282.00735473633
64.720397949219 -0.08704236894846 282.04931640625
64.873390197754 -0.15049621462822 282.09362792969
65.028823852539 -0.20674097537994 282.13916015625
65.186050415039 -0.25678953528404 282.18572998047
63.121643066406 2.4816048145294 281.4641418457
63.408573150635 2.0906505584717 281.52444458008
63.79284286499 1.7897410392761 281.50378417969
64.201179504395 1.5429989099503 281.39837646484
64.632629394531 1.3641147613525 281.25479125977
65.076385498047 1.2439935207367 281.08898925781
65.515434265137 1.1121889352798 280.91882324219
65.962493896484 0.98540687561035 280.76675415039
66.413635253906 0.8891869187355 280.60607910156
66.878410339355 0.77654534578323 280.50399780273
67.33228302002 0.74835300445557 280.32885742188
67.785530090332 0.72102081775665 280.14733886719
68.238792419434 0.79080146551132 279.97882080078
68.706535339355 0.79194307327271 279.84265136719
69.171401977539 0.81649595499039 279.69805908203
69.642921447754 0.83108073472977 279.57330322266
70.116996765137 0.85961312055588 279.46377563477
70.587890625 0.9413395524025 279.36029052734
71.06893157959 1.0111398696899 279.30804443359
71.549118041992 1.0833191871643 279.2502746582
72.021942138672 1.2018964290619 279.23626708984
72.490783691406 1.3396692276001 279.22021484375
72.969505310059 1.425231218338 279.23114013672
73.438415527344 1.5273419618607 279.23681640625
73.889656066895 1.7009698152542 279.20944213867
62.904563903809 2.4316792488098 281.91366577148
63.16987991333 2.0703349113464 282.02389526367
63.448066711426 1.7516596317291 282.20706176758
63.76091003418 1.5180609226227 282.45297241211
64.033309936523 1.3214355707169 282.77001953125
64.30842590332 1.1768877506256 283.11218261719
64.576782226562 1.0477546453476 283.46572875977
64.837768554688 0.91406810283661 283.82260131836
65.147933959961 0.77447319030762 284.13562011719
65.468719482422 0.65662163496017 284.44668579102
65.778747558594 0.57906544208527 284.78048706055
66.076507568359 0.54291301965714 285.1321105957
66.374526977539 0.54348796606064 285.48544311523
66.651847839355 0.53114247322083 285.85504150391
66.923881530762 0.49677318334579 286.22723388672
67.204711914062 0.46095678210258 286.59255981445
67.506477355957 0.4601783156395 286.94271850586
67.824859619141 0.45933219790459 287.27783203125
68.136207580566 0.49006903171539 287.61813354492
68.46475982666 0.50963747501373 287.94271850586
68.804130554199 0.52412313222885 288.25625610352
69.167778015137 0.53438341617584 288.5412902832
69.551582336426 0.61391538381577 288.78637695312
69.949844360352 0.70859670639038 289.00094604492
70.378776550293 0.8173702955246 289.13467407227
