27.586629867554 17.636041641235 343.08743286133
70.666152954102 -11.532621383667 341.15902709961
108.46968841553 -4.6634411811829 327.34887695312
98.373504638672 -20.562892913818 368.08560180664
26.540454864502 15.965900421143 342.21484375
26.645883560181 13.995491027832 341.47598266602
27.535320281982 12.147095680237 340.95446777344
28.851865768433 10.493627548218 340.60095214844
30.440605163574 9.0696182250977 340.39517211914
32.240631103516 7.8933987617493 340.3310546875
34.155643463135 6.9057221412659 340.36477661133
36.121967315674 6.0275197029114 340.45196533203
38.099143981934 5.1754693984985 340.55154418945
40.077880859375 4.327178478241 340.65295410156
42.052963256836 3.4699892997742 340.75015258789
44.016574859619 2.5859432220459 340.83447265625
45.962726593018 1.6623009443283 340.89971923828
47.894855499268 0.70857775211334 340.95025634766
49.829162597656 -0.24060250818729 341.00302124023
51.750633239746 -1.2160557508469 341.04284667969
53.638946533203 -2.2540690898895 341.05130004883
55.53254699707 -3.2827620506287 341.06451416016
57.434234619141 -4.2967758178711 341.08514404297
59.331035614014 -5.3200259208679 341.10119628906
61.235744476318 -6.3283858299255 341.12460327148
63.133659362793 -7.3496108055115 341.14166259766
65.056816101074 -8.3214931488037 341.18322753906
66.923454284668 -9.3941421508789 341.17361450195
68.794807434082 -10.463381767273 341.16632080078
29.26383972168 17.68455696106 340.17056274414
31.769927978516 17.286825180054 337.96157836914
34.855377197266 16.658723831177 336.77252197266
38.003330230713 15.682072639465 336.07992553711
41.153861999512 14.706973075867 335.4013671875
44.379943847656 13.77761554718 335.13488769531
47.620853424072 12.868926048279 335.01705932617
50.868503570557 11.985138893127 334.89715576172
54.14489364624 11.215974807739 334.76766967773
57.421073913574 10.445950508118 334.63812255859
60.68807220459 9.6386022567749 334.50500488281
63.923961639404 8.7159023284912 334.36099243164
67.159393310547 7.7918386459351 334.21591186523
70.367118835449 6.786838054657 334.00860595703
73.51554107666 5.6348476409912 333.68695068359
76.663887023926 4.4831418991089 333.36383056641
79.805221557617 3.3577001094818 332.90737915039
82.934799194336 2.2596075534821 332.32168579102
86.064605712891 1.1621614694595 331.73608398438
89.247756958008 0.21956579387188 331.16848754883
92.457832336426 -0.63398224115372 330.61175537109
95.65552520752 -1.499477148056 330.00448608398
98.834014892578 -2.4259402751923 329.38641357422
102.04376983643 -3.2521271705627 328.78820800781
105.23901367188 -4.0149841308594 328.04553222656
27.589462280273 15.268328666687 345.45489501953
28.721382141113 12.858288764954 347.45034790039
31.29222869873 11.380948066711 348.99584960938
34.186138153076 9.9402685165405 349.86752319336
37.171951293945 8.616810798645 350.60494995117
40.235450744629 7.447790145874 351.28344726562
43.322422027588 6.3306775093079 351.94223022461
46.420734405518 5.3075914382935 352.69442749023
49.512886047363 4.2997798919678 353.49124145508
52.610576629639 3.2649233341217 354.22787475586
55.599746704102 1.9750375747681 355.01065063477
58.536678314209 0.60935652256012 355.85980224609
61.483474731445 -0.79909956455231 356.59777832031
64.43480682373 -2.2377161979675 357.2551574707
67.376350402832 -3.6989278793335 357.90649414062
70.282295227051 -5.2224292755127 358.57473754883
73.169815063477 -6.7888879776001 359.22314453125
76.031921386719 -8.3614358901978 359.96298217773
78.849418640137 -9.9445686340332 360.83901977539
81.635726928711 -11.53316783905 361.80053710938
84.548751831055 -12.955910682678 362.63815307617
87.246238708496 -14.689859390259 363.60198974609
90.094284057617 -16.214946746826 364.48217773438
92.843521118164 -17.753707885742 365.6162109375
95.684494018555 -19.222745895386 366.60729980469
