107.20204925537 -124.19898223877 644.16552734375
130.62643432617 39.953754425049 722.22937011719
157.25946044922 -21.51876449585 745.40960693359
178.5717010498 -0.42763492465019 697.97399902344
105.74803924561 -116.24932098389 646.59143066406
105.6814956665 -108.40468597412 649.70135498047
105.96499633789 -100.62844848633 652.96697998047
106.58798980713 -92.934555053711 656.37725830078
107.52062225342 -85.329620361328 659.91400146484
108.49921417236 -77.738929748535 663.46905517578
109.64441680908 -70.202697753906 667.08953857422
110.66583251953 -62.625667572021 670.66156005859
111.8465423584 -55.101570129395 674.29571533203
112.51173400879 -47.419609069824 677.72332763672
108.01631164551 -40.486068725586 678.15014648438
101.82140350342 -34.839828491211 677.17156982422
96.22240447998 -28.543935775757 676.76525878906
91.705978393555 -21.448411941528 677.24603271484
87.983367919922 -13.962533950806 678.29870605469
85.381713867188 -6.1437373161316 680.07153320312
84.122993469238 1.7888861894608 682.5927734375
86.571006774902 8.6851415634155 686.63854980469
90.902572631836 14.325182914734 691.16644287109
95.363456726074 19.85648727417 695.71826171875
100.14852142334 25.071533203125 700.31304931641
105.46031951904 29.704839706421 704.95031738281
110.89307403564 34.193206787109 709.59283447266
116.74501037598 38.121910095215 714.23034667969
123.10921478271 41.235523223877 718.80914306641
108.55595397949 -120.04549407959 648.16491699219
109.98254394531 -115.63933563232 651.85681152344
111.49948883057 -110.88597106934 655.04791259766
112.99999237061 -106.08394622803 658.17340087891
114.69035339355 -101.42593383789 661.41760253906
116.41863250732 -96.840530395508 664.74426269531
117.81613922119 -92.305206298828 668.28765869141
119.59266662598 -87.922874450684 671.85363769531
121.29903411865 -83.623626708984 675.55279541016
123.01731109619 -79.499610900879 679.44104003906
125.14304351807 -75.556816101074 683.3154296875
127.17803192139 -71.604835510254 687.22955322266
129.29483032227 -67.700500488281 691.14807128906
131.40791320801 -63.767177581787 695.03955078125
133.53114318848 -59.847080230713 698.93884277344
135.6968536377 -56.0198097229 702.90631103516
137.80282592773 -52.266361236572 706.97515869141
140.08917236328 -48.846794128418 711.23553466797
142.48252868652 -45.647773742676 715.60766601562
144.3666229248 -42.473163604736 720.23754882812
146.50790405273 -39.499610900879 724.89013671875
148.52653503418 -36.258346557617 729.41705322266
150.60820007324 -33.007919311523 733.90936279297
152.66119384766 -29.679285049438 738.35736083984
154.8187713623 -26.059228897095 742.51776123047
109.9613571167 -119.32047271729 646.11627197266
111.6301574707 -114.08573150635 648.35919189453
113.39608764648 -109.068359375 650.99090576172
115.20985412598 -104.08240509033 653.64978027344
117.18466186523 -99.063186645508 656.12493896484
119.47090911865 -94.172912597656 658.58996582031
121.8599395752 -89.328887939453 661.04901123047
124.0191192627 -84.266960144043 663.26983642578
126.97210693359 -79.84114074707 665.89562988281
129.14703369141 -74.732452392578 667.98687744141
132.19918823242 -70.242721557617 670.38061523438
135.22888183594 -65.73917388916 672.78021240234
138.20497131348 -61.133743286133 675.04992675781
141.17712402344 -56.473999023438 677.21136474609
144.18515014648 -51.812919616699 679.31970214844
147.24070739746 -47.105823516846 681.24975585938
150.30848693848 -42.358425140381 683.05798339844
153.35765075684 -37.572498321533 684.79473876953
156.38079833984 -32.718082427979 686.38012695312
159.77517700195 -28.058351516724 687.78656005859
163.27682495117 -23.465835571289 689.15246582031
167.08897399902 -19.171102523804 690.64764404297
170.74122619629 -14.656039237976 691.86791992188
174.48348999023 -10.218089103699 693.10021972656
177.44441223145 -5.4708623886108 695.07006835938
