68.008743286133 -6.0203790664673 270.87045288086
80.452110290527 8.1077194213867 271.69497680664
85.064918518066 3.2867062091827 277.10113525391
86.972221374512 4.3911690711975 265.98834228516
67.728576660156 -5.313892364502 270.91470336914
67.750099182129 -4.553560256958 270.96133422852
67.947090148926 -3.8184278011322 271.00576782227
68.233795166016 -3.1132333278656 271.04803466797
68.579093933105 -2.4346814155579 271.08847045898
68.972961425781 -1.7830665111542 271.12710571289
69.424369812012 -1.1696779727936 271.16320800781
69.909469604492 -0.58244329690933 271.19763183594
70.415328979492 -0.012907919473946 271.23083496094
70.929191589355 0.54942840337753 271.26358032227
71.460403442383 1.095468044281 271.29528808594
72.013252258301 1.6196873188019 271.32553100586
72.550361633301 2.1599316596985 271.35687255859
73.116172790527 2.670182466507 271.38629150391
73.679595947266 3.1830403804779 271.41586303711
74.26579284668 3.6698319911957 271.44366455078
74.865272521973 4.1402101516724 271.47052001953
75.482215881348 4.5875372886658 271.49588012695
76.105812072754 5.0255765914917 271.52062988281
76.729972839355 5.4628143310547 271.54531860352
77.352996826172 5.9016580581665 271.57015991211
77.976341247559 6.3400559425354 271.59494018555
78.609977722168 6.7634892463684 271.61874389648
79.226715087891 7.2110857963562 271.64413452148
79.802200317383 7.7104439735413 271.67282104492
68.450141906738 -5.5132169723511 271.28472900391
68.738662719727 -4.807635307312 271.42489624023
69.45238494873 -4.4808740615845 271.56210327148
70.060554504395 -4.0147314071655 271.80447387695
70.687858581543 -3.5544068813324 272.00567626953
71.323181152344 -3.0901560783386 272.17025756836
71.962471008301 -2.6321659088135 272.33654785156
72.622749328613 -2.2012853622437 272.49136352539
73.308502197266 -1.7991174459457 272.60934448242
73.998512268066 -1.4179393053055 272.76678466797
74.698104858398 -1.0562847852707 272.92749023438
75.414016723633 -0.72146171331406 273.07431030273
76.127883911133 -0.39494761824608 273.24694824219
76.831146240234 -0.070660278201103 273.46246337891
77.528335571289 0.25127378106117 273.7001953125
78.223701477051 0.56644892692566 273.95184326172
78.917579650879 0.86486810445786 274.22546386719
79.562919616699 1.1946643590927 274.57192993164
80.270874023438 1.448918223381 274.85501098633
81.00505065918 1.651088476181 275.1125793457
81.735466003418 1.8456888198853 275.3854675293
82.423515319824 2.1064214706421 275.70919799805
83.117256164551 2.3881413936615 276.00155639648
83.774002075195 2.7005393505096 276.34408569336
84.417304992676 3.0118861198425 276.71212768555
68.31844329834 -5.321900844574 270.46118164062
68.737075805664 -4.5765962600708 270.34423828125
69.447929382324 -4.1317667961121 270.10327148438
70.170112609863 -3.6995513439178 269.87783813477
70.88990020752 -3.2240750789642 269.74719238281
71.619728088379 -2.7648208141327 269.61657714844
72.330322265625 -2.2663946151733 269.53588867188
73.005249023438 -1.7356486320496 269.40960693359
73.803421020508 -1.3870877027512 269.36218261719
74.575370788574 -0.99179297685623 269.26968383789
75.326812744141 -0.57548183202744 269.1171875
76.094299316406 -0.18630650639534 268.97308349609
76.872695922852 0.18400420248508 268.83856201172
77.629981994629 0.58219659328461 268.66744995117
78.381134033203 0.98593705892563 268.48352050781
79.159523010254 1.3348569869995 268.29995727539
79.936637878418 1.6767493486404 268.09869384766
80.711349487305 2.0061283111572 267.86938476562
81.504013061523 2.2881097793579 267.63861083984
82.322616577148 2.4916219711304 267.41723632812
83.088516235352 2.851902961731 267.20593261719
83.87264251709 3.1345272064209 266.94793701172
84.648582458496 3.4543833732605 266.70944213867
85.393913269043 3.8243954181671 266.44702148438
86.160583496094 4.1785674095154 266.22790527344
