-0.1398429274559 -14.003985404968 -20.975694656372
-11.353441238403 -1.4768452644348 -15.77158164978
-16.687215805054 -7.3866157531738 -21.807538986206
-13.096706390381 -10.451093673706 -11.93318939209
0.050084706395864 -13.321825027466 -20.88530921936
-0.027383763343096 -12.629046440125 -20.728338241577
-0.19002011418343 -11.955256462097 -20.554628372192
-0.4241279065609 -11.306192398071 -20.368619918823
-0.69381040334702 -10.672724723816 -20.177152633667
-1.0142472982407 -10.065586090088 -19.978698730469
-1.3784204721451 -9.4853954315186 -19.775085449219
-1.7600599527359 -8.9172229766846 -19.56965637207
-2.1818156242371 -8.3795070648193 -19.360637664795
-2.6119015216827 -7.8486776351929 -19.150989532471
-3.0546090602875 -7.3286862373352 -18.940456390381
-3.5115549564362 -6.8215236663818 -18.729055404663
-3.9964394569397 -6.3415760993958 -18.516347885132
-4.4911437034607 -5.8719010353088 -18.303325653076
-5.0024785995483 -5.4205536842346 -18.089950561523
-5.5221757888794 -4.9788994789124 -17.876495361328
-6.0505576133728 -4.5476789474487 -17.663028717041
-6.6040120124817 -4.1489171981812 -17.449998855591
-7.1726150512695 -3.7717022895813 -17.237617492676
-7.7263240814209 -3.3732893466949 -17.024593353271
-8.2851305007935 -2.981956243515 -16.811756134033
-8.8934106826782 -2.6703698635101 -16.602912902832
-9.5077981948853 -2.3704183101654 -16.394914627075
-10.117920875549 -2.0622899532318 -16.186315536499
-10.744486808777 -1.7871679067612 -15.980338096619
-0.58418583869934 -13.531819343567 -21.253971099854
-1.0206577777863 -12.976825714111 -21.220832824707
-1.5456712245941 -12.50514793396 -21.192211151123
-2.1560456752777 -12.172064781189 -21.319805145264
-2.7835721969604 -11.859195709229 -21.409973144531
-3.403692483902 -11.537233352661 -21.517669677734
-4.0413436889648 -11.246331214905 -21.610336303711
-4.6863565444946 -10.965534210205 -21.680473327637
-5.338593006134 -10.707537651062 -21.76894569397
-6.006697177887 -10.484283447266 -21.828706741333
-6.6797380447388 -10.272974014282 -21.875272750854
-7.3471813201904 -10.042110443115 -21.844947814941
-7.9535717964172 -9.6794118881226 -21.833471298218
-8.5498352050781 -9.3062124252319 -21.763122558594
-9.1839351654053 -9.0014572143555 -21.694276809692
-9.8484010696411 -8.763822555542 -21.651968002319
-10.503682136536 -8.5070934295654 -21.585599899292
-11.189054489136 -8.3337802886963 -21.582511901855
-11.876941680908 -8.1807451248169 -21.52707862854
-12.583168029785 -8.1933116912842 -21.557006835938
-13.277674674988 -8.1303024291992 -21.673124313354
-13.968822479248 -7.9826188087463 -21.68992805481
-14.650188446045 -7.7959990501404 -21.663537979126
-15.307098388672 -7.5388069152832 -21.618251800537
-15.988499641418 -7.3718643188477 -21.703723907471
-0.39709657430649 -13.751550674438 -20.43638420105
-0.68070316314697 -13.311731338501 -20.052730560303
-1.043340086937 -12.904330253601 -19.708879470825
-1.5986530780792 -12.879556655884 -19.378765106201
-2.0246574878693 -12.630048751831 -18.958333969116
-2.4007999897003 -12.467931747437 -18.455192565918
-2.8359558582306 -12.302180290222 -18.003332138062
-3.3128523826599 -12.156706809998 -17.588022232056
-3.7985007762909 -12.034118652344 -17.175472259521
-4.2815227508545 -11.934888839722 -16.753658294678
-4.7933421134949 -11.806557655334 -16.37596321106
-5.3364129066467 -11.68097782135 -16.043743133545
-5.8931159973145 -11.569340705872 -15.729586601257
-6.4046096801758 -11.362314224243 -15.388491630554
-6.9230146408081 -11.078598022461 -15.121388435364
-7.3713316917419 -10.818614959717 -14.731407165527
-7.963924407959 -10.650520324707 -14.527500152588
-8.4981155395508 -10.489130973816 -14.196375846863
-9.0330696105957 -10.388069152832 -13.843331336975
-9.6321983337402 -10.330153465271 -13.601393699646
-10.18804359436 -10.294796943665 -13.268971443176
-10.771637916565 -10.364894866943 -12.994899749756
-11.277404785156 -10.385666847229 -12.58912563324
-11.849630355835 -10.428078651428 -12.286240577698
-12.464609146118 -10.43914604187 -12.079456329346
