50.986019134521 9.2642698287964 265.41101074219
81.193908691406 -3.0524599552155 271.02719116211
82.753051757812 -2.2482173442841 269.47692871094
82.163307189941 -1.3719749450684 271.75466918945
51.715740203857 8.2652006149292 265.74111938477
52.732292175293 7.5309090614319 266.01876831055
53.837772369385 6.9255156517029 266.26715087891
54.986526489258 6.3977155685425 266.49725341797
56.152565002441 5.9051513671875 266.71875
57.317539215088 5.4103379249573 266.94082641602
58.478073120117 4.9062013626099 267.16519165039
59.640018463135 4.4049949645996 267.38882446289
60.801738739014 3.9033169746399 267.61254882812
61.96656036377 3.4081807136536 267.83471679688
63.134643554688 2.9200160503387 268.05517578125
64.308441162109 2.4445238113403 268.27252197266
65.495338439941 1.9990001916885 268.48251342773
66.674499511719 1.5354408025742 268.6969909668
67.862373352051 1.0922545194626 268.90643310547
69.053802490234 0.65768390893936 269.11370849609
70.239875793457 0.21020057797432 269.32421875
71.43221282959 -0.2220872938633 269.53100585938
72.632217407227 -0.63503730297089 269.73297119141
73.838050842285 -1.0326161384583 269.93106079102
75.044219970703 -1.4292279481888 270.12896728516
76.260009765625 -1.7988983392715 270.3200378418
77.484802246094 -2.1413586139679 270.50427246094
78.71898651123 -2.4528460502625 270.68057250977
79.959091186523 -2.7431666851044 270.85140991211
52.07349395752 8.5273818969727 265.48858642578
53.169948577881 7.8146305084229 265.63482666016
54.361053466797 7.2749891281128 265.78204345703
55.547748565674 6.7385854721069 265.97085571289
56.744529724121 6.227367401123 266.16577148438
57.946048736572 5.7239813804626 266.35171508789
59.14567565918 5.2287845611572 266.56918334961
60.33521270752 4.7048115730286 266.77432250977
61.538204193115 4.2142748832703 266.98361206055
62.759746551514 3.7824397087097 267.21377563477
63.980163574219 3.3424625396729 267.4342956543
65.200263977051 2.8968906402588 267.64511108398
66.42440032959 2.4635846614838 267.85806274414
67.656547546387 2.0559854507446 268.07556152344
68.893730163574 1.6452070474625 268.25518798828
70.131538391113 1.239795923233 268.44250488281
71.37735748291 0.86904805898666 268.64767456055
72.627197265625 0.50374716520309 268.8376159668
73.874801635742 0.10700103640556 268.97064208984
75.133346557617 -0.24091769754887 269.13388061523
76.396392822266 -0.56473195552826 269.31127929688
77.659454345703 -0.93122857809067 269.35571289062
78.926872253418 -1.2831362485886 269.39373779297
80.197967529297 -1.6212350130081 269.43392944336
81.469467163086 -1.958438873291 269.46859741211
51.994403839111 8.6348438262939 265.92813110352
53.141098022461 8.1564130783081 266.29833984375
54.315082550049 7.7049579620361 266.61267089844
55.497650146484 7.2426209449768 266.87475585938
56.677402496338 6.7706575393677 267.13235473633
57.859081268311 6.2920751571655 267.36764526367
59.04997253418 5.8120632171631 267.54733276367
60.239761352539 5.3302874565125 267.72955322266
61.424049377441 4.8402562141418 267.92510986328
62.610279083252 4.3582129478455 268.12854003906
63.799915313721 3.8907814025879 268.34576416016
64.992240905762 3.4286561012268 268.55947875977
66.192901611328 2.983585357666 268.76257324219
67.395988464355 2.5465250015259 268.96850585938
68.60627746582 2.1335246562958 269.18188476562
69.820861816406 1.728483915329 269.38583374023
71.042709350586 1.3374601602554 269.57321166992
72.265174865723 0.95046895742416 269.7643737793
73.491523742676 0.58913022279739 269.97979736328
74.718955993652 0.23398272693157 270.19909667969
75.951385498047 -0.095074631273746 270.43087768555
77.187271118164 -0.40298879146576 270.67181396484
78.432029724121 -0.65821141004562 270.92922973633
79.680130004883 -0.91395473480225 271.16918945312
80.921798706055 -1.1654431819916 271.44332885742
