15.2602186203 -32.594913482666 -5.8187537193298
0.25425514578819 21.510908126831 -0.12515978515148
-11.865669250488 21.504390716553 -10.454993247986
-14.213316917419 19.034832000732 6.2639503479004
16.279094696045 -30.675777435303 -5.3777809143066
16.550985336304 -28.502851486206 -5.0143580436707
16.579158782959 -26.3076171875 -4.6851935386658
16.473457336426 -24.111782073975 -4.3765692710876
16.216428756714 -21.925104141235 -4.0926170349121
15.836273193359 -19.753734588623 -3.829904794693
15.384899139404 -17.594570159912 -3.5799698829651
14.832099914551 -15.456943511963 -3.3488538265228
14.258850097656 -13.324326515198 -3.1216304302216
13.592903137207 -11.216914176941 -2.9124193191528
12.8946352005 -9.1193552017212 -2.7096450328827
12.1733751297 -7.0291657447815 -2.5115077495575
11.368595123291 -4.968092918396 -2.3305478096008
10.516969680786 -2.925080537796 -2.1594772338867
9.6007900238037 -0.90905350446701 -2.0023488998413
8.634407043457 1.0842286348343 -1.8563210964203
7.5555648803711 3.0207409858704 -1.736023068428
6.4748702049255 4.9561657905579 -1.6161684989929
5.6359081268311 7.0041890144348 -1.4424066543579
4.7443041801453 9.0306777954102 -1.2799407243729
4.0313539505005 11.12357711792 -1.0801212787628
3.2423145771027 13.190400123596 -0.89588534832001
2.5323593616486 15.284258842468 -0.69546085596085
1.835827589035 17.382362365723 -0.49234172701836
1.1283493041992 19.477010726929 -0.29141926765442
14.723202705383 -30.558237075806 -6.8505630493164
14.41210269928 -28.20982170105 -6.9507193565369
13.91086101532 -25.908178329468 -7.0213069915771
13.079518318176 -23.68773651123 -7.0405611991882
12.198997497559 -21.486894607544 -7.0349106788635
11.33823299408 -19.283687591553 -7.0228414535522
10.863500595093 -16.961965560913 -7.1009178161621
9.8721408843994 -14.812944412231 -7.142379283905
8.8499431610107 -12.673991203308 -7.1852750778198
7.829644203186 -10.534193992615 -7.2314190864563
6.6287436485291 -8.4921655654907 -7.2634325027466
5.3903489112854 -6.4704332351685 -7.2925124168396
4.1260018348694 -4.4661002159119 -7.342218875885
2.7973475456238 -2.5048806667328 -7.4430341720581
1.6306676864624 -0.44608101248741 -7.5575408935547
0.43289616703987 1.5941339731216 -7.6402044296265
-0.92106479406357 3.5405733585358 -7.6458058357239
-2.1053032875061 5.5650663375854 -7.8501148223877
-3.1474757194519 7.663905620575 -8.1871709823608
-4.345371723175 9.6969060897827 -8.3819818496704
-5.6762299537659 11.642116546631 -8.6399297714233
-6.9760708808899 13.604991912842 -8.9217128753662
-8.3885564804077 15.470005989075 -9.2948484420776
-9.7785692214966 17.373125076294 -9.540472984314
-10.919846534729 19.395778656006 -9.9248628616333
14.852477073669 -30.787340164185 -4.3956732749939
14.426125526428 -28.567655563354 -3.6949183940887
13.578458786011 -26.423606872559 -3.2354202270508
12.627278327942 -24.292974472046 -2.8424911499023
11.711799621582 -22.148365020752 -2.4395627975464
10.781727790833 -20.009784698486 -2.0379610061646
9.9288320541382 -17.843170166016 -1.6170660257339
8.8603096008301 -15.769438743591 -1.261835694313
7.7027258872986 -13.730934143066 -0.94075810909271
6.5917382240295 -11.665930747986 -0.62247407436371
5.3163585662842 -9.6937770843506 -0.34757295250893
4.0262398719788 -7.7334594726562 -0.059485770761967
2.9315333366394 -5.6945953369141 0.43497225642204
1.8737089633942 -3.6287763118744 0.89654099941254
0.7490046620369 -1.596346616745 1.3471695184708
-0.4769050180912 0.39016807079315 1.7226302623749
-1.7664759159088 2.3476498126984 2.0440590381622
-3.1850862503052 4.2333331108093 2.2217702865601
-4.6740736961365 6.0560994148254 2.456521987915
-6.1159515380859 7.8807778358459 2.8560318946838
-7.4655122756958 9.7397871017456 3.4240183830261
-8.8150730133057 11.598795890808 3.9920046329498
-10.164633750916 13.457804679871 4.5599908828735
-11.5141954422 15.316813468933 5.1279773712158
-12.86375617981 17.17582321167 5.6959638595581
