74.228240966797 -15.223285675049 324.96197509766
76.406600952148 11.153966903687 355.99325561523
66.391548156738 12.325142860413 338.77496337891
62.427623748779 -1.7146574258804 349.87698364258
76.090141296387 -15.27232170105 325.63998413086
77.82804107666 -15.067567825317 326.55935668945
79.442405700684 -14.678938865662 327.64041137695
81.022918701172 -14.248170852661 328.75625610352
82.498321533203 -13.702596664429 329.96200561523
83.671821594238 -12.90099811554 331.34161376953
84.755706787109 -12.03634262085 332.75802612305
85.694038391113 -11.08189201355 334.2197265625
86.412567138672 -10.012949943542 335.72576904297
86.986305236816 -8.8802042007446 337.24771118164
87.503135681152 -7.7248406410217 338.77310180664
87.728233337402 -6.4736332893372 340.29306030273
87.836761474609 -5.1923794746399 341.80142211914
87.83618927002 -3.8877272605896 343.29357910156
87.672019958496 -2.5559413433075 344.75225830078
87.377563476562 -1.2093404531479 346.17651367188
86.926277160645 0.14675518870354 347.54974365234
86.219360351562 1.4974727630615 348.81610107422
85.560386657715 2.8514051437378 350.10504150391
84.500671386719 4.1453776359558 351.16738891602
83.541213989258 5.4625148773193 352.29577636719
82.270835876465 6.687967300415 353.19671630859
81.024955749512 7.9234457015991 354.11871337891
79.533760070801 9.0353326797485 354.80267333984
78.018379211426 10.131465911865 355.45907592773
74.688613891602 -13.916296958923 325.27871704102
75.418891906738 -12.998189926147 326.09930419922
76.15315246582 -12.113963127136 326.95294189453
76.851234436035 -11.226096153259 327.83261108398
77.443580627441 -10.274900436401 328.72369384766
77.9453125 -9.3148593902588 329.65982055664
78.452453613281 -8.3300380706787 330.56680297852
78.770767211914 -7.3312802314758 331.54147338867
79.02946472168 -6.2283029556274 332.41632080078
79.239906311035 -4.9983534812927 333.11651611328
78.526557922363 -3.8868379592896 333.55471801758
77.239814758301 -3.2629020214081 333.52301025391
75.989547729492 -2.6178059577942 333.74948120117
75.137115478516 -1.5412021875381 334.15377807617
74.35472869873 -0.4225005209446 334.5849609375
73.627288818359 0.72916638851166 335.02105712891
73.130996704102 2.0242819786072 335.37533569336
72.700790405273 3.3224377632141 335.79656982422
72.076126098633 4.526650428772 336.25231933594
71.275054931641 5.6445922851562 336.64749145508
70.401222229004 6.7598485946655 336.84838867188
69.47216796875 7.7684378623962 337.25897216797
68.642166137695 8.8843250274658 337.59872436523
67.752746582031 9.9676284790039 337.88934326172
67.065788269043 11.153630256653 338.30307006836
74.340057373047 -15.284267425537 326.35864257812
74.941932678223 -14.930428504944 327.58782958984
75.527778625488 -14.373513221741 328.74932861328
76.089057922363 -13.797688484192 329.91329956055
76.556953430176 -13.132432937622 331.07113647461
76.972793579102 -12.531904220581 332.28268432617
77.253509521484 -12.007391929626 333.56661987305
77.506477355957 -11.536493301392 334.8759765625
77.764518737793 -10.772947311401 336.0383605957
77.732727050781 -10.050025939941 337.25396728516
77.463066101074 -9.1755361557007 338.31240844727
76.185707092285 -8.889669418335 338.84521484375
74.928840637207 -8.35178565979 339.20913696289
73.665687561035 -7.9132118225098 339.62280273438
72.743049621582 -7.3968639373779 340.56121826172
71.712333679199 -6.8723926544189 341.37362670898
70.826713562012 -6.3472919464111 342.34362792969
69.880912780762 -5.7846970558167 343.23010253906
69.077682495117 -5.3405332565308 344.30676269531
68.380821228027 -4.888952255249 345.45092773438
67.874855041504 -4.4705677032471 346.7008972168
67.085388183594 -3.8751657009125 347.70910644531
65.979331970215 -3.3557953834534 348.42263793945
64.906509399414 -2.877641916275 349.21026611328
63.64232635498 -2.394758939743 349.62310791016
