57.459560394287 8.4252309799194 269.75561523438
62.826072692871 -6.409930229187 271.42547607422
67.296966552734 -0.8146904706955 266.13333129883
66.633659362793 -0.17125375568867 276.23742675781
57.140510559082 7.8538994789124 269.77951049805
56.978706359863 7.2205758094788 269.82073974609
56.869007110596 6.5765089988708 269.86685180664
56.803199768066 5.926778793335 269.91687011719
56.787364959717 5.2742428779602 269.9709777832
56.819072723389 4.6225829124451 270.02862548828
56.873405456543 3.9725623130798 270.087890625
56.924259185791 3.3222768306732 270.14691162109
57.075923919678 2.6884741783142 270.21234130859
57.20991897583 2.0505909919739 270.2766418457
57.388370513916 1.4239510297775 270.3434753418
57.591361999512 0.80495858192444 270.41152954102
57.810253143311 0.1914949119091 270.48037719727
58.062721252441 -0.40876653790474 270.55065917969
58.353168487549 -0.99141877889633 270.62240600586
58.652954101562 -1.5692921876907 270.69436645508
58.9169921875 -2.164496421814 270.76513671875
59.223247528076 -2.7389376163483 270.83734130859
59.561786651611 -3.2948396205902 270.91052246094
59.934604644775 -3.8282656669617 270.98434448242
60.334548950195 -4.3416061401367 271.05862426758
60.759155273438 -4.8347177505493 271.13305664062
61.238594055176 -5.2747368812561 271.20721435547
61.750591278076 -5.6765542030334 271.28060913086
62.282123565674 -6.0522875785828 271.35333251953
57.623512268066 7.9729437828064 269.44659423828
57.7858543396 7.4288911819458 269.36901855469
57.990852355957 6.9063186645508 269.25357055664
58.211185455322 6.3931589126587 269.12503051758
58.478218078613 5.9014258384705 269.00122070312
58.749294281006 5.4118800163269 268.87756347656
59.053546905518 4.9480776786804 268.73348999023
59.370491027832 4.4955143928528 268.58129882812
59.699565887451 4.0700216293335 268.38381958008
60.049625396729 3.7091493606567 268.10897827148
60.47599029541 3.3685872554779 267.93383789062
60.902351379395 3.028000831604 267.75872802734
61.328838348389 2.6726911067963 267.61624145508
61.752910614014 2.2999198436737 267.51800537109
62.176982879639 1.9271486997604 267.41979980469
62.60120010376 1.5454289913177 267.36724853516
63.024921417236 1.161496758461 267.32855224609
63.436557769775 0.76317918300629 267.34594726562
63.847457885742 0.36418840289116 267.36624145508
64.265205383301 -0.027952423319221 267.3547668457
64.758903503418 -0.30372360348701 267.26519775391
65.300369262695 -0.43847632408142 267.13452148438
65.83228302002 -0.52774459123611 266.94079589844
66.356384277344 -0.62195467948914 266.72900390625
66.864448547363 -0.63632869720459 266.46432495117
57.619205474854 8.1041345596313 270.20166015625
57.7177734375 7.5716781616211 270.4020690918
57.903839111328 7.0813784599304 270.64474487305
58.117294311523 6.6075849533081 270.89755249023
58.340705871582 6.1363773345947 271.14651489258
58.552852630615 5.6724810600281 271.41802978516
58.773498535156 5.2264537811279 271.71176147461
59.029674530029 4.8090682029724 272.01818847656
59.356101989746 4.446958065033 272.32846069336
59.699687957764 4.1007413864136 272.63827514648
60.077880859375 3.7898993492126 272.94537353516
60.464153289795 3.4825608730316 273.24584960938
60.860847473145 3.1799890995026 273.53750610352
61.25749206543 2.8773317337036 273.82907104492
61.637245178223 2.5308003425598 274.09301757812
62.007732391357 2.1644196510315 274.34295654297
62.374614715576 1.7584334611893 274.52871704102
62.739349365234 1.3424552679062 274.69570922852
63.122104644775 0.95779496431351 274.89437866211
63.524887084961 0.61353439092636 275.12496948242
63.957431793213 0.27195209264755 275.29852294922
64.459739685059 0.070264361798763 275.49911499023
64.996337890625 0.0030777321662754 275.7028503418
65.537033081055 -0.083928219974041 275.88735961914
66.077705383301 -0.1457526832819 276.08181762695
