70.699073791504 -1.6342159509659 268.41003417969
80.831611633301 4.4642858505249 277.31198120117
80.531036376953 -3.8712146282196 275.90509033203
81.912956237793 2.6907193660736 269.17501831055
70.41283416748 -1.1249595880508 268.78164672852
70.391441345215 -0.60854822397232 269.24673461914
70.28719329834 -0.08458074182272 269.69155883789
70.311599731445 0.42426589131355 270.16482543945
70.444427490234 0.90598052740097 270.64880371094
70.607902526855 1.3769966363907 271.1330871582
70.647018432617 1.8831827640533 271.60873413086
70.863235473633 2.3340895175934 272.09201049805
71.169998168945 2.7415060997009 272.5651550293
71.515533447266 3.1263616085052 273.03042602539
71.883285522461 3.4970963001251 273.49008178711
72.291297912598 3.839786529541 273.93731689453
72.745758056641 4.1456279754639 274.36611938477
73.243011474609 4.4121918678284 274.77310180664
73.781776428223 4.6342520713806 275.1530456543
74.360542297363 4.8050856590271 275.49923706055
74.935012817383 4.98193359375 275.84948730469
75.552131652832 5.0908560752869 276.15161132812
76.187194824219 5.1631689071655 276.42620849609
76.851654052734 5.149462223053 276.63180541992
77.502532958984 5.1820092201233 276.8752746582
78.171112060547 5.1492605209351 277.06484985352
78.846633911133 5.060779094696 277.20568847656
79.521675109863 4.9212265014648 277.29971313477
80.188781738281 4.7285432815552 277.34255981445
70.793853759766 -1.9000321626663 268.83752441406
70.929466247559 -1.9142240285873 269.33358764648
71.111145019531 -1.8494902849197 269.81079101562
71.343383789062 -1.7934523820877 270.26672363281
71.614860534668 -1.7568916082382 270.70251464844
71.918869018555 -1.6975697278976 271.11346435547
72.281196594238 -1.6482554674149 271.47518920898
72.670051574707 -1.7032893896103 271.80804443359
73.063507080078 -1.7452192306519 272.13739013672
73.464546203613 -1.7669508457184 272.45928955078
73.894409179688 -1.8266316652298 272.73590087891
74.347366333008 -1.9256184101105 272.95947265625
74.78345489502 -1.9934377670288 273.22454833984
75.214111328125 -2.0534076690674 273.49969482422
75.670639038086 -2.1803970336914 273.70092773438
76.126998901367 -2.2982797622681 273.90756225586
76.575401306152 -2.336822271347 274.1575012207
77.034400939941 -2.3980362415314 274.38247680664
77.498741149902 -2.473846912384 274.59133911133
77.952423095703 -2.6187536716461 274.78677368164
78.397941589355 -2.7954173088074 274.974609375
78.814781188965 -3.0421347618103 275.14901733398
79.219902038574 -3.3106679916382 275.31866455078
79.646827697754 -3.5308129787445 275.50387573242
80.084350585938 -3.7189037799835 275.69940185547
70.903350830078 -1.2369900941849 268.1796875
71.196846008301 -0.83116978406906 268.13357543945
71.439765930176 -0.39682212471962 268.20724487305
71.697471618652 0.0063336291350424 268.36267089844
72.015609741211 0.35867854952812 268.52960205078
72.362365722656 0.68318909406662 268.69570922852
72.758392333984 0.96848124265671 268.8176574707
73.201301574707 1.1796977519989 268.92932128906
73.654624938965 1.3686019182205 269.03881835938
74.077667236328 1.608445763588 269.16818237305
74.525459289551 1.8122711181641 269.27136230469
75.018218994141 1.9102975130081 269.30023193359
75.509735107422 2.0076043605804 269.34713745117
76.000869750977 2.1044254302979 269.39883422852
76.495483398438 2.1880688667297 269.43902587891
76.993385314941 2.2559630870819 269.46606445312
77.490348815918 2.3091285228729 269.52404785156
77.977531433105 2.3305764198303 269.64743041992
78.466972351074 2.4423167705536 269.68228149414
78.957748413086 2.5522916316986 269.69747924805
79.454689025879 2.6174166202545 269.65200805664
79.951538085938 2.6820950508118 269.60583496094
80.436088562012 2.6878955364227 269.47006225586
80.917503356934 2.6861343383789 269.3235168457
81.414703369141 2.6882319450378 269.24572753906
