64.58512878418 9.0167074203491 251.76528930664
76.451637268066 2.410012960434 252.43165588379
82.070991516113 6.7612228393555 247.43789672852
80.819328308105 4.5632100105286 260.25756835938
64.436050415039 8.4822015762329 251.64517211914
64.538940429688 7.9268584251404 251.5608215332
64.73949432373 7.3962688446045 251.49626159668
65.03540802002 6.9095125198364 251.45462036133
65.404319763184 6.4735941886902 251.43362426758
65.814399719238 6.0756244659424 251.42593383789
66.257171630859 5.7143836021423 251.43005371094
66.732902526855 5.3981142044067 251.44746398926
67.228019714355 5.1137080192566 251.47366333008
67.731872558594 4.8455333709717 251.50421142578
68.244987487793 4.5961418151855 251.53958129883
68.76148223877 4.3541779518127 251.57682800293
69.288536071777 4.1372442245483 251.62028503418
69.818305969238 3.9274334907532 251.66543579102
70.355522155762 3.738835811615 251.71560668945
70.902366638184 3.5826630592346 251.77311706543
71.449951171875 3.4293749332428 251.83131408691
71.997985839844 3.2778565883636 251.88990783691
72.548797607422 3.1379060745239 251.95098876953
73.105453491211 3.0268204212189 252.01823425293
73.665344238281 2.9366366863251 252.08976745605
74.222503662109 2.828467130661 252.15759277344
74.772834777832 2.6864080429077 252.21826171875
75.333488464355 2.6020741462708 252.29098510742
75.892349243164 2.5045654773712 252.36100769043
64.993049621582 8.5651321411133 251.37854003906
65.369667053223 7.9794888496399 251.21566772461
65.971305847168 7.7344002723694 250.89988708496
66.578582763672 7.526394367218 250.57025146484
67.234230041504 7.4430866241455 250.27919006348
67.9150390625 7.4044055938721 250.04112243652
68.607940673828 7.4032130241394 249.83734130859
69.312271118164 7.3749437332153 249.67991638184
70.005294799805 7.3733887672424 249.47640991211
70.701507568359 7.3241395950317 249.29028320312
71.403373718262 7.2614970207214 249.13140869141
72.104927062988 7.1714563369751 248.98477172852
72.806030273438 7.1069440841675 248.82331848145
73.499176025391 7.0198965072632 248.64038085938
74.20955657959 7.0141448974609 248.50950622559
74.923843383789 7.0078072547913 248.40191650391
75.638206481934 6.9948725700378 248.29545593262
76.355049133301 6.9898977279663 248.20657348633
77.073455810547 6.9523658752441 248.14108276367
77.789054870605 6.8999342918396 248.05743408203
78.504402160645 6.8521718978882 247.96905517578
79.220268249512 6.8235836029053 247.87677001953
79.93431854248 6.8467173576355 247.76995849609
80.649932861328 6.8598432540894 247.67227172852
81.364631652832 6.8339071273804 247.57054138184
64.798271179199 8.4064464569092 252.13877868652
65.116592407227 7.7420482635498 252.1888885498
65.67162322998 7.4076023101807 252.57777404785
66.221130371094 7.1360540390015 253.02085876465
66.782722473145 6.9058675765991 253.47039794922
67.392105102539 6.7828116416931 253.90078735352
68.02611541748 6.7072644233704 254.30615234375
68.677398681641 6.6160163879395 254.67967224121
69.344787597656 6.5150671005249 255.02104187012
70.014579772949 6.4028167724609 255.35290527344
70.668869018555 6.1976342201233 255.67199707031
71.319564819336 6.0247602462769 256.01599121094
72.007446289062 5.8663735389709 256.28668212891
72.654052734375 5.7111439704895 256.64605712891
73.352561950684 5.643618106842 256.92831420898
74.056350708008 5.5812363624573 257.19836425781
74.763931274414 5.5395421981812 257.46243286133
75.463981628418 5.493709564209 257.7444152832
76.155624389648 5.3213653564453 257.99746704102
76.84935760498 5.1226353645325 258.22387695312
77.520660400391 4.9618029594421 258.53295898438
78.200103759766 4.9230408668518 258.86312866211
78.879531860352 4.8842797279358 259.19329833984
79.488700866699 4.7448282241821 259.619140625
80.105018615723 4.5497765541077 260.01181030273
