59.254528045654 -8.2490386962891 275.89266967773
75.569129943848 4.9149589538574 284.47207641602
77.491722106934 2.1494519710541 285.54647827148
77.777267456055 5.1058926582336 281.31307983398
59.259178161621 -7.5190634727478 276.42321777344
59.49333190918 -6.8121733665466 276.93170166016
59.817119598389 -6.1301093101501 277.42199707031
60.272754669189 -5.4942741394043 277.86499023438
60.780559539795 -4.8782234191895 278.28570556641
61.288360595703 -4.2621722221375 278.70642089844
61.880924224854 -3.6980500221252 279.08660888672
62.476825714111 -3.1359729766846 279.46524047852
63.090476989746 -2.5854098796844 279.83087158203
63.732612609863 -2.0533242225647 280.17572021484
64.380798339844 -1.5269799232483 280.51733398438
65.066673278809 -1.0364457368851 280.83877563477
65.760208129883 -0.55148714780807 281.15191650391
66.461570739746 -0.07224003970623 281.45651245117
67.178871154785 0.38711097836494 281.75445556641
67.898170471191 0.84398072957993 282.05154418945
68.630256652832 1.2914890050888 282.33013916016
69.37410736084 1.730397105217 282.59170532227
70.137969970703 2.1445367336273 282.83444213867
70.908477783203 2.5504629611969 283.07092285156
71.68000793457 2.9585301876068 283.30026245117
72.447067260742 3.3739919662476 283.53128051758
73.213882446289 3.7881550788879 283.76531982422
73.983055114746 4.1894431114197 284.01373291016
74.764923095703 4.571798324585 284.2516784668
59.663604736328 -7.8699955940247 276.60778808594
60.008460998535 -7.2479248046875 277.17178344727
60.539962768555 -6.6965494155884 277.66061401367
61.104644775391 -6.1597929000854 278.12777709961
61.737316131592 -5.6515007019043 278.53625488281
62.375450134277 -5.1455550193787 278.93908691406
63.036796569824 -4.6503553390503 279.31707763672
63.719932556152 -4.1707320213318 279.67593383789
64.420616149902 -3.7050294876099 280.01892089844
65.142036437988 -3.2574279308319 280.3424987793
65.869209289551 -2.8088886737823 280.65158081055
66.598251342773 -2.3604326248169 280.95635986328
67.33715057373 -1.9285163879395 281.26129150391
68.080139160156 -1.5034816265106 281.56594848633
68.832473754883 -1.0852867364883 281.85681152344
69.597938537598 -0.68303370475769 282.13562011719
70.381271362305 -0.3109894990921 282.40667724609
71.164627075195 0.048277523368597 282.69436645508
71.946426391602 0.37605375051498 283.02124023438
72.735374450684 0.68679487705231 283.34756469727
73.544815063477 0.94252926111221 283.67147827148
74.352958679199 1.19162940979 284.00366210938
75.159591674805 1.4360183477402 284.34295654297
75.961166381836 1.6830277442932 284.69219970703
76.733947753906 1.9571853876114 285.08352661133
59.602283477783 -7.4006614685059 276.0139465332
59.963180541992 -6.6577043533325 276.43215942383
60.515502929688 -5.9795980453491 276.73849487305
61.114807128906 -5.3585896492004 277.07629394531
61.725784301758 -4.7477159500122 277.41162109375
62.358448028564 -4.1533985137939 277.73626708984
63.027256011963 -3.5921561717987 278.04708862305
63.718158721924 -3.053204536438 278.34887695312
64.436706542969 -2.5465016365051 278.64190673828
65.155799865723 -2.0406792163849 278.93502807617
65.902183532715 -1.5795307159424 279.2336730957
66.651344299316 -1.1158804893494 279.52124023438
67.403358459473 -0.64568907022476 279.79013061523
68.179679870605 -0.21218033134937 280.05151367188
68.94994354248 0.23763421177864 280.30307006836
69.716575622559 0.7082496881485 280.52597045898
70.51676940918 1.1308407783508 280.72604370117
71.320823669434 1.5521177053452 280.91299438477
72.124374389648 1.977367401123 281.09286499023
72.917808532715 2.4465208053589 281.18923950195
73.717109680176 2.9077365398407 281.27481079102
74.530319213867 3.3484663963318 281.33297729492
75.341896057129 3.7949297428131 281.36358642578
76.150024414062 4.2449893951416 281.42108154297
76.971092224121 4.673095703125 281.45983886719
