49.94649887085 18.553077697754 329.12744140625
56.341529846191 -21.616668701172 355.04818725586
54.388538360596 -23.923048019409 351.41098022461
59.494922637939 -24.589202880859 351.52691650391
49.985275268555 18.172746658325 330.98190307617
50.123527526855 17.218126296997 332.61190795898
50.31315612793 15.974856376648 334.02752685547
50.538955688477 14.532954216003 335.23504638672
50.781143188477 13.002941131592 336.32531738281
51.03551864624 11.408326148987 337.31582641602
51.293544769287 9.794659614563 338.27362060547
51.561534881592 8.1293458938599 339.13586425781
51.832500457764 6.4488344192505 339.96716308594
52.105255126953 4.7591948509216 340.77917480469
52.374618530273 3.0868616104126 341.62728881836
52.644908905029 1.4097821712494 342.46572875977
52.911670684814 -0.24921531975269 343.34048461914
53.175559997559 -1.8933475017548 344.24365234375
53.44314956665 -3.5566146373749 345.10998535156
53.712886810303 -5.2308716773987 345.95422363281
53.977657318115 -6.8795990943909 346.84878540039
54.244216918945 -8.5375537872314 347.72555541992
54.508895874023 -10.185838699341 348.62094116211
54.777374267578 -11.853671073914 349.47821044922
55.049095153809 -13.537985801697 350.30154418945
55.317504882812 -15.205492019653 351.1594543457
55.58406829834 -16.863473892212 352.03619384766
55.84610748291 -18.498050689697 352.95712280273
56.099124908447 -20.085439682007 353.95950317383
49.432552337646 17.168533325195 330.25631713867
49.361392974854 15.984826087952 331.71377563477
49.398105621338 14.647324562073 333.02352905273
49.681991577148 13.130215644836 334.09713745117
50.012538909912 11.571630477905 335.09555053711
50.350986480713 9.9720296859741 336.0244140625
50.650436401367 8.3491954803467 336.92520141602
50.857669830322 6.7180819511414 337.83767700195
51.094116210938 5.0717010498047 338.71487426758
51.367641448975 3.4145975112915 339.56066894531
51.627979278564 1.7645964622498 340.42340087891
51.93306350708 0.071450978517532 341.18246459961
52.292999267578 -1.625950217247 341.90707397461
52.700622558594 -3.3100438117981 342.63314819336
52.897605895996 -4.967161655426 343.50003051758
53.120223999023 -6.6217174530029 344.36529541016
53.414142608643 -8.2838287353516 345.19427490234
53.664375305176 -9.9636821746826 346.00155639648
53.873569488525 -11.660713195801 346.78421020508
54.094314575195 -13.378971099854 347.51565551758
54.342273712158 -15.112011909485 348.20074462891
54.385101318359 -16.824878692627 348.97567749023
54.418270111084 -18.562822341919 349.69314575195
54.43692779541 -20.322858810425 350.35516357422
54.398090362549 -22.086778640747 351.00549316406
51.006721496582 17.43204498291 330.28677368164
51.492652893066 16.16138458252 331.66409301758
51.872253417969 14.732757568359 332.91580200195
52.257354736328 13.274128913879 334.1305847168
52.564937591553 11.771007537842 335.30712890625
52.714809417725 10.036880493164 336.15704345703
52.872005462646 8.3147668838501 337.02825927734
53.189888000488 6.6594491004944 337.98199462891
53.423221588135 4.9388213157654 338.84042358398
53.697761535645 3.2339971065521 339.71801757812
53.992877960205 1.5297613143921 340.58999633789
54.255313873291 -0.20062497258186 341.41976928711
54.463935852051 -1.9672807455063 342.18585205078
54.693397521973 -3.6811201572418 343.05841064453
55.024276733398 -5.3407044410706 343.9997253418
55.216590881348 -7.1150369644165 344.75207519531
55.493026733398 -8.8197460174561 345.62921142578
55.853828430176 -10.514834403992 346.49426269531
56.263664245605 -12.236792564392 347.28057861328
56.518581390381 -14.019952774048 347.99249267578
56.949256896973 -15.741760253906 348.76831054688
57.39818572998 -17.478441238403 349.4992980957
57.790996551514 -19.260061264038 350.14999389648
58.037246704102 -21.093868255615 350.72317504883
58.703948974609 -22.861631393433 351.15026855469
