88.123443603516 -1.1464136838913 325.56240844727
61.404003143311 -13.431015014648 327.12963867188
55.488967895508 -7.6937499046326 332.12219238281
54.021766662598 -7.7455143928528 322.10968017578
87.796684265137 -2.2258272171021 325.66906738281
86.952827453613 -3.0116186141968 325.75601196289
86.045394897461 -3.7238349914551 325.83700561523
85.087020874023 -4.366973400116 325.91226196289
84.097381591797 -4.9615268707275 325.98348999023
83.08381652832 -5.5147128105164 326.05114746094
82.048889160156 -6.0273241996765 326.11529541016
80.997055053711 -6.5048418045044 326.17642211914
79.947364807129 -6.9860692024231 326.23785400391
78.859031677246 -7.3743863105774 326.29113769531
77.774276733398 -7.7719230651855 326.34521484375
76.669708251953 -8.1119909286499 326.39422607422
75.566680908203 -8.4567928314209 326.44366455078
74.453948974609 -8.7695055007935 326.490234375
73.343444824219 -9.0898580551147 326.53741455078
72.241371154785 -9.4378337860107 326.58709716797
71.136619567871 -9.7772846221924 326.63604736328
70.040061950684 -10.1420545578 326.6872253418
68.941635131836 -10.500990867615 326.73791503906
67.868476867676 -10.929037094116 326.79473876953
66.789131164551 -11.341397285461 326.85015869141
65.701110839844 -11.730568885803 326.90350341797
64.62996673584 -12.163575172424 326.96075439453
63.560928344727 -12.60169506073 327.01843261719
62.481567382812 -13.014039039612 327.07385253906
86.998168945312 -1.596462726593 326.08999633789
85.779418945312 -2.0554933547974 326.31921386719
84.579010009766 -2.565110206604 326.53814697266
83.361831665039 -3.0293943881989 326.76516723633
82.117813110352 -3.4300854206085 326.96640014648
80.855514526367 -3.768143415451 327.16879272461
79.575531005859 -4.0487875938416 327.34634399414
78.291130065918 -4.3311657905579 327.48501586914
77.034996032715 -4.7007265090942 327.66973876953
75.757255554199 -5.0208401679993 327.7858581543
74.466957092285 -5.2940697669983 327.88122558594
73.162467956543 -5.4953546524048 327.96102905273
71.88451385498 -5.8141236305237 328.07748413086
70.581619262695 -6.0010471343994 328.203125
69.288307189941 -6.2290258407593 328.35794067383
67.996398925781 -6.4356961250305 328.54989624023
66.69352722168 -6.5571804046631 328.74029541016
65.378768920898 -6.6535749435425 328.84289550781
64.085441589355 -6.8574962615967 329.02682495117
62.787292480469 -6.9869275093079 329.24243164062
61.494190216064 -7.1048212051392 329.49261474609
60.25679397583 -7.2716870307922 329.92642211914
59.028503417969 -7.338047504425 330.41134643555
57.799247741699 -7.3874411582947 330.89624023438
56.597187042236 -7.4555702209473 331.44293212891
86.995246887207 -1.7009218931198 325.03237915039
85.685592651367 -2.009761095047 324.81066894531
84.463417053223 -2.6162667274475 324.83096313477
83.173751831055 -3.0568430423737 324.75573730469
81.906837463379 -3.559778213501 324.69039916992
80.587631225586 -3.8870694637299 324.56536865234
79.255790710449 -4.164909362793 324.4553527832
77.929107666016 -4.4682602882385 324.35107421875
76.587989807129 -4.7173871994019 324.30221557617
75.258811950684 -5.0263795852661 324.27462768555
73.951194763184 -5.4161329269409 324.30517578125
72.606712341309 -5.64976978302 324.2766418457
71.264190673828 -5.8923349380493 324.32012939453
69.913726806641 -6.0899591445923 324.32888793945
68.589294433594 -6.3867268562317 324.47314453125
67.247200012207 -6.6340618133545 324.49768066406
65.88973236084 -6.7626333236694 324.43585205078
64.542808532715 -6.9793663024902 324.39169311523
63.195190429688 -7.196261882782 324.39465332031
61.840129852295 -7.3598651885986 324.38189697266
60.497608184814 -7.4663362503052 324.15997314453
59.182849884033 -7.5180697441101 323.79693603516
57.89334487915 -7.7003927230835 323.38827514648
56.628982543945 -7.8520622253418 322.89688110352
55.343166351318 -7.746187210083 322.45178222656
