94.802528381348 6.1065530776978 443.13092041016
95.593879699707 -6.0664248466492 446.64007568359
89.496978759766 -5.9530558586121 449.20669555664
93.792839050293 -9.016001701355 439.90551757812
95.249450683594 5.9918737411499 443.3918762207
95.631774902344 5.7349290847778 443.6555480957
95.979217529297 5.4281334877014 443.91381835938
96.265716552734 5.0541100502014 444.15762329102
96.468605041504 4.6143054962158 444.37478637695
96.630012512207 4.1505923271179 444.57656860352
96.765426635742 3.6744871139526 444.76794433594
96.843528747559 3.1767485141754 444.93511962891
96.890869140625 2.6707274913788 445.08850097656
96.923233032227 2.1614844799042 445.23495483398
96.936645507812 1.6489160060883 445.37237548828
96.916717529297 1.1324378252029 445.49353027344
96.87866973877 0.61492109298706 445.60552978516
96.819953918457 0.097134359180927 445.70687866211
96.780014038086 -0.42044806480408 445.81793212891
96.712875366211 -0.93806308507919 445.91488647461
96.641441345215 -1.4555215835571 446.00955200195
96.561561584473 -1.9725571870804 446.09970092773
96.481376647949 -2.4895355701447 446.18981933594
96.369850158691 -3.0034127235413 446.26275634766
96.245933532715 -3.5153596401215 446.3288269043
96.154037475586 -4.0314674377441 446.41253662109
96.015426635742 -4.5406641960144 446.47030639648
95.882141113281 -5.0509376525879 446.53103637695
95.75227355957 -5.5618510246277 446.59378051758
94.809143066406 5.8420968055725 443.62933349609
94.918800354004 5.3790678977966 443.95193481445
95.005195617676 4.8818440437317 444.22418212891
94.966636657715 4.4053020477295 444.54180908203
94.827079772949 3.9463243484497 444.85852050781
94.665756225586 3.455691576004 445.11233520508
94.47615814209 2.9638233184814 445.34283447266
94.241523742676 2.4922161102295 445.57455444336
93.979103088379 2.0371744632721 445.80996704102
93.717849731445 1.5812997817993 446.04501342773
93.449485778809 1.1320344209671 446.28472900391
93.181022644043 0.67660748958588 446.51245117188
92.916839599609 0.21568393707275 446.73400878906
92.658508300781 -0.25096416473389 446.95043945312
92.39949798584 -0.71761250495911 447.16604614258
92.128997802734 -1.1785942316055 447.37973022461
91.86491394043 -1.6447677612305 447.5901184082
91.609100341797 -2.1212344169617 447.78729248047
91.351608276367 -2.6009831428528 447.97402954102
91.087059020996 -3.0773508548737 448.15957641602
90.807121276855 -3.5489590167999 448.33435058594
90.513259887695 -4.013701915741 448.50463867188
90.219032287598 -4.4732871055603 448.68753051758
89.976463317871 -4.9696769714355 448.84909057617
89.739303588867 -5.4663853645325 449.01754760742
95.174285888672 5.6219797134399 443.0739440918
95.503829956055 5.1472954750061 443.28375244141
95.67603302002 4.5579919815063 443.31930541992
95.733581542969 3.9459533691406 443.26043701172
95.772514343262 3.3343756198883 443.18695068359
95.754730224609 2.7256937026978 443.08676147461
95.72566986084 2.1312017440796 442.92260742188
95.656578063965 1.5400289297104 442.75784301758
95.584510803223 0.94908159971237 442.59362792969
95.505149841309 0.35684391856194 442.43981933594
95.36531829834 -0.21094313263893 442.24255371094
95.302978515625 -0.79958552122116 442.06744384766
95.287857055664 -1.3990219831467 441.92025756836
95.223922729492 -1.9968749284744 441.78009033203
95.113380432129 -2.5924212932587 441.66128540039
95.004104614258 -3.1707901954651 441.4743347168
94.889343261719 -3.7501847743988 441.29397583008
94.767211914062 -4.3306832313538 441.12225341797
94.627922058105 -4.9123134613037 440.96829223633
94.488403320312 -5.494366645813 440.8161315918
94.349418640137 -6.0769085884094 440.66540527344
94.232765197754 -6.6619629859924 440.50570678711
94.112197875977 -7.2511100769043 440.36511230469
93.989295959473 -7.8429656028748 440.23870849609
93.890991210938 -8.4298124313354 440.07330322266
