58.874313354492 7.1936583518982 271.07369995117
69.08959197998 -3.2300665378571 270.76412963867
70.184143066406 1.1219977140427 268.76815795898
69.737403869629 0.89802354574203 273.70922851562
58.667278289795 6.6576137542725 271.0325012207
58.840007781982 6.0962476730347 271.00277709961
59.05818939209 5.5508170127869 270.9755859375
59.320686340332 5.0250473022461 270.95129394531
59.614597320557 4.5160236358643 270.92907714844
59.93074798584 4.0204639434814 270.90853881836
60.273612976074 3.5428812503815 270.89001464844
60.637096405029 3.0807540416718 270.87322998047
61.025333404541 2.6391313076019 270.85858154297
61.437110900879 2.2193646430969 270.84606933594
61.878807067871 1.8310040235519 270.8366394043
62.332149505615 1.4562902450562 270.82849121094
62.800563812256 1.1005549430847 270.82205200195
63.283393859863 0.7646050453186 270.81744384766
63.777114868164 0.444839656353 270.8141784668
64.274452209473 0.13074918091297 270.81137084961
64.759559631348 -0.20191340148449 270.80697631836
65.253433227539 -0.52137160301208 270.80374145508
65.724250793457 -0.87394869327545 270.7975769043
66.199180603027 -1.2209776639938 270.79193115234
66.687866210938 -1.5480533838272 270.78802490234
67.129821777344 -1.936141371727 270.77868652344
67.593696594238 -2.2977406978607 270.77172851562
68.079635620117 -2.629204750061 270.76739501953
68.57054901123 -2.9532632827759 270.76379394531
59.089553833008 6.9345207214355 270.71829223633
59.480152130127 6.6074113845825 270.6784362793
59.876003265381 6.2875814437866 270.63363647461
60.27974319458 5.978684425354 270.58139038086
60.692111968994 5.6836152076721 270.51913452148
61.110870361328 5.3991918563843 270.4499206543
61.537956237793 5.1294927597046 270.3723449707
61.973453521729 4.8735952377319 270.29858398438
62.426368713379 4.6462626457214 270.23266601562
62.879280090332 4.4189300537109 270.16677856445
63.318923950195 4.1774134635925 270.0693359375
63.758121490479 3.9351446628571 269.97152709961
64.200241088867 3.6964545249939 269.87878417969
64.649703979492 3.4673464298248 269.79727172852
65.078468322754 3.2236449718475 269.66415405273
65.514587402344 2.9925394058228 269.53375244141
65.966697692871 2.786411523819 269.4143371582
66.448150634766 2.6331350803375 269.34045410156
66.911315917969 2.4416551589966 269.24737548828
67.365951538086 2.2313334941864 269.14688110352
67.831367492676 2.0332822799683 269.07397460938
68.285423278809 1.8089745044708 269.00839233398
68.737243652344 1.5811685323715 268.93978881836
69.199516296387 1.3842936754227 268.84652709961
69.69165802002 1.252761721611 268.80700683594
58.983306884766 6.9304914474487 271.43298339844
59.368709564209 6.6124248504639 271.50592041016
59.756660461426 6.2968888282776 271.57611083984
60.147689819336 5.9844813346863 271.64331054688
60.542121887207 5.6777276992798 271.71643066406
60.965789794922 5.4078431129456 271.74722290039
61.370735168457 5.1256065368652 271.82568359375
61.773452758789 4.8469591140747 271.93725585938
62.209617614746 4.6059250831604 272.01766967773
62.621402740479 4.334801197052 272.12542724609
63.063789367676 4.1039862632751 272.203125
63.50617980957 3.8731718063354 272.28082275391
63.962036132812 3.6652219295502 272.34350585938
64.418502807617 3.4583055973053 272.40551757812
64.866035461426 3.2377209663391 272.48327636719
65.30647277832 3.0106053352356 272.57507324219
65.719757080078 2.7596962451935 272.72085571289
66.153526306152 2.5428686141968 272.86074829102
66.593246459961 2.3344881534576 272.99569702148
67.036643981934 2.1299135684967 273.1242980957
67.491172790527 1.9305529594421 273.21746826172
67.929336547852 1.7071987390518 273.33074951172
68.363380432129 1.4778034687042 273.44909667969
68.815063476562 1.275005698204 273.54415893555
69.276229858398 1.0865145921707 273.6266784668
