63.123901367188 5.4850130081177 270.97778320312
70.50528717041 -2.4957377910614 268.5517578125
73.115837097168 0.046215400099754 266.41717529297
72.474571228027 -1.9601590633392 272.08081054688
63.052345275879 5.1135478019714 270.75857543945
63.13024520874 4.7297940254211 270.55703735352
63.27250289917 4.350784778595 270.37557983398
63.501026153564 4.0023818016052 270.22338867188
63.732894897461 3.6553947925568 270.0735168457
63.999488830566 3.3233907222748 269.94897460938
64.270446777344 2.9932034015656 269.83020019531
64.562004089355 2.6715950965881 269.73870849609
64.853569030762 2.3499867916107 269.64724731445
65.158767700195 2.0394694805145 269.5637512207
65.473831176758 1.7369698286057 269.4860534668
65.788887023926 1.4344702959061 269.40832519531
66.109008789062 1.1367198228836 269.33337402344
66.434371948242 0.84389448165894 269.26126098633
66.759735107422 0.55106920003891 269.18911743164
67.089065551758 0.26132741570473 269.12307739258
67.420433044434 -0.026841189712286 269.06008911133
67.763572692871 -0.301025390625 268.9992980957
68.113273620605 -0.56742662191391 268.9397277832
68.457878112793 -0.84114772081375 268.88391113281
68.801467895508 -1.1163136959076 268.82879638672
69.15258026123 -1.3840907812119 268.78674316406
69.505294799805 -1.6501613855362 268.74667358398
69.858612060547 -1.9137637615204 268.69812011719
70.203567504883 -2.1840350627899 268.63272094727
63.357269287109 5.2188200950623 270.65484619141
63.530765533447 4.8514137268066 270.40438842773
63.888656616211 4.6178770065308 270.18670654297
64.253868103027 4.3474469184875 270.03268432617
64.624359130859 4.0806603431702 269.88580322266
65.035148620605 3.851336479187 269.79141235352
65.444892883301 3.6212596893311 269.69451904297
65.845550537109 3.3851120471954 269.57641601562
66.239814758301 3.1438233852386 269.44769287109
66.625801086426 2.8970944881439 269.30508422852
67.010513305664 2.6717054843903 269.12777709961
67.3955078125 2.4469995498657 268.95025634766
67.794448852539 2.2372121810913 268.78579711914
68.210075378418 2.0477292537689 268.63885498047
68.626174926758 1.861717581749 268.48883056641
69.042587280273 1.678341627121 268.33648681641
69.458885192871 1.49693608284 268.18161010742
69.870597839355 1.3516312837601 267.98257446289
70.281883239746 1.201318860054 267.78643798828
70.688217163086 1.0152380466461 267.61178588867
71.090393066406 0.83935278654099 267.41796875
71.48641204834 0.66913622617722 267.20718383789
71.867660522461 0.48286023736 266.98315429688
72.270278930664 0.31992000341415 266.77923583984
72.693061828613 0.18306866288185 266.59820556641
63.323612213135 5.0600943565369 270.98626708984
63.52466583252 4.6434483528137 270.9049987793
63.786437988281 4.2586598396301 270.85357666016
64.159912109375 3.9764294624329 270.89331054688
64.536613464355 3.6960265636444 270.90768432617
64.914627075195 3.4172098636627 270.91683959961
65.307037353516 3.158992767334 270.92129516602
65.676109313965 2.8683533668518 270.92544555664
66.023475646973 2.5520107746124 270.9235534668
66.367362976074 2.2321450710297 270.92056274414
66.752944946289 1.9647128582001 270.94378662109
67.145645141602 1.7088301181793 270.97610473633
67.541702270508 1.4598821401596 271.01962280273
67.937957763672 1.2158472537994 271.08422851562
68.328483581543 0.96468329429626 271.15576171875
68.699447631836 0.68743377923965 271.23492431641
69.070701599121 0.4106133878231 271.31405639648
69.46019744873 0.15998466312885 271.3928527832
69.860809326172 -0.070313721895218 271.47756958008
70.236572265625 -0.32399010658264 271.60067749023
70.61548614502 -0.59247010946274 271.67196655273
70.994453430176 -0.86145883798599 271.74105834961
71.37654876709 -1.1304088830948 271.79006958008
71.760009765625 -1.3888674974442 271.87313842773
72.134437561035 -1.6567052602768 271.96694946289
