59.727222442627 13.943853378296 269.82727050781
64.385643005371 -4.5990266799927 267.24975585938
70.696228027344 -2.1348168849945 262.74948120117
69.206275939941 -3.7297964096069 273.56137084961
59.087036132812 13.49927520752 269.68933105469
58.806186676025 12.762974739075 269.53982543945
58.599376678467 12.002158164978 269.39379882812
58.493053436279 11.219310760498 269.25427246094
58.435035705566 10.430856704712 269.11877441406
58.446304321289 9.6391077041626 268.98971557617
58.494216918945 8.8480682373047 268.86447143555
58.526443481445 8.0571422576904 268.73767089844
58.681827545166 7.2784643173218 268.62539672852
58.71862411499 6.4890460968018 268.49926757812
58.953090667725 5.7285041809082 268.39797973633
59.100414276123 4.9480218887329 268.28454589844
59.281772613525 4.1740717887878 268.17562866211
59.477325439453 3.4033081531525 268.06869506836
59.680179595947 2.6343216896057 267.96276855469
59.924560546875 1.876669049263 267.86294555664
60.202152252197 1.1298840045929 267.76824951172
60.519264221191 0.39821076393127 267.68005371094
60.789398193359 -0.35073488950729 267.5842590332
61.233894348145 -1.0155981779099 267.51989746094
61.678379058838 -1.6804493665695 267.45559692383
62.088642120361 -2.3662633895874 267.38433837891
62.622791290283 -2.9633228778839 267.34024047852
63.211875915527 -3.5072391033173 267.31039428711
63.785137176514 -4.0675711631775 267.27633666992
59.878700256348 13.423894882202 269.23675537109
60.157646179199 12.725624084473 268.93878173828
60.498802185059 12.042826652527 268.67077636719
60.803703308105 11.332992553711 268.43051147461
61.137825012207 10.627179145813 268.21908569336
61.506763458252 9.9307765960693 268.03598022461
61.873649597168 9.2409105300903 267.82586669922
62.240329742432 8.55397605896 267.60601806641
62.609180450439 7.8721604347229 267.37438964844
63.00980758667 7.2015571594238 267.16381835938
63.384998321533 6.5283722877502 266.91784667969
63.818351745605 5.8865561485291 266.68362426758
64.286270141602 5.2713603973389 266.44445800781
64.784484863281 4.6816000938416 266.20236206055
65.270645141602 4.0920352935791 265.93643188477
65.772033691406 3.5059208869934 265.6921081543
66.295936584473 2.9281539916992 265.47790527344
66.75643157959 2.3489124774933 265.15072631836
67.240188598633 1.7645523548126 264.86938476562
67.740447998047 1.2050545215607 264.56713867188
68.263984680176 0.67866045236588 264.24548339844
68.815055847168 0.18152268230915 263.92321777344
69.345657348633 -0.32915177941322 263.58804321289
69.850608825684 -0.8709077835083 263.26226806641
70.342872619629 -1.4869042634964 263.08117675781
59.819622039795 13.203663825989 270.10494995117
60.022354125977 12.443167686462 270.22052001953
60.332336425781 11.71376991272 270.29275512695
60.56566619873 10.957119941711 270.37051391602
60.897666931152 10.234169960022 270.40002441406
61.222236633301 9.5096273422241 270.45883178711
61.525974273682 8.7766618728638 270.52200317383
61.898067474365 8.0743436813354 270.5671081543
62.236698150635 7.3566737174988 270.62921142578
62.518085479736 6.6185503005981 270.72811889648
62.818939208984 5.8902111053467 270.84075927734
63.172397613525 5.1875405311584 270.96362304688
63.546592712402 4.4993457794189 271.1047668457
63.996528625488 3.864691734314 271.27362060547
64.485000610352 3.2534303665161 271.42044067383
64.955375671387 2.6258206367493 271.55688476562
65.390167236328 1.9769010543823 271.7106628418
65.796867370605 1.3161505460739 271.88897705078
66.186561584473 0.65042126178741 272.08581542969
66.605407714844 0.0054035019129515 272.29150390625
67.069862365723 -0.58918243646622 272.54559326172
67.582633972168 -1.1363294124603 272.81295776367
68.091766357422 -1.6969516277313 273.05850219727
68.554000854492 -2.3103795051575 273.26776123047
68.899185180664 -3.0034925937653 273.45223999023
