94.42407989502 -35.143451690674 361.10595703125
48.434638977051 17.656446456909 350.703125
47.220851898193 10.956315040588 348.08575439453
46.427913665771 11.197229385376 354.76702880859
94.604782104492 -32.556785583496 360.91421508789
92.976043701172 -30.364540100098 360.51895141602
91.150459289551 -28.33406829834 360.11145019531
89.260894775391 -26.36326789856 359.70056152344
87.37410736084 -24.38977432251 359.28982543945
85.48046875 -22.422992706299 358.87872314453
83.562133789062 -20.480497360229 358.46643066406
81.644302368164 -18.537651062012 358.05419921875
79.692985534668 -16.628755569458 357.64038085938
77.793991088867 -14.667243003845 357.22903442383
75.944404602051 -12.658624649048 356.82022094727
74.050453186035 -10.692257881165 356.40914916992
72.219848632812 -8.6659698486328 356.00134277344
70.370796203613 -6.6567068099976 355.59252929688
68.50008392334 -4.6678147315979 355.18258666992
66.641891479492 -2.6670889854431 354.77331542969
64.764381408691 -0.68466585874557 354.36309814453
62.896396636963 1.3067946434021 353.95327758789
60.99942779541 3.2703762054443 353.54196166992
59.121547698975 5.2524313926697 353.13168334961
57.227165222168 7.2185521125793 352.72061157227
55.357261657715 9.2081737518311 352.31069946289
53.551849365234 11.257183074951 351.904296875
51.826259613037 13.374804496765 351.50262451172
50.077606201172 15.473132133484 351.09951782227
92.716819763184 -34.377906799316 360.4416809082
92.363487243652 -32.899951934814 359.62283325195
90.754386901855 -30.84688949585 358.98327636719
89.211776733398 -28.818090438843 358.20315551758
87.676849365234 -26.646333694458 357.81414794922
85.881896972656 -24.682767868042 357.54159545898
83.936569213867 -22.836755752563 357.18197631836
82.037673950195 -20.933895111084 356.87759399414
80.198623657227 -18.962556838989 356.6423034668
78.18928527832 -17.217321395874 356.1872253418
76.135871887207 -15.530607223511 355.67526245117
74.17830657959 -13.717185020447 355.26284790039
72.301849365234 -11.805771827698 354.88961791992
70.400482177734 -9.9533538818359 354.36331176758
68.47826385498 -8.1233491897583 353.83511352539
66.53897857666 -6.3116879463196 353.30529785156
64.59969329834 -4.5000262260437 352.77548217773
62.693675994873 -2.6093761920929 352.47357177734
60.801692962646 -0.6853940486908 352.26782226562
58.979286193848 1.2982420921326 352.00918579102
57.143589019775 3.2226219177246 351.54696655273
55.320243835449 5.1435890197754 351.02169799805
53.436141967773 6.984067440033 350.529296875
51.371181488037 8.5400629043579 349.73025512695
49.308071136475 10.095157623291 348.92474365234
92.564765930176 -34.06099319458 361.85263061523
91.650787353516 -31.889272689819 362.01245117188
90.177131652832 -29.866230010986 362.04931640625
88.331298828125 -28.015054702759 361.8303527832
86.426292419434 -26.253465652466 361.37057495117
84.574226379395 -24.425634384155 360.96936035156
82.736671447754 -22.585817337036 360.55383300781
80.947853088379 -20.704229354858 360.09704589844
79.037788391113 -18.91888999939 359.75997924805
77.127723693848 -17.133550643921 359.42288208008
75.217658996582 -15.348210334778 359.08578491211
73.30110168457 -13.566528320312 358.76989746094
71.358406066895 -11.799555778503 358.53936767578
69.4462890625 -10.011989593506 358.24169921875
67.582298278809 -8.1920127868652 357.83840942383
65.716812133789 -6.3725109100342 357.44000244141
63.846961975098 -4.5543971061707 357.0559387207
61.94877243042 -2.7766332626343 356.64694213867
59.878211975098 -1.2443542480469 356.08630371094
57.945194244385 0.47614249587059 355.73205566406
56.15251159668 2.4086544513702 355.76519775391
54.144653320312 4.042058467865 355.43487548828
52.215469360352 5.8308510780334 355.26791381836
50.286281585693 7.6196436882019 355.10095214844
48.357097625732 9.4084367752075 354.93399047852
