105.18553161621 -28.094839096069 333.06924438477
37.475791931152 20.363464355469 307.00061035156
23.819131851196 -6.7969088554382 298.6350402832
21.240119934082 6.7147254943848 331.06677246094
106.79014587402 -24.828092575073 331.91293334961
108.08570098877 -21.474304199219 330.64721679688
107.82880401611 -17.951274871826 329.27465820312
107.31789398193 -14.665338516235 327.41604614258
105.60338592529 -11.666165351868 325.8515625
103.64794158936 -8.7557849884033 324.35336303711
101.36113739014 -6.0592503547668 322.91018676758
98.801887512207 -3.5941553115845 321.54397583008
96.058296203613 -1.2856620550156 320.22982788086
93.172225952148 0.93977844715118 319.11373901367
90.166435241699 3.0954384803772 318.16409301758
87.047393798828 5.0040335655212 317.07638549805
83.892730712891 6.8349013328552 315.94528198242
80.592765808105 8.4765291213989 314.94781494141
77.285362243652 10.108460426331 313.95718383789
73.922286987305 11.62034702301 312.97906494141
70.462539672852 12.923755645752 312.02264404297
66.93327331543 14.21276473999 311.34741210938
63.395545959473 15.500022888184 310.70639038086
59.781105041504 16.482223510742 309.98291015625
56.144077301025 17.374614715576 309.23516845703
52.507049560547 18.26700592041 308.48739624023
48.767669677734 18.904399871826 308.05587768555
45.023616790771 19.53014755249 307.63879394531
41.265193939209 20.039730072021 307.22079467773
105.39309692383 -25.577459335327 330.27960205078
105.2080078125 -22.290243148804 328.47225952148
103.28176879883 -19.7991065979 326.41348266602
100.47877502441 -18.086107254028 324.57034301758
97.224998474121 -16.877424240112 323.0964050293
94.036521911621 -15.438335418701 321.69430541992
90.587585449219 -14.495512008667 320.49606323242
87.202529907227 -13.279975891113 319.36114501953
83.7626953125 -12.153856277466 318.30187988281
80.406272888184 -10.871732711792 317.1598815918
76.87467956543 -10.006887435913 316.15768432617
73.380180358887 -9.1394701004028 315.03527832031
69.920120239258 -8.1145973205566 313.94079589844
66.480934143066 -7.3075914382935 312.61947631836
63.019496917725 -6.4869527816772 311.36752319336
59.466999053955 -5.8874707221985 310.25296020508
55.895137786865 -5.5772986412048 309.08215332031
52.304695129395 -5.3028469085693 307.96035766602
48.740615844727 -5.0731863975525 306.74798583984
45.16340637207 -4.8579959869385 305.57287597656
41.596477508545 -4.9394245147705 304.35006713867
38.037391662598 -5.1861691474915 303.12713623047
34.542453765869 -5.8235883712769 301.86056518555
31.085664749146 -6.6149907112122 300.57800292969
27.40881729126 -6.4809617996216 299.74844360352
104.73455047607 -24.376249313354 332.6188659668
104.5106048584 -20.780601501465 331.55032348633
102.43072509766 -17.832460403442 330.46664428711
99.490104675293 -15.627557754517 329.62457275391
96.104057312012 -14.140520095825 328.869140625
92.812355041504 -12.543850898743 327.94021606445
89.433319091797 -11.022596359253 327.22399902344
85.924392700195 -9.7553720474243 326.65139770508
82.52904510498 -8.2557983398438 325.96963500977
79.00700378418 -7.1475491523743 325.18719482422
75.512565612793 -5.825617313385 324.64883422852
71.954742431641 -4.6608304977417 324.17135620117
68.389068603516 -3.4222850799561 324.14340209961
64.813377380371 -2.2180795669556 324.26034545898
61.21129989624 -1.0923849344254 324.33944702148
57.598857879639 -0.032961573451757 324.61749267578
53.962997436523 0.94047963619232 324.90475463867
50.322315216064 1.8909245729446 325.2067565918
46.670825958252 2.740061044693 325.64758300781
43.038799285889 3.5094258785248 326.33004760742
39.433841705322 4.2257394790649 327.19018554688
35.863117218018 4.7074246406555 328.31600952148
32.301795959473 5.1499633789062 329.48666381836
28.681852340698 5.810800075531 330.32833862305
24.998018264771 6.498074054718 330.78240966797
