16.168785095215 4.8208808898926 333.06304931641
65.681770324707 -23.966188430786 330.95660400391
65.715896606445 -16.959144592285 329.07736206055
65.987373352051 -19.07336807251 336.63421630859
17.237030029297 2.8903479576111 332.69747924805
18.656564712524 1.1844948530197 332.42184448242
20.284332275391 -0.33526819944382 332.21243286133
21.955190658569 -1.809591293335 332.01843261719
23.735214233398 -3.1554758548737 331.86666870117
25.545852661133 -4.459789276123 331.72814941406
27.463848114014 -5.6071577072144 331.638671875
29.350299835205 -6.8044281005859 331.53384399414
31.251581192017 -7.9786124229431 331.43612670898
33.181694030762 -9.1059494018555 331.35278320312
35.107639312744 -10.240172386169 331.2673034668
37.068904876709 -11.313535690308 331.2001953125
39.005737304688 -12.429461479187 331.12026977539
41.01904296875 -13.403293609619 331.08270263672
43.02961730957 -14.382697105408 331.04354858398
45.036689758301 -15.369159698486 331.00225830078
47.067771911621 -16.305715560913 330.97561645508
49.117588043213 -17.200817108154 330.96087646484
51.174182891846 -18.080293655396 330.95068359375
53.238372802734 -18.941833496094 330.94570922852
55.304946899414 -19.797660827637 330.94226074219
57.366012573242 -20.66662979126 330.93505859375
59.438514709473 -21.507999420166 330.93576049805
61.516052246094 -22.336843490601 330.94009399414
63.587505340576 -23.180795669556 330.94003295898
17.896310806274 3.7019488811493 332.62030029297
19.5172996521 2.4087674617767 332.24249267578
21.310741424561 1.3275495767593 332.02938842773
23.124139785767 0.27086338400841 331.83532714844
24.988121032715 -0.69803762435913 331.66754150391
26.857757568359 -1.6571649312973 331.50271606445
28.715816497803 -2.6376039981842 331.33236694336
30.573873519897 -3.6180431842804 331.16201782227
32.467430114746 -4.5354804992676 331.07012939453
34.38272857666 -5.4143242835999 331.02630615234
36.294467926025 -6.2973375320435 330.94592285156
38.201679229736 -7.1856527328491 330.81903076172
40.112503051758 -8.0693378448486 330.72393798828
42.028400421143 -8.9465246200562 330.67349243164
43.950435638428 -9.8077297210693 330.68566894531
45.882106781006 -10.64386844635 330.79605102539
47.822422027588 -11.396152496338 330.53524780273
49.761684417725 -12.195094108582 330.60882568359
51.700569152832 -13.004685401917 330.75738525391
53.663101196289 -13.626969337463 330.37933349609
55.628101348877 -14.371423721313 330.54431152344
57.628303527832 -14.948428153992 330.34823608398
59.6369972229 -15.492215156555 330.01452636719
61.662670135498 -15.98334312439 329.70172119141
63.68928527832 -16.471244812012 329.38952636719
17.834987640381 3.4760777950287 333.25100708008
19.622543334961 2.2904603481293 333.28430175781
21.444055557251 1.149387717247 333.27429199219
23.255620956421 -0.0045678592287004 333.34786987305
25.074970245361 -1.145644068718 333.42694091797
26.934988021851 -2.2221126556396 333.4670715332
28.795063018799 -3.2984673976898 333.50717163086
30.733804702759 -4.2262415885925 333.48315429688
32.672275543213 -5.1546630859375 333.46612548828
34.610061645508 -6.0847463607788 333.46701049805
36.509288787842 -7.0854449272156 333.51495361328
38.367286682129 -8.1616659164429 333.61318969727
40.35103225708 -8.9700803756714 333.56137084961
42.354042053223 -9.7441740036011 333.50485229492
44.32349395752 -10.603714942932 333.53268432617
46.256774902344 -11.536805152893 333.64144897461
48.233444213867 -12.377047538757 333.7194519043
50.212909698486 -13.211310386658 333.79547119141
52.187595367432 -14.041409492493 333.95993041992
54.159507751465 -14.869094848633 334.17572021484
56.131420135498 -15.696779251099 334.39151000977
58.1501121521 -16.398687362671 334.61904907227
60.150314331055 -17.150159835815 334.84237670898
62.14234161377 -17.862781524658 335.16793823242
64.091751098633 -18.450815200806 335.83477783203
