57.117126464844 5.1059308052063 272.25592041016
65.73429107666 -5.9130039215088 270.18844604492
73.398132324219 -2.6282329559326 268.2829284668
70.052291870117 -5.4116463661194 276.25479125977
57.082069396973 4.5884656906128 272.04046630859
57.186065673828 4.0665144920349 271.86074829102
57.340560913086 3.5517106056213 271.69738769531
57.536449432373 3.0465631484985 271.54904174805
57.771183013916 2.5538244247437 271.41604614258
58.029022216797 2.0701580047607 271.29287719727
58.316547393799 1.6001800298691 271.18319702148
58.608852386475 1.1326477527618 271.07571411133
58.926475524902 0.67914199829102 270.98068237305
59.257808685303 0.23411330580711 270.89270019531
59.606349945068 -0.19935590028763 270.81390380859
59.962493896484 -0.62736117839813 270.73937988281
60.330760955811 -1.0461596250534 270.67178344727
60.708591461182 -1.4572402238846 270.60983276367
61.094425201416 -1.8615292310715 270.55267333984
61.486896514893 -2.2599494457245 270.49969482422
61.892066955566 -2.6464862823486 270.45486450195
62.29239654541 -3.0376598834991 270.40689086914
62.697780609131 -3.4239852428436 270.36218261719
63.117763519287 -3.7954466342926 270.32736206055
63.536293029785 -4.1684417724609 270.29144287109
63.968612670898 -4.5262160301208 270.26538085938
64.39835357666 -4.8869471549988 270.23742675781
64.840454101562 -5.2330279350281 270.21859741211
65.290382385254 -5.5691714286804 270.20587158203
57.64705657959 4.7560830116272 271.91326904297
58.028114318848 4.1950035095215 271.66784667969
58.606029510498 3.781153678894 271.53530883789
59.195697784424 3.3663098812103 271.47860717773
59.796756744385 2.9654469490051 271.44650268555
60.389217376709 2.5581357479095 271.36828613281
60.999607086182 2.1801397800446 271.28143310547
61.653003692627 1.877873301506 271.21243286133
62.245265960693 1.4877238273621 271.07089233398
62.840625762939 1.1097100973129 270.91058349609
63.468330383301 0.78089112043381 270.76608276367
64.118545532227 0.48965388536453 270.64190673828
64.75545501709 0.18354693055153 270.48809814453
65.393348693848 -0.12544412910938 270.34436035156
66.048530578613 -0.399643689394 270.20819091797
66.705505371094 -0.65716069936752 270.04983520508
67.344413757324 -0.92584866285324 269.84368896484
67.996101379395 -1.1763080358505 269.65512084961
68.652587890625 -1.4200922250748 269.47445678711
69.30200958252 -1.7106326818466 269.34622192383
69.985977172852 -1.8180419206619 269.14596557617
70.682807922363 -1.9713400602341 269.0280456543
71.364196777344 -2.1402289867401 268.85424804688
72.033233642578 -2.3087668418884 268.63739013672
72.71263885498 -2.4614915847778 268.4421081543
57.522228240967 4.6144552230835 272.45068359375
57.801540374756 4.0100769996643 272.39776611328
58.254180908203 3.5201261043549 272.46853637695
58.74760055542 3.0657742023468 272.48809814453
59.263034820557 2.6374456882477 272.52227783203
59.781345367432 2.2164375782013 272.58892822266
60.289199829102 1.78675532341 272.67684936523
60.774475097656 1.3294507265091 272.75207519531
61.281978607178 0.90171730518341 272.8508605957
61.806777954102 0.5016063451767 272.97274780273
62.318096160889 0.085709571838379 273.09899902344
62.817840576172 -0.34576937556267 273.21890258789
63.330951690674 -0.7518247961998 273.36791992188
63.852115631104 -1.1467702388763 273.51885986328
64.366149902344 -1.5479253530502 273.67749023438
64.854972839355 -1.9706038236618 273.85809326172
65.38410949707 -2.339870929718 274.04238891602
65.88402557373 -2.7438552379608 274.23538208008
66.388938903809 -3.1308650970459 274.44906616211
66.896049499512 -3.5100028514862 274.67150878906
67.401916503906 -3.8883481025696 274.8977355957
67.909889221191 -4.2025284767151 275.20373535156
68.438537597656 -4.5081915855408 275.48199462891
69.001037597656 -4.8036932945251 275.6979675293
69.55899810791 -5.1027483940125 275.92068481445
