69.453338623047 1.7407784461975 272.41561889648
79.772514343262 -5.1761331558228 272.61199951172
86.761360168457 -0.63943403959274 267.72732543945
86.420150756836 -2.1772842407227 280.30413818359
69.423828125 1.2327299118042 272.34286499023
69.52059173584 0.73117125034332 272.28497314453
69.70613861084 0.25382098555565 272.240234375
69.971664428711 -0.18534687161446 272.20956420898
70.294708251953 -0.58491224050522 272.1907043457
70.631866455078 -0.97277247905731 272.17492675781
70.984657287598 -1.3465917110443 272.16287231445
71.371147155762 -1.6856729984283 272.15930175781
71.767723083496 -2.0129017829895 272.15844726562
72.181510925293 -2.3180587291718 272.16253662109
72.606094360352 -2.60795378685 272.16983032227
73.039627075195 -2.8841888904572 272.18005371094
73.484718322754 -3.1412093639374 272.19418334961
73.93278503418 -3.3929047584534 272.20941162109
74.394950866699 -3.6172933578491 272.22982788086
74.859550476074 -3.8365066051483 272.25128173828
75.324356079102 -4.0552196502686 272.27285766602
75.803161621094 -4.2405319213867 272.3005065918
76.280784606934 -4.4289312362671 272.32763671875
76.769897460938 -4.5839748382568 272.36053466797
77.266975402832 -4.7098431587219 272.39834594727
77.765098571777 -4.8312678337097 272.43688964844
78.270118713379 -4.9165859222412 272.4811706543
78.75301361084 -5.0906534194946 272.51083374023
79.262214660645 -5.1400694847107 272.56042480469
69.982192993164 1.5435070991516 271.95770263672
70.439231872559 0.99901789426804 271.81094360352
71.022300720215 0.80688846111298 271.42401123047
71.596015930176 0.58649742603302 271.03601074219
72.207572937012 0.41948986053467 270.68069458008
72.796394348145 0.27627250552177 270.27951049805
73.45703125 0.13128031790257 270.01528930664
74.107398986816 -0.18746376037598 270.01202392578
74.797027587891 -0.26689395308495 269.8095703125
75.459838867188 -0.26895818114281 269.51223754883
76.105514526367 -0.26019549369812 269.1787109375
76.803398132324 -0.35373413562775 269.00299072266
77.491622924805 -0.58146369457245 269.0139465332
78.195198059082 -0.75975370407104 268.98065185547
78.889373779297 -0.79173022508621 268.77389526367
79.574195861816 -0.69161850214005 268.55380249023
80.290756225586 -0.75849866867065 268.60632324219
81.005432128906 -0.68763071298599 268.49575805664
81.724319458008 -0.67709076404572 268.39175415039
82.448303222656 -0.71823853254318 268.34674072266
83.1640625 -0.75076818466187 268.22479248047
83.881233215332 -0.75431656837463 268.10708618164
84.601264953613 -0.72559595108032 268.01214599609
85.321296691895 -0.6968754529953 267.91720581055
86.041328430176 -0.66815483570099 267.822265625
69.872192382812 1.4381206035614 272.97659301758
70.367973327637 0.89138340950012 273.16329956055
70.826667785645 0.59244346618652 273.69549560547
71.383148193359 0.31606310606003 274.13958740234
71.899520874023 -0.021241638809443 274.58999633789
72.370498657227 -0.37664949893951 275.07424926758
72.974502563477 -0.60299336910248 275.48324584961
73.60425567627 -0.7980192899704 275.86837768555
74.309074401855 -0.95981413125992 276.11401367188
74.985877990723 -1.1258521080017 276.42645263672
75.619087219238 -1.2994810342789 276.81665039062
76.265838623047 -1.4650009870529 277.18734741211
76.97541809082 -1.6274679899216 277.41857910156
77.686935424805 -1.7883150577545 277.64437866211
78.385261535645 -1.8161475658417 277.95248413086
79.082847595215 -1.8399859666824 278.26257324219
79.795188903809 -1.8762362003326 278.53570556641
80.517852783203 -1.9223480224609 278.7785949707
81.241027832031 -1.9650211334229 279.02059936523
81.966377258301 -1.9916242361069 279.25836181641
82.691772460938 -2.0182414054871 279.49591064453
83.431304931641 -2.0482664108276 279.68447875977
84.178512573242 -2.0805208683014 279.83938598633
84.925727844238 -2.1127753257751 279.99429321289
85.67293548584 -2.1450297832489 280.14923095703
