58.077140808105 8.3446292877197 271.11883544922
68.89404296875 -4.0590581893921 271.2502746582
72.007835388184 -1.7479645013809 269.43203735352
70.496803283691 -1.8761473894119 274.25204467773
58.104644775391 7.7067856788635 271.01910400391
58.294124603271 7.0920243263245 270.95584106445
58.564849853516 6.506528377533 270.9137878418
58.882884979248 5.944483757019 270.88507080078
59.236789703369 5.4038128852844 270.86706542969
59.612361907959 4.8777775764465 270.85592651367
60.010540008545 4.36851978302 270.85205078125
60.423934936523 3.8715183734894 270.85330200195
60.846748352051 3.3825199604034 270.85775756836
61.278198242188 2.9011626243591 270.86520385742
61.716617584229 2.4261918067932 270.87515258789
62.158630371094 1.9545902013779 270.88632202148
62.608470916748 1.4905234575272 270.90032958984
63.064975738525 1.0330939292908 270.91677856445
63.526054382324 0.58033829927444 270.93487548828
63.989570617676 0.13011746108532 270.95391845703
64.449211120605 -0.32411226630211 270.97152709961
64.923309326172 -0.76298469305038 270.99459838867
65.407531738281 -1.1904300451279 271.02154541016
65.895378112793 -1.6136456727982 271.04995727539
66.396011352539 -2.0212581157684 271.08352661133
66.881568908691 -2.4471542835236 271.11099243164
67.361595153809 -2.8793997764587 271.13635253906
67.854835510254 -3.2961611747742 271.16690063477
68.359939575195 -3.6980655193329 271.20230102539
58.475234985352 7.9102458953857 270.79611206055
58.904941558838 7.4024410247803 270.69207763672
59.390312194824 6.9356994628906 270.67126464844
59.878723144531 6.4747929573059 270.61764526367
60.385417938232 6.0313658714294 270.59429931641
60.883430480957 5.5785083770752 270.56582641602
61.395030975342 5.140869140625 270.54037475586
61.917449951172 4.7161340713501 270.51593017578
62.436428070068 4.2872180938721 270.49145507812
62.942790985107 3.8438363075256 270.46405029297
63.501468658447 3.4695560932159 270.50534057617
64.053833007812 3.085010766983 270.5354309082
64.585884094238 2.6717624664307 270.53790283203
65.133766174316 2.2805860042572 270.51135253906
65.690162658691 1.9034252166748 270.46688842773
66.267303466797 1.5656903982162 270.384765625
66.838562011719 1.221910238266 270.28784179688
67.407234191895 0.87932646274567 270.17321777344
67.974418640137 0.52584719657898 270.08795166016
68.540382385254 0.17417128384113 269.98892211914
69.06324005127 -0.23305480182171 269.86770629883
69.57389831543 -0.65124219655991 269.73327636719
70.149482727051 -0.99059998989105 269.64733886719
70.758178710938 -1.2644060850143 269.55551147461
71.373687744141 -1.5227211713791 269.46423339844
58.270694732666 7.8247156143188 271.43493652344
58.577632904053 7.2814950942993 271.5774230957
58.96949005127 6.7877626419067 271.68981933594
59.409652709961 6.3313508033752 271.77935791016
59.879383087158 5.9017977714539 271.84954833984
60.320365905762 5.4435129165649 271.92431640625
60.793113708496 5.0154104232788 271.98248291016
61.282062530518 4.608323097229 272.0559387207
61.766464233398 4.1943612098694 272.12033081055
62.267730712891 3.7983069419861 272.1657409668
62.77367401123 3.4082839488983 272.21145629883
63.27855682373 3.0185706615448 272.26959228516
63.791065216064 2.6440029144287 272.35455322266
64.300895690918 2.2680411338806 272.44900512695
64.809326171875 1.8920209407806 272.54986572266
65.317947387695 1.5400437116623 272.71597290039
65.837905883789 1.2098751068115 272.89154052734
66.355117797852 0.87349057197571 273.06335449219
66.862106323242 0.51471263170242 273.21963500977
67.360282897949 0.13708186149597 273.35894775391
67.857498168945 -0.24031525850296 273.50216674805
68.37769317627 -0.59727472066879 273.61251831055
68.903594970703 -0.94274461269379 273.73193359375
69.425720214844 -1.283303976059 273.87887573242
69.950126647949 -1.6032299995422 274.06008911133
