106.41244506836 -3.8142347335815 406.00161743164
98.049263000488 2.7531180381775 404.95239257812
97.774078369141 9.9136962890625 403.85067749023
96.003059387207 4.3589773178101 400.66299438477
106.03075408936 -3.8054201602936 406.18099975586
105.63696289062 -3.6967649459839 406.28823852539
105.25565338135 -3.5193190574646 406.33569335938
104.88388824463 -3.3183844089508 406.36010742188
104.51906585693 -3.104131937027 406.37078857422
104.16700744629 -2.8693497180939 406.35919189453
103.81894683838 -2.6290700435638 406.34133911133
103.47703552246 -2.3809659481049 406.31436157227
103.14434814453 -2.1222336292267 406.27456665039
102.8035736084 -1.8729417324066 406.24609375
102.48358154297 -1.6014747619629 406.19021606445
102.16664886475 -1.327228307724 406.13064575195
101.8377456665 -1.0645989179611 406.08599853516
101.5277557373 -0.78435260057449 406.01831054688
101.21877288818 -0.50329440832138 405.94946289062
100.91972351074 -0.21444706618786 405.86981201172
100.62435913086 0.077074386179447 405.78622436523
100.32291412354 0.36411365866661 405.70910644531
100.02924346924 0.6568192243576 405.62371826172
99.741790771484 0.95374554395676 405.53204345703
99.439476013184 1.2400995492935 405.45593261719
99.162094116211 1.5433331727982 405.35437011719
98.871002197266 1.8378177881241 405.26638793945
98.605171203613 2.1475622653961 405.15414428711
98.32048034668 2.4463043212891 405.05972290039
105.99630737305 -3.3590652942657 406.16500854492
105.53401184082 -2.9197270870209 406.18585205078
105.07036590576 -2.4829773902893 406.14782714844
104.64778137207 -2.0075228214264 406.09735107422
104.23657989502 -1.5225639343262 406.04342651367
103.83176422119 -1.0390177965164 405.94598388672
103.42764282227 -0.55565202236176 405.84484863281
103.0393371582 -0.061407364904881 405.73474121094
102.65389251709 0.43999207019806 405.64981079102
102.28118133545 0.9516396522522 405.56930541992
101.94727325439 1.4860110282898 405.46862792969
101.6371307373 2.0339226722717 405.36477661133
101.34120941162 2.5907831192017 405.26721191406
101.02649688721 3.1343066692352 405.15438842773
100.73387145996 3.6948771476746 405.06884765625
100.43843078613 4.2528576850891 404.97637939453
100.15045928955 4.8177065849304 404.90420532227
99.869270324707 5.3850617408752 404.82534790039
99.590995788574 5.9438652992249 404.69311523438
99.298583984375 6.5074644088745 404.62957763672
99.001312255859 7.0650143623352 404.54043579102
98.702949523926 7.6166286468506 404.4225769043
98.41968536377 8.1777372360229 404.31259155273
98.192276000977 8.7646865844727 404.20788574219
97.960006713867 9.340428352356 404.06039428711
105.89472198486 -3.6384871006012 405.87481689453
105.38098144531 -3.4126713275909 405.86715698242
104.8720703125 -3.1760261058807 405.86819458008
104.3910369873 -2.8893439769745 405.83050537109
103.91130828857 -2.6008582115173 405.79025268555
103.49209594727 -2.252635717392 405.65606689453
103.08636474609 -1.8973511457443 405.50064086914
102.69259643555 -1.536759853363 405.32766723633
102.30175018311 -1.1777702569962 405.14501953125
101.923828125 -0.82635831832886 404.92437744141
101.5414352417 -0.47782948613167 404.70687866211
101.14917755127 -0.13585647940636 404.49667358398
100.76010131836 0.20591641962528 404.28033447266
100.39851379395 0.54443395137787 404.01641845703
100.05478668213 0.88381922245026 403.73065185547
99.73558807373 1.2230451107025 403.41754150391
99.396682739258 1.5435039997101 403.10537719727
99.030487060547 1.8471848964691 402.80758666992
98.653877258301 2.1457288265228 402.51770019531
98.309745788574 2.4780526161194 402.22424316406
97.933639526367 2.7908208370209 401.94906616211
97.542549133301 3.1026005744934 401.69442749023
97.170928955078 3.4607396125793 401.47393798828
96.771987915039 3.7317280769348 401.18695068359
96.383529663086 4.0343642234802 400.9176940918
