158.21556091309 12.550970077515 641.98956298828
154.10943603516 -4.3760638237 642.71063232422
156.84315490723 -5.8035817146301 638.55432128906
157.94242858887 -6.0989093780518 645.98809814453
157.73904418945 12.077533721924 642.05670166016
157.45161437988 11.46501159668 642.10076904297
157.18022155762 10.8450756073 642.14276123047
156.92646789551 10.21760559082 642.18280029297
156.7056427002 9.5775127410889 642.21856689453
156.48999023438 8.9356250762939 642.25366210938
156.28359985352 8.2906656265259 642.28759765625
156.10227966309 7.6380333900452 642.31848144531
155.91461181641 6.9872555732727 642.35003662109
155.75144958496 6.3297362327576 642.37841796875
155.58139038086 5.6740298271179 642.40783691406
155.43487548828 5.0125288963318 642.43420410156
155.30830383301 4.3468146324158 642.4580078125
155.17944335938 3.6815657615662 642.48211669922
155.07574462891 3.0118131637573 642.50305175781
154.98202514648 2.3405828475952 642.52270507812
154.9296875 1.6647168397903 642.53704833984
154.84104919434 0.99274736642838 642.55596923828
154.74995422363 0.32112112641335 642.5751953125
154.68684387207 -0.35380473732948 642.59100341797
154.60795593262 -1.0270235538483 642.60870361328
154.52276611328 -1.6994466781616 642.62719726562
154.41790771484 -2.369015455246 642.64825439453
154.31233215332 -3.0384588241577 642.66943359375
154.1700592041 -3.7009205818176 642.69519042969
158.24310302734 12.05662727356 641.47760009766
158.16603088379 11.36254119873 641.27447509766
158.12020874023 10.64258480072 641.17553710938
158.07438659668 9.92262840271 641.07653808594
157.99566650391 9.2024831771851 641.00341796875
157.91526794434 8.482328414917 640.93170166016
157.82540893555 7.7628140449524 640.86590576172
157.72537231445 7.0439872741699 640.806640625
157.62478637695 6.3260402679443 640.73992919922
157.52195739746 5.6115951538086 640.64385986328
157.42799377441 4.8960738182068 640.54846191406
157.3709564209 4.176061630249 640.45593261719
157.3358001709 3.4537422657013 640.37353515625
157.31858825684 2.7299461364746 640.29650878906
157.30586242676 2.0116167068481 640.17785644531
157.30207824707 1.2915023565292 640.07043457031
157.29077148438 0.57189744710922 639.96087646484
157.25112915039 -0.14148171246052 639.82647705078
157.15657043457 -0.83566027879715 639.62799072266
157.12278747559 -1.5494811534882 639.49401855469
157.08155822754 -2.2634680271149 639.36236572266
156.99310302734 -2.9674084186554 639.19940185547
156.94313049316 -3.6740922927856 639.03118896484
156.90980529785 -4.3839221000671 638.87225341797
156.87648010254 -5.0937519073486 638.71325683594
158.3207244873 12.020128250122 642.46234130859
158.36013793945 11.315714836121 642.68823242188
158.27835083008 10.594615936279 642.84417724609
158.18022155762 9.8732757568359 642.98809814453
158.09310913086 9.1457118988037 643.10308837891
158.02618408203 8.4129877090454 643.20123291016
157.95135498047 7.679940700531 643.29071044922
157.87503051758 6.946831703186 643.37860107422
157.83349609375 6.2110104560852 643.46264648438
157.81376647949 5.4734892845154 643.54431152344
157.78735351562 4.7370390892029 643.63146972656
157.73097229004 4.0053868293762 643.74328613281
157.67459106445 3.2737345695496 643.85510253906
157.64945983887 2.5421812534332 643.97424316406
157.65481567383 1.8107246160507 644.10046386719
157.66357421875 1.080392241478 644.23254394531
157.6789855957 0.35224443674088 644.37591552734
157.68388366699 -0.36787414550781 644.55023193359
157.669921875 -1.0736086368561 644.77990722656
157.66452026367 -1.7903912067413 644.96936035156
157.66522216797 -2.5150804519653 645.13000488281
157.76147460938 -3.2449109554291 645.22497558594
157.76899719238 -3.9481656551361 645.45837402344
157.78681945801 -4.6696634292603 645.63189697266
157.87049865723 -5.3919706344604 645.77349853516
