67.659645080566 3.1202917098999 270.77017211914
84.13207244873 -6.6084837913513 274.42199707031
85.588272094727 -1.8589079380035 268.26797485352
85.606430053711 -0.61270570755005 280.82934570312
67.450004577637 2.3357357978821 270.83169555664
67.550308227539 1.5332969427109 270.94235229492
67.822380065918 0.77460318803787 271.07382202148
68.216018676758 0.073355324566364 271.21682739258
68.707153320312 -0.56203109025955 271.36669921875
69.267112731934 -1.1369715929031 271.51989746094
69.870468139648 -1.6659717559814 271.67422485352
70.498512268066 -2.1652448177338 271.82870483398
71.163246154785 -2.6147217750549 271.98284912109
71.854316711426 -3.0229597091675 272.13607788086
72.55884552002 -3.4077668190002 272.28854370117
73.28239440918 -3.7562301158905 272.43951416016
74.011650085449 -4.0927653312683 272.59002685547
74.752502441406 -4.4036016464233 272.73922729492
75.501152038574 -4.6956624984741 272.88732910156
76.262435913086 -4.9541888237 273.03338623047
77.033622741699 -5.1828184127808 273.17736816406
77.809982299805 -5.3941068649292 273.32006835938
78.586235046387 -5.6057510375977 273.46279907227
79.371185302734 -5.7845330238342 273.60293579102
80.156394958496 -5.9621710777283 273.74301147461
80.94832611084 -6.1094698905945 273.88049316406
81.73917388916 -6.2620868682861 274.01837158203
82.534629821777 -6.3907370567322 274.15414428711
83.333488464355 -6.4987072944641 274.28799438477
68.082954406738 2.5590314865112 270.51818847656
68.406112670898 1.8886328935623 270.49267578125
69.035491943359 1.493333697319 270.43548583984
69.730484008789 1.2365967035294 270.36370849609
70.34693145752 0.81563234329224 270.34979248047
71.037635803223 0.52776825428009 270.34387207031
71.744354248047 0.28320923447609 270.31271362305
72.45792388916 0.061141382902861 270.2712097168
73.178337097168 -0.13713651895523 270.22695922852
73.898933410645 -0.3306599855423 270.16891479492
74.63028717041 -0.4856224656105 270.13320922852
75.359962463379 -0.63530313968658 270.05947875977
76.093170166016 -0.76596993207932 269.98449707031
76.828109741211 -0.88564598560333 269.90905761719
77.569725036621 -0.96617740392685 269.84930419922
78.301040649414 -1.0728658437729 269.73098754883
79.033996582031 -1.1392872333527 269.59466552734
79.767776489258 -1.1698528528214 269.45028686523
80.495010375977 -1.2461930513382 269.29028320312
81.223541259766 -1.3295345306396 269.13998413086
81.954818725586 -1.4142303466797 269.00457763672
82.692047119141 -1.4805434942245 268.89340209961
83.419403076172 -1.5366150140762 268.72573852539
84.146133422852 -1.595806479454 268.55654907227
84.879318237305 -1.702951669693 268.45062255859
67.915405273438 2.5493683815002 271.30932617188
68.37190246582 1.9147907495499 271.54730224609
69.065032958984 1.6815822124481 271.9421081543
69.718391418457 1.359493970871 272.33538818359
70.376747131348 0.9819923043251 272.67547607422
71.082649230957 0.68946349620819 272.9977722168
71.832473754883 0.48471969366074 273.29479980469
72.566772460938 0.30469730496407 273.63681030273
73.27400970459 0.14323107898235 274.04348754883
74.000747680664 0.018741734325886 274.4296875
74.72737121582 -0.094391189515591 274.81930541992
75.46745300293 -0.16674868762493 275.19052124023
76.225639343262 -0.20719423890114 275.52926635742
76.959106445312 -0.28192490339279 275.91552734375
77.701416015625 -0.3391900062561 276.28576660156
78.452362060547 -0.32049936056137 276.64410400391
79.19807434082 -0.28542518615723 277.01168823242
79.93431854248 -0.28555789589882 277.39990234375
80.672271728516 -0.30288422107697 277.78375244141
81.387725830078 -0.35497161746025 278.20568847656
82.117042541504 -0.38102141022682 278.60568237305
82.859001159668 -0.43627256155014 278.97817993164
83.577789306641 -0.43149363994598 279.39785766602
84.29044342041 -0.43372204899788 279.82748413086
84.952415466309 -0.49337720870972 280.32849121094
