131.67919921875 56.328136444092 304.60705566406
125.68160247803 9.7519845962524 325.50903320312
105.34797668457 11.169148445129 332.19665527344
108.79563140869 2.5790662765503 314.06927490234
133.7518157959 57.048831939697 304.62564086914
135.6773223877 56.243812561035 305.33749389648
137.00157165527 54.742828369141 306.27328491211
137.69004821777 52.897472381592 307.26138305664
137.57620239258 50.89722442627 308.1838684082
136.92726135254 48.94116973877 308.99310302734
135.98637390137 47.068859100342 309.71243286133
134.98272705078 45.220874786377 310.4094543457
134.17065429688 43.306575775146 311.17080688477
133.50141906738 41.353748321533 311.97500610352
132.79063415527 39.410858154297 312.76739501953
132.02183532715 37.483104705811 313.54257202148
131.27613830566 35.549076080322 314.32467651367
130.49830627441 33.62385559082 315.09713745117
129.68496704102 31.70892906189 315.85855102539
129.06161499023 29.746324539185 316.67532348633
128.52656555176 27.767263412476 317.51504516602
128.06716918945 25.777086257935 318.37310791016
127.6833114624 23.778335571289 319.24826049805
127.33685302734 21.776256561279 320.13137817383
126.96681976318 19.776195526123 321.00946044922
126.634765625 17.77303314209 321.89566040039
126.33995056152 15.767426490784 322.78939819336
125.9549331665 13.768817901611 323.66427612305
125.74851226807 11.759755134583 324.57489013672
131.82348632812 56.99946975708 306.96142578125
132.10957336426 56.391033172607 309.31994628906
131.5467376709 55.200054168701 311.38800048828
129.89405822754 54.058631896973 312.79528808594
128.25685119629 52.649768829346 313.95681762695
126.71485900879 51.042346954346 314.98291015625
125.25545501709 49.29797744751 315.90032958984
123.80080413818 47.538570404053 316.79650878906
122.35105895996 45.764545440674 317.67153930664
120.93907165527 43.908336639404 318.42987060547
119.55641937256 42.014289855957 319.14779663086
118.25708770752 40.080726623535 319.91427612305
117.0552520752 38.108867645264 320.73989868164
115.89373016357 36.123085021973 321.58966064453
114.79882049561 34.121192932129 322.4885559082
113.70858764648 32.116535186768 323.38708496094
112.63477325439 30.07755279541 324.22610473633
111.57883453369 28.004787445068 325.0026550293
110.52085876465 25.930599212646 325.77276611328
109.42115783691 23.854652404785 326.47665405273
108.37306976318 21.756881713867 327.19451904297
107.40367126465 19.632009506226 327.94244384766
106.53688812256 17.485780715942 328.75253295898
105.81241607666 15.323438644409 329.65390014648
105.43886566162 13.241918563843 330.89010620117
132.39047241211 55.19966506958 302.52966308594
133.44436645508 53.195667266846 301.54663085938
133.65748596191 50.7790184021 301.09811401367
132.86238098145 48.473926544189 300.70288085938
131.51280212402 46.404304504395 300.55825805664
130.06478881836 44.401458740234 300.71514892578
128.69702148438 42.353130340576 300.97424316406
127.28295898438 40.348808288574 301.3157043457
125.82574462891 38.391738891602 301.74069213867
124.38770294189 36.425559997559 302.18762207031
123.04326629639 34.398139953613 302.6520690918
121.7926864624 32.315128326416 303.13177490234
120.67831420898 30.161386489868 303.63549804688
119.60150909424 27.996772766113 304.17233276367
118.48970031738 25.888496398926 304.84561157227
117.37781524658 23.781192779541 305.52160644531
116.26350402832 21.703481674194 306.28033447266
115.14862823486 19.636304855347 307.06652832031
114.02951049805 17.578672409058 307.87145996094
112.90279388428 15.534206390381 308.69891357422
111.72913360596 13.562182426453 309.63034057617
110.67576599121 11.487900733948 310.47998046875
109.74279022217 9.3462953567505 311.30285644531
109.02269744873 7.1233606338501 312.1240234375
108.79951477051 4.8473949432373 313.07482910156
