60.671276092529 -6.7858853340149 272.08599853516
69.275054931641 2.902108669281 274.77755737305
73.565872192383 -0.70285785198212 278.01528930664
73.631454467773 0.5829690694809 271.38400268555
60.622184753418 -6.2727932929993 272.18826293945
60.702827453613 -5.7654762268066 272.29965209961
60.836372375488 -5.2698974609375 272.41287231445
61.034805297852 -4.7966575622559 272.52661132812
61.289268493652 -4.3508148193359 272.63919067383
61.591209411621 -3.9349000453949 272.74935913086
61.90306854248 -3.5261843204498 272.85879516602
62.235950469971 -3.1339275836945 272.9665222168
62.593647003174 -2.7634360790253 273.07177734375
62.95760345459 -2.3988704681396 273.17626953125
63.334381103516 -2.0470933914185 273.27914428711
63.720104217529 -1.7047790288925 273.38076782227
64.119987487793 -1.3784350156784 273.48022460938
64.520881652832 -1.0532916784286 273.57949829102
64.904747009277 -0.70897805690765 273.68142700195
65.299591064453 -0.37679958343506 273.78167724609
65.685676574707 -0.03486518189311 273.88323974609
66.063171386719 0.31617167592049 273.98599243164
66.451309204102 0.65583831071854 274.08731079102
66.853401184082 0.97956967353821 274.18637084961
67.241622924805 1.3191560506821 274.28765869141
67.623054504395 1.6660830974579 274.38986206055
68.015014648438 2.0015172958374 274.49060058594
68.416053771973 2.3264849185944 274.58987426758
68.837890625 2.6252002716064 274.68533325195
60.973377227783 -6.3809156417847 272.41940307617
61.213581085205 -5.8919630050659 272.65539550781
61.73083114624 -5.6943039894104 272.90213012695
62.181148529053 -5.3952655792236 273.1787109375
62.652446746826 -5.0746684074402 273.38885498047
63.148777008057 -4.7797207832336 273.57788085938
63.627349853516 -4.4473600387573 273.75039672852
64.111991882324 -4.1234087944031 273.92147827148
64.620811462402 -3.8310008049011 274.07897949219
65.115417480469 -3.5206234455109 274.2470703125
65.617942810059 -3.2299637794495 274.42642211914
66.125564575195 -2.9643020629883 274.62854003906
66.657470703125 -2.7401170730591 274.81842041016
67.196479797363 -2.5346360206604 275.00909423828
67.716064453125 -2.331494808197 275.24945068359
68.210296630859 -2.1437923908234 275.54861450195
68.743804931641 -1.9919945001602 275.79678344727
69.27953338623 -1.8417414426804 276.04107666016
69.808792114258 -1.6850520372391 276.29522705078
70.342384338379 -1.5323776006699 276.54266357422
70.875381469727 -1.3702471256256 276.78530883789
71.399230957031 -1.2036712169647 277.04434204102
71.934997558594 -1.0438901185989 277.28240966797
72.465339660645 -0.90838307142258 277.54626464844
73.003959655762 -0.78434038162231 277.79876708984
60.979019165039 -6.3022809028625 271.95419311523
61.181171417236 -5.7499384880066 271.96572875977
61.55451965332 -5.3051738739014 271.89053344727
62.088653564453 -5.0593771934509 271.8630065918
62.552669525146 -4.695029258728 271.8528137207
63.030975341797 -4.3515996932983 271.86376953125
63.551338195801 -4.0862216949463 271.94686889648
64.063125610352 -3.7986888885498 272.00674438477
64.57209777832 -3.5046191215515 272.05780029297
65.090827941895 -3.2307729721069 272.12149047852
65.596984863281 -2.9317815303802 272.17202758789
66.115478515625 -2.6556186676025 272.22436523438
66.622039794922 -2.3533692359924 272.20861816406
67.128273010254 -2.0513308048248 272.18402099609
67.654190063477 -1.7867426872253 272.1452331543
68.198554992676 -1.5631940364838 272.1022644043
68.736228942871 -1.332409620285 272.02584838867
69.277900695801 -1.112673163414 271.94522094727
69.827194213867 -0.90587085485458 271.8844909668
70.363662719727 -0.66722339391708 271.82681274414
70.871170043945 -0.3904712498188 271.70846557617
71.403694152832 -0.15286903083324 271.61868286133
71.96070098877 0.035714946687222 271.5703125
72.504081726074 0.24857611954212 271.48324584961
73.068824768066 0.41078281402588 271.42883300781
