58.8469581604 -5.4373812675476 271.60269165039
66.499290466309 1.840412735939 274.69744873047
67.745399475098 -2.5258934497833 277.12326049805
68.837257385254 0.055288247764111 270.58261108398
58.823642730713 -5.0155944824219 271.72796630859
58.934383392334 -4.6110067367554 271.86352539062
59.083770751953 -4.2192540168762 271.9997253418
59.266014099121 -3.8415224552155 272.1354675293
59.483402252197 -3.4822494983673 272.26965332031
59.720676422119 -3.135267496109 272.40243530273
59.98949432373 -2.8107917308807 272.53201293945
60.261604309082 -2.4888982772827 272.66119384766
60.549076080322 -2.1797962188721 272.78829956055
60.841705322266 -1.8752431869507 272.91464233398
61.145420074463 -1.580949306488 273.03909301758
61.452209472656 -1.2896336317062 273.16302490234
61.775321960449 -1.0151031017303 273.28375244141
62.099891662598 -0.74215537309647 273.40414428711
62.435943603516 -0.48227688670158 273.52194213867
62.777389526367 -0.22890397906303 273.6383972168
63.12162399292 0.02101731672883 273.75408935547
63.46252822876 0.27506458759308 273.87066650391
63.81649017334 0.51230335235596 273.9836730957
64.176498413086 0.74116909503937 274.09481811523
64.543739318848 0.95946085453033 274.20358276367
64.917785644531 1.1671222448349 274.30993652344
65.300765991211 1.3597416877747 274.41271972656
65.703414916992 1.5130878686905 274.50592041016
66.098899841309 1.6819528341293 274.60299682617
59.036937713623 -5.1804413795471 271.8896484375
59.271396636963 -4.8720893859863 272.07510375977
59.524436950684 -4.5894804000854 272.2763671875
59.866760253906 -4.428647518158 272.47985839844
60.209083557129 -4.2678136825562 272.68334960938
60.555400848389 -4.1048145294189 272.87817382812
60.911334991455 -3.9365408420563 273.0498046875
61.278160095215 -3.7943925857544 273.22213745117
61.65548324585 -3.6578180789948 273.37521362305
62.031421661377 -3.524183511734 273.53421020508
62.387977600098 -3.3928399085999 273.734375
62.736785888672 -3.2641444206238 273.94940185547
63.055438995361 -3.1490561962128 274.21331787109
63.400840759277 -3.0469400882721 274.44711303711
63.801643371582 -2.9843239784241 274.5881652832
64.18994140625 -2.9349653720856 274.76470947266
64.538024902344 -2.9169814586639 275.01565551758
64.889976501465 -2.8984446525574 275.26113891602
65.247505187988 -2.8789427280426 275.49829101562
65.587562561035 -2.8349833488464 275.75692749023
65.918601989746 -2.7795269489288 276.02487182617
66.275207519531 -2.7232336997986 276.25750732422
66.647666931152 -2.6667177677155 276.46377563477
67.017051696777 -2.6148359775543 276.67666625977
67.381225585938 -2.5703649520874 276.89996337891
59.099639892578 -5.057701587677 271.55422973633
59.423748016357 -4.7352209091187 271.5905456543
59.747863769531 -4.4127507209778 271.62683105469
60.087715148926 -4.1110210418701 271.68759155273
60.462062835693 -3.8701031208038 271.79794311523
60.836406707764 -3.6291851997375 271.90832519531
61.18709564209 -3.401465177536 271.75271606445
61.581573486328 -3.2208304405212 271.76971435547
61.966930389404 -2.9933953285217 271.8069152832
62.347080230713 -2.7490854263306 271.7649230957
62.757308959961 -2.5633358955383 271.6823425293
63.159564971924 -2.359560251236 271.60345458984
63.581275939941 -2.1898241043091 271.54257202148
64.002990722656 -2.0200881958008 271.48168945312
64.427894592285 -1.862609744072 271.41256713867
64.838516235352 -1.7102527618408 271.28747558594
65.234176635742 -1.554038643837 271.11663818359
65.646659851074 -1.4166687726974 270.97186279297
66.061912536621 -1.2597764730453 270.87017822266
66.458984375 -1.0601435899734 270.77987670898
66.831153869629 -1.0005853176117 270.5185546875
67.239891052246 -0.8324858546257 270.47610473633
67.656555175781 -0.64085376262665 270.48110961914
68.057586669922 -0.4225660264492 270.51489257812
68.4501953125 -0.18930545449257 270.55590820312
