63.111911773682 -26.340950012207 327.62396240234
54.518127441406 8.6948404312134 325.181640625
34.014621734619 -7.174346446991 317.84231567383
41.02409362793 -3.2002665996552 346.60592651367
64.346435546875 -25.404180526733 327.04528808594
65.392639160156 -24.245374679565 326.498046875
66.286811828613 -22.95219039917 325.98324584961
67.083396911621 -21.5881690979 325.49157714844
67.701965332031 -20.119895935059 325.04608154297
68.223274230957 -18.60658454895 324.62771606445
68.64136505127 -17.053750991821 324.23928833008
69.019096374512 -15.487697601318 323.86306762695
69.247444152832 -13.882769584656 323.53311157227
69.24649810791 -12.24822807312 323.27896118164
68.973968505859 -10.624079704285 323.12158203125
68.588287353516 -9.0194139480591 323.00698852539
68.061721801758 -7.4522142410278 322.9475402832
67.451202392578 -5.9148526191711 322.92224121094
66.694282531738 -4.4442615509033 322.95864868164
65.842720031738 -3.0280911922455 323.03665161133
64.870407104492 -1.6962896585464 323.1701965332
63.831554412842 -0.41949534416199 323.33560180664
62.677303314209 0.74429720640182 323.55908203125
61.413902282715 1.7725973129272 323.84188842773
60.42041015625 3.0876426696777 323.98544311523
59.299797058105 4.2870287895203 324.19158935547
58.22176361084 5.5282883644104 324.37622070312
57.084705352783 6.7106833457947 324.59075927734
55.873989105225 7.8092770576477 324.84417724609
63.213005065918 -25.147281646729 326.47650146484
63.483470916748 -23.682802200317 325.74557495117
63.769706726074 -22.23397064209 324.98989868164
64.027282714844 -20.726629257202 324.34671020508
63.9850730896 -19.165307998657 323.78765869141
63.420696258545 -17.66993522644 323.34344482422
62.467433929443 -16.336851119995 323.08605957031
61.183639526367 -15.290949821472 322.98883056641
59.600452423096 -14.796485900879 323.01776123047
57.959033966064 -14.639723777771 322.84240722656
56.551704406738 -13.787992477417 322.62860107422
55.302585601807 -12.735456466675 322.33975219727
54.030059814453 -11.671446800232 322.35049438477
52.630153656006 -10.798627853394 322.17651367188
51.155075073242 -10.092038154602 321.89932250977
49.63960647583 -9.430835723877 321.76419067383
48.120410919189 -8.794623374939 321.56619262695
46.645343780518 -8.1359367370605 321.18896484375
45.104511260986 -7.577465057373 320.93218994141
43.512969970703 -7.1765866279602 320.69110107422
41.902374267578 -7.0182619094849 320.32641601562
40.303157806396 -6.894829750061 319.90289306641
38.716873168945 -6.8100128173828 319.42495727539
37.159633636475 -6.9955859184265 318.88397216797
35.588222503662 -7.0934891700745 318.36129760742
63.547889709473 -24.772750854492 328.14837646484
64.203086853027 -23.187730789185 328.17376708984
64.714416503906 -21.554439544678 328.26937866211
64.920967102051 -19.852863311768 328.33630371094
65.227676391602 -18.179908752441 328.45532226562
64.743713378906 -16.56262588501 328.75686645508
64.019302368164 -15.049958229065 329.09399414062
62.856185913086 -13.955205917358 329.69165039062
61.420516967773 -13.630144119263 330.56579589844
59.993144989014 -13.643530845642 331.44519042969
58.928508758545 -12.481823921204 332.11776733398
57.928401947021 -11.165098190308 332.57174682617
56.795078277588 -10.005780220032 333.12295532227
55.482089996338 -9.1445150375366 333.81381225586
54.212215423584 -8.2788515090942 334.57638549805
52.9455909729 -7.4275922775269 335.35852050781
51.553943634033 -6.7512288093567 336.09729003906
50.250347137451 -6.1975603103638 337.06448364258
48.994235992432 -5.8064794540405 338.16552734375
47.80712890625 -5.403350353241 339.3362121582
46.626487731934 -4.806040763855 340.42831420898
45.468269348145 -4.1717166900635 341.52288818359
44.41247177124 -3.7026965618134 342.79095458984
43.400917053223 -3.4122259616852 344.14556884766
42.226188659668 -3.2270481586456 345.3821105957
