58.01416015625 5.7963891029358 270.36499023438
69.286582946777 -4.2214121818542 269.20489501953
69.562561035156 1.3324685096741 266.57168579102
69.075065612793 -0.13470205664635 273.89685058594
58.20874786377 5.2485275268555 270.25534057617
58.500114440918 4.7413477897644 270.166015625
58.827651977539 4.2551736831665 270.08569335938
59.190761566162 3.7933583259583 270.01507568359
59.576625823975 3.3493542671204 269.95120239258
59.970581054688 2.9121644496918 269.88977050781
60.380859375 2.4895102977753 269.8337097168
60.792854309082 2.0684525966644 269.77816772461
61.214286804199 1.6564289331436 269.72583007812
61.642417907715 1.251070022583 269.67584228516
62.077003479004 0.85236012935638 269.62814331055
62.523162841797 0.46614411473274 269.58465576172
62.982494354248 0.095127105712891 269.54632568359
63.43664932251 -0.28199422359467 269.50592041016
63.897766113281 -0.65086001157761 269.46823120117
64.354339599609 -1.0251553058624 269.42877197266
64.81623840332 -1.3930714130402 269.39141845703
65.279510498047 -1.7593144178391 269.35461425781
65.735733032227 -2.1340181827545 269.31500244141
66.195571899414 -2.5044250488281 269.27682495117
66.682624816895 -2.8392992019653 269.25009155273
67.177024841309 -3.1635410785675 269.22671508789
67.677169799805 -3.4790382385254 269.20608520508
68.194801330566 -3.7654416561127 269.1943359375
68.736953735352 -4.0024247169495 269.19705200195
58.42200088501 5.5985317230225 270.13711547852
58.830738067627 5.3989424705505 269.91381835938
59.262706756592 5.1543588638306 269.80899047852
59.694675445557 4.9097752571106 269.70416259766
60.135810852051 4.6812167167664 269.61071777344
60.612701416016 4.515157699585 269.56161499023
61.089588165283 4.3490986824036 269.51251220703
61.53401184082 4.1423635482788 269.39645385742
61.96183013916 3.9148156642914 269.24612426758
62.419750213623 3.7496583461761 269.10409545898
62.879306793213 3.5878887176514 268.96249389648
63.339729309082 3.4294111728668 268.82028198242
63.806049346924 3.2933413982391 268.67385864258
64.275199890137 3.147394657135 268.54843139648
64.746726989746 2.9889717102051 268.45492553711
65.220527648926 2.8126771450043 268.41201782227
65.683647155762 2.6426169872284 268.31008911133
66.136177062988 2.4787423610687 268.14956665039
66.570259094238 2.2435681819916 268.0387878418
66.981346130371 2.0278100967407 267.85586547852
67.371696472168 1.8458544015884 267.58767700195
67.801300048828 1.6449698209763 267.42181396484
68.234306335449 1.4618922472 267.259765625
68.646522521973 1.4131135940552 266.9866027832
69.124465942383 1.3753235340118 266.82202148438
58.337562561035 5.5347127914429 270.65908813477
58.636463165283 5.1754832267761 270.83728027344
59.057228088379 4.8998355865479 270.92852783203
59.510612487793 4.6670060157776 271.01895141602
59.945720672607 4.3996024131775 271.10488891602
60.378784179688 4.1305370330811 271.19577026367
60.811122894287 3.8608825206757 271.28842163086
61.266452789307 3.6251726150513 271.35339355469
61.735038757324 3.410703420639 271.40390014648
62.209266662598 3.2078449726105 271.45043945312
62.656677246094 2.9880738258362 271.56750488281
63.077362060547 2.752227306366 271.75616455078
63.504119873047 2.5334913730621 271.95172119141
63.952793121338 2.3217160701752 272.07974243164
64.425857543945 2.1176867485046 272.13256835938
64.890838623047 1.8986949920654 272.19024658203
65.337135314941 1.6451343297958 272.2590637207
65.592094421387 1.349400639534 272.55313110352
65.906196594238 1.047379732132 272.78259277344
66.323501586914 0.77574580907822 272.91955566406
66.751762390137 0.52932631969452 273.07153320312
67.182495117188 0.27839228510857 273.19793701172
67.651504516602 0.12655904889107 273.34701538086
68.119293212891 0.007735563442111 273.53399658203
68.606163024902 -0.08613683283329 273.68350219727
