150.33544921875 0.31263065338135 610.39599609375
150.34370422363 -10.875003814697 608.16937255859
154.88182067871 -9.7018299102783 612.91467285156
146.72004699707 -9.5121631622314 613.25933837891
150.3049621582 0.11317308992147 609.96173095703
150.27633666992 -0.11979369819164 609.54449462891
150.25564575195 -0.45945936441422 609.20764160156
150.23828125 -0.83125257492065 608.90637207031
150.22467041016 -1.2336341142654 608.64703369141
150.21180725098 -1.6413422822952 608.39624023438
150.20106506348 -2.0634233951569 608.17028808594
150.19244384766 -2.4978122711182 607.96893310547
150.18646240234 -2.9453675746918 607.79864501953
150.18081665039 -3.394257068634 607.63201904297
150.17782592773 -3.8539125919342 607.49774169922
150.17733764648 -4.3213953971863 607.39392089844
150.17901611328 -4.794095993042 607.31726074219
150.18260192871 -5.2700223922729 607.26428222656
150.18724060059 -5.747181892395 607.22406005859
150.19361877441 -6.2256927490234 607.20654296875
150.20359802246 -6.7036023139954 607.23529052734
150.21389770508 -7.1812214851379 607.26843261719
150.22399902344 -7.6590294837952 607.298828125
150.23684692383 -8.1330661773682 607.36547851562
150.2498626709 -8.6068096160889 607.43420410156
150.2635345459 -9.0791912078857 607.51165771484
150.28153991699 -9.5379018783569 607.64788818359
150.3017578125 -9.9863719940186 607.81457519531
150.32279968262 -10.430268287659 607.99304199219
150.74496459961 0.16515739262104 610.42999267578
150.93960571289 -0.21414647996426 610.40393066406
151.0431060791 -0.52468955516815 610.06719970703
151.15760803223 -0.85039389133453 609.78424072266
151.33639526367 -1.2343442440033 609.98724365234
151.51933288574 -1.6421754360199 610.08233642578
151.70625305176 -2.0729639530182 610.07379150391
151.87942504883 -2.5090329647064 610.06567382812
152.02813720703 -2.9544816017151 610.05847167969
152.17684936523 -3.3999304771423 610.05120849609
152.31452941895 -3.8250823020935 610.14788818359
152.43801879883 -4.2361097335815 610.33416748047
152.54524230957 -4.682740688324 610.43218994141
152.71620178223 -5.1006846427917 610.54992675781
152.8931427002 -5.5061988830566 610.70166015625
153.03665161133 -5.9163551330566 610.87921142578
153.20259094238 -6.3296446800232 611.0283203125
153.38931274414 -6.735276222229 611.17279052734
153.57911682129 -7.1213359832764 611.36126708984
153.75010681152 -7.5014729499817 611.57745361328
153.984375 -7.8673615455627 611.75531005859
154.16386413574 -8.2342557907104 611.98718261719
154.34335327148 -8.6011486053467 612.21905517578
154.52284240723 -8.9680423736572 612.45092773438
154.70233154297 -9.3349361419678 612.68280029297
150.02813720703 0.017781497910619 610.50140380859
149.87358093262 -0.35964974761009 610.42083740234
149.71159362793 -0.68335056304932 610.17944335938
149.56318664551 -1.0771206617355 610.12908935547
149.42517089844 -1.4697914123535 610.22576904297
149.26583862305 -1.8591977357864 610.28686523438
149.10229492188 -2.2657134532928 610.26940917969
148.96286010742 -2.6792237758636 610.27038574219
148.88943481445 -3.1033482551575 610.35534667969
148.81350708008 -3.5273466110229 610.43725585938
148.69912719727 -3.9494199752808 610.47271728516
148.56614685059 -4.3586921691895 610.55395507812
148.42817687988 -4.764518737793 610.64752197266
148.31860351562 -5.1630086898804 610.7939453125
148.20474243164 -5.5486326217651 610.96783447266
148.08909606934 -5.9260187149048 611.1591796875
147.99067687988 -6.31081199646 611.34558105469
147.87809753418 -6.6894869804382 611.53607177734
147.7502746582 -7.0636825561523 611.72564697266
147.60404968262 -7.4348726272583 611.908203125
147.46675109863 -7.7949576377869 612.11724853516
147.32369995117 -8.1439094543457 612.34106445312
147.17279052734 -8.4859733581543 612.57061767578
147.02186584473 -8.8280363082886 612.80017089844
146.8709564209 -9.1701002120972 613.02978515625
