69.662185668945 -0.81252771615982 268.47689819336
80.145835876465 3.2371575832367 274.85598754883
80.555671691895 -0.27860954403877 274.15621948242
81.037742614746 2.8815271854401 271.32434082031
69.86107635498 -0.52912724018097 268.8408203125
70.18187713623 -0.30383291840553 269.1552734375
70.538398742676 -0.10262423753738 269.44680786133
70.900619506836 0.094260722398758 269.73425292969
71.280364990234 0.27721551060677 270.00793457031
71.670539855957 0.45115906000137 270.27267456055
72.076667785645 0.61022824048996 270.52239990234
72.48184967041 0.77021771669388 270.77304077148
72.89771270752 0.91942095756531 271.01257324219
73.309829711914 1.0724800825119 271.25616455078
73.728492736816 1.2187005281448 271.49267578125
74.14981842041 1.3620405197144 271.72619628906
74.57243347168 1.5039360523224 271.95825195312
74.996528625488 1.6441745758057 272.18862915039
75.427581787109 1.7764669656754 272.41061401367
75.847312927246 1.9215284585953 272.64593505859
76.272369384766 2.0607256889343 272.87518310547
76.693382263184 2.2043948173523 273.10903930664
77.116119384766 2.3461768627167 273.34097290039
77.537620544434 2.4893128871918 273.57427978516
77.948722839355 2.643408536911 273.81893920898
78.359848022461 2.7975032329559 274.06350708008
78.778579711914 2.9436485767365 274.29995727539
79.23176574707 3.046591758728 274.49090576172
79.674926757812 3.1637477874756 274.69702148438
69.939292907715 -0.98005932569504 268.81698608398
70.318252563477 -0.89490973949432 269.09646606445
70.711906433105 -0.81107950210571 269.35491943359
71.120155334473 -0.77129310369492 269.60144042969
71.534065246582 -0.73701244592667 269.83847045898
71.962158203125 -0.65936774015427 270.0378112793
72.388702392578 -0.57818573713303 270.23907470703
72.814300537109 -0.49742016196251 270.44244384766
73.23999786377 -0.43108701705933 270.65081787109
73.665451049805 -0.36771595478058 270.8606262207
74.090362548828 -0.31010007858276 271.07305908203
74.524253845215 -0.2664623260498 271.27020263672
74.959762573242 -0.22954738140106 271.46517944336
75.393707275391 -0.19573000073433 271.6640625
75.819473266602 -0.16586098074913 271.88055419922
76.242752075195 -0.14625115692616 272.10293579102
76.675003051758 -0.14430537819862 272.30834960938
77.107490539551 -0.1366348862648 272.51312255859
77.539398193359 -0.12726934254169 272.71905517578
77.968101501465 -0.11568100750446 272.93145751953
78.397811889648 -0.11027220636606 273.14205932617
78.829483032227 -0.11289524286985 273.34869384766
79.262344360352 -0.12753155827522 273.55221557617
79.692108154297 -0.19035872817039 273.7532043457
80.123252868652 -0.24140138924122 273.95455932617
70.037254333496 -0.5280242562294 268.41668701172
70.425796508789 -0.32839372754097 268.61260986328
70.820358276367 -0.13037592172623 268.79733276367
71.240112304688 0.044892121106386 268.94659423828
71.666572570801 0.20450380444527 269.09436035156
72.095077514648 0.34690019488335 269.25344848633
72.523979187012 0.48041251301765 269.41903686523
72.957740783691 0.60541951656342 269.57849121094
73.394515991211 0.73022377490997 269.72967529297
73.827613830566 0.86392593383789 269.88381958008
74.259582519531 0.99439477920532 270.04373168945
74.700981140137 1.1106369495392 270.18798828125
75.153594970703 1.2114341259003 270.30709838867
75.60262298584 1.3241326808929 270.42886352539
76.046356201172 1.4703005552292 270.53344726562
76.488311767578 1.6193361282349 270.64151000977
76.93212890625 1.7673336267471 270.74313354492
77.378730773926 1.9133839607239 270.83493041992
77.828651428223 2.0566551685333 270.91372680664
78.289031982422 2.1562452316284 270.99923706055
78.737564086914 2.2941815853119 271.09414672852
79.185073852539 2.4327456951141 271.19277954102
79.643257141113 2.54611992836 271.27282714844
80.107772827148 2.6536581516266 271.31594848633
80.572769165039 2.7675187587738 271.32061767578
