-8.1213989257812 -6.120313167572 -16.946485519409
-9.1045293807983 6.5383925437927 -15.186754226685
-13.454961776733 9.3333368301392 -17.022281646729
-12.920912742615 7.5747194290161 -12.667960166931
-7.8656044006348 -5.6750631332397 -16.905010223389
-7.6439247131348 -5.2145261764526 -16.8590965271
-7.4716968536377 -4.7318296432495 -16.806747436523
-7.3203086853027 -4.2425804138184 -16.752054214478
-7.1868724822998 -3.7489385604858 -16.695510864258
-7.1071710586548 -3.2437462806702 -16.633646011353
-7.0379424095154 -2.7372100353241 -16.570865631104
-6.9767165184021 -2.2296469211578 -16.507385253906
-6.9629220962524 -1.7191710472107 -16.440179824829
-6.9642505645752 -1.208863735199 -16.371934890747
-6.9907121658325 -0.69915020465851 -16.302001953125
-7.0626096725464 -0.19496110081673 -16.229610443115
-7.1541266441345 0.30660739541054 -16.156188964844
-7.2675166130066 0.8036116361618 -16.081836700439
-7.3958387374878 1.2966480255127 -16.006967544556
-7.5392642021179 1.785670876503 -15.931571960449
-7.7491564750671 2.2491338253021 -15.854913711548
-7.988329410553 2.6972951889038 -15.778240203857
-8.2809686660767 3.1143596172333 -15.70196056366
-8.50563621521 3.5684096813202 -15.625519752502
-8.6956300735474 4.0410671234131 -15.549032211304
-8.859733581543 4.5234546661377 -15.47306728363
-8.9828128814697 5.0130019187927 -15.375919342041
-9.0331153869629 5.5211572647095 -15.334156036377
-9.0688219070435 6.0297751426697 -15.260455131531
-8.1189785003662 -5.6177535057068 -17.322462081909
-8.4778347015381 -5.1388759613037 -17.56845664978
-8.5514287948608 -4.4978084564209 -17.608070373535
-8.5462923049927 -3.8512601852417 -17.598541259766
-8.5746459960938 -3.2077696323395 -17.562770843506
-8.6494493484497 -2.5683596134186 -17.498168945312
-8.7368221282959 -1.9307613372803 -17.435312271118
-8.8622713088989 -1.2986521720886 -17.377738952637
-9.0393438339233 -0.68094033002853 -17.332586288452
-9.2787275314331 -0.080607138574123 -17.302423477173
-9.5734891891479 0.49256944656372 -17.251146316528
-9.8590145111084 1.0668866634369 -17.169845581055
-10.134296417236 1.6441422700882 -17.071817398071
-10.340224266052 2.2533493041992 -17.063274383545
-10.540550231934 2.8675050735474 -17.091966629028
-10.761528968811 3.4746577739716 -17.125846862793
-11.033938407898 4.0573377609253 -17.081302642822
-11.322578430176 4.6327080726624 -17.021329879761
-11.613851547241 5.2102751731873 -17.035131454468
-11.90603351593 5.786919593811 -17.040925979614
-12.207773208618 6.3538608551025 -16.962533950806
-12.464981079102 6.9461965560913 -16.971115112305
-12.691806793213 7.5506315231323 -17.002254486084
-12.928866386414 8.1511039733887 -17.020078659058
-13.191913604736 8.7422199249268 -17.021179199219
-8.1972970962524 -5.8047380447388 -16.444946289062
-8.3076829910278 -5.3981237411499 -16.040281295776
-8.4384431838989 -4.900260925293 -15.746740341187
-8.532283782959 -4.3307089805603 -15.592809677124
-8.6228504180908 -3.7567019462585 -15.45641708374
-8.7076025009155 -3.1747846603394 -15.351160049438
-8.7923555374146 -2.5928673744202 -15.245903015137
-8.9075441360474 -2.0191583633423 -15.130216598511
-9.0529870986938 -1.4536091089249 -15.004161834717
-9.2171669006348 -0.89455705881119 -14.873111724854
-9.3922786712646 -0.3391284942627 -14.740314483643
-9.6160612106323 0.20751370489597 -14.650906562805
-9.8355922698975 0.75364226102829 -14.549324035645
-10.054739952087 1.2992886304855 -14.444463729858
-10.283780097961 1.8445236682892 -14.35991191864
-10.473364830017 2.3842132091522 -14.199873924255
-10.662502288818 2.9179391860962 -14.018788337708
-10.932822227478 3.4408929347992 -13.917119979858
-11.233773231506 3.9517202377319 -13.845187187195
-11.480410575867 4.4685668945312 -13.692093849182
-11.714449882507 4.9873232841492 -13.51277256012
-11.948010444641 5.5085706710815 -13.342467308044
-12.138304710388 6.0388970375061 -13.144451141357
-12.367336273193 6.5609192848206 -12.965770721436
-12.62784576416 7.0729742050171 -12.806715965271
