67.240036010742 -1.5995543003082 269.00329589844
78.735679626465 -0.43272233009338 271.93704223633
80.979393005371 -2.4797713756561 272.25680541992
81.588500976562 -0.55282670259476 270.37063598633
67.595916748047 -1.423388838768 269.23291015625
68.020889282227 -1.3340692520142 269.38720703125
68.451774597168 -1.2562160491943 269.5309753418
68.887939453125 -1.1898766756058 269.66412353516
69.329704284668 -1.1374528408051 269.78439331055
69.775802612305 -1.0974243879318 269.89303588867
70.22339630127 -1.0623607635498 269.99697875977
70.673851013184 -1.0375427007675 270.09121704102
71.124237060547 -1.0125247240067 270.18566894531
71.576789855957 -0.99658471345901 270.27142333984
72.028297424316 -0.97603058815002 270.36157226562
72.479598999023 -0.95464015007019 270.45254516602
72.930206298828 -0.93039494752884 270.54623413086
73.380790710449 -0.90616697072983 270.6399230957
73.827285766602 -0.86737650632858 270.74737548828
74.274963378906 -0.83248859643936 270.85116577148
74.720558166504 -0.79089760780334 270.96130371094
75.166809082031 -0.75137794017792 271.06945800781
75.615165710449 -0.71881312131882 271.17105102539
76.061088562012 -0.6782249212265 271.28018188477
76.509117126465 -0.64452463388443 271.38287353516
76.956161499023 -0.60755026340485 271.48867797852
77.401641845703 -0.5655809044838 271.59912109375
77.84587097168 -0.51992946863174 271.71307373047
78.289535522461 -0.47260424494743 271.82852172852
67.764701843262 -1.6702661514282 269.13372802734
68.265808105469 -1.7463088035583 269.33438110352
68.792861938477 -1.7940551042557 269.46694946289
69.31175994873 -1.8322097063065 269.63110351562
69.840950012207 -1.8545553684235 269.76184082031
70.37850189209 -1.8672931194305 269.85464477539
70.914131164551 -1.8941470384598 269.95526123047
71.44709777832 -1.9200323820114 270.06921386719
71.984725952148 -1.9312539100647 270.16186523438
72.520561218262 -1.9440578222275 270.26409912109
73.05997467041 -1.947231054306 270.34628295898
73.596481323242 -1.9659616947174 270.44403076172
74.13599395752 -1.9772735834122 270.52465820312
74.669006347656 -1.9979463815689 270.6396484375
75.20384979248 -2.0070042610168 270.74743652344
75.738243103027 -2.0248901844025 270.85635375977
76.272750854492 -2.0432028770447 270.96466064453
76.806304931641 -2.0522627830505 271.07861328125
77.337890625 -2.0795619487762 271.19869995117
77.864723205566 -2.1257688999176 271.33312988281
78.398277282715 -2.173721075058 271.43695068359
78.911018371582 -2.2331867218018 271.61389160156
79.434349060059 -2.2909214496613 271.75726318359
79.95475769043 -2.3432171344757 271.91284179688
80.474739074707 -2.4247417449951 272.05679321289
67.772750854492 -1.438597202301 268.96566772461
68.326858520508 -1.3841888904572 269.00790405273
68.881591796875 -1.3252049684525 269.03134155273
69.435325622559 -1.2759348154068 269.08349609375
69.98518371582 -1.201225399971 269.14535522461
70.538902282715 -1.1665110588074 269.20837402344
71.093536376953 -1.1497012376785 269.27035522461
71.646369934082 -1.1782367229462 269.3434753418
72.199272155762 -1.1908578872681 269.42028808594
72.751792907715 -1.1595249176025 269.49450683594
73.304672241211 -1.1559324264526 269.5725402832
73.858108520508 -1.1291310787201 269.64163208008
74.409828186035 -1.1314706802368 269.72750854492
74.96134185791 -1.1003694534302 269.80908203125
75.513725280762 -1.0868759155273 269.88955688477
76.065521240234 -1.092995762825 269.97485351562
76.618614196777 -1.0920740365982 270.05145263672
77.173110961914 -1.0728462934494 270.11422729492
77.72590637207 -1.0110822916031 270.16314697266
78.279350280762 -0.95907264947891 270.21591186523
78.836952209473 -0.95998632907867 270.24502563477
79.390403747559 -0.89935553073883 270.28756713867
79.941551208496 -0.81971472501755 270.32846069336
80.497894287109 -0.77234572172165 270.33407592773
81.051948547363 -0.70294100046158 270.33389282227
