53.370193481445 13.662878036499 274.96533203125
69.295440673828 -8.3939237594604 275.85531616211
68.599189758301 -4.0463132858276 274.64520263672
68.659469604492 -4.1787929534912 277.18389892578
53.408905029297 12.602093696594 274.9684753418
53.683162689209 11.576210975647 274.98440551758
54.0641746521 10.585112571716 275.00619506836
54.525127410889 9.6288957595825 275.03225708008
55.070037841797 8.7177810668945 275.06283569336
55.661045074463 7.8359522819519 275.09594726562
56.278297424316 6.9723191261292 275.13046264648
56.916603088379 6.1241750717163 275.16607666016
57.549613952637 5.2720623016357 275.20147705078
58.183338165283 4.4204783439636 275.23684692383
58.800392150879 3.5567123889923 275.27130126953
59.450424194336 2.7175481319427 275.30758666992
60.077362060547 1.8609552383423 275.34265136719
60.728000640869 1.0222644805908 275.37893676758
61.3896484375 0.19227229058743 275.41577148438
62.083477020264 -0.61094719171524 275.45443725586
62.78063583374 -1.4112694263458 275.49319458008
63.493606567383 -2.1974947452545 275.53289794922
64.230110168457 -2.9616525173187 275.57382202148
64.962562561035 -3.7297155857086 275.61444091797
65.690414428711 -4.502142906189 275.65487670898
66.431373596191 -5.2619633674622 275.69607543945
67.17024230957 -6.0238280296326 275.73715209961
67.901336669922 -6.7931847572327 275.77774047852
68.591972351074 -7.5991582870483 275.81619262695
53.686641693115 12.884840965271 274.69378662109
54.041667938232 12.048277854919 274.61508178711
54.400688171387 11.214755058289 274.52075195312
54.85563659668 10.429767608643 274.42623901367
55.314224243164 9.6466217041016 274.33172607422
55.904102325439 8.9609212875366 274.33303833008
56.546653747559 8.3143148422241 274.37283325195
57.160785675049 7.6407613754272 274.39935302734
57.75802230835 6.9511847496033 274.41796875
58.361526489258 6.2693800926208 274.47613525391
58.968868255615 5.5897192955017 274.50973510742
59.579139709473 4.9114856719971 274.52069091797
60.195770263672 4.2402009963989 274.55508422852
60.814434051514 3.5721621513367 274.59899902344
61.38521194458 2.8675684928894 274.49743652344
62.015098571777 2.2134373188019 274.52297973633
62.662063598633 1.5729542970657 274.58279418945
63.302459716797 0.92413294315338 274.62118530273
63.942855834961 0.27531161904335 274.65960693359
64.581878662109 -0.36406689882278 274.53967285156
65.223907470703 -0.99741744995117 274.56326293945
65.868751525879 -1.6288280487061 274.68881225586
66.522018432617 -2.2647726535797 274.70446777344
67.216789245605 -2.8553423881531 274.67300415039
67.907989501953 -3.4508278369904 274.65908813477
53.785121917725 12.870891571045 275.15936279297
54.209697723389 12.072746276855 275.29821777344
54.635738372803 11.273664474487 275.42864990234
55.126502990723 10.510792732239 275.54385375977
55.633556365967 9.7670001983643 275.70080566406
56.145858764648 9.0358219146729 275.90078735352
56.710502624512 8.3199243545532 275.96856689453
57.286575317383 7.6114807128906 276.0192565918
57.892379760742 6.926070690155 276.03582763672
58.498184204102 6.2406611442566 276.05236816406
59.102565765381 5.5549902915955 276.08795166016
59.705501556396 4.8690543174744 276.14291381836
60.308437347412 4.1831183433533 276.19787597656
60.886054992676 3.4816799163818 276.30130004883
61.477096557617 2.7912142276764 276.39047241211
62.116813659668 2.1376283168793 276.41592407227
62.748062133789 1.4801565408707 276.47180175781
63.352653503418 0.81045800447464 276.62356567383
63.988773345947 0.15998508036137 276.70724487305
64.63697052002 -0.48311996459961 276.76480102539
65.324058532715 -1.0870969295502 276.76345825195
66.011512756348 -1.6901209354401 276.76889038086
66.690826416016 -2.2947492599487 276.86892700195
67.360801696777 -2.9110105037689 276.95986938477
68.028396606445 -3.5296492576599 277.05285644531
