112.82722473145 -15.397776603699 319.89532470703
60.559761047363 0.086042448878288 319.24554443359
46.402641296387 -17.629316329956 311.87091064453
46.697227478027 -17.312450408936 325.32699584961
113.99131774902 -13.368075370789 319.88528442383
113.90224456787 -11.046339035034 319.86047363281
112.19598388672 -9.4687814712524 319.82818603516
109.90100860596 -9.2583141326904 319.80450439453
107.58155059814 -9.5745468139648 319.78604125977
105.26201629639 -9.8902320861816 319.767578125
102.93704223633 -10.162965774536 319.74859619141
100.60563659668 -10.361102104187 319.7287902832
98.266304016113 -10.435667037964 319.70761108398
95.926971435547 -10.360952377319 319.68490600586
93.59001159668 -10.225881576538 319.66165161133
91.252372741699 -10.102791786194 319.6383972168
88.913673400879 -10.001729011536 319.61544799805
86.575180053711 -9.8962211608887 319.59246826172
84.248497009277 -9.6397924423218 319.56799316406
81.935256958008 -9.2813186645508 319.54257202148
79.663543701172 -8.717041015625 319.51547241211
77.484382629395 -7.864294052124 319.48623657227
75.416015625 -6.768666267395 319.45556640625
73.426788330078 -5.5356678962708 319.42416381836
71.290344238281 -4.5791330337524 319.39428710938
69.126731872559 -3.6857361793518 319.36477661133
66.964668273926 -2.7885932922363 319.33526611328
64.821044921875 -1.84825694561 319.30551147461
62.663249969482 -0.94091606140137 319.27584838867
112.44432830811 -13.77933216095 317.6335144043
111.37903594971 -13.074788093567 315.21441650391
109.45652770996 -13.719120979309 313.27990722656
107.2112197876 -14.59051990509 311.83215332031
104.74150085449 -15.396223068237 310.79165649414
102.05376434326 -16.132297515869 310.40032958984
99.335441589355 -16.798046112061 310.13555908203
96.567939758301 -17.309261322021 310.14337158203
93.799880981445 -17.795589447021 310.19866943359
91.028175354004 -18.119981765747 310.56314086914
88.25511932373 -18.441091537476 310.91873168945
85.469841003418 -18.746381759644 311.18154907227
82.678741455078 -19.041065216064 311.38977050781
79.884185791016 -19.30060005188 311.58090209961
77.071006774902 -19.324554443359 311.65759277344
74.258010864258 -19.356750488281 311.73672485352
71.446327209473 -19.43556022644 311.82983398438
68.63459777832 -19.514780044556 311.92031860352
65.821983337402 -19.600877761841 311.96710205078
63.009174346924 -19.688631057739 311.98934936523
60.195976257324 -19.737070083618 311.92730712891
57.384593963623 -19.751291275024 311.80465698242
54.580623626709 -19.535377502441 311.69921875
51.794948577881 -19.158157348633 311.57131958008
49.087543487549 -18.393026351929 311.51245117188
112.02167510986 -14.409384727478 322.36508178711
110.94374084473 -13.598520278931 324.75674438477
108.90801239014 -14.140856742859 326.5661315918
106.63619232178 -14.942617416382 327.94921875
104.17001342773 -15.809116363525 328.86999511719
101.52490997314 -16.646812438965 329.00967407227
98.796783447266 -17.173866271973 328.92498779297
96.057624816895 -17.609924316406 328.75399780273
93.359878540039 -18.089265823364 328.28405761719
90.667083740234 -18.549449920654 327.77386474609
87.918579101562 -18.758003234863 327.41220092773
85.16561126709 -18.955905914307 327.08197021484
82.394554138184 -19.096446990967 326.90994262695
79.629669189453 -19.192152023315 326.63827514648
76.879524230957 -19.227642059326 326.2333984375
74.122177124023 -19.296316146851 325.89041137695
71.351013183594 -19.500860214233 325.80422973633
68.578964233398 -19.682401657104 325.70169067383
65.806488037109 -19.725997924805 325.50146484375
63.033882141113 -19.769153594971 325.30352783203
60.25569152832 -19.792711257935 325.205078125
57.477508544922 -19.809270858765 325.1181640625
54.721515655518 -19.46075630188 325.22610473633
51.97102355957 -19.073558807373 325.33270263672
49.334125518799 -18.193006515503 325.32986450195
