132.87948608398 12.036486625671 637.86059570312
133.47076416016 -1.4729518890381 642.38452148438
129.07261657715 -5.0722208023071 643.84143066406
132.58445739746 -5.9732155799866 639.35968017578
133.24948120117 11.77793598175 638.220703125
133.54989624023 11.422627449036 638.55700683594
133.80113220215 11.011485099792 638.87261962891
134.02081298828 10.570335388184 639.17321777344
134.22024536133 10.113110542297 639.46319580078
134.37118530273 9.6218290328979 639.72637939453
134.49656677246 9.1158723831177 639.97448730469
134.56747436523 8.5862865447998 640.18823242188
134.60319519043 8.0426902770996 640.37939453125
134.61915588379 7.4940328598022 640.55694580078
134.59341430664 6.9366054534912 640.70538330078
134.50177001953 6.3756079673767 640.80462646484
134.38052368164 5.8165507316589 640.88067626953
134.25668334961 5.2575149536133 640.95477294922
134.14984130859 4.6972246170044 641.04217529297
134.07060241699 4.1357207298279 641.15106201172
134.00228881836 3.574449300766 641.26824951172
133.94009399414 3.0134346485138 641.38989257812
133.87911987305 2.4524753093719 641.51251220703
133.82090759277 1.8917056322098 641.63720703125
133.76921081543 1.3313686847687 641.76666259766
133.71635437012 0.77095705270767 641.89538574219
133.65431213379 0.20992593467236 642.01708984375
133.59214782715 -0.35108408331871 642.13879394531
133.53144836426 -0.91201800107956 642.26165771484
132.48129272461 11.730086326599 638.37182617188
132.56048583984 11.161302566528 638.82354736328
132.65357971191 10.492904663086 639.10925292969
132.74342346191 9.8200492858887 639.38494873047
132.77920532227 9.153736114502 639.68743896484
132.75361633301 8.4772291183472 639.96759033203
132.6806640625 7.7896642684937 640.21038818359
132.57420349121 7.1034755706787 640.44451904297
132.44914245605 6.4129157066345 640.6552734375
132.3561706543 5.7120990753174 640.84729003906
132.18569946289 5.0331220626831 641.06402587891
131.99380493164 4.3591651916504 641.27838134766
131.77215576172 3.6859445571899 641.46459960938
131.57473754883 3.0034518241882 641.64410400391
131.41131591797 2.3190214633942 641.84857177734
131.27886962891 1.6409703493118 642.09301757812
131.11706542969 0.96797841787338 642.3330078125
130.92155456543 0.2760543525219 642.47418212891
130.78454589844 -0.41951113939285 642.65979003906
130.63865661621 -1.1203632354736 642.81652832031
130.4905090332 -1.8120886087418 643.00787353516
130.29885864258 -2.4947910308838 643.19250488281
130.00343322754 -3.1371097564697 643.38543701172
129.72816467285 -3.7918469905853 643.56597900391
129.42141723633 -4.4388766288757 643.72192382812
133.2063293457 11.47599029541 637.58312988281
133.35539245605 10.796298980713 637.73559570312
133.54000854492 10.171967506409 638.02709960938
133.67665100098 9.5351028442383 638.31701660156
133.7237701416 8.8650827407837 638.55682373047
133.72644042969 8.176197052002 638.74176025391
133.7770690918 7.4820313453674 638.89685058594
133.75987243652 6.7749209403992 638.98980712891
133.7181854248 6.0672907829285 639.0703125
133.6579284668 5.3614411354065 639.15466308594
133.59295654297 4.6560492515564 639.23931884766
133.52154541016 3.9498736858368 639.31072998047
133.45272827148 3.2402024269104 639.33526611328
133.37608337402 2.5310962200165 639.35015869141
133.27108764648 1.8263874053955 639.38586425781
133.18844604492 1.1177676916122 639.38452148438
133.10995483398 0.40868538618088 639.38793945312
133.03349304199 -0.30040922760963 639.40563964844
132.95599365234 -1.0089464187622 639.43548583984
132.92176818848 -1.7192784547806 639.49230957031
132.89465332031 -2.4308540821075 639.53558349609
132.84246826172 -3.1423354148865 639.54235839844
132.79040527344 -3.8537900447845 639.54742431641
132.69146728516 -4.5569772720337 639.47875976562
132.61343383789 -5.2613363265991 639.39660644531
