68.342109680176 5.9178071022034 271.93173217773
77.290428161621 -0.66012352705002 274.0334777832
79.605651855469 0.72574949264526 270.8635559082
77.91739654541 1.6263129711151 276.77825927734
68.326240539551 5.4665751457214 271.95193481445
68.478332519531 5.0432119369507 272.00375366211
68.683235168457 4.6439723968506 272.06469726562
68.931716918945 4.2717843055725 272.13284301758
69.237899780273 3.9470386505127 272.20993041992
69.556533813477 3.6349539756775 272.28875732422
69.890243530273 3.3396127223969 272.36972045898
70.236778259277 3.0599255561829 272.45245361328
70.584655761719 2.7820234298706 272.53527832031
70.952377319336 2.5317335128784 272.62060546875
71.328712463379 2.294947385788 272.70693969727
71.709747314453 2.0660016536713 272.79379272461
72.099113464355 1.8518867492676 272.8815612793
72.489601135254 1.6398428678513 272.96936035156
72.881889343262 1.431315779686 273.05743408203
73.288192749023 1.2521265745163 273.14666748047
73.696998596191 1.0788328647614 273.2360534668
74.090896606445 0.87339413166046 273.32427978516
74.468788146973 0.63922202587128 273.41076660156
74.87442779541 0.45856028795242 273.49996948242
75.26490020752 0.24650041759014 273.58779907227
75.662536621094 0.048500165343285 273.67633056641
76.064788818359 -0.13975548744202 273.76525878906
76.46662902832 -0.3289001584053 273.85415649414
76.880302429199 -0.49002626538277 273.94393920898
68.652191162109 5.5543794631958 271.84970092773
69.044998168945 5.2699508666992 271.84710693359
69.396423339844 4.9360108375549 271.84127807617
69.80477142334 4.6745109558105 271.85470581055
70.22624206543 4.4348545074463 271.87066650391
70.656372070312 4.2109832763672 271.88433837891
71.08797454834 3.9898471832275 271.87536621094
71.532112121582 3.7976298332214 271.90744018555
71.962631225586 3.5751197338104 271.88568115234
72.399757385254 3.3667335510254 271.85809326172
72.856422424316 3.2044234275818 271.83981323242
73.289054870605 2.9928975105286 271.78161621094
73.735870361328 2.8070197105408 271.74789428711
74.189308166504 2.636369228363 271.72366333008
74.651985168457 2.4912769794464 271.71194458008
75.095146179199 2.3000042438507 271.66339111328
75.53931427002 2.1114161014557 271.61373901367
75.994216918945 1.9550963640213 271.55081176758
76.449089050293 1.7980034351349 271.48959350586
76.903907775879 1.6398386955261 271.43078613281
77.360153198242 1.4905593395233 271.36080932617
77.817085266113 1.347031712532 271.28372192383
78.271713256836 1.1999654769897 271.19995117188
78.719871520996 1.0444686412811 271.09841918945
79.16276550293 0.88511019945145 270.98098754883
68.528625488281 5.5814070701599 272.16543579102
68.825073242188 5.3033437728882 272.35760498047
69.176025390625 5.0960221290588 272.54833984375
69.535781860352 4.8739380836487 272.70263671875
69.915031433105 4.6771430969238 272.84423828125
70.284004211426 4.472975730896 273.00161743164
70.668846130371 4.2896757125854 273.14633178711
71.05460357666 4.1095561981201 273.29251098633
71.433006286621 3.9287147521973 273.45562744141
71.834617614746 3.7818994522095 273.59579467773
72.21411895752 3.6283783912659 273.78302001953
72.585311889648 3.4746515750885 273.9860534668
72.95516204834 3.3220043182373 274.19235229492
73.32568359375 3.158961057663 274.38928222656
73.702842712402 3.0060365200043 274.58163452148
74.088096618652 2.869884967804 274.77053833008
74.476409912109 2.7430365085602 274.9596862793
74.866119384766 2.6176228523254 275.14688110352
75.255981445312 2.4898684024811 275.33218383789
75.641319274902 2.3635334968567 275.52764892578
76.024047851562 2.238294839859 275.72885131836
76.402587890625 2.1122229099274 275.93731689453
76.775764465332 1.98386490345 276.15393066406
77.145629882812 1.854966044426 276.37579345703
77.524604797363 1.7339761257172 276.58648681641
