70.238090515137 -19.839349746704 332.92449951172
60.568027496338 -3.9092578887939 335.70449829102
45.167572021484 -5.8852066993713 328.86016845703
46.093383789062 -6.8440647125244 345.04608154297
70.790390014648 -19.335321426392 332.93841552734
70.803428649902 -18.571605682373 333.0305480957
70.72891998291 -17.812358856201 333.12973022461
70.563850402832 -17.068141937256 333.23486328125
70.339530944824 -16.339950561523 333.34313964844
70.07258605957 -15.626516342163 333.45330810547
69.776039123535 -14.92517375946 333.56457519531
69.426895141602 -14.248553276062 333.67736816406
69.079315185547 -13.571171760559 333.7900390625
68.697288513184 -12.912666320801 333.90341186523
68.301856994629 -12.262154579163 334.01702880859
67.894866943359 -11.619018554688 334.13067626953
67.433639526367 -11.013401985168 334.24444580078
66.968376159668 -10.410890579224 334.35815429688
66.487968444824 -9.8203554153442 334.47177124023
65.994827270508 -9.2403602600098 334.58508300781
65.488845825195 -8.6714887619019 334.69827270508
64.979484558105 -8.1056308746338 334.81137084961
64.464141845703 -7.5451731681824 334.92422485352
63.930210113525 -7.0022978782654 335.03662109375
63.387474060059 -6.468156337738 335.1487121582
62.830875396729 -5.9483461380005 335.26022338867
62.274932861328 -5.4278388023376 335.37173461914
61.717498779297 -4.908917427063 335.48318481445
61.147087097168 -4.4041585922241 335.59405517578
69.633308410645 -18.931604385376 332.57269287109
68.976226806641 -17.996824264526 332.48211669922
68.134124755859 -17.222185134888 332.39706420898
67.329177856445 -16.40878868103 332.32110595703
66.427444458008 -15.699437141418 332.31723022461
65.562622070312 -14.947505950928 332.2692565918
64.613418579102 -14.302917480469 332.27536010742
63.678592681885 -13.638296127319 332.24465942383
62.754795074463 -12.96008682251 332.1882019043
61.814350128174 -12.307628631592 332.10852050781
60.846817016602 -11.700317382812 332.00274658203
59.823768615723 -11.195655822754 331.8796081543
58.779052734375 -10.729427337646 331.79537963867
57.800121307373 -10.157032012939 331.62030029297
56.829116821289 -9.5735731124878 331.43774414062
55.84729385376 -9.0059947967529 331.26373291016
54.818504333496 -8.5198440551758 331.11624145508
53.763084411621 -8.0973043441772 330.96160888672
52.752952575684 -7.6040439605713 330.73162841797
51.718711853027 -7.1655311584473 330.49829101562
50.640777587891 -6.8479957580566 330.26654052734
49.552303314209 -6.6155204772949 329.98764038086
48.464641571045 -6.4155135154724 329.68173217773
47.375076293945 -6.2161598205566 329.38220214844
46.285465240479 -6.0168952941895 329.08282470703
69.858390808105 -19.063570022583 333.72055053711
69.301902770996 -18.110363006592 334.12600708008
68.42919921875 -17.441286087036 334.56381225586
67.538635253906 -16.734405517578 334.89489746094
66.663505554199 -16.01969909668 335.24963378906
65.781059265137 -15.313826560974 335.6037902832
64.876762390137 -14.633697509766 335.95315551758
63.961719512939 -13.982617378235 336.32876586914
63.033069610596 -13.372358322144 336.73745727539
62.054500579834 -12.839664459229 337.13870239258
61.053798675537 -12.32759475708 337.51135253906
60.054969787598 -11.824224472046 337.89990234375
59.054046630859 -11.376605987549 338.34677124023
58.074211120605 -10.846482276917 338.74847412109
57.092838287354 -10.331015586853 339.16513061523
56.11234664917 -9.8469552993774 339.61962890625
55.139709472656 -9.4063587188721 340.1318359375
54.167694091797 -8.9734582901001 340.65161132812
53.187553405762 -8.5919456481934 341.19583129883
52.200325012207 -8.2615613937378 341.76019287109
51.175727844238 -8.0018520355225 342.29400634766
50.187984466553 -7.8095188140869 342.91839599609
49.202262878418 -7.620717048645 343.54702758789
48.197521209717 -7.4205503463745 344.14102172852
47.154350280762 -7.1952276229858 344.65423583984
