82.064605712891 24.916658401489 333.29873657227
65.977912902832 -17.011022567749 333.53656005859
69.445167541504 7.4097375869751 342.88388061523
68.013252258301 7.4657020568848 324.71823120117
83.249420166016 23.357322692871 333.19729614258
84.084823608398 21.585054397583 333.11361694336
84.781578063965 19.753505706787 333.03750610352
85.348747253418 17.877531051636 332.96856689453
85.781806945801 15.965857505798 332.9072265625
86.081214904785 14.028513908386 332.85372924805
86.173446655273 12.07004070282 332.81265258789
86.038787841797 10.113831520081 332.78564453125
85.77660369873 8.170467376709 332.76678466797
85.354034423828 6.2555198669434 332.75833129883
84.831970214844 4.3652205467224 332.75650024414
84.249687194824 2.4925861358643 332.75869750977
83.557029724121 0.65794306993484 332.76843261719
82.701919555664 -1.1066977977753 332.78942871094
81.700035095215 -2.7921915054321 332.82095336914
80.622917175293 -4.4305572509766 332.85797119141
79.488708496094 -6.0298280715942 332.89923095703
78.238906860352 -7.5401921272278 332.94931030273
76.94556427002 -9.0133619308472 333.00262451172
75.555641174316 -10.395429611206 333.06365966797
74.095848083496 -11.703226089478 333.13031005859
72.710433959961 -13.089836120605 333.19097900391
71.071327209473 -14.163284301758 333.27297973633
69.493675231934 -15.325597763062 333.34957885742
67.81795501709 -16.340696334839 333.43481445312
82.031066894531 24.534326553345 334.19357299805
81.93514251709 23.879106521606 334.90771484375
81.823089599609 23.084745407104 335.46017456055
81.650840759277 22.219970703125 335.8742980957
81.439956665039 21.315866470337 336.16979980469
81.237457275391 20.417310714722 336.48699951172
81.052375793457 19.559745788574 336.90994262695
80.694427490234 18.814100265503 337.42477416992
80.283195495605 18.108129501343 337.95541381836
79.797706604004 17.466569900513 338.50466918945
79.216926574707 16.950403213501 339.09237670898
78.583305358887 16.462663650513 339.64865112305
77.823211669922 16.024251937866 340.0719909668
77.040832519531 15.575175285339 340.43988037109
76.231605529785 15.11346912384 340.72479248047
75.443382263184 14.613792419434 341.00448608398
74.65991973877 14.093537330627 341.25881958008
73.873825073242 13.545462608337 341.43450927734
73.185356140137 12.869629859924 341.57028198242
72.550819396973 12.139436721802 341.68563842773
72.073440551758 11.30234336853 341.82891845703
71.666831970215 10.430401802063 341.98245239258
71.234939575195 9.5801410675049 342.18170166016
70.778099060059 8.7555513381958 342.42755126953
70.120712280273 8.0740756988525 342.65698242188
81.895027160645 24.617650985718 332.36962890625
81.607902526855 23.960216522217 331.68508911133
81.430519104004 23.16464805603 331.12017822266
81.273338317871 22.312808990479 330.63735961914
81.124481201172 21.404230117798 330.26889038086
80.835815429688 20.520713806152 329.92297363281
80.489532470703 19.653749465942 329.58837890625
80.045234680176 18.861116409302 329.19116210938
79.524528503418 18.143562316895 328.74670410156
78.969573974609 17.4782371521 328.26416015625
78.324951171875 16.924104690552 327.75424194336
77.557540893555 16.56671333313 327.23828125
76.674438476562 16.264234542847 326.90380859375
75.797096252441 15.856688499451 326.68530273438
74.930358886719 15.412382125854 326.49880981445
74.114120483398 14.867630958557 326.35522460938
73.300270080566 14.319961547852 326.21008300781
72.601028442383 13.649872779846 325.99642944336
71.906837463379 12.959460258484 325.83843994141
71.230361938477 12.235701560974 325.79275512695
70.699096679688 11.398574829102 325.76889038086
70.215446472168 10.532898902893 325.75170898438
69.713676452637 9.6804866790771 325.67962646484
69.182098388672 8.8621120452881 325.50271606445
68.601287841797 8.1488237380981 325.13195800781
