15.107475280762 -4.4500861167908 313.52639770508
23.97935295105 19.979196548462 299.11795043945
14.971906661987 5.2660913467407 283.63616943359
5.4196076393127 17.130828857422 301.37689208984
16.238632202148 -3.9531345367432 314.05026245117
17.330402374268 -3.2333526611328 314.33929443359
18.393056869507 -2.4386065006256 314.53564453125
19.387609481812 -1.5430665016174 314.58261108398
20.348056793213 -0.60635095834732 314.56317138672
21.244806289673 0.38156139850616 314.44281005859
22.089275360107 1.4050498008728 314.2453918457
22.865055084229 2.4595694541931 313.96099853516
23.556461334229 3.5424222946167 313.57852172852
24.176300048828 4.6402554512024 313.12103271484
24.709016799927 5.744704246521 312.58270263672
25.132431030273 6.8492283821106 311.95040893555
25.491456985474 7.9475002288818 311.26843261719
25.790725708008 9.0355930328369 310.54428100586
25.979986190796 10.098697662354 309.74810791016
26.087335586548 11.136576652527 308.90432739258
26.126131057739 12.149118423462 308.02444458008
25.846748352051 12.994153022766 307.02227783203
25.662281036377 13.8980884552 306.04852294922
25.482526779175 14.805165290833 305.07601928711
25.351287841797 15.738624572754 304.1213684082
25.160284042358 16.638370513916 303.1457824707
24.884069442749 17.485992431641 302.14395141602
24.607563018799 18.333864212036 301.14166259766
24.311859130859 19.168756484985 300.13458251953
16.093103408813 -4.062952041626 312.65982055664
17.054918289185 -3.3640611171722 311.97891235352
18.003784179688 -2.6424353122711 311.30422973633
18.844997406006 -1.7635996341705 310.6748046875
19.508443832397 -0.85198563337326 309.89721679688
19.986902236938 0.048016477376223 308.98300170898
20.187042236328 0.85405266284943 307.89334106445
20.313461303711 1.628046631813 306.77035522461
20.213048934937 2.2871081829071 305.57339477539
20.090808868408 2.9317362308502 304.37063598633
19.831861495972 3.4796466827393 303.14184570312
19.575748443604 3.9406287670135 301.87728881836
19.346366882324 4.3567996025085 300.59222412109
19.136114120483 4.8050928115845 299.3147277832
18.767093658447 5.131103515625 298.0364074707
18.376331329346 5.3442010879517 296.74069213867
17.96425819397 5.4087586402893 295.4358215332
17.5670337677 5.4719305038452 294.12606811523
17.185724258423 5.5372004508972 292.81170654297
16.861808776855 5.5992932319641 291.48193359375
16.570234298706 5.6595025062561 290.14459228516
16.281129837036 5.7875199317932 288.81155395508
16.092639923096 5.7371959686279 287.45642089844
15.901502609253 5.4949827194214 286.12228393555
15.682969093323 5.2295875549316 284.79602050781
15.1852684021 -3.302384853363 313.72805786133
15.585848808289 -2.2115020751953 313.85601806641
16.063022613525 -1.1458673477173 313.90396118164
16.451393127441 -0.065848395228386 313.68060302734
16.83394241333 1.0134872198105 313.44534301758
17.035127639771 2.1028051376343 313.07110595703
17.186820983887 3.1876549720764 312.66235351562
17.167713165283 4.2333827018738 312.14123535156
16.918138504028 5.1743693351746 311.49359130859
16.666639328003 6.1142463684082 310.84548950195
16.227169036865 6.9458160400391 310.15084838867
15.773144721985 7.7672839164734 309.45355224609
15.269500732422 8.5652914047241 308.76312255859
14.579758644104 9.2522554397583 308.11544799805
13.950394630432 9.962574005127 307.43243408203
13.403270721436 10.699834823608 306.70840454102
12.743452072144 11.530459403992 306.21762084961
12.037145614624 12.18572807312 305.55590820312
11.215162277222 12.700551986694 304.90338134766
10.372036933899 13.186278343201 304.25503540039
9.4780235290527 13.787454605103 303.8024597168
8.5714921951294 14.437514305115 303.45248413086
7.677520275116 15.10780620575 303.10797119141
6.8620872497559 15.802012443542 302.63946533203
6.184561252594 16.457637786865 301.94979858398
