53.564075469971 61.078220367432 376.36294555664
77.503837585449 -27.20503616333 330.49697875977
111.56071472168 -27.154392242432 284.66244506836
108.24348449707 -56.305236816406 355.81997680664
50.185157775879 59.404777526855 375.90515136719
48.522365570068 56.08903503418 374.11898803711
48.269012451172 52.390632629395 372.28106689453
49.400840759277 48.804126739502 370.50747680664
51.25643157959 45.569828033447 368.65817260742
53.335872650146 42.413356781006 366.92779541016
55.550224304199 39.30379486084 365.26910400391
57.58411026001 36.113040924072 363.53536987305
59.396583557129 32.801219940186 361.79498291016
61.009929656982 29.388792037964 360.0436706543
62.473304748535 25.918113708496 358.27255249023
63.945499420166 22.470483779907 356.46435546875
65.377746582031 19.032609939575 354.60748291016
66.727386474609 15.593939781189 352.68966674805
68.107666015625 12.115840911865 350.86856079102
69.501152038574 8.6211929321289 349.08825683594
70.890556335449 5.1491236686707 347.26116943359
72.261901855469 1.6836295127869 345.4084777832
73.612548828125 -1.7743256092072 343.52639770508
74.602462768555 -5.3597674369812 341.66006469727
75.69898223877 -8.9101305007935 339.7887878418
76.906715393066 -12.423597335815 337.91241455078
77.628776550293 -16.123281478882 336.19421386719
77.815673828125 -19.849189758301 334.37860107422
77.704483032227 -23.511625289917 332.40548706055
53.598991394043 62.002490997314 370.87026977539
54.146575927734 60.50638961792 365.52770996094
55.916484832764 58.199020385742 360.76965332031
58.421630859375 55.170467376709 356.80895996094
60.794082641602 51.910583496094 352.95166015625
63.347705841064 48.506134033203 349.34271240234
65.752182006836 44.943531036377 345.78546142578
68.092758178711 40.919418334961 342.708984375
70.45832824707 36.821254730225 339.75192260742
72.541435241699 32.676929473877 336.64999389648
74.604438781738 28.511301040649 333.56326293945
76.499740600586 24.234294891357 330.52157592773
78.42684173584 19.902248382568 327.58026123047
80.919830322266 15.558116912842 325.12127685547
83.17684173584 11.494169235229 322.03469848633
85.341011047363 7.4837875366211 318.814453125
87.560043334961 3.4430763721466 315.67037963867
89.705444335938 -0.44394147396088 312.29028320312
92.036270141602 -4.2012000083923 308.88629150391
94.178283691406 -7.872594833374 305.27111816406
96.737632751465 -11.704224586487 302.12393188477
99.270530700684 -15.293643951416 298.68338012695
101.69541931152 -18.788835525513 295.072265625
104.30760192871 -22.117706298828 291.43469238281
107.64408874512 -24.91907119751 287.94842529297
53.718151092529 57.883708953857 380.50042724609
54.647010803223 53.03337097168 382.23910522461
56.778240203857 48.315444946289 383.0485534668
59.050430297852 43.593196868896 382.99847412109
61.756534576416 39.121444702148 382.60458374023
64.432373046875 34.660076141357 381.96450805664
66.933120727539 30.145769119263 381.04843139648
69.207801818848 25.599224090576 379.77304077148
71.088706970215 20.866827011108 378.53149414062
72.797912597656 16.126842498779 377.08767700195
74.728950500488 11.556641578674 375.39639282227
76.608451843262 7.0099668502808 373.58786010742
78.541137695312 2.5607130527496 371.60180664062
80.432121276855 -1.986777305603 369.80728149414
82.458076477051 -6.5370054244995 368.17465209961
84.805885314941 -10.975123405457 366.66891479492
87.21688079834 -15.387280464172 365.18780517578
89.177551269531 -20.05456161499 363.82818603516
91.214736938477 -24.669343948364 362.40338134766
93.212097167969 -29.307130813599 360.99710083008
95.421699523926 -33.890975952148 359.73919677734
97.643936157227 -38.5305519104 358.73318481445
100.2540512085 -42.936672210693 357.61520385742
103.21263885498 -47.163280487061 356.68844604492
105.95262145996 -51.609149932861 356.23846435547
