56.808155059814 5.5078783035278 278.97894287109
71.158699035645 -5.5427436828613 270.51797485352
74.284225463867 -1.9299139976501 265.38858032227
76.719268798828 -3.3798887729645 273.06173706055
56.85567855835 4.7433533668518 278.82421875
57.215381622314 4.1024522781372 278.548828125
57.66003036499 3.5305321216583 278.24676513672
58.162448883057 3.0182497501373 277.9287109375
58.693584442139 2.5405914783478 277.60357666016
59.238864898682 2.081356048584 277.27526855469
59.792736053467 1.6339002847672 276.94506835938
60.358474731445 1.2034704685211 276.61239624023
60.935665130615 0.79029542207718 276.27752685547
61.517017364502 0.38358506560326 275.94186401367
62.096542358398 -0.026009434834123 275.60656738281
62.680183410645 -0.42912539839745 275.27056884766
63.270988464355 -0.82054591178894 274.9333190918
63.863761901855 -1.2087129354477 274.595703125
64.460090637207 -1.5908539295197 274.25747680664
65.057312011719 -1.9715147018433 273.91912841797
65.664070129395 -2.3352282047272 273.57943725586
66.27661895752 -2.6885657310486 273.23886108398
66.886535644531 -3.0467236042023 272.89865112305
67.480117797852 -3.4329254627228 272.56103515625
68.072235107422 -3.821964263916 272.22357177734
68.684196472168 -4.1755590438843 271.88323974609
69.305732727051 -4.5116834640503 271.54156494141
69.923034667969 -4.8560438156128 271.20040893555
70.539840698242 -5.201343536377 270.85931396484
57.174991607666 5.1575350761414 278.23413085938
57.746433258057 4.6850209236145 277.71520996094
58.361110687256 4.2941431999207 277.17785644531
59.022937774658 3.9199080467224 276.68637084961
59.706016540527 3.5592429637909 276.21420288086
60.405265808105 3.2273731231689 275.74450683594
61.108531951904 2.9027683734894 275.27581787109
61.827110290527 2.6025729179382 274.81405639648
62.546806335449 2.3049871921539 274.35238647461
63.264316558838 2.0200364589691 273.87945556641
63.978927612305 1.750084400177 273.39352416992
64.692642211914 1.4796451330185 272.90658569336
65.383712768555 1.197177529335 272.39440917969
66.071830749512 0.91377699375153 271.87881469727
66.758651733398 0.64672923088074 271.35284423828
67.44197845459 0.39800903201103 270.81350708008
68.122116088867 0.13521990180016 270.27682495117
68.806350708008 -0.13293391466141 269.74807739258
69.493026733398 -0.40587443113327 269.22506713867
70.128570556641 -0.65749591588974 268.63153076172
70.81819152832 -0.9292271733284 268.11166381836
71.514427185059 -1.1795860528946 267.58987426758
72.205436706543 -1.4026926755905 267.04913330078
72.897163391113 -1.6202300786972 266.50701904297
73.593200683594 -1.8170291185379 265.96252441406
57.55345916748 5.0774097442627 279.12353515625
58.189533233643 4.5027737617493 278.94720458984
58.944747924805 4.1178469657898 278.72274780273
59.676158905029 3.702828168869 278.47424316406
60.413032531738 3.3105497360229 278.20562744141
61.151470184326 2.9228236675262 277.93472290039
61.892166137695 2.5448799133301 277.65670776367
62.637664794922 2.2193398475647 277.32919311523
63.387977600098 1.8923823833466 277.01440429688
64.151512145996 1.5617096424103 276.73748779297
64.915809631348 1.2319654226303 276.46157836914
65.682586669922 0.90515154600143 276.18908691406
66.448722839355 0.57471942901611 275.91915893555
67.214530944824 0.24230322241783 275.65072631836
67.984146118164 -0.081141427159309 275.38226318359
68.766151428223 -0.39349645376205 275.13757324219
69.56388092041 -0.70124834775925 274.94284057617
70.355201721191 -1.0198973417282 274.73965454102
71.146469116211 -1.3491661548615 274.55401611328
71.94979095459 -1.6737982034683 274.41903686523
72.735328674316 -1.9934684038162 274.1960144043
73.510772705078 -2.3144886493683 273.94174194336
74.274833679199 -2.6364138126373 273.65612792969
75.066329956055 -2.9544444084167 273.45266723633
75.884490966797 -3.2138614654541 273.27291870117
