69.51823425293 4.1504521369934 269.58270263672
72.663665771484 -0.79652571678162 271.88674926758
77.183570861816 -1.2435613870621 269.06188964844
75.693588256836 0.4661513864994 276.04690551758
69.379806518555 3.9418580532074 269.62094116211
69.358497619629 3.6997678279877 269.69561767578
69.376625061035 3.4600312709808 269.77813720703
69.437973022461 3.2297339439392 269.8669128418
69.503402709961 3.0008175373077 269.95611572266
69.59992980957 2.7842411994934 270.04803466797
69.709320068359 2.5741486549377 270.140625
69.834594726562 2.3732986450195 270.23361206055
69.956573486328 2.1704161167145 270.32656860352
70.088737487793 1.9740655422211 270.4196472168
70.227142333984 1.7820140123367 270.51263427734
70.360168457031 1.5862447023392 270.60568237305
70.506187438965 1.3998305797577 270.69848632812
70.660720825195 1.2201992273331 270.79089355469
70.810661315918 1.0368286371231 270.88348388672
70.965339660645 0.8573471903801 270.97592163086
71.129379272461 0.68603026866913 271.06771850586
71.29369354248 0.51493442058563 271.1594543457
71.453811645508 0.34010493755341 271.25155639648
71.617660522461 0.16858705878258 271.34332275391
71.788749694824 0.0039358367212117 271.43441772461
71.956146240234 -0.1642547249794 271.52593994141
72.118759155273 -0.3368943631649 271.61779785156
72.308433532715 -0.48127314448357 271.70629882812
72.477813720703 -0.64759373664856 271.7975769043
69.72021484375 3.847186088562 269.55285644531
69.881958007812 3.5231773853302 269.56234741211
70.178756713867 3.3129134178162 269.52359008789
70.46166229248 3.0866234302521 269.47396850586
70.722434997559 2.840576171875 269.40200805664
71.003288269043 2.6099164485931 269.36022949219
71.28581237793 2.3793978691101 269.3307800293
71.577140808105 2.1597898006439 269.30358886719
71.869148254395 1.9408338069916 269.27850341797
72.160339355469 1.7213553190231 269.24905395508
72.450157165527 1.4986852407455 269.23318481445
72.747497558594 1.2864542007446 269.2138671875
73.045249938965 1.0739216804504 269.21057128906
73.348777770996 0.86970597505569 269.21133422852
73.659111022949 0.67598325014114 269.21267700195
73.971061706543 0.48513793945312 269.20370483398
74.289108276367 0.30500781536102 269.21807861328
74.602584838867 0.11718562245369 269.20098876953
74.921653747559 -0.061418943107128 269.18978881836
75.249435424805 -0.22383260726929 269.1887512207
75.564018249512 -0.40938374400139 269.16790771484
75.890350341797 -0.57236611843109 269.14007568359
76.206077575684 -0.75118845701218 269.09353637695
76.537055969238 -0.90285271406174 269.05780029297
76.852722167969 -1.0876839160919 269.052734375
69.679649353027 3.9124834537506 269.8271484375
69.757781982422 3.6701312065125 270.10586547852
69.89444732666 3.4887824058533 270.40737915039
70.104446411133 3.3309879302979 270.67883300781
70.334594726562 3.1918835639954 270.94412231445
70.556144714355 3.0426745414734 271.21127319336
70.786026000977 2.8954217433929 271.4723815918
71.01708984375 2.7545547485352 271.73596191406
71.250053405762 2.6099591255188 271.99578857422
71.480072021484 2.4386751651764 272.24169921875
71.707183837891 2.2748038768768 272.49517822266
71.965705871582 2.13063621521 272.72988891602
72.230972290039 1.9989366531372 272.96438598633
72.471214294434 1.8349843025208 273.20544433594
72.721755981445 1.692950963974 273.4499206543
73.00284576416 1.5876866579056 273.67932128906
73.266090393066 1.4532254934311 273.91455078125
73.533172607422 1.336244225502 274.15472412109
73.80297088623 1.2242974042892 274.39428710938
74.074714660645 1.1185154914856 274.63446044922
74.346481323242 1.0128455162048 274.87463378906
74.61824798584 0.90717571973801 275.11483764648
74.881645202637 0.80700021982193 275.36639404297
75.118675231934 0.61318176984787 275.58703613281
75.390975952148 0.56671470403671 275.8444519043
