60.281517028809 4.8001475334167 281.19833374023
68.293594360352 -1.0366363525391 281.06921386719
73.328117370605 1.1200016736984 278.11395263672
72.798362731934 -0.59778356552124 285.38433837891
60.32054901123 4.4161467552185 281.13674926758
60.495433807373 4.0678057670593 281.0959777832
60.716873168945 3.7458064556122 281.06484985352
60.96658706665 3.4445841312408 281.04040527344
61.242183685303 3.166276216507 281.02267456055
61.532863616943 2.9035177230835 281.00918579102
61.838489532471 2.6580922603607 281.00036621094
62.158046722412 2.4309241771698 280.99618530273
62.482242584229 2.2104189395905 280.99365234375
62.814189910889 2.001740694046 280.99398803711
63.152015686035 1.8027220964432 280.99661254883
63.491271972656 1.6061874628067 280.99984741211
63.838031768799 1.4232802391052 281.00622558594
64.189865112305 1.2504301071167 281.01486206055
64.541915893555 1.0780186653137 281.02365112305
64.894813537598 0.90735822916031 281.03274536133
65.24723815918 0.73573696613312 281.04165649414
65.596984863281 0.55865520238876 281.04937744141
65.941757202148 0.37204563617706 281.05487060547
66.268218994141 0.15488260984421 281.05316162109
66.596900939941 -0.058909334242344 281.05224609375
66.92325592041 -0.27622684836388 281.05047607422
67.260269165039 -0.47662037611008 281.05276489258
67.602500915527 -0.66792809963226 281.05725097656
67.956184387207 -0.8369145989418 281.06674194336
60.680458068848 4.5081567764282 280.97479248047
61.113452911377 4.2296481132507 280.80355834961
61.573581695557 3.9678063392639 280.6848449707
62.06224822998 3.7467131614685 280.60311889648
62.572708129883 3.5682923793793 280.55853271484
63.083183288574 3.3899188041687 280.51397705078
63.595897674561 3.2195687294006 280.46411132812
64.113594055176 3.0699996948242 280.40078735352
64.631286621094 2.9204337596893 280.33746337891
65.148986816406 2.7709000110626 280.27407836914
65.669998168945 2.6403806209564 280.197265625
66.19221496582 2.5187532901764 280.11428833008
66.714424133301 2.3971254825592 280.03128051758
67.236633300781 2.2754993438721 279.94830322266
67.750007629395 2.1469404697418 279.82870483398
68.262657165527 2.0179145336151 279.70648193359
68.77530670166 1.8888870477676 279.58428955078
69.284896850586 1.7663853168488 279.44396972656
69.79271697998 1.6472244262695 279.29458618164
70.300514221191 1.528088927269 279.14514160156
70.794486999512 1.3734335899353 278.98251342773
71.293632507324 1.2326767444611 278.82305908203
71.805854797363 1.1338056325912 278.67401123047
72.308219909668 1.0764752626419 278.47729492188
72.81510925293 1.0719884634018 278.2839050293
60.612274169922 4.4322233200073 281.44827270508
61.026210784912 4.0807948112488 281.56207275391
61.482799530029 3.7852458953857 281.67132568359
61.978450775146 3.5588555335999 281.77627563477
62.479721069336 3.3447141647339 281.88024902344
62.980987548828 3.130571603775 281.98422241211
63.482257843018 2.9164299964905 282.0881652832
63.98365020752 2.702775478363 282.19247436523
64.491691589355 2.5168917179108 282.31607055664
65.001472473145 2.3401675224304 282.44580078125
65.511177062988 2.1633455753326 282.57565307617
66.014251708984 1.9775894880295 282.71829223633
66.506233215332 1.7784268856049 282.88024902344
66.998207092285 1.5792856216431 283.04223632812
67.488960266113 1.3853433132172 283.21392822266
67.978225708008 1.1969227790833 283.39575195312
68.467475891113 1.0085057020187 283.57760620117
68.955657958984 0.81493026018143 283.75689697266
69.441421508789 0.61075818538666 283.93090820312
69.927185058594 0.40653616189957 284.10488891602
70.397270202637 0.16614593565464 284.27563476562
70.865852355957 -0.075628757476807 284.44857788086
71.344841003418 -0.27040648460388 284.64990234375
71.82674407959 -0.41886252164841 284.88146972656
72.30810546875 -0.53396165370941 285.13238525391
