98.146377563477 42.75318145752 346.07543945312
86.03239440918 14.471765518188 351.68551635742
74.524490356445 13.935998916626 359.18029785156
75.910667419434 9.7634420394897 344.67959594727
98.395439147949 41.606380462646 346.34103393555
98.057518005371 40.464847564697 346.57525634766
97.681701660156 39.334300994873 346.80508422852
97.276023864746 38.213359832764 347.03125
96.856140136719 37.097316741943 347.25564575195
96.409851074219 35.990882873535 347.4765625
95.92896270752 34.898040771484 347.6926574707
95.446678161621 33.805805206299 347.90859985352
94.942001342773 32.723068237305 348.12127685547
94.434562683105 31.641548156738 348.33355712891
93.922012329102 30.562288284302 348.54501342773
93.414291381836 29.480890274048 348.75726318359
92.903800964355 28.400718688965 348.96908569336
92.378326416016 27.327314376831 349.17861938477
91.871932983398 26.24532699585 349.39096069336
91.339965820312 25.17494392395 349.59957885742
90.834663391113 24.092500686646 349.81216430664
90.295677185059 23.025402069092 350.01962280273
89.770217895508 21.951990127563 350.22915649414
89.273536682129 20.865810394287 350.44302368164
88.721694946289 19.804908752441 350.6484375
88.189315795898 18.73469543457 350.85690307617
87.661590576172 17.662330627441 351.0661315918
87.120574951172 16.596208572388 351.27331542969
86.641288757324 15.502712249756 351.48962402344
97.288543701172 41.839359283447 346.93450927734
96.441230773926 40.602352142334 347.24499511719
95.524604797363 39.408527374268 347.52703857422
94.567848205566 38.24885559082 347.81729125977
93.550941467285 37.148429870605 348.13323974609
92.568771362305 36.031627655029 348.49819946289
91.599136352539 34.908889770508 348.87747192383
90.680107116699 33.773246765137 349.33639526367
89.790832519531 32.633213043213 349.84091186523
88.873085021973 31.500715255737 350.3102722168
87.944709777832 30.377338409424 350.78060913086
87.042198181152 29.238592147827 351.26416015625
86.154525756836 28.091651916504 351.75579833984
85.263000488281 26.947292327881 352.24627685547
84.430557250977 25.756320953369 352.72882080078
83.72688293457 24.477354049683 353.19143676758
82.952514648438 23.245494842529 353.66738891602
82.011726379395 22.14723777771 354.17123413086
81.091003417969 21.041770935059 354.69589233398
80.20329284668 19.925880432129 355.25436401367
79.308586120605 18.829177856445 355.83905029297
78.403793334961 17.74995803833 356.44046020508
77.438316345215 16.710632324219 357.01727294922
76.510955810547 15.667486190796 357.64727783203
75.515075683594 14.706562042236 358.302734375
97.38623046875 41.499534606934 345.61419677734
96.639389038086 40.157020568848 345.71087646484
95.834907531738 38.856719970703 345.88891601562
94.975921630859 37.591751098633 346.0647277832
94.047866821289 36.36360168457 346.07537841797
93.14623260498 35.115871429443 346.07659912109
92.245010375977 33.867889404297 346.06652832031
91.330924987793 32.629550933838 346.03942871094
90.41780090332 31.390378952026 346.01858520508
89.505493164062 30.150518417358 346.00378417969
88.587577819824 28.914733886719 345.99673461914
87.670341491699 27.678480148315 345.9899597168
86.814308166504 26.399036407471 345.99035644531
85.981140136719 25.104595184326 345.9938659668
85.138359069824 23.817174911499 346.03900146484
84.295188903809 22.53028678894 346.09118652344
83.492469787598 21.21674156189 346.09399414062
82.655471801758 19.924766540527 346.09506225586
81.792915344238 18.649717330933 346.09417724609
80.962280273438 17.355665206909 346.02185058594
80.171882629395 16.040452957153 345.89834594727
79.382682800293 14.733053207397 345.70434570312
78.555511474609 13.459273338318 345.45321655273
77.688659667969 12.20695400238 345.22952270508
76.818161010742 10.949759483337 345.05215454102
