97.684219360352 -5.6010837554932 404.1083984375
110.09619903564 7.75710105896 406.57916259766
112.92652130127 3.5258345603943 410.12631225586
113.07068634033 4.2954235076904 402.89758300781
97.706214904785 -4.8841753005981 404.16296386719
97.95059967041 -4.2121481895447 404.24127197266
98.324653625488 -3.6037490367889 404.33065795898
98.742752075195 -3.0252320766449 404.42318725586
99.203125 -2.4801585674286 404.51843261719
99.680023193359 -1.9496423006058 404.61459350586
100.17836761475 -1.4394367933273 404.7119140625
100.66664123535 -0.91950207948685 404.80868530273
101.17018890381 -0.41449248790741 404.90628051758
101.68912506104 0.074559964239597 405.00454711914
102.2008895874 0.57116043567657 405.10250854492
102.72672271729 1.0527286529541 405.20108032227
103.25872039795 1.5274313688278 405.29986572266
103.79462432861 1.9976800680161 405.39883422852
104.30060577393 2.5002257823944 405.49652099609
104.82516479492 2.9831902980804 405.59503173828
105.34378051758 3.4725918769836 405.69326782227
105.88290405273 3.9391100406647 405.79238891602
106.41486358643 4.4138584136963 405.89117431641
106.96242523193 4.8703894615173 405.99057006836
107.51376342773 5.3223357200623 406.09002685547
108.05037689209 5.7917704582214 406.18902587891
108.59828948975 6.2478847503662 406.28842163086
109.13771057129 6.7140636444092 406.38754272461
109.67839813232 7.1783027648926 406.48663330078
98.190925598145 -5.2363777160645 404.49334716797
98.718246459961 -4.8302774429321 404.80145263672
99.31665802002 -4.4892201423645 405.05361938477
99.903343200684 -4.0884389877319 405.23587036133
100.49249267578 -3.7038731575012 405.44338989258
101.1116027832 -3.3549225330353 405.62487792969
101.75772857666 -3.0431172847748 405.77746582031
102.41419219971 -2.7430529594421 405.90802001953
103.05948638916 -2.4178245067596 406.03387451172
103.71697235107 -2.1322457790375 406.18905639648
104.35595703125 -1.7848342657089 406.2819519043
105.00834655762 -1.4718888998032 406.40173339844
105.61713409424 -1.0957502126694 406.56118774414
106.22608184814 -0.73531371355057 406.75408935547
106.84870147705 -0.38666480779648 406.92367553711
107.45042419434 -0.021793618798256 407.13012695312
108.05197906494 0.36077725887299 407.30233764648
108.6206817627 0.70414263010025 407.60949707031
109.10106658936 1.2324607372284 407.75042724609
109.6701965332 1.4491331577301 408.14105224609
110.21080780029 1.9122384786606 408.31085205078
110.74165344238 2.3392534255981 408.58090209961
111.3102645874 2.6090033054352 408.95751953125
111.8396987915 2.8671636581421 409.39437866211
112.38445281982 3.2094039916992 409.74673461914
98.24779510498 -5.257107257843 403.84188842773
98.808204650879 -4.8278112411499 403.74514770508
99.428939819336 -4.481418132782 403.69891357422
100.03421783447 -4.1144952774048 403.78018188477
100.68717193604 -3.8292648792267 403.79653930664
101.31422424316 -3.4903581142426 403.78759765625
101.94413757324 -3.1568267345428 403.79641723633
102.58037567139 -2.8372972011566 403.83081054688
103.1986541748 -2.488071680069 403.89340209961
103.8106842041 -2.1285905838013 403.95889282227
104.42963409424 -1.7762115001678 403.98797607422
105.04740905762 -1.4260249137878 404.04965209961
105.65547180176 -1.054366350174 404.06494140625
106.25078582764 -0.66288179159164 404.04299926758
106.85308074951 -0.28203451633453 404.02529907227
107.43556976318 0.12758255004883 403.99371337891
108.05214691162 0.48247981071472 403.94873046875
108.67765808105 0.82028436660767 403.89739990234
109.25975799561 1.2158864736557 403.78430175781
109.82959747314 1.6322388648987 403.68399047852
110.37481689453 2.0751962661743 403.56292724609
110.9481048584 2.4877979755402 403.466796875
111.51573181152 2.9082386493683 403.37115478516
112.04305267334 3.3708832263947 403.24453735352
112.56456756592 3.8309509754181 403.08801269531
