67.927947998047 0.59430772066116 330.95193481445
6.598418712616 5.6561441421509 342.16424560547
-6.4052667617798 -6.8767185211182 336.71618652344
-6.9653873443604 -8.8845796585083 353.14389038086
65.974517822266 1.9855092763901 331.30154418945
63.697967529297 2.7275409698486 331.71435546875
61.392028808594 3.3680350780487 332.13317871094
59.054103851318 3.8750734329224 332.55868530273
56.706764221191 4.3345732688904 332.98620605469
54.347763061523 4.7271108627319 333.41625976562
51.978569030762 5.0490322113037 333.84860229492
49.599388122559 5.2821865081787 334.28338623047
47.215042114258 5.452127456665 334.71942138672
44.829063415527 5.5957012176514 335.15600585938
42.441314697266 5.7038793563843 335.5930480957
40.052001953125 5.76393699646 336.03067016602
37.662071228027 5.7559447288513 336.46887207031
35.274417877197 5.6525473594666 336.9072265625
32.884494781494 5.6748180389404 337.34518432617
30.494724273682 5.6432046890259 337.78350830078
28.104747772217 5.6320524215698 338.22171020508
25.714973449707 5.6012516021729 338.66003417969
23.325128555298 5.6324563026428 339.09796142578
20.935125350952 5.6361246109009 339.53610229492
18.546047210693 5.7067155838013 339.9736328125
16.156078338623 5.7237148284912 340.41168212891
13.766641616821 5.7797207832336 340.84936523438
11.376829147339 5.7511835098267 341.28768920898
8.9884071350098 5.6654410362244 341.72607421875
65.076293945312 0.10176041722298 330.86871337891
62.200496673584 0.016158955171704 331.19177246094
59.320812225342 -0.12298910319805 331.45626831055
56.441982269287 -0.014727142639458 331.7431640625
53.563632965088 -0.076107069849968 332.04849243164
50.685493469238 -0.19806671142578 332.3371887207
47.811923980713 -0.33323815464973 332.66311645508
44.945652008057 -0.60171091556549 332.97006225586
42.082584381104 -0.7584091424942 333.3701171875
39.21004486084 -0.91037970781326 333.69763183594
36.329425811768 -1.0215513706207 333.96505737305
33.45433807373 -1.1891832351685 334.26104736328
30.579309463501 -1.4789787530899 334.43899536133
27.704637527466 -1.7431081533432 334.65884399414
24.857954025269 -2.2020649909973 334.91732788086
21.986492156982 -2.5277163982391 335.09039306641
19.116195678711 -2.8682203292847 335.25576782227
16.243295669556 -3.1941759586334 335.40438842773
13.375576019287 -3.5487749576569 335.58407592773
10.516305923462 -3.9724822044373 335.74771118164
7.6464610099792 -4.2935924530029 335.95343017578
4.7716279029846 -4.4785838127136 336.23999023438
1.911895275116 -4.7503852844238 336.59970092773
-0.94147729873657 -5.2020816802979 336.78256225586
-3.6872584819794 -6.0180177688599 337.19400024414
65.232131958008 0.2892641723156 332.32006835938
62.284133911133 0.075165458023548 333.04571533203
59.3307762146 0.086906336247921 333.78341674805
56.384666442871 0.047795247286558 334.54873657227
53.436580657959 0.023241261020303 335.30670166016
50.486427307129 -0.093490444123745 336.04818725586
47.540256500244 -0.22978432476521 336.80209350586
44.597496032715 -0.37516260147095 337.56726074219
41.656105041504 -0.61114698648453 338.31494140625
38.730255126953 -0.93065470457077 339.09210205078
35.819877624512 -1.2377916574478 339.93008422852
32.911430358887 -1.5145245790482 340.78512573242
30.011749267578 -1.8443182706833 341.65097045898
27.11009979248 -2.2516889572144 342.47631835938
24.217607498169 -2.6195805072784 343.35089111328
21.343505859375 -2.9629604816437 344.29339599609
18.495784759521 -3.3036720752716 345.31381225586
15.640024185181 -3.6196305751801 346.31954956055
12.761796951294 -3.9668147563934 347.248046875
9.8743600845337 -4.324077129364 348.14346313477
6.9636754989624 -4.7355446815491 348.93417358398
4.0104455947876 -5.1140470504761 349.56741333008
1.1773822307587 -5.7132258415222 350.50579833984
-1.5801303386688 -6.6781544685364 351.36126708984
-4.2871742248535 -7.7196393013 352.2854309082
