75.958503723145 -1.875519990921 267.98193359375
82.486534118652 4.1048293113708 269.71612548828
84.023063659668 2.8687295913696 272.1416015625
84.962356567383 2.9729435443878 268.16784667969
75.966339111328 -1.5219441652298 268.00537109375
76.096908569336 -1.1956678628922 268.052734375
76.277740478516 -0.89594918489456 268.10906982422
76.493598937988 -0.6214742064476 268.17114257812
76.729026794434 -0.36428919434547 268.23623657227
76.974182128906 -0.11672892421484 268.30276489258
77.226364135742 0.12337469309568 268.37030029297
77.485160827637 0.35606864094734 268.43878173828
77.74584197998 0.58656972646713 268.5075378418
78.015838623047 0.80568993091583 268.57751464844
78.289527893066 1.0200260877609 268.64797973633
78.560508728027 1.2378833293915 268.71810913086
78.830657958984 1.4568061828613 268.78814697266
79.102256774902 1.6738698482513 268.85833740234
79.37767791748 1.8859077692032 268.92901611328
79.653549194336 2.0973355770111 268.99975585938
79.930084228516 2.3078632354736 269.0705871582
80.207191467285 2.5176250934601 269.14144897461
80.485221862793 2.7261009216309 269.21249389648
80.767402648926 2.9287543296814 269.28402709961
81.048377990723 3.1331372261047 269.35537719727
81.324882507324 3.3437042236328 269.42620849609
81.613014221191 3.537535905838 269.49844360352
81.905914306641 3.7238852977753 269.57119750977
82.195869445801 3.914918422699 269.64358520508
76.084457397461 -1.6106685400009 268.25082397461
76.314804077148 -1.337112903595 268.42715454102
76.590339660645 -1.0935033559799 268.5823059082
76.8671875 -0.83898794651031 268.71630859375
77.157768249512 -0.59948229789734 268.8489074707
77.459892272949 -0.37681651115417 268.98446655273
77.782371520996 -0.18972627818584 269.12738037109
78.104949951172 -0.006339336745441 269.27474975586
78.429061889648 0.16953028738499 269.42770385742
78.760795593262 0.32421407103539 269.58715820312
79.090965270996 0.48804050683975 269.74063110352
79.418701171875 0.66200596094131 269.88806152344
79.741989135742 0.83648180961609 270.04446411133
80.06420135498 1.0126507282257 270.20120239258
80.384208679199 1.1916677951813 270.35885620117
80.72331237793 1.3306674957275 270.51727294922
81.056266784668 1.4834440946579 270.67599487305
81.379112243652 1.6562888622284 270.8349609375
81.712341308594 1.7972943782806 271.00375366211
82.049461364746 1.9251331090927 271.17526245117
82.379875183105 2.0578672885895 271.35583496094
82.700942993164 2.2154910564423 271.53326416016
83.033058166504 2.3722162246704 271.68994140625
83.36653137207 2.5352509021759 271.83700561523
83.681770324707 2.7235765457153 271.99371337891
76.222717285156 -1.5920022726059 267.89974975586
76.521667480469 -1.3309915065765 267.9006652832
76.829917907715 -1.0810616016388 267.90072631836
77.148544311523 -0.84542900323868 267.91741943359
77.49479675293 -0.65374433994293 267.94396972656
77.818222045898 -0.4328401684761 268.00689697266
78.16682434082 -0.25676214694977 268.07705688477
78.518844604492 -0.076746545732021 268.11016845703
78.868003845215 0.11175709962845 268.10458374023
79.227111816406 0.28017771244049 268.11581420898
79.599479675293 0.41669592261314 268.1242980957
79.948776245117 0.6048898100853 268.11566162109
80.290664672852 0.80605441331863 268.10662841797
80.649673461914 0.97513139247894 268.10928344727
80.99781036377 1.1655690670013 268.10305786133
81.343170166016 1.3609126806259 268.09582519531
81.700912475586 1.5326935052872 268.09103393555
82.06143951416 1.6985558271408 268.08633422852
82.419273376465 1.8701864480972 268.08422851562
82.781547546387 2.0322408676147 268.08666992188
83.142807006836 2.1964790821075 268.08505249023
83.516944885254 2.3283915519714 268.0966796875
83.890754699707 2.4612193107605 268.10794067383
84.255012512207 2.6181185245514 268.12228393555
84.618019104004 2.7775101661682 268.14053344727
