86.97046661377 18.353639602661 342.34378051758
71.58277130127 -14.41773223877 359.47808837891
66.146690368652 -22.336603164673 344.21774291992
81.931457519531 -26.00958442688 349.98818969727
86.559226989746 19.294145584106 343.68569946289
85.850090026855 19.31120300293 345.21871948242
85.104248046875 19.094640731812 346.71691894531
84.346771240234 18.124021530151 347.87313842773
83.654991149902 16.878049850464 348.75408935547
83.148635864258 15.298254013062 349.07391357422
82.639747619629 13.720634460449 349.40017700195
82.161849975586 12.11921787262 349.64822387695
81.66822052002 10.529231071472 349.93572998047
81.174293518066 8.9394416809082 350.2239074707
80.660919189453 7.3656949996948 350.56173706055
80.146202087402 5.793107509613 350.90301513672
79.62255859375 4.2286896705627 351.26745605469
79.091659545898 2.6712779998779 351.65093994141
78.526184082031 1.1522535085678 352.12741088867
77.93440246582 -0.33149045705795 352.67761230469
77.335815429688 -1.8050858974457 353.24737548828
76.724327087402 -3.2581548690796 353.85491943359
76.095970153809 -4.6816625595093 354.51309204102
75.456367492676 -6.0835695266724 355.20593261719
74.809051513672 -7.4695606231689 355.92315673828
74.160667419434 -8.8533296585083 356.64373779297
73.507270812988 -10.226261138916 357.38031005859
72.850257873535 -11.591077804565 358.12869262695
72.214080810547 -12.99973487854 358.81088256836
85.094573974609 18.289113998413 341.95999145508
83.367378234863 17.50248336792 342.22738647461
81.701278686523 16.628355026245 342.5065612793
80.350708007812 15.831889152527 341.42636108398
79.415046691895 14.377500534058 340.60650634766
78.65746307373 12.705799102783 340.05874633789
78.023727416992 10.929127693176 339.7236328125
77.47762298584 9.0979528427124 339.57571411133
76.956855773926 7.2556648254395 339.48767089844
76.347549438477 5.4435992240906 339.35089111328
75.698699951172 3.6433899402618 339.24490356445
75.047233581543 1.8408724069595 339.25256347656
74.407592773438 0.035468954592943 339.31842041016
73.795852661133 -1.7711061239243 339.50714111328
73.200584411621 -3.588125705719 339.63958740234
72.641067504883 -5.4203085899353 339.69863891602
72.15966796875 -7.275378704071 339.71810913086
71.632362365723 -9.114278793335 339.83660888672
71.143592834473 -10.963199615479 339.96392822266
70.71866607666 -12.828196525574 340.08251953125
70.017707824707 -14.580142021179 340.4186706543
69.326293945312 -16.326913833618 340.79867553711
68.522994995117 -17.974998474121 341.35723876953
67.737403869629 -19.482095718384 342.24285888672
67.007431030273 -20.846382141113 343.3740234375
88.393363952637 17.502271652222 343.24774169922
88.951972961426 16.207008361816 344.51214599609
89.356796264648 14.797517776489 345.68753051758
90.434692382812 13.28334236145 346.03637695312
91.122993469238 11.520855903625 346.05001831055
91.445182800293 9.661657333374 345.91360473633
91.371635437012 7.7717175483704 345.80282592773
91.230812072754 5.8841800689697 345.72695922852
90.957191467285 4.0096530914307 345.72940063477
90.750610351562 2.130891084671 345.86004638672
90.510948181152 0.2646050453186 346.07318115234
90.00643157959 -1.5392643213272 346.35778808594
89.525344848633 -3.3613827228546 346.54571533203
89.110000610352 -5.2088451385498 346.48165893555
88.66796875 -7.0511312484741 346.46813964844
88.18709564209 -8.8827114105225 346.53060913086
87.716171264648 -10.716073989868 346.61334228516
87.250984191895 -12.550354003906 346.70721435547
86.774856567383 -14.383602142334 346.75564575195
86.294868469238 -16.215963363647 346.79483032227
85.631973266602 -17.986448287964 346.92037963867
84.915618896484 -19.733905792236 347.07192993164
84.360221862793 -21.451274871826 347.64813232422
83.624137878418 -23.013809204102 348.42663574219
82.766212463379 -24.441160202026 349.33020019531
