80.28946685791 -19.323659896851 339.50732421875
72.120254516602 13.85347366333 331.77456665039
60.190456390381 7.0693354606628 319.61901855469
56.917098999023 10.509329795837 338.24612426758
80.985618591309 -18.090717315674 339.43887329102
81.352981567383 -16.731002807617 339.2756652832
81.604232788086 -15.348879814148 339.08306884766
81.835647583008 -13.963991165161 338.88558959961
81.988876342773 -12.571033477783 338.66955566406
82.102081298828 -11.175755500793 338.44439697266
82.101142883301 -9.7800979614258 338.19412231445
82.100425720215 -8.3845129013062 337.94393920898
81.957374572754 -7.0017104148865 337.66485595703
81.78498840332 -5.6234197616577 337.38018798828
81.514472961426 -4.264853477478 337.07754516602
81.188911437988 -2.9205994606018 336.76541137695
80.778823852539 -1.6029778718948 336.43954467773
80.37931060791 -0.28170967102051 336.11538696289
79.899368286133 1.0093970298767 335.77899169922
79.359939575195 2.2745523452759 335.43417358398
78.78596496582 3.5231487751007 335.08483886719
78.171180725098 4.7506675720215 334.73028564453
77.496871948242 5.9444575309753 334.36880493164
76.811019897461 7.1312470436096 334.00601196289
76.110542297363 8.3089590072632 333.64163208008
75.318725585938 9.4244079589844 333.26840209961
74.527404785156 10.540216445923 332.8952331543
73.679466247559 11.611991882324 332.51754760742
72.974426269531 12.78684425354 332.15267944336
80.219512939453 -18.759218215942 338.05184936523
79.824378967285 -17.625421524048 337.05392456055
79.460754394531 -16.313322067261 336.2880859375
79.249870300293 -14.907313346863 335.640625
78.93302154541 -13.483905792236 335.07974243164
78.570220947266 -12.068473815918 334.52593994141
78.027084350586 -10.705204963684 333.99114990234
77.382888793945 -9.3876962661743 333.45239257812
76.529197692871 -8.1994104385376 332.90859985352
75.633094787598 -7.0540599822998 332.33694458008
74.652893066406 -6.0442204475403 331.6608581543
73.65934753418 -5.0581703186035 330.96627807617
72.648246765137 -4.1150188446045 330.23858642578
71.629287719727 -3.1921710968018 329.49566650391
70.606636047363 -2.2606091499329 328.76892089844
69.573822021484 -1.280660033226 328.12619018555
68.538047790527 -0.28119084239006 327.51788330078
67.50520324707 0.72241884469986 326.91134643555
66.477798461914 1.7279090881348 326.29873657227
65.454872131348 2.7260348796844 325.66696166992
64.553108215332 3.517228603363 324.69146728516
63.7467918396 4.6936020851135 324.07077026367
63.01762008667 5.6093716621399 323.03689575195
62.185443878174 6.2266144752502 321.8674621582
61.19645690918 6.7183647155762 320.76211547852
79.60498046875 -18.469562530518 340.54653930664
78.933456420898 -17.146398544312 340.86297607422
78.479362487793 -15.697415351868 340.91394042969
78.088706970215 -14.229904174805 340.86184692383
77.661964416504 -12.775876045227 340.75015258789
77.177024841309 -11.34706401825 340.57232666016
76.574615478516 -9.9725160598755 340.33538818359
75.872528076172 -8.6556739807129 340.04885864258
75.133972167969 -7.3571553230286 339.77447509766
74.206001281738 -6.1714997291565 339.56896972656
73.273864746094 -4.9894514083862 339.36361694336
72.222412109375 -3.9110612869263 339.16247558594
71.119194030762 -2.884991645813 338.96444702148
70.02815246582 -1.8434756994247 338.78018188477
68.958503723145 -0.77616828680038 338.61938476562
67.889030456543 0.29138287901878 338.45913696289
66.827842712402 1.3703249692917 338.32205200195
65.79109954834 2.4789071083069 338.24887084961
64.75390625 3.586930513382 338.17459106445
63.683815002441 4.6546688079834 338.0198059082
62.598285675049 5.6997537612915 337.82345581055
61.512393951416 6.7444949150085 337.62741088867
60.363529205322 7.7304859161377 337.49682617188
59.189079284668 8.689697265625 337.40194702148
58.089244842529 9.5951385498047 337.93081665039
