62.501892089844 -6.4387845993042 270.74835205078
69.382133483887 -0.46375641226768 273.20458984375
71.16040802002 -3.2339899539948 276.32043457031
72.65283203125 -2.0903630256653 270.39260864258
62.521984100342 -6.0711159706116 270.82601928711
62.645908355713 -5.7276945114136 270.91781616211
62.800903320312 -5.3979597091675 271.0124206543
62.996852874756 -5.0916109085083 271.10980224609
63.203670501709 -4.7926526069641 271.20770263672
63.419136047363 -4.4999794960022 271.30587768555
63.660175323486 -4.2281341552734 271.40451049805
63.890106201172 -3.9467978477478 271.50302124023
64.144416809082 -3.6873095035553 271.60162353516
64.405662536621 -3.4347403049469 271.70007324219
64.67236328125 -3.1878700256348 271.79833984375
64.946914672852 -2.9496655464172 271.89636230469
65.233673095703 -2.7259547710419 271.99359130859
65.526138305664 -2.5095736980438 272.09042358398
65.827125549316 -2.3048605918884 272.18649291992
66.117713928223 -2.0860579013824 272.2834777832
66.429878234863 -1.8981111049652 272.37811279297
66.747406005859 -1.7189837694168 272.47204589844
67.068672180176 -1.5463128089905 272.56533813477
67.38809967041 -1.3704088926315 272.6589050293
67.715087890625 -1.2082366943359 272.75112915039
68.041847229004 -1.0455926656723 272.84338378906
68.376792907715 -0.89940595626831 272.93377685547
68.709953308105 -0.74950343370438 273.0246887207
69.039245605469 -0.59172034263611 273.11636352539
62.732250213623 -6.3712344169617 271.08953857422
62.956443786621 -6.0699882507324 271.28021240234
63.263656616211 -5.8551244735718 271.4716796875
63.597473144531 -5.7208104133606 271.69158935547
63.918823242188 -5.5388102531433 271.89581298828
64.246162414551 -5.3568382263184 272.09002685547
64.594505310059 -5.1996870040894 272.26913452148
64.943725585938 -5.0448651313782 272.44854736328
65.291564941406 -4.8915863037109 272.63177490234
65.636383056641 -4.7574048042297 272.83474731445
65.979446411133 -4.632016658783 273.0461730957
66.322731018066 -4.5119781494141 273.26031494141
66.665618896484 -4.3935461044312 273.47595214844
67.000282287598 -4.2717599868774 273.70239257812
67.328765869141 -4.1508617401123 273.93814086914
67.647010803223 -4.0372471809387 274.19091796875
67.976860046387 -3.9441151618958 274.43716430664
68.310928344727 -3.857456445694 274.67999267578
68.664741516113 -3.7784881591797 274.89608764648
69.021003723145 -3.7135374546051 275.11279296875
69.380683898926 -3.6687598228455 275.32897949219
69.750190734863 -3.6359279155731 275.53018188477
70.104286193848 -3.5807728767395 275.75308227539
70.440559387207 -3.5150256156921 275.99945068359
70.792625427246 -3.4057199954987 276.20486450195
62.843948364258 -6.2639741897583 270.55673217773
63.103088378906 -5.9200277328491 270.52734375
63.423648834229 -5.6317019462585 270.53814697266
63.806289672852 -5.431369304657 270.53207397461
64.203567504883 -5.2618074417114 270.53524780273
64.594329833984 -5.0808815956116 270.5703125
64.984870910645 -4.8994374275208 270.60504150391
65.371002197266 -4.7075524330139 270.63226318359
65.756980895996 -4.515242099762 270.65844726562
66.145790100098 -4.3272786140442 270.66888427734
66.53882598877 -4.1491904258728 270.64743041992
66.934471130371 -3.9761898517609 270.63403320312
67.334503173828 -3.813086271286 270.63558959961
67.729759216309 -3.6403112411499 270.61151123047
68.122825622559 -3.4645309448242 270.57604980469
68.51847076416 -3.2958550453186 270.53546142578
68.922653198242 -3.1524796485901 270.48321533203
69.327102661133 -3.0036461353302 270.45281982422
69.736236572266 -2.8673665523529 270.42663574219
70.152442932129 -2.7534589767456 270.40570068359
70.57536315918 -2.6666493415833 270.38949584961
70.99446105957 -2.5630865097046 270.37283325195
71.408515930176 -2.4397523403168 270.3727722168
71.830673217773 -2.3490536212921 270.35842895508
72.247566223145 -2.2356796264648 270.35656738281
