57.034759521484 7.630202293396 270.36227416992
69.43563079834 -5.923999786377 275.36431884766
73.152015686035 -4.875524520874 272.76834106445
72.387008666992 -3.5319449901581 277.6100769043
57.112735748291 6.9064335823059 270.55834960938
57.190711975098 6.1826643943787 270.75439453125
57.404262542725 5.5018010139465 270.96444702148
57.717807769775 4.8525819778442 271.18481445312
58.088634490967 4.2291769981384 271.3798828125
58.511501312256 3.6292269229889 271.55194091797
58.953029632568 3.0462188720703 271.73233032227
59.420455932617 2.4867281913757 271.92425537109
59.901180267334 1.941948056221 272.12368774414
60.403026580811 1.4205315113068 272.3349609375
60.90486907959 0.89911502599716 272.54623413086
61.417442321777 0.3856703042984 272.75042724609
61.944778442383 -0.11680377274752 272.94482421875
62.472114562988 -0.61927783489227 273.13925170898
63.024707794189 -1.096536397934 273.3258972168
63.584625244141 -1.5664767026901 273.51031494141
64.154083251953 -2.0194034576416 273.7063293457
64.733139038086 -2.4551982879639 273.91403198242
65.315521240234 -2.8908624649048 274.11193847656
65.905387878418 -3.3239741325378 274.29287719727
66.50008392334 -3.7420344352722 274.49270629883
67.101287841797 -4.1515846252441 274.69064331055
67.681243896484 -4.5994482040405 274.86700439453
68.28173828125 -5.0116677284241 275.06033325195
68.864791870117 -5.4442434310913 275.26260375977
57.307506561279 6.8954057693481 270.17834472656
57.727626800537 6.2123527526855 270.27618408203
58.202102661133 5.5684523582458 270.37127685547
58.725894927979 4.9611787796021 270.46661376953
59.296699523926 4.4073505401611 270.60836791992
59.870040893555 3.8607025146484 270.76644897461
60.448757171631 3.3213264942169 270.92926025391
61.056793212891 2.8138751983643 271.08868408203
61.66654586792 2.3110661506653 271.25579833984
62.278297424316 1.8136940002441 271.4319152832
62.917594909668 1.3616502285004 271.62377929688
63.564403533936 0.9215452671051 271.81774902344
64.171463012695 0.41505125164986 271.98382568359
64.806694030762 -0.063056565821171 272.12545776367
65.463821411133 -0.51761591434479 272.24108886719
66.134155273438 -0.95763510465622 272.33944702148
66.787857055664 -1.4257036447525 272.41778564453
67.462730407715 -1.8632036447525 272.47875976562
68.160491943359 -2.2683525085449 272.51690673828
68.848236083984 -2.6915719509125 272.5397644043
69.526245117188 -3.1281430721283 272.5862121582
70.22550201416 -3.520955324173 272.65783691406
70.947700500488 -3.8745515346527 272.72424316406
71.679672241211 -4.2124609947205 272.74838256836
72.422950744629 -4.5276350975037 272.7594909668
57.362438201904 7.1355872154236 270.88827514648
57.774574279785 6.5428695678711 271.22268676758
58.198738098145 5.9571676254272 271.55389404297
58.643314361572 5.3833737373352 271.87942504883
59.190803527832 4.8692188262939 272.14190673828
59.742492675781 4.3580694198608 272.40078735352
60.331451416016 3.8736190795898 272.62756347656
60.935348510742 3.4044692516327 272.84616088867
61.551372528076 2.9477393627167 273.05807495117
62.156238555908 2.4757106304169 273.26843261719
62.759059906006 2.0008769035339 273.47854614258
63.347518920898 1.5180654525757 273.71005249023
63.949562072754 1.0537866353989 273.94436645508
64.558799743652 0.60449892282486 274.1887512207
65.174072265625 0.16852697730064 274.44223022461
65.8115234375 -0.22924707829952 274.70379638672
66.44792175293 -0.62554615736008 274.96994018555
67.079063415527 -1.0145026445389 275.25866699219
67.728477478027 -1.370548248291 275.54791259766
68.386276245117 -1.7110614776611 275.83819580078
69.036026000977 -2.0646467208862 276.1311340332
69.679977416992 -2.4324383735657 276.41925048828
70.33780670166 -2.7782969474792 276.70025634766
71.010108947754 -3.0945799350739 276.98147583008
71.670272827148 -3.3885538578033 277.29586791992
