59.12907409668 4.2092261314392 271.0744934082
62.567775726318 -0.77368396520615 270.630859375
70.920875549316 1.2446994781494 265.77444458008
68.875862121582 -1.7461360692978 278.71640014648
59.069736480713 3.9763135910034 271.00302124023
59.010398864746 3.7434012889862 270.93154907227
59.039627075195 3.5005724430084 270.87802124023
59.070903778076 3.2575137615204 270.82489013672
59.124126434326 3.0172708034515 270.77755737305
59.181034088135 2.7775003910065 270.73120117188
59.263004302979 2.544323682785 270.69223022461
59.35424041748 2.3135852813721 270.65600585938
59.468570709229 2.0932633876801 270.62771606445
59.598087310791 1.8797935247421 270.60461425781
59.74015045166 1.674608707428 270.58645629883
59.895481109619 1.478184223175 270.5735168457
60.058723449707 1.2886327505112 270.56411743164
60.235637664795 1.1109609603882 270.5608215332
60.41255569458 0.93328899145126 270.55752563477
60.589469909668 0.75561630725861 270.55422973633
60.76810836792 0.57983642816544 270.55178833008
60.961044311523 0.41973829269409 270.55654907227
61.15397644043 0.25964018702507 270.56130981445
61.353191375732 0.10757604986429 270.56948852539
61.552421569824 -0.044465124607086 270.57769775391
61.756217956543 -0.19012759625912 270.58856201172
61.960655212402 -0.33488962054253 270.59979248047
62.164985656738 -0.47981280088425 270.61093139648
62.367835998535 -0.62656784057617 270.611328125
59.529071807861 4.0961656570435 270.77529907227
59.7555809021 3.6507019996643 270.59393310547
60.090625762939 3.2629754543304 270.45254516602
60.501197814941 2.9644904136658 270.28793334961
60.920433044434 2.7046115398407 270.08535766602
61.343215942383 2.4952239990234 269.83563232422
61.752689361572 2.2963099479675 269.55679321289
62.153331756592 2.1097331047058 269.25732421875
62.568584442139 1.9395534992218 268.9680480957
62.980842590332 1.7795698642731 268.66885375977
63.395641326904 1.640838265419 268.36486816406
63.867618560791 1.575489282608 268.12435913086
64.355850219727 1.5415835380554 267.91101074219
64.84513092041 1.5323941707611 267.69744873047
65.334548950195 1.5374736785889 267.48403930664
65.824226379395 1.5409545898438 267.2712097168
66.31664276123 1.5375999212265 267.06494140625
66.818092346191 1.512396812439 266.88336181641
67.325546264648 1.473161816597 266.72201538086
67.826332092285 1.4282883405685 266.54229736328
68.32837677002 1.3895288705826 266.36547851562
68.851997375488 1.3848247528076 266.26104736328
69.375640869141 1.3802073001862 266.15673828125
69.899642944336 1.3774878978729 266.0544128418
70.413612365723 1.3295471668243 265.91793823242
59.315795898438 3.9651062488556 271.50723266602
59.477851867676 3.4294090270996 271.56588745117
59.780258178711 2.9600059986115 271.65783691406
60.094036102295 2.5116610527039 271.79229736328
60.399108886719 2.1140081882477 272.05532836914
60.702560424805 1.717116355896 272.32119750977
60.992824554443 1.3265972137451 272.6103515625
61.28002166748 0.94144254922867 272.90951538086
61.575958251953 0.57382547855377 273.2219543457
61.879512786865 0.22402435541153 273.54721069336
62.198436737061 -0.091287977993488 273.89019775391
62.589855194092 -0.28460177779198 274.25015258789
63.001979827881 -0.42295575141907 274.61215209961
63.423156738281 -0.49871435761452 274.98263549805
63.844261169434 -0.57779759168625 275.35223388672
64.264251708984 -0.7098708152771 275.70797729492
64.684005737305 -0.84272921085358 276.06369018555
65.098999023438 -0.98596888780594 276.42095947266
65.513427734375 -1.1310427188873 276.77813720703
65.943519592285 -1.2645500898361 277.12097167969
66.396476745605 -1.372766494751 277.44259643555
66.87776184082 -1.4425220489502 277.73220825195
67.372207641602 -1.5026959180832 278.00106811523
67.896224975586 -1.4941291809082 278.21484375
68.395172119141 -1.5801459550858 278.46789550781
