8.677903175354 -24.442852020264 -18.92978477478
1.8804492950439 -1.3818820714951 -11.661148071289
-12.224589347839 -1.8412535190582 -20.049953460693
-9.4531202316284 -7.3251791000366 -4.0601992607117
9.2529096603394 -23.615737915039 -18.748500823975
9.5243883132935 -22.658185958862 -18.500389099121
9.7221155166626 -21.685659408569 -18.240837097168
9.8685636520386 -20.705961227417 -17.974248886108
9.9820795059204 -19.723083496094 -17.703563690186
10.027993202209 -18.736967086792 -17.425392150879
9.9741430282593 -17.753582000732 -17.138328552246
9.9313640594482 -16.769474029541 -16.852130889893
9.8089771270752 -15.793727874756 -16.560607910156
9.5991859436035 -14.834012031555 -16.265201568604
9.4205341339111 -13.867690086365 -15.970922470093
9.1870241165161 -12.913718223572 -15.674862861633
8.884916305542 -11.979568481445 -15.377828598022
8.4895877838135 -11.080458641052 -15.081799507141
8.0534973144531 -10.199934005737 -14.787142753601
7.6644759178162 -9.2981147766113 -14.490947723389
7.2476167678833 -8.4085674285889 -14.19557094574
6.7665448188782 -7.5510191917419 -13.903134346008
6.2343602180481 -6.7229843139648 -13.614201545715
5.6663641929626 -5.9179720878601 -13.328393936157
5.0789108276367 -5.1263427734375 -13.044531822205
4.4855618476868 -4.3388962745667 -12.761302947998
3.8709909915924 -3.5670201778412 -12.480472564697
3.1359081268311 -2.9014847278595 -12.218435287476
2.4630453586578 -2.1768393516541 -11.9454870224
8.1838350296021 -23.608026504517 -19.722906112671
7.9822020530701 -22.486366271973 -20.243789672852
7.6142649650574 -21.305591583252 -20.288591384888
7.2215037345886 -20.115991592407 -20.262327194214
6.8055090904236 -18.935506820679 -20.212533950806
6.3693447113037 -17.762933731079 -20.142316818237
5.8728084564209 -16.617568969727 -20.076730728149
5.2750644683838 -15.517816543579 -20.018913269043
4.6335625648499 -14.445899009705 -19.983503341675
3.8781061172485 -13.446471214294 -20.006448745728
3.0888907909393 -12.477077484131 -20.022968292236
2.182343006134 -11.612071990967 -20.017158508301
1.3092305660248 -10.713678359985 -20.021715164185
0.43579143285751 -9.8157863616943 -20.029329299927
-0.48609301447868 -8.9671697616577 -20.03809928894
-1.4479269981384 -8.1707277297974 -20.066677093506
-2.4931843280792 -7.483238697052 -20.136623382568
-3.5439488887787 -6.803795337677 -20.164812088013
-4.605357170105 -6.1399025917053 -20.112306594849
-5.653235912323 -5.4571890830994 -20.041339874268
-6.6870493888855 -4.7549085617065 -19.951177597046
-7.8057799339294 -4.1956081390381 -19.963045120239
-8.9250230789185 -3.6328573226929 -19.971212387085
-10.041578292847 -3.0645706653595 -19.954437255859
-11.140648841858 -2.46622133255 -19.982238769531
8.7259664535522 -23.97670173645 -17.842723846436
8.7498989105225 -23.49157333374 -16.774028778076
8.3349590301514 -22.661270141602 -16.039363861084
7.9200439453125 -21.830486297607 -15.305354118347
7.5119786262512 -20.868495941162 -14.749147415161
7.1039133071899 -19.906505584717 -14.192941665649
6.6651363372803 -18.959758758545 -13.635075569153
6.1941471099854 -18.028997421265 -13.07546710968
5.6393032073975 -17.163379669189 -12.502950668335
4.9643568992615 -16.391065597534 -11.911947250366
4.2748250961304 -15.632234573364 -11.321060180664
3.5526533126831 -14.903580665588 -10.730434417725
2.7691280841827 -14.221682548523 -10.167852401733
1.9317442178726 -13.580830574036 -9.6298904418945
1.0730140209198 -12.957262039185 -9.1072854995728
0.16976431012154 -12.370588302612 -8.6168050765991
-0.79899001121521 -11.867557525635 -8.1673250198364
-1.6443748474121 -11.281837463379 -7.5811815261841
-2.5503668785095 -10.76176738739 -7.0244889259338
-3.542364358902 -10.306118011475 -6.5914859771729
-4.5736403465271 -9.8497629165649 -6.2422051429749
-5.5564680099487 -9.3161869049072 -5.8552103042603
-6.5573649406433 -8.8239412307739 -5.4587159156799
-7.5583462715149 -8.3561229705811 -5.0340886116028
-8.5113925933838 -7.8460206985474 -4.5533323287964
