61.249652862549 -43.524040222168 334.251953125
49.730491638184 -10.053479194641 334.5080871582
37.138229370117 -19.904411315918 323.86767578125
37.185985565186 -20.404941558838 345.83554077148
62.097099304199 -42.338352203369 334.25888061523
62.519515991211 -40.943035125732 334.26797485352
62.775199890137 -39.507633209229 334.27774047852
63.028999328613 -38.072044372559 334.2873840332
63.081798553467 -36.61502456665 334.29763793945
63.039165496826 -35.157661437988 334.30795288086
62.937648773193 -33.703220367432 334.318359375
62.758422851562 -32.256309509277 334.32891845703
62.469970703125 -30.827138900757 334.33950805664
62.168891906738 -29.400588989258 334.35015869141
61.78422164917 -27.994260787964 334.36071777344
61.346183776855 -26.603631973267 334.37130737305
60.84614944458 -25.234071731567 334.38180541992
60.290760040283 -23.886005401611 334.39227294922
59.640579223633 -22.581014633179 334.4026184082
58.898475646973 -21.326017379761 334.41271972656
58.137733459473 -20.082225799561 334.4228515625
57.312484741211 -18.880266189575 334.43276977539
56.442890167236 -17.709989547729 334.44253540039
55.558429718018 -16.550903320312 334.45220947266
54.610088348389 -15.443476676941 334.4616394043
53.597625732422 -14.394351005554 334.47079467773
52.567253112793 -13.362796783447 334.47985839844
51.672100067139 -12.21201133728 334.48950195312
50.604290008545 -11.220623970032 334.49835205078
60.979644775391 -42.861316680908 333.02182006836
60.446075439453 -41.679000854492 332.43692016602
59.906127929688 -40.484981536865 331.88195800781
59.347301483154 -39.238059997559 331.48413085938
58.787914276123 -37.989486694336 331.09234619141
58.228328704834 -36.74100112915 330.70059204102
57.573608398438 -35.53059387207 330.337890625
56.830238342285 -34.363498687744 330.00531005859
56.047470092773 -33.214965820312 329.69995117188
55.107151031494 -32.162685394287 329.51602172852
54.133117675781 -31.134561538696 329.37622070312
53.115589141846 -30.142700195312 329.2975769043
52.097778320312 -29.151203155518 329.21862792969
50.98127746582 -28.288101196289 329.03479003906
49.831798553467 -27.479454040527 328.81091308594
48.682102203369 -26.672327041626 328.58288574219
47.531032562256 -25.923706054688 328.20880126953
46.379993438721 -25.175106048584 327.83456420898
45.241363525391 -24.437704086304 327.40432739258
44.106178283691 -23.707410812378 326.9533996582
42.98755645752 -23.037662506104 326.38290405273
41.855297088623 -22.448238372803 325.75369262695
40.731456756592 -21.791549682617 325.17828369141
39.569877624512 -21.145715713501 324.66940307617
38.337463378906 -20.540866851807 324.29440307617
61.104187011719 -42.838573455811 335.49716186523
60.689659118652 -41.740901947021 336.31558227539
60.207515716553 -40.485359191895 336.80490112305
59.712215423584 -39.205657958984 337.21130371094
59.103046417236 -37.956855773926 337.55447387695
58.448154449463 -36.724102020264 337.87051391602
57.791526794434 -35.49222946167 338.18585205078
57.002025604248 -34.327922821045 338.44940185547
56.165676116943 -33.192344665527 338.69299316406
55.261623382568 -32.105472564697 338.91577148438
54.259944915771 -31.100984573364 339.10562133789
53.256603240967 -30.112171173096 339.3583984375
52.235488891602 -29.169885635376 339.70166015625
51.176719665527 -28.259311676025 340.01516723633
50.116340637207 -27.350927352905 340.32940673828
48.943866729736 -26.616256713867 340.69546508789
47.771396636963 -25.881593704224 341.0615234375
46.598918914795 -25.146924972534 341.42758178711
45.427234649658 -24.524688720703 341.96447753906
44.279106140137 -23.881244659424 342.52679443359
43.203727722168 -23.158885955811 343.13516235352
42.05530166626 -22.512285232544 343.69314575195
40.836761474609 -21.952037811279 344.19274902344
39.599010467529 -21.430076599121 344.68664550781
38.391464233398 -20.916500091553 345.25799560547
