-11.693371772766 -16.622846603394 350.18270874023
123.60884094238 -10.192429542542 317.78814697266
120.75269317627 5.0362048149109 325.97659301758
123.01390838623 -13.554485321045 335.14666748047
-8.9498977661133 -18.278589248657 345.66625976562
-4.715311050415 -19.139242172241 342.3576965332
0.014497144147754 -19.692682266235 339.54357910156
4.9170498847961 -20.090883255005 337.005859375
9.95778465271 -20.347236633301 334.72735595703
15.110859870911 -20.466949462891 332.70571899414
20.311573028564 -20.522462844849 330.80648803711
25.557693481445 -20.511722564697 329.0348815918
30.846029281616 -20.430852890015 327.40036010742
36.200481414795 -20.230325698853 326.00180053711
41.591827392578 -19.94460105896 324.7746887207
47.000076293945 -19.617029190063 323.63226318359
52.429935455322 -19.227237701416 322.61685180664
57.880195617676 -18.76180267334 321.75796508789
63.343906402588 -18.230293273926 321.03723144531
68.816795349121 -17.643924713135 320.4319152832
74.296394348145 -16.989421844482 319.97152709961
79.777252197266 -16.284238815308 319.62023925781
85.258636474609 -15.561676979065 319.30633544922
90.740051269531 -14.843989372253 318.98184204102
96.22135925293 -14.11402130127 318.68395996094
101.70266723633 -13.384020805359 318.38610839844
107.18369293213 -12.64438533783 318.10919189453
112.66421508789 -11.887502670288 317.86972045898
118.13648986816 -11.0397605896 317.82940673828
-8.0858345031738 -15.643391609192 346.30123901367
-3.5195534229279 -16.17938041687 343.43145751953
1.1907247304916 -16.688781738281 340.80059814453
6.0825128555298 -17.028600692749 338.49304199219
11.1166639328 -17.230934143066 336.49523925781
16.229028701782 -17.304067611694 334.69671630859
21.370286941528 -17.186763763428 332.9870300293
26.621276855469 -16.985618591309 331.65954589844
31.913228988647 -16.646661758423 330.53887939453
37.249767303467 -16.286014556885 329.66232299805
42.577754974365 -15.740849494934 328.82919311523
47.916931152344 -15.236859321594 328.04763793945
53.290107727051 -14.642228126526 327.65972900391
58.61393737793 -13.764846801758 327.14633178711
63.912380218506 -12.680487632751 326.78817749023
69.201782226562 -11.510445594788 326.61138916016
74.459289550781 -10.196404457092 326.5114440918
79.68620300293 -8.7830467224121 326.26522827148
84.904487609863 -7.3328056335449 326.05459594727
90.090507507324 -5.7571759223938 326.01800537109
95.253921508789 -4.110279083252 325.94326782227
100.41271972656 -2.4483478069305 326.00347900391
105.56028747559 -0.75102645158768 326.01208496094
110.59445953369 1.2569849491119 326.07418823242
115.70128631592 3.0709986686707 325.98150634766
-7.4003663063049 -19.104331970215 348.11215209961
-2.8269913196564 -19.974870681763 345.41128540039
1.8508576154709 -20.499300003052 342.80215454102
6.7476186752319 -20.783710479736 340.58618164062
11.757926940918 -20.942811965942 338.62600708008
16.852331161499 -21.058469772339 336.89291381836
22.023193359375 -20.990476608276 335.40048217773
27.251243591309 -20.718017578125 334.14947509766
32.513820648193 -20.506034851074 333.03945922852
37.797973632812 -20.412574768066 332.02008056641
43.077983856201 -19.989038467407 331.06420898438
48.381763458252 -19.490314483643 330.29510498047
53.732273101807 -19.217681884766 329.77593994141
59.081684112549 -18.794755935669 329.35562133789
64.441291809082 -18.352710723877 329.13430786133
69.773170471191 -17.620126724243 329.21530151367
75.105651855469 -16.912519454956 329.4049987793
80.453880310059 -16.359512329102 329.65567016602
85.808944702148 -15.903813362122 329.95053100586
91.116142272949 -15.200212478638 330.50784301758
96.450462341309 -14.749080657959 331.06796264648
101.77953338623 -14.411672592163 331.74578857422
107.09961700439 -14.07701587677 332.49209594727
112.41474151611 -14.011182785034 333.3391418457
117.71695709229 -13.914791107178 334.26083374023
