57.673736572266 -3.9095194339752 264.77032470703
66.941459655762 3.0862588882446 269.38989257812
67.883331298828 0.38961941003799 270.69473266602
67.805488586426 1.3110636472702 266.87210083008
57.623523712158 -3.4413025379181 264.92764282227
57.757564544678 -3.0013403892517 265.11654663086
57.981948852539 -2.6026513576508 265.31103515625
58.283950805664 -2.257497549057 265.50378417969
58.61893081665 -1.9421201944351 265.69326782227
58.960903167725 -1.6337829828262 265.8818359375
59.311946868896 -1.3349372148514 266.06900024414
59.673252105713 -1.0474375486374 266.25439453125
60.042453765869 -0.76913225650787 266.43829345703
60.414489746094 -0.49424383044243 266.62161254883
60.783977508545 -0.2162861675024 266.80545043945
61.162742614746 0.050284598022699 266.98727416992
61.541572570801 0.31677034497261 267.16906738281
61.933784484863 0.56555879116058 267.34750366211
62.338592529297 0.79611665010452 267.52230834961
62.74925994873 1.0176556110382 267.69509887695
63.156661987305 1.2441717386246 267.86901855469
63.583194732666 1.438782453537 268.03567504883
64.003639221191 1.6441049575806 268.20492553711
64.423873901367 1.8497943878174 268.37426757812
64.834259033203 2.0717604160309 268.5471496582
65.264717102051 2.2590239048004 268.71209716797
65.671653747559 2.4863531589508 268.88616943359
66.084197998047 2.7048788070679 269.0583190918
66.513969421387 2.8934214115143 269.2236328125
57.791847229004 -3.684070110321 265.19268798828
58.024799346924 -3.4015102386475 265.52017211914
58.397487640381 -3.1437904834747 265.7174987793
58.785152435303 -2.9095525741577 265.91534423828
59.182815551758 -2.6907954216003 266.11099243164
59.592403411865 -2.4886736869812 266.29959106445
59.976577758789 -2.2535390853882 266.50305175781
60.349140167236 -2.0010671615601 266.70709228516
60.750377655029 -1.7833724021912 266.89660644531
61.147930145264 -1.5721316337585 267.1005859375
61.556602478027 -1.3811033964157 267.30252075195
61.971908569336 -1.2115551233292 267.5100402832
62.397407531738 -1.0618208646774 267.71209716797
62.812602996826 -0.90089023113251 267.92660522461
63.226421356201 -0.75096422433853 268.15148925781
63.649742126465 -0.62181603908539 268.37155151367
64.079032897949 -0.49948051571846 268.58377075195
64.495140075684 -0.35851848125458 268.81024169922
64.910423278809 -0.2206014841795 269.03991699219
65.344696044922 -0.14114113152027 269.26217651367
65.768585205078 -0.049291711300611 269.49923706055
66.19246673584 0.042604401707649 269.73626708984
66.615539550781 0.13964106142521 269.97271728516
67.037376403809 0.24406082928181 270.20822143555
67.454856872559 0.34681710600853 270.45208740234
57.880397796631 -3.505028963089 264.71704101562
58.138710021973 -3.1329116821289 264.78240966797
58.478042602539 -2.8403661251068 264.87982177734
58.844104766846 -2.5932822227478 265.00485229492
59.216331481934 -2.3571608066559 265.13287353516
59.585517883301 -2.1153976917267 265.25909423828
59.958930969238 -1.8858441114426 265.39532470703
60.337509155273 -1.6682764291763 265.53686523438
60.720428466797 -1.4533627033234 265.6706237793
61.104705810547 -1.2427144050598 265.80722045898
61.492431640625 -1.0328413248062 265.93460083008
61.862506866455 -0.79876536130905 266.07138061523
62.264362335205 -0.60088580846786 266.17156982422
62.675457000732 -0.41889306902885 266.26425170898
63.08814239502 -0.24084737896919 266.35751342773
63.500194549561 -0.063087873160839 266.45404052734
63.916355133057 0.10679030418396 266.54696655273
64.343635559082 0.25812736153603 266.61926269531
64.778312683105 0.3960722386837 266.67150878906
65.209785461426 0.5432196855545 266.72518920898
65.632049560547 0.71869051456451 266.7653503418
66.064544677734 0.86708223819733 266.80575561523
66.488555908203 1.0340194702148 266.86096191406
66.91650390625 1.1919153928757 266.91226196289
67.354766845703 1.3227106332779 266.95098876953
