65.564521789551 -4.6922655105591 272.95196533203
67.087028503418 3.3170788288116 275.17935180664
69.342903137207 0.25190475583076 277.15551757812
69.901947021484 1.206111907959 272.4914855957
65.44743347168 -4.3871116638184 273.02059936523
65.400733947754 -4.0660429000854 273.09997558594
65.372779846191 -3.7433261871338 273.18145751953
65.350921630859 -3.4202997684479 273.26358032227
65.345779418945 -3.09699010849 273.34732055664
65.345436096191 -2.7737519741058 273.43148803711
65.357360839844 -2.4510099887848 273.51672363281
65.380645751953 -2.1290941238403 273.60272216797
65.399642944336 -1.8068314790726 273.6884765625
65.433143615723 -1.4860025644302 273.77514648438
65.476417541504 -1.166481256485 273.86233520508
65.526809692383 -0.84811812639236 273.94995117188
65.575996398926 -0.52954930067062 274.03747558594
65.631942749023 -0.21219646930695 274.12539672852
65.686996459961 0.10534248501062 274.2131652832
65.755653381348 0.42006531357765 274.30151367188
65.828468322754 0.73381721973419 274.38998413086
65.921989440918 1.0419112443924 274.47885131836
66.01399230957 1.3504512310028 274.56777954102
66.124893188477 1.6526914834976 274.65676879883
66.244598388672 1.9515634775162 274.74572753906
66.381141662598 2.2432346343994 274.83432006836
66.535316467285 2.5261731147766 274.92230224609
66.699081420898 2.8038403987885 275.009765625
66.869110107422 3.0778348445892 275.09686279297
65.606269836426 -4.5789666175842 273.22241210938
65.711074829102 -4.3532810211182 273.38696289062
65.814788818359 -4.1181211471558 273.5380859375
65.883781433105 -3.8906319141388 273.71826171875
65.975898742676 -3.6725068092346 273.8996887207
66.089630126953 -3.4520938396454 274.0654296875
66.221008300781 -3.2303984165192 274.21560668945
66.323860168457 -3.0074346065521 274.38507080078
66.417671203613 -2.7847294807434 274.55978393555
66.558364868164 -2.5638258457184 274.70263671875
66.698081970215 -2.3444335460663 274.84872436523
66.829727172852 -2.137624502182 275.01873779297
66.961311340332 -1.9308042526245 275.18878173828
67.067085266113 -1.7197707891464 275.37121582031
67.178756713867 -1.5025717020035 275.54254150391
67.307807922363 -1.2785294055939 275.69137573242
67.425186157227 -1.0468527078629 275.83819580078
67.613990783691 -0.84669989347458 275.95303344727
67.837791442871 -0.71976041793823 276.10397338867
68.057052612305 -0.61876034736633 276.27917480469
68.257110595703 -0.45706453919411 276.43029785156
68.467430114746 -0.3025458753109 276.57485961914
68.684097290039 -0.15321923792362 276.71542358398
68.897094726562 -0.00073706719558686 276.85821533203
69.099189758301 0.12910176813602 277.03506469727
65.659721374512 -4.4982161521912 272.75494384766
65.746650695801 -4.2180209159851 272.71353149414
65.811462402344 -3.9287490844727 272.7082824707
65.89697265625 -3.644998550415 272.71142578125
66.014907836914 -3.3736190795898 272.69509887695
66.16771697998 -3.1195423603058 272.68936157227
66.313514709473 -2.8614883422852 272.67977905273
66.452987670898 -2.6000323295593 272.66851806641
66.588844299316 -2.3364520072937 272.66555786133
66.72045135498 -2.0708107948303 272.65823364258
66.846130371094 -1.8026117086411 272.64428710938
66.993614196777 -1.545484662056 272.63595581055
67.153434753418 -1.2957323789597 272.63159179688
67.308097839355 -1.04281270504 272.63891601562
67.462699890137 -0.7898570895195 272.64630126953
67.613647460938 -0.53488409519196 272.65838623047
67.76252746582 -0.2788462638855 272.67321777344
67.930587768555 -0.0350531488657 272.68896484375
68.152130126953 0.16172486543655 272.7008972168
68.411643981934 0.30486243963242 272.70938110352
68.686431884766 0.40594506263733 272.66290283203
68.928382873535 0.56385827064514 272.59652709961
69.136268615723 0.76613736152649 272.53515625
69.379997253418 0.92773723602295 272.48648071289
69.649696350098 1.0503658056259 272.49896240234
