56.354141235352 -88.761642456055 340.86181640625
108.21472167969 -2.6869704723358 351.09265136719
131.27955627441 5.5634775161743 361.18371582031
133.82048034668 8.8290872573853 342.36932373047
57.356845855713 -85.023796081543 341.26190185547
59.059436798096 -81.545478820801 341.6614074707
60.84839630127 -78.110618591309 342.05975341797
62.700958251953 -74.709518432617 342.45706176758
64.61808013916 -71.344230651855 342.85317993164
66.561141967773 -67.993789672852 343.24871826172
68.534118652344 -64.660797119141 343.64361572266
70.552352905273 -61.354888916016 344.03750610352
72.595695495605 -58.064426422119 344.43078613281
74.718353271484 -54.824241638184 344.82192993164
76.852989196777 -51.591915130615 345.21276855469
79.038345336914 -48.393459320068 345.60205078125
81.171722412109 -45.160297393799 345.99291992188
83.293853759766 -41.919757843018 346.38403320312
85.419059753418 -38.681240081787 346.7751159668
87.531425476074 -35.434379577637 347.16659545898
89.612655639648 -32.167572021484 347.55889892578
91.737113952637 -28.92857170105 347.94998168945
93.798248291016 -25.649101257324 348.3427734375
95.861434936523 -22.37092590332 348.73556518555
97.895973205566 -19.074981689453 349.12905883789
100.00901031494 -15.828554153442 349.52047729492
102.02239227295 -12.51969909668 349.91442871094
104.07270050049 -9.2334890365601 350.30752563477
106.13773345947 -5.9564681053162 350.70025634766
59.516777038574 -85.414268493652 341.84857177734
62.053043365479 -81.532348632812 342.67767333984
64.600799560547 -77.644584655762 343.44149780273
67.248580932617 -73.81583404541 344.16137695312
70.158073425293 -70.174598693848 344.84371948242
73.017333984375 -66.492668151855 345.51998901367
75.892936706543 -62.829986572266 346.23068237305
78.769424438477 -59.172275543213 346.96298217773
81.5703125 -55.458679199219 347.70700073242
84.386123657227 -51.755210876465 348.44519042969
87.235260009766 -48.072364807129 349.15817260742
90.137893676758 -44.402404785156 349.70169067383
92.973770141602 -40.713291168213 350.43490600586
95.874740600586 -37.08483505249 351.21469116211
98.721817016602 -33.425762176514 352.04815673828
101.45687103271 -29.69361114502 352.93130493164
104.112449646 -25.913063049316 353.85037231445
107.0079498291 -22.268707275391 354.57409667969
109.89602661133 -18.62491607666 355.32983398438
112.7232208252 -14.951689720154 356.16873168945
115.6273651123 -11.291367530823 356.76623535156
118.34742736816 -7.4892706871033 357.3444519043
121.30252838135 -3.8936789035797 358.07077026367
124.4679107666 -0.51862490177155 358.95278930664
127.71152496338 2.7519850730896 359.93829345703
59.596092224121 -85.215179443359 340.58456420898
62.450309753418 -81.343551635742 340.75204467773
65.022819519043 -77.278694152832 340.90579223633
68.094863891602 -73.589630126953 341.24890136719
71.05403137207 -69.803535461426 341.51977539062
73.86376953125 -65.905616760254 341.79565429688
76.597602844238 -61.94847869873 341.9736328125
79.410942077637 -58.047378540039 342.14981079102
82.22191619873 -54.144588470459 342.32632446289
85.040016174316 -50.245506286621 342.46765136719
87.940521240234 -46.409255981445 342.65414428711
90.78742980957 -42.532363891602 342.82531738281
93.602638244629 -38.632774353027 343.00509643555
96.584228515625 -34.869300842285 343.33786010742
99.475578308105 -31.021778106689 343.36605834961
102.49655914307 -27.275215148926 343.40313720703
105.39468383789 -23.433048248291 343.34875488281
108.26299285889 -19.568243026733 343.37271118164
111.22651672363 -15.776578903198 343.44485473633
114.11833953857 -11.931123733521 343.56442260742
116.87733459473 -7.990487575531 343.71823120117
119.83548736572 -4.1974830627441 343.88092041016
123.18531799316 -0.74270331859589 343.80862426758
126.65839385986 2.5829031467438 343.60308837891
129.98054504395 5.9485077857971 342.71063232422
