148.73739624023 17.180534362793 319.27575683594
83.751174926758 -35.292343139648 330.78454589844
68.553756713867 -11.464842796326 345.09857177734
65.072494506836 -12.609619140625 319.09558105469
147.96211242676 13.762251853943 319.56329345703
146.63494873047 10.516272544861 319.83227539062
145.08442687988 7.383092880249 320.13638305664
143.33572387695 4.349983215332 320.47161865234
141.58703613281 1.3168739080429 320.80688476562
139.62683105469 -1.5744322538376 321.1930847168
137.60726928711 -4.4259257316589 321.59356689453
137.22579956055 -7.8836312294006 321.73406982422
135.59141540527 -10.891160011292 322.10110473633
133.50254821777 -13.684196472168 322.4938659668
131.19082641602 -16.305042266846 322.8903503418
128.67332458496 -18.69994354248 323.3625793457
126.00282287598 -20.926836013794 323.89120483398
123.0964050293 -22.826587677002 324.42361450195
120.14604187012 -24.665395736694 324.95672607422
117.19567871094 -26.504203796387 325.48986816406
113.98055267334 -27.813911437988 326.04342651367
110.75690460205 -29.106573104858 326.59768676758
107.50728607178 -30.322887420654 327.15829467773
104.19282531738 -31.348594665527 327.73480224609
100.84680175781 -32.281517028809 328.279296875
97.471138000488 -33.149227142334 328.74890136719
94.074775695801 -33.943096160889 329.18927001953
90.661094665527 -34.595016479492 329.71743774414
87.215019226074 -35.025539398193 330.24020385742
146.49946594238 14.785598754883 320.76763916016
144.03956604004 12.377668380737 321.82437133789
141.39596557617 10.110607147217 322.74041748047
138.72125244141 7.8699321746826 323.63204956055
136.01501464844 5.6681871414185 324.52545166016
133.27572631836 3.5089430809021 325.42181396484
130.58992004395 1.3078262805939 326.37591552734
127.41121673584 -0.12612323462963 327.21105957031
124.38458251953 -1.8264012336731 328.15405273438
121.38906860352 -3.6424076557159 328.98901367188
118.43727874756 -5.5388383865356 329.80136108398
115.46424102783 -7.3662405014038 330.68920898438
112.34717559814 -8.9747476577759 331.49142456055
109.1721572876 -10.581236839294 331.91748046875
105.90463256836 -11.370193481445 333.19815063477
102.46183013916 -12.055555343628 333.99887084961
99.090278625488 -12.884848594666 334.94229125977
95.71257019043 -13.32953453064 336.09927368164
92.281448364258 -13.409735679626 337.18914794922
88.863815307617 -13.633250236511 338.30252075195
85.448181152344 -13.824509620667 339.42269897461
82.054237365723 -13.653949737549 340.61428833008
78.66227722168 -13.313630104065 341.77450561523
75.29418182373 -12.756504058838 342.92098999023
71.955192565918 -12.045886039734 344.06787109375
146.23207092285 14.583659172058 319.01797485352
143.67750549316 12.028767585754 318.83499145508
141.02253723145 9.5717658996582 318.81503295898
138.36581420898 7.1164908409119 318.79797363281
135.52467346191 4.8795261383057 318.88394165039
132.53150939941 2.8516898155212 318.99771118164
129.31462097168 1.2005326747894 319.0458984375
126.25062561035 -0.7200391292572 319.10330200195
123.22093963623 -2.6959314346313 319.16317749023
120.18279266357 -4.6548690795898 319.2995300293
117.08085632324 -6.5067014694214 319.48388671875
113.81523132324 -8.0419158935547 319.71475219727
110.3533782959 -9.0548257827759 319.92776489258
107.40480041504 -11.099365234375 320.15872192383
103.93824005127 -12.004487991333 320.36859130859
100.34451293945 -12.359356880188 320.54946899414
97.300186157227 -14.255520820618 320.39303588867
93.694946289062 -14.171022415161 320.38452148438
90.080368041992 -14.13809299469 320.33291625977
86.499565124512 -14.631694793701 320.18869018555
82.908294677734 -15.027294158936 320.04058837891
79.296325683594 -14.914147377014 319.87411499023
75.686447143555 -14.782680511475 319.70690917969
72.160591125488 -13.996472358704 319.51501464844
68.611976623535 -13.334566116333 319.27828979492
