56.309597015381 -34.926471710205 345.59161376953
107.65563964844 20.099254608154 383.59512329102
111.11125946045 -22.185188293457 397.13674926758
125.23096466064 -4.6445817947388 350.6037902832
52.7594871521 -32.391120910645 345.37939453125
50.186378479004 -28.901023864746 345.85510253906
48.096099853516 -25.140628814697 346.59405517578
46.602935791016 -21.16987991333 347.611328125
45.629814147949 -17.097787857056 348.83975219727
45.238498687744 -12.997325897217 350.27206420898
45.383773803711 -8.9402141571045 351.86596679688
46.067050933838 -4.9963440895081 353.59524536133
47.268989562988 -1.2281639575958 355.42971801758
48.90718460083 2.3388431072235 357.33233642578
50.930080413818 5.678982257843 359.27618408203
53.423191070557 8.6601467132568 361.23931884766
56.350254058838 11.233295440674 363.19100952148
59.603832244873 13.418102264404 365.10311889648
63.129467010498 15.196241378784 366.95056152344
66.88614654541 16.540912628174 368.70956420898
70.813735961914 17.465919494629 370.36538696289
74.865051269531 17.965831756592 371.90036010742
78.996109008789 18.046644210815 373.30212402344
83.109657287598 18.141334533691 374.70330810547
87.150108337402 18.680751800537 376.24969482422
91.274795532227 18.835697174072 377.67755126953
95.382621765137 19.084604263306 379.13562011719
99.45565032959 19.512720108032 380.650390625
103.56740570068 19.747819900513 382.10452270508
55.040325164795 -32.791305541992 347.85238647461
54.191825866699 -30.160707473755 349.7607421875
54.021903991699 -27.419916152954 351.69573974609
54.181076049805 -24.936288833618 353.94165039062
56.192504882812 -23.5159034729 356.2265625
58.398906707764 -22.018699645996 358.26889038086
60.950881958008 -20.874967575073 360.12994384766
63.679386138916 -20.021001815796 361.8935546875
66.547729492188 -19.49192237854 363.56033325195
69.378532409668 -19.126693725586 365.33203125
71.88639831543 -18.6057472229 367.50561523438
74.725547790527 -17.864580154419 369.12249755859
76.85791015625 -16.941869735718 371.53060913086
79.760101318359 -16.506048202515 373.16418457031
82.756942749023 -16.296615600586 374.66589355469
85.681015014648 -16.368284225464 376.31771850586
88.631820678711 -16.619192123413 377.90252685547
91.437705993652 -17.026660919189 379.70358276367
94.08479309082 -17.429269790649 381.73202514648
96.587104797363 -17.812923431396 383.94030761719
99.067909240723 -18.315975189209 386.14865112305
101.51620483398 -19.058170318604 388.32574462891
104.04480743408 -19.9365234375 390.35559082031
106.61145782471 -20.753578186035 392.36288452148
108.94125366211 -21.492425918579 394.66757202148
56.151412963867 -31.663089752197 344.98803710938
55.778900146484 -28.361663818359 344.99096679688
56.005714416504 -25.060552597046 345.28302001953
57.121250152588 -21.963754653931 345.72134399414
59.093486785889 -19.331701278687 346.16241455078
61.89949798584 -17.740438461304 346.95849609375
64.875457763672 -16.540958404541 347.82366943359
67.876693725586 -15.361207962036 348.62634277344
70.917510986328 -14.302709579468 349.44842529297
74.037338256836 -13.447151184082 350.20867919922
77.110366821289 -12.421213150024 350.93954467773
79.88720703125 -10.646035194397 351.35067749023
82.943046569824 -9.5704107284546 352.08987426758
86.100601196289 -8.7923593521118 352.77365112305
89.295402526855 -8.1981067657471 353.46856689453
92.543922424316 -7.7857933044434 354.03485107422
95.814140319824 -7.4184265136719 354.49566650391
99.127166748047 -7.1931247711182 354.62423706055
102.44262695312 -6.9778861999512 354.59457397461
105.71405029297 -6.7987685203552 354.03829956055
108.97899627686 -6.5589528083801 353.46768188477
112.20676422119 -6.0762362480164 352.84143066406
115.45359039307 -5.67405128479 352.25823974609
118.71271514893 -5.330894947052 351.70672607422
121.97183990479 -4.9877381324768 351.1552734375
