60.705310821533 4.4833579063416 273.73013305664
67.128952026367 -7.1482529640198 272.14239501953
70.925621032715 -2.52397108078 270.71569824219
68.981651306152 -3.8967998027802 276.77789306641
60.61157989502 3.9882085323334 273.57763671875
60.668975830078 3.4787292480469 273.45629882812
60.768955230713 2.9733457565308 273.34585571289
60.900932312012 2.4734718799591 273.24432373047
61.065864562988 1.9815648794174 273.15249633789
61.249317169189 1.4952138662338 273.06637573242
61.454521179199 1.0164085626602 272.98733520508
61.680198669434 0.5457951426506 272.91522216797
61.92435836792 0.08353690803051 272.84951782227
62.18770980835 -0.36902731657028 272.79086303711
62.468185424805 -0.81199926137924 272.73870849609
62.752208709717 -1.2528613805771 272.68786621094
63.041549682617 -1.6904944181442 272.63919067383
63.342823028564 -2.1205129623413 272.59521484375
63.640739440918 -2.5527203083038 272.54992675781
63.939891815186 -2.9841275215149 272.50506591797
64.242324829102 -3.4133789539337 272.46160888672
64.545402526855 -3.8422009944916 272.41842651367
64.84188079834 -4.275336265564 272.37252807617
65.139129638672 -4.7079749107361 272.32696533203
65.449836730957 -5.1316103935242 272.28686523438
65.764503479004 -5.5524678230286 272.24844360352
66.086471557617 -5.9680333137512 272.21313476562
66.393653869629 -6.3940935134888 272.1716003418
66.757026672363 -6.7752556800842 272.15490722656
61.060474395752 4.2876882553101 273.4241027832
61.373794555664 3.9141578674316 273.28201293945
61.571872711182 3.4725115299225 273.12817382812
61.832008361816 3.0610926151276 272.98294067383
62.174118041992 2.7002010345459 272.87985229492
62.546855926514 2.3715171813965 272.77462768555
62.921413421631 2.042804479599 272.67596435547
63.295986175537 1.7140805721283 272.57739257812
63.679790496826 1.4015548229218 272.46383666992
64.069709777832 1.0966408252716 272.35055541992
64.47469329834 0.80126523971558 272.26809692383
64.888977050781 0.52810114622116 272.15930175781
65.29753112793 0.24631437659264 272.05145263672
65.699638366699 -0.045197799801826 271.9446105957
66.114326477051 -0.31713795661926 271.83453369141
66.512542724609 -0.6129909157753 271.72766113281
66.901985168457 -0.92200595140457 271.6233215332
67.304862976074 -1.2155297994614 271.52526855469
67.724884033203 -1.4799379110336 271.41705322266
68.112815856934 -1.7923421859741 271.32266235352
68.508636474609 -2.0905592441559 271.22607421875
68.951705932617 -2.3115334510803 271.11233520508
69.438674926758 -2.3752899169922 270.98272705078
69.926918029785 -2.4405179023743 270.85974121094
70.422569274902 -2.518164396286 270.77981567383
60.874221801758 4.2733335494995 274.11145019531
61.012809753418 3.8025178909302 274.12805175781
61.175807952881 3.3408749103546 274.09283447266
61.40079498291 2.9046847820282 274.10662841797
61.675304412842 2.5001051425934 274.15661621094
61.96635055542 2.1100945472717 274.22540283203
62.275562286377 1.7365622520447 274.30569458008
62.598064422607 1.3768359422684 274.39562988281
62.941722869873 1.0410952568054 274.49948120117
63.277488708496 0.69947278499603 274.60980224609
63.617351531982 0.36223140358925 274.720703125
63.979209899902 0.049022927880287 274.83282470703
64.335098266602 -0.26922979950905 274.94973754883
64.682723999023 -0.59562397003174 275.06903076172
65.022476196289 -0.93294906616211 275.18026733398
65.360450744629 -1.2788273096085 275.26818847656
65.692283630371 -1.6230219602585 275.38235473633
66.020454406738 -1.9676302671432 275.50537109375
66.346099853516 -2.3246331214905 275.59548950195
66.664131164551 -2.688214302063 275.68643188477
66.97435760498 -3.0491166114807 275.80911254883
67.325042724609 -3.3457846641541 275.9841003418
67.699348449707 -3.6018617153168 276.17367553711
68.093070983887 -3.8150861263275 276.37530517578
68.529670715332 -3.8191213607788 276.60098266602
