71.624572753906 2.9060409069061 268.58428955078
76.658592224121 -2.8254330158234 269.16781616211
79.728004455566 -1.3938809633255 266.68841552734
78.197471618652 -1.4463022947311 272.8244934082
71.480522155762 2.6337039470673 268.53927612305
71.474166870117 2.3219902515411 268.5178527832
71.530921936035 2.0146615505219 268.50869750977
71.633003234863 1.719079375267 268.50891113281
71.768447875977 1.4372633695602 268.51629638672
71.925491333008 1.1671254634857 268.52856445312
72.10929107666 0.91471010446548 268.54708862305
72.301856994629 0.66914165019989 268.56768798828
72.516082763672 0.44270238280296 268.59365844727
72.737976074219 0.22401587665081 268.62158203125
72.963912963867 0.0096313236281276 268.65054321289
73.192527770996 -0.2017824947834 268.68023681641
73.422927856445 -0.41118389368057 268.71035766602
73.66136932373 -0.61104875802994 268.74264526367
73.905540466309 -0.80360573530197 268.77648925781
74.146408081055 -1.0004245042801 268.80947875977
74.392333984375 -1.1906553506851 268.84375
74.638298034668 -1.3808352947235 268.87811279297
74.881462097168 -1.5747081041336 268.91165161133
75.127792358398 -1.7643933296204 268.94610595703
75.378845214844 -1.9475165605545 268.98187255859
75.631904602051 -2.1277525424957 269.01824951172
75.888641357422 -2.3024778366089 269.05563354492
76.134574890137 -2.4926843643188 269.08996582031
76.39616394043 -2.6597573757172 269.12875366211
71.800277709961 2.652806520462 268.38302612305
71.934371948242 2.3264632225037 268.28189086914
72.229927062988 2.1444396972656 268.17428588867
72.576354980469 2.1411230564117 268.0539855957
72.912422180176 2.0227921009064 267.95907592773
73.23705291748 1.8750709295273 267.8649597168
73.56649017334 1.7364150285721 267.77398681641
73.903579711914 1.6130405664444 267.68981933594
74.237533569336 1.4655466079712 267.6376953125
74.566719055176 1.3021196126938 267.6067199707
74.893440246582 1.1390641927719 267.55444335938
75.218650817871 0.97621321678162 267.4928894043
75.543281555176 0.81155169010162 267.43313598633
75.868759155273 0.64764493703842 267.37615966797
76.201522827148 0.49434646964073 267.3332824707
76.534194946289 0.34088215231895 267.29025268555
76.865135192871 0.18436866998672 267.24493408203
77.195724487305 0.027232758700848 267.19918823242
77.524635314941 -0.13312314450741 267.15274047852
77.84383392334 -0.31106674671173 267.10256958008
78.162963867188 -0.4890034198761 267.05194091797
78.479476928711 -0.66674995422363 266.98641967773
78.795501708984 -0.84445452690125 266.91839599609
79.110145568848 -1.0236636400223 266.84805297852
79.419075012207 -1.2087738513947 266.76821899414
71.544151306152 2.639363527298 268.80416870117
71.60962677002 2.3080418109894 268.92602539062
71.764205932617 2.0330188274384 269.08236694336
72.025382995605 1.9264448881149 269.30450439453
72.321502685547 1.8821860551834 269.50405883789
72.623832702637 1.7980885505676 269.67919921875
72.902648925781 1.6517214775085 269.85382080078
73.178009033203 1.4914637804031 270.0212097168
73.475654602051 1.3534704446793 270.16961669922
73.76441192627 1.215554356575 270.33483886719
74.052932739258 1.0746067762375 270.49789428711
74.339408874512 0.92609459161758 270.65765380859
74.612648010254 0.76628094911575 270.82934570312
74.897338867188 0.61286127567291 270.98782348633
75.184059143066 0.46042591333389 271.1435546875
75.470848083496 0.30754667520523 271.29873657227
75.76033782959 0.15731585025787 271.45147705078
76.05534362793 0.012573477812111 271.59884643555
76.350883483887 -0.13417957723141 271.7431640625
76.646629333496 -0.2844552397728 271.88323974609
76.929473876953 -0.45952388644218 272.02124023438
77.205581665039 -0.64579570293427 272.158203125
77.467086791992 -0.85257720947266 272.29434204102
77.714012145996 -1.0522893667221 272.46417236328
77.955741882324 -1.2492958307266 272.64431762695
