133.40086364746 5.5613822937012 641.25305175781
126.48076629639 -9.4909086227417 651.833984375
124.40156555176 -13.192555427551 645.51245117188
134.01010131836 -10.775471687317 650.72100830078
132.89855957031 5.6664848327637 641.91821289062
132.39625549316 5.771586894989 642.58343505859
131.9128112793 5.627480506897 643.24468994141
131.43362426758 5.4273524284363 643.90515136719
130.9783782959 5.133442401886 644.54144287109
130.54075622559 4.7705855369568 645.16003417969
130.12171936035 4.3613801002502 645.75762939453
129.73854064941 3.8627789020538 646.31475830078
129.36206054688 3.3525891304016 646.86389160156
129.04774475098 2.7349710464478 647.33880615234
128.73342895508 2.1173532009125 647.81378173828
128.49620056152 1.4089806079865 648.19299316406
128.27194213867 0.68533134460449 648.55615234375
128.10179138184 -0.079462431371212 648.85015869141
127.96346282959 -0.86844921112061 649.103515625
127.8734588623 -1.6754422187805 649.29357910156
127.85858154297 -2.510425567627 649.38525390625
127.82124328613 -3.3367793560028 649.50634765625
127.67639160156 -4.1218290328979 649.76818847656
127.5315322876 -4.9068789482117 650.02996826172
127.36363983154 -5.6766633987427 650.32141113281
127.19263458252 -6.4441533088684 650.61712646484
127.0104675293 -7.1986703872681 650.93823242188
126.86427307129 -7.9604458808899 651.26007080078
126.68281555176 -8.7273979187012 651.55041503906
132.61856079102 5.2514595985413 641.19348144531
131.88864135742 4.9721364974976 641.51226806641
131.35279846191 4.4455981254578 641.8994140625
130.88731384277 3.809159040451 642.20373535156
130.51072692871 3.086128950119 642.42645263672
130.23570251465 2.2987885475159 642.56524658203
129.98216247559 1.4976264238358 642.65832519531
129.72604370117 0.69293409585953 642.70007324219
129.48468017578 -0.11431015282869 642.77001953125
129.20649719238 -0.90318262577057 642.892578125
128.8657989502 -1.6614580154419 643.04602050781
128.62228393555 -2.4600698947906 643.17932128906
128.39151000977 -3.2533066272736 643.3583984375
128.21099853516 -4.0767726898193 643.42175292969
127.93729400635 -4.8693890571594 643.52978515625
127.61871337891 -5.6480722427368 643.61376953125
127.29406738281 -6.4238147735596 643.70141601562
126.95673370361 -7.1890158653259 643.82611083984
126.5930557251 -7.9382848739624 643.97180175781
126.24410247803 -8.6925592422485 644.12731933594
125.90560150146 -9.4502696990967 644.28912353516
125.57540130615 -10.207812309265 644.46795654297
125.22933197021 -10.947401046753 644.68725585938
125.00020599365 -11.726917266846 644.92120361328
124.72319793701 -12.474190711975 645.20361328125
133.75430297852 5.2774505615234 641.8515625
133.74465942383 4.9637174606323 642.53533935547
133.59286499023 4.5661873817444 643.15661621094
133.45651245117 4.0820078849792 643.71685791016
133.3776550293 3.5115134716034 644.20190429688
133.35160827637 2.8687748908997 644.59185791016
133.34272766113 2.154657125473 644.83056640625
133.40802001953 1.4638891220093 645.12396240234
133.48045349121 0.76338201761246 645.39154052734
133.53022766113 0.061967901885509 645.66186523438
133.55612182617 -0.63965260982513 645.93499755859
133.55880737305 -1.3381502628326 646.21704101562
133.53715515137 -2.0155987739563 646.54595947266
133.52029418945 -2.6882028579712 646.88482666016
133.5260925293 -3.3717837333679 647.201171875
133.57214355469 -4.0826144218445 647.44635009766
133.66082763672 -4.7810049057007 647.71459960938
133.7391204834 -5.4743909835815 647.99853515625
133.84130859375 -6.152820110321 648.3095703125
134.03245544434 -6.8027925491333 648.63836669922
134.07064819336 -7.4908485412598 648.94281005859
134.10847473145 -8.1785793304443 649.24792480469
134.10523986816 -8.8306455612183 649.62524414062
134.08380126953 -9.4688377380371 650.02496337891
133.9839630127 -10.063306808472 650.47686767578
