82.876388549805 27.136507034302 334.45458984375
60.869022369385 15.160452842712 338.40255737305
57.617572784424 23.630910873413 348.1340637207
53.627292633057 24.488311767578 330.82369995117
82.692085266113 26.139179229736 334.50762939453
82.124839782715 25.301652908325 334.62124633789
81.458114624023 24.542949676514 334.74966430664
80.767120361328 23.806949615479 334.88162231445
80.035987854004 23.111951828003 335.01950073242
79.269180297852 22.457542419434 335.16229248047
78.479522705078 21.831665039062 335.3083190918
77.657035827637 21.250701904297 335.45886230469
76.831871032715 20.673734664917 335.60974121094
75.972450256348 20.150382995605 335.76516723633
75.119026184082 19.617225646973 335.91979980469
74.228584289551 19.149925231934 336.07916259766
73.363189697266 18.637033462524 336.23532104492
72.435829162598 18.249950408936 336.39907836914
71.527412414551 17.819416046143 336.56057739258
70.617210388184 17.39278793335 336.72232055664
69.6865234375 17.013969421387 336.88647460938
68.734870910645 16.692552566528 337.05282592773
67.765167236328 16.431535720825 337.22076416016
66.803993225098 16.140327453613 337.38809204102
65.832466125488 15.886286735535 337.55618286133
64.848251342773 15.68784236908 337.72525024414
63.85245513916 15.559983253479 337.89465332031
62.864959716797 15.378595352173 338.06384277344
61.868309020996 15.257543563843 338.23324584961
82.096565246582 26.709920883179 335.1780090332
81.145988464355 26.287302017212 335.65896606445
80.163124084473 25.927984237671 336.12628173828
79.145797729492 25.604196548462 336.54312133789
78.110343933105 25.270952224731 336.90408325195
77.079376220703 24.983402252197 337.31390380859
76.011566162109 24.755760192871 337.66244506836
74.923667907715 24.573352813721 337.97344970703
73.849281311035 24.522762298584 338.36917114258
72.865631103516 24.836791992188 338.86608886719
71.922622680664 24.570846557617 339.46057128906
70.935394287109 24.130279541016 339.84106445312
70.000518798828 23.707654953003 340.35153198242
68.982147216797 23.602348327637 340.86657714844
67.961944580078 23.668991088867 341.38436889648
66.937393188477 23.936225891113 341.82299804688
65.93920135498 24.244869232178 342.2939453125
64.974723815918 24.427093505859 342.88562011719
64.020812988281 24.487253189087 343.51803588867
63.066730499268 24.512197494507 344.15255737305
62.167640686035 24.475744247437 344.86233520508
61.32861328125 24.375421524048 345.63656616211
60.571411132812 24.066181182861 346.43930053711
59.626235961914 23.94807434082 347.07666015625
58.626865386963 23.794422149658 347.61627197266
81.899589538574 26.726938247681 333.93521118164
80.831596374512 26.280881881714 333.70608520508
79.717826843262 25.891456604004 333.65634155273
78.591079711914 25.538980484009 333.62530517578
77.45597076416 25.216976165771 333.60876464844
76.302299499512 24.972106933594 333.67022705078
75.14412689209 24.755157470703 333.7473449707
73.977066040039 24.605361938477 333.80297851562
72.810752868652 24.61651802063 333.68853759766
71.66332244873 24.671300888062 333.46475219727
70.537818908691 24.389352798462 333.33642578125
69.438957214355 23.990518569946 333.33068847656
68.285194396973 23.78754234314 333.33438110352
67.123001098633 23.697103500366 333.15383911133
65.975662231445 23.664712905884 332.88104248047
64.843673706055 23.817245483398 332.63052368164
63.743228912354 24.210815429688 332.49462890625
62.61848449707 24.303628921509 332.30905151367
61.473960876465 24.188709259033 332.0422668457
60.334575653076 24.109634399414 331.74258422852
59.196659088135 24.063201904297 331.43008422852
58.058219909668 24.030244827271 331.11758422852
56.921276092529 24.039863586426 330.79873657227
55.779563903809 23.935926437378 330.52081298828
54.618766784668 24.07407951355 330.39852905273
