59.530349731445 -9.9976539611816 280.63400268555
64.75422668457 -4.2078018188477 277.17663574219
70.073799133301 -4.122510433197 279.08334350586
67.909652709961 -5.5451555252075 273.06060791016
59.371704101562 -9.6873197555542 280.58285522461
59.313362121582 -9.3517465591431 280.49291992188
59.30973815918 -9.0160675048828 280.38619995117
59.374900817871 -8.6928262710571 280.26245117188
59.509220123291 -8.3970241546631 280.12634277344
59.691146850586 -8.1304559707642 279.98510742188
59.888252258301 -7.8754105567932 279.84289550781
60.088771820068 -7.6231565475464 279.70050048828
60.302547454834 -7.3822374343872 279.55776977539
60.519630432129 -7.1443319320679 279.41497802734
60.746742248535 -6.9160475730896 279.27215576172
60.988655090332 -6.7031388282776 279.12979125977
61.233020782471 -6.4929432868958 278.9875793457
61.478393554688 -6.2839450836182 278.84536743164
61.73210144043 -6.0846982002258 278.70376586914
61.988754272461 -5.8890781402588 278.56240844727
62.252033233643 -5.7019214630127 278.42181396484
62.519939422607 -5.5209999084473 278.28176879883
62.790157318115 -5.3432903289795 278.14205932617
63.064502716064 -5.1714820861816 278.00302124023
63.33948135376 -5.0006604194641 277.86401367188
63.619846343994 -4.8379969596863 277.72595214844
63.904361724854 -4.6819019317627 277.58883666992
64.190116882324 -4.5278663635254 277.45196533203
64.471725463867 -4.3671455383301 277.3141784668
59.725135803223 -9.5617380142212 280.67337036133
59.857479095459 -9.11549949646 280.57775878906
60.272480010986 -8.8804054260254 280.52282714844
60.681758880615 -8.6367959976196 280.46228027344
61.091495513916 -8.3935699462891 280.40371704102
61.506988525391 -8.1552934646606 280.3703918457
61.924171447754 -7.9190101623535 280.34506225586
62.345081329346 -7.68865442276 280.32794189453
62.768505096436 -7.4625844955444 280.31665039062
63.191558837891 -7.2358708381653 280.30465698242
63.611022949219 -7.0030069351196 280.28598022461
64.03141784668 -6.7722392082214 280.26599121094
64.470680236816 -6.5836453437805 280.22119140625
64.910270690918 -6.3960814476013 280.17562866211
65.341598510742 -6.1882610321045 280.13961791992
65.772872924805 -5.9805774688721 280.10269165039
66.202796936035 -5.777063369751 280.03744506836
66.630966186523 -5.5769691467285 279.95288085938
67.059532165527 -5.3854913711548 279.85205078125
67.487419128418 -5.2086639404297 279.72491455078
67.915794372559 -5.0220947265625 279.61444091797
68.339721679688 -4.8201622962952 279.51425170898
68.762229919434 -4.6180186271667 279.40881347656
69.198432922363 -4.4616203308105 279.28317260742
69.638145446777 -4.303159236908 279.17333984375
59.593688964844 -9.6942749023438 280.26943969727
59.693672180176 -9.2835149765015 280.04605102539
60.000869750977 -9.0869951248169 279.73583984375
60.282558441162 -8.870849609375 279.41491699219
60.615585327148 -8.6934537887573 279.12017822266
60.957443237305 -8.5392932891846 278.82247924805
61.302642822266 -8.402214050293 278.52032470703
61.650039672852 -8.2813453674316 278.2138671875
61.972953796387 -8.1297931671143 277.89447021484
62.286884307861 -7.9693503379822 277.57049560547
62.582916259766 -7.7924194335938 277.23834228516
62.888492584229 -7.6350121498108 276.90505981445
63.221305847168 -7.4908404350281 276.5924987793
63.572608947754 -7.354681968689 276.29702758789
63.907028198242 -7.2071180343628 275.98773193359
64.232444763184 -7.0570240020752 275.6701965332
64.55818939209 -6.9091877937317 275.35192871094
64.904266357422 -6.778902053833 275.04776000977
65.25821685791 -6.6234292984009 274.76525878906
65.616218566895 -6.4614410400391 274.49163818359
65.975326538086 -6.3224301338196 274.20709228516
66.341873168945 -6.1509437561035 273.951171875
66.694206237793 -5.9727883338928 273.68026733398
67.065826416016 -5.809362411499 273.42639160156
67.493576049805 -5.67245054245 273.2604675293
