144.14399719238 3.0380997657776 494.74588012695
134.27944946289 2.9540634155273 479.88848876953
136.28861999512 2.792610168457 477.82107543945
134.09991455078 0.17179162800312 479.2048034668
143.58963012695 3.3606247901917 494.47103881836
143.08012390137 3.5732300281525 494.07498168945
142.60992431641 3.6895427703857 493.57275390625
142.21325683594 3.7000784873962 492.99908447266
141.84230041504 3.6792888641357 492.41021728516
141.50128173828 3.622355222702 491.80410766602
141.16119384766 3.5643610954285 491.19760131836
140.82070922852 3.5068304538727 490.59127807617
140.47909545898 3.4505710601807 489.98547363281
140.13258361816 3.3999419212341 489.38195800781
139.78285217285 3.3530459403992 488.7799987793
139.42671203613 3.3135781288147 488.18127441406
139.06875610352 3.2762546539307 487.58349609375
138.70942687988 3.2405705451965 486.98641967773
138.34637451172 3.2092843055725 486.39138793945
137.98634338379 3.1744110584259 485.79470825195
137.62867736816 3.1367385387421 485.19674682617
137.26696777344 3.1038720607758 484.60095214844
136.90249633789 3.0743021965027 484.00671386719
136.53468322754 3.0487351417542 483.41430664062
136.16217041016 3.0288577079773 482.82464599609
135.79095458984 3.00736951828 482.23422241211
135.4130859375 2.9940431118011 481.64779663086
135.03520202637 2.9807164669037 481.06137084961
134.65733337402 2.9673900604248 480.47491455078
144.0189666748 3.3905322551727 494.1252746582
143.68110656738 3.5648319721222 493.50836181641
143.34205627441 3.6180033683777 492.87014770508
143.01290893555 3.5914545059204 492.22512817383
142.66885375977 3.5360107421875 491.58978271484
142.31547546387 3.482871055603 490.95935058594
141.96180725098 3.4359872341156 490.32861328125
141.60771179199 3.4021363258362 489.697265625
141.25422668457 3.368200302124 489.06558227539
140.9239654541 3.3309299945831 488.42166137695
140.60049438477 3.2925908565521 487.77432250977
140.28184509277 3.2482118606567 487.12503051758
139.9755859375 3.1886425018311 486.4709777832
139.66929626465 3.1293742656708 485.81692504883
139.36393737793 3.087685585022 485.16107177734
139.05897521973 3.0516772270203 484.50469970703
138.75903320312 3.0165181159973 483.8459777832
138.46131896973 2.9817709922791 483.18621826172
138.18139648438 2.9534800052643 482.51840209961
137.90269470215 2.9256956577301 481.85006713867
137.60731506348 2.9018034934998 481.18878173828
137.30014038086 2.8806936740875 480.53280639648
137.00964355469 2.8538818359375 479.86947631836
136.76628112793 2.8114233016968 479.18823242188
136.52555847168 2.775319814682 478.50567626953
143.60855102539 2.7734730243683 494.3349609375
143.08935546875 2.6875088214874 493.83645629883
142.60972595215 2.6305913925171 493.29580688477
142.20642089844 2.5508124828339 492.69876098633
141.80470275879 2.47096824646 492.10055541992
141.44467163086 2.4016578197479 491.47515869141
141.09184265137 2.3340253829956 490.84545898438
140.74105834961 2.2588160037994 490.21545410156
140.39169311523 2.178172826767 489.58535766602
140.04235839844 2.0972974300385 488.95526123047
139.69116210938 2.0105726718903 488.32699584961
139.33526611328 1.9084534645081 487.70370483398
138.97914123535 1.8056282997131 487.08065795898
138.62020874023 1.6988651752472 486.45986938477
138.25930786133 1.5892250537872 485.84072875977
137.89820861816 1.4793522357941 485.22177124023
137.51644897461 1.3490289449692 484.61944580078
137.13093566895 1.214851975441 484.02029418945
136.7977142334 1.0532423257828 483.39730834961
136.41688537598 0.93596732616425 482.7919921875
136.02984619141 0.83287447690964 482.18771362305
135.67721557617 0.73129141330719 481.56259155273
135.31625366211 0.61791753768921 480.94418334961
134.9483795166 0.49727919697762 480.33123779297
134.55406188965 0.32266774773598 479.74887084961
