77.661293029785 4.6033473014832 278.1474609375
77.459800720215 -0.32436087727547 270.34924316406
73.784797668457 0.03091567568481 269.97424316406
77.734878540039 2.8229146003723 267.8874206543
77.838920593262 4.2894315719604 278.0876159668
77.94123840332 3.9985394477844 277.88916015625
78.024993896484 3.7198193073273 277.66635131836
78.071022033691 3.470751285553 277.40118408203
78.096771240234 3.2402868270874 277.11709594727
78.104774475098 3.027420759201 276.81857299805
78.109466552734 2.8179843425751 276.51754760742
78.10814666748 2.6149089336395 276.2121887207
78.097221374512 2.4222705364227 275.90032958984
78.078659057617 2.238171339035 275.58367919922
78.060340881348 2.053787946701 275.26718139648
78.037490844727 1.87462413311 274.94799804688
78.009696960449 1.7011840343475 274.62606811523
77.978706359863 1.5314965248108 274.30242919922
77.943695068359 1.3666622638702 273.97668457031
77.906867980957 1.2040221691132 273.65005493164
77.869247436523 1.0423374176025 273.32302856445
77.824668884277 0.88920372724533 272.99279785156
77.782699584961 0.73280894756317 272.66375732422
77.739265441895 0.57824325561523 272.33401489258
77.695365905762 0.42424041032791 272.00408935547
77.648887634277 0.2734526693821 271.67303466797
77.59423828125 0.13308270275593 271.33865356445
77.558631896973 -0.031026117503643 271.01263427734
77.495513916016 -0.16036002337933 270.67532348633
77.366584777832 4.519802570343 277.90594482422
77.249267578125 4.3189969062805 277.58929443359
77.144966125488 4.0888452529907 277.28839111328
77.01244354248 3.8664526939392 276.99270629883
76.878074645996 3.6416592597961 276.70031738281
76.73908996582 3.4746713638306 276.37289428711
76.585441589355 3.2913482189178 276.06118774414
76.437889099121 3.0806133747101 275.76422119141
76.302261352539 2.8944160938263 275.44580078125
76.163223266602 2.7006583213806 275.13342285156
76.022453308105 2.5086145401001 274.82077026367
75.881195068359 2.3149390220642 274.50933837891
75.739219665527 2.1147952079773 274.20239257812
75.597564697266 1.9368900060654 273.88186645508
75.456741333008 1.7717945575714 273.55422973633
75.325019836426 1.6030975580215 273.224609375
75.193305969238 1.4321137666702 272.89614868164
75.06095123291 1.259773015976 272.56869506836
74.910865783691 1.0864834785461 272.24948120117
74.756645202637 0.91572779417038 271.93087768555
74.595420837402 0.76453232765198 271.60592651367
74.427810668945 0.61541908979416 271.28323364258
74.262855529785 0.46474915742874 270.95989990234
74.097221374512 0.31510734558105 270.63641357422
73.929420471191 0.16669365763664 270.31350708008
77.837219238281 4.6037273406982 277.79528808594
77.864372253418 4.3824291229248 277.46029663086
77.928375244141 4.3039155006409 277.06677246094
77.985473632812 4.2292323112488 276.6716003418
78.010292053223 4.1611266136169 276.27258300781
78.025459289551 4.133948802948 275.87167358398
78.07356262207 3.9788334369659 275.50161743164
78.081359863281 3.9217526912689 275.09936523438
78.097473144531 3.8605761528015 274.6979675293
78.120445251465 3.7933394908905 274.29788208008
78.133712768555 3.7200577259064 273.89840698242
78.142150878906 3.6465501785278 273.49896240234
78.120124816895 3.5806851387024 273.09857177734
78.096008300781 3.5156557559967 272.69815063477
78.067749023438 3.4543676376343 272.29745483398
78.046875 3.3815467357635 271.89822387695
78.022171020508 3.3120095729828 271.49868774414
77.974876403809 3.2649493217468 271.09783935547
77.934928894043 3.202321767807 270.69833374023
77.906105041504 3.1330034732819 270.29901123047
77.888023376465 3.0908141136169 269.89526367188
77.861625671387 3.0341422557831 269.49374389648
77.828826904297 2.9809999465942 269.09219360352
77.79451751709 2.9275572299957 268.69082641602
77.758811950684 2.8649945259094 268.29089355469
