56.111675262451 3.7030129432678 271.16983032227
70.479766845703 -5.0293788909912 270.498046875
76.159057617188 -1.914933681488 266.41397094727
76.046043395996 -2.5636703968048 274.92175292969
56.064170837402 3.0317854881287 271.12741088867
56.3088722229 2.4025807380676 271.08529663086
56.675712585449 1.8355823755264 271.04620361328
57.14920425415 1.3529251813889 271.01165771484
57.649959564209 0.89853858947754 270.97869873047
58.179180145264 0.47743293642998 270.94757080078
58.71830368042 0.06916905194521 270.91723632812
59.286510467529 -0.29788640141487 270.8893737793
59.863574981689 -0.65088051557541 270.86221313477
60.453178405762 -0.98262065649033 270.83630371094
61.052051544189 -1.297424197197 270.81146240234
61.656585693359 -1.6012806892395 270.78723144531
62.262420654297 -1.9025317430496 270.76318359375
62.873226165771 -2.1936111450195 270.73971557617
63.49365234375 -2.4636940956116 270.71755981445
64.120788574219 -2.7179000377655 270.69635009766
64.748504638672 -2.9706814289093 270.67517089844
65.378616333008 -3.2174615859985 270.65444946289
66.016143798828 -3.4444963932037 270.63485717773
66.657852172852 -3.6594839096069 270.61599731445
67.295959472656 -3.8849079608917 270.59649658203
67.937194824219 -4.1013145446777 270.57757568359
68.571418762207 -4.337366104126 270.55746459961
69.20206451416 -4.5827865600586 270.53671264648
69.841796875 -4.8035788536072 270.517578125
56.665218353271 3.3379006385803 270.67169189453
57.26256942749 2.8349103927612 270.39318847656
58.02025604248 2.5644245147705 270.18389892578
58.791786193848 2.3004763126373 270.02212524414
59.568019866943 2.0296294689178 269.89865112305
60.34928894043 1.7638667821884 269.79794311523
61.136608123779 1.5139321088791 269.70401000977
61.927864074707 1.2751777172089 269.61422729492
62.723693847656 1.0557254552841 269.51614379883
63.52600479126 0.86871844530106 269.40438842773
64.328590393066 0.68348413705826 269.2917175293
65.134216308594 0.51986759901047 269.16778564453
65.93717956543 0.35152739286423 269.0334777832
66.729934692383 0.16729414463043 268.86389160156
67.52229309082 -0.015011340379715 268.69046020508
68.312606811523 -0.188456594944 268.49942016602
69.101737976074 -0.36513608694077 268.30654907227
69.878562927246 -0.57350885868073 268.09609985352
70.655609130859 -0.78156757354736 267.88623046875
71.447410583496 -0.96805548667908 267.71466064453
72.238388061523 -1.1408551931381 267.52581787109
73.022682189941 -1.3270035982132 267.32238769531
73.797050476074 -1.5373460054398 267.10494995117
74.58406829834 -1.7075383663177 266.89810180664
75.361968994141 -1.8476639986038 266.64044189453
56.589946746826 3.2021403312683 271.6208190918
57.227268218994 2.6878426074982 271.73373413086
57.995632171631 2.423112154007 271.88833618164
58.767208099365 2.1395065784454 271.98123168945
59.542694091797 1.8564121723175 272.03466796875
60.335941314697 1.6252399682999 272.07620239258
61.130687713623 1.3999844789505 272.12142944336
61.926528930664 1.1792008876801 272.16943359375
62.725856781006 0.97082835435867 272.21469116211
63.515922546387 0.73983079195023 272.29739379883
64.296562194824 0.49065288901329 272.41091918945
65.09545135498 0.30411419272423 272.51763916016
65.893859863281 0.12080502510071 272.63317871094
66.690635681152 -0.064166724681854 272.75698852539
67.470329284668 -0.28614836931229 272.92190551758
68.249443054199 -0.49572804570198 273.10488891602
69.032981872559 -0.69627434015274 273.27880859375
69.823097229004 -0.88877320289612 273.43069458008
70.611923217773 -1.0808664560318 273.58966064453
71.397102355957 -1.2875733375549 273.7483215332
72.174301147461 -1.5202909708023 273.91021728516
72.946166992188 -1.736271739006 274.11511230469
73.717353820801 -1.9654310941696 274.3078918457
74.491523742676 -2.1832799911499 274.50186157227
75.267913818359 -2.3782248497009 274.71072387695
