86.122856140137 9.2601556777954 370.9743347168
72.83927154541 -3.6151630878448 370.46783447266
64.075729370117 -1.2396800518036 378.12539672852
62.979217529297 1.112006187439 367.42276000977
86.202049255371 8.5423994064331 370.81494140625
86.007484436035 7.8366980552673 370.7018737793
85.744468688965 7.1513104438782 370.6037902832
85.40160369873 6.4993686676025 370.52542114258
85.013397216797 5.8719787597656 370.45935058594
84.5751953125 5.2769093513489 370.40780639648
84.11417388916 4.6989078521729 370.36337280273
83.594367980957 4.1716532707214 370.33877563477
83.070610046387 3.6482717990875 370.31561279297
82.535827636719 3.1360745429993 370.29647827148
82.041496276855 2.5862159729004 370.26318359375
81.422019958496 2.1803052425385 370.27932739258
80.84741973877 1.7127445936203 370.2756652832
80.268348693848 1.2507174015045 370.27383422852
79.671020507812 0.81259310245514 370.27984619141
79.064147949219 0.38785976171494 370.29013061523
78.441719055176 -0.013444534502923 370.30767822266
77.83716583252 -0.44149553775787 370.31692504883
77.225799560547 -0.85967582464218 370.32925415039
76.61302947998 -1.2757682800293 370.34225463867
75.997230529785 -1.6873242855072 370.35665893555
75.390213012695 -2.1118535995483 370.36700439453
74.748573303223 -2.4808523654938 370.39422607422
74.105857849121 -2.8481934070587 370.42196655273
73.46671295166 -3.2218325138092 370.44784545898
85.651237487793 8.5017910003662 371.43298339844
84.973823547363 7.7847156524658 371.62933349609
84.217590332031 7.1449728012085 371.80517578125
83.458114624023 6.5083799362183 371.97741699219
82.637535095215 5.9352779388428 372.07876586914
81.807121276855 5.3762102127075 372.17816162109
80.947372436523 4.8622350692749 372.27154541016
80.082748413086 4.3625712394714 372.3928527832
79.208564758301 3.9081664085388 372.59628295898
78.334373474121 3.4537644386292 372.79971313477
77.460159301758 2.9994885921478 373.00332641602
76.578239440918 2.5915567874908 373.26385498047
75.694206237793 2.2085862159729 373.55349731445
74.810165405273 1.8256157636642 373.84313964844
73.927299499512 1.4467955827713 374.14166259766
73.051986694336 1.0903927087784 374.48641967773
72.1767578125 0.73422527313232 374.83166503906
71.301765441895 0.36501783132553 375.16354370117
70.43042755127 -0.052518278360367 375.44354248047
69.511009216309 -0.35106900334358 375.7214050293
68.55403137207 -0.50137239694595 375.99206542969
67.648002624512 -0.70490843057632 376.37850952148
66.767562866211 -0.89124435186386 376.82803344727
65.908767700195 -1.0496159791946 377.32739257812
64.992042541504 -1.0892285108566 377.73889160156
85.479301452637 8.6536884307861 370.54901123047
84.699150085449 8.1192417144775 370.28546142578
83.895683288574 7.5702614784241 370.15353393555
83.085647583008 7.0262179374695 370.04321289062
82.26375579834 6.4929466247559 369.97631835938
81.439933776855 5.9625177383423 369.91104125977
80.588020324707 5.4757118225098 369.8708190918
79.735763549805 4.9896259307861 369.83001708984
78.85619354248 4.5618023872375 369.74230957031
77.971229553223 4.1476621627808 369.64401245117
77.067306518555 3.7884225845337 369.50894165039
76.159202575684 3.443717956543 369.36444091797
75.241073608398 3.1312129497528 369.21035766602
74.321868896484 2.8224239349365 369.05520629883
73.402656555176 2.5136532783508 368.90005493164
72.491241455078 2.204841375351 368.70434570312
71.574821472168 1.9109978675842 368.50891113281
70.63752746582 1.6529756784439 368.37045288086
69.702987670898 1.3630781173706 368.28765869141
68.772247314453 1.0637400150299 368.19549560547
67.825294494629 0.87783938646317 368.01519775391
66.843856811523 0.87708646059036 368.03170776367
65.864601135254 0.91219478845596 367.96789550781
64.89298248291 0.97363299131393 367.8395690918
63.931484222412 1.0310372114182 367.64846801758
