65.368682861328 3.6899321079254 277.02081298828
70.445213317871 -8.4954786300659 277.24713134766
73.324661254883 -8.1312503814697 275.27227783203
72.681297302246 -7.3850598335266 279.87490844727
65.26490020752 3.177020072937 277.00045776367
65.194854736328 2.659152507782 276.9831237793
65.161323547363 2.1375195980072 276.96917724609
65.201171875 1.6153829097748 276.96212768555
65.272239685059 1.0969415903091 276.95812988281
65.361831665039 0.58105009794235 276.95590209961
65.46703338623 0.068022608757019 276.95523071289
65.619316101074 -0.4325342476368 276.9592590332
65.803565979004 -0.92178899049759 276.96649169922
66.022560119629 -1.3973815441132 276.9772644043
66.27140045166 -1.8579212427139 276.99118041992
66.560409545898 -2.2922792434692 277.00939941406
66.879737854004 -2.7067854404449 277.03091430664
67.185050964355 -3.1318154335022 277.05087280273
67.472175598145 -3.5690875053406 277.06890869141
67.747627258301 -4.0141797065735 277.0856628418
68.020118713379 -4.4611034393311 277.10211181641
68.294906616211 -4.9066100120544 277.11877441406
68.57209777832 -5.3506140708923 277.13568115234
68.852684020996 -5.7924675941467 277.15295410156
69.103080749512 -6.2520599365234 277.16705322266
69.372718811035 -6.6996078491211 277.18322753906
69.673439025879 -7.1279034614563 277.20269775391
69.939559936523 -7.5786690711975 277.2184753418
70.192932128906 -8.0367660522461 277.23284912109
65.650367736816 3.3243794441223 276.70202636719
65.810028076172 2.812305688858 276.53256225586
65.949859619141 2.2802994251251 276.41741943359
66.168449401855 1.7620873451233 276.40518188477
66.427665710449 1.2627011537552 276.40567016602
66.680572509766 0.76020002365112 276.40161132812
66.946479797363 0.26674067974091 276.35342407227
67.180953979492 -0.2426480203867 276.30938720703
67.453269958496 -0.73484885692596 276.32095336914
67.706420898438 -1.2370826005936 276.30828857422
67.97233581543 -1.7282730340958 276.24328613281
68.298385620117 -2.1857435703278 276.27426147461
68.638458251953 -2.6337802410126 276.26721191406
69.01008605957 -3.0503273010254 276.19689941406
69.361694335938 -3.4859476089478 276.14044189453
69.705718994141 -3.9286551475525 276.09323120117
70.059410095215 -4.3608722686768 276.02490234375
70.423934936523 -4.7790746688843 275.93103027344
70.789131164551 -5.1962552070618 275.8352355957
71.154335021973 -5.6134324073792 275.73947143555
71.51953125 -6.0306096076965 275.64367675781
71.859901428223 -6.4738764762878 275.57855224609
72.184562683105 -6.9313459396362 275.53500366211
72.542236328125 -7.3635892868042 275.4924621582
72.911766052246 -7.7832465171814 275.42987060547
65.538909912109 3.381196975708 277.42645263672
65.678504943848 2.8843817710876 277.58108520508
65.829917907715 2.3758087158203 277.67419433594
66.033866882324 1.880233168602 277.72952270508
66.290588378906 1.406841635704 277.71493530273
66.528686523438 0.9246911406517 277.7451171875
66.722946166992 0.42720782756805 277.814453125
66.975776672363 -0.045968290418386 277.86260986328
67.184349060059 -0.53751158714294 277.93417358398
67.419784545898 -1.0179525613785 277.99453735352
67.738906860352 -1.4518768787384 278.0041809082
68.0380859375 -1.8979618549347 278.04574584961
68.322067260742 -2.3502433300018 278.11584472656
68.663589477539 -2.7629845142365 278.17300415039
68.99430847168 -3.1826968193054 278.24084472656
69.264335632324 -3.6403148174286 278.32958984375
69.579467773438 -4.0653710365295 278.4303894043
69.863441467285 -4.4852862358093 278.61248779297
70.223266601562 -4.8482346534729 278.78286743164
70.574935913086 -5.2419943809509 278.8903503418
70.912170410156 -5.6447792053223 279.00991821289
71.23673248291 -6.0400919914246 279.17919921875
71.563911437988 -6.4303407669067 279.35507202148
71.88924407959 -6.8224883079529 279.53015136719
72.198471069336 -7.2304601669312 279.69805908203
