90.926147460938 0.73089051246643 412.60580444336
107.74600219727 8.5964479446411 413.01635742188
110.3048324585 3.5358285903931 416.44525146484
110.15323638916 5.0389909744263 407.63412475586
91.040428161621 1.4585225582123 412.73419189453
91.365440368652 2.1237707138062 412.83782958984
91.841178894043 2.695835351944 412.91458129883
92.380096435547 3.2108767032623 412.97677612305
92.96068572998 3.6797795295715 413.02770996094
93.581092834473 4.0960130691528 413.06634521484
94.221298217773 4.4817175865173 413.09805297852
94.880149841309 4.8352236747742 413.12261962891
95.544563293457 5.1783218383789 413.14489746094
96.219657897949 5.5001659393311 413.16250610352
96.904678344727 5.8005156517029 413.1755065918
97.606056213379 6.0607342720032 413.1799621582
98.304550170898 6.3285455703735 413.18609619141
99.01091003418 6.5749163627625 413.18765258789
99.726890563965 6.7917375564575 413.18313598633
100.44120788574 7.0139856338501 413.17977905273
101.16242218018 7.212583065033 413.17150878906
101.88697814941 7.3984565734863 413.16070556641
102.61737060547 7.5594983100891 413.14489746094
103.34048461914 7.7509818077087 413.13519287109
104.07537841797 7.8894743919373 413.11489868164
104.80702209473 8.0445833206177 413.0979309082
105.53827667236 8.2015838623047 413.08129882812
106.27470397949 8.3313751220703 413.05926513672
107.01384735107 8.4437847137451 413.03384399414
91.456672668457 1.15052485466 412.9895324707
91.977951049805 1.6983227729797 413.10726928711
92.743942260742 1.7730524539948 413.2507019043
93.483192443848 1.9846088886261 413.40533447266
94.242065429688 2.1561076641083 413.50674438477
95.007827758789 2.3090124130249 413.58377075195
95.773590087891 2.4619169235229 413.66076660156
96.539344787598 2.6148216724396 413.73779296875
97.305389404297 2.7657134532928 413.81558227539
98.074882507324 2.8918397426605 413.90307617188
98.845771789551 3.0041677951813 413.99682617188
99.614486694336 3.1129913330078 414.10919189453
100.37219238281 3.2085354328156 414.2893371582
101.13006591797 3.3036754131317 414.46896362305
101.89151763916 3.3897585868835 414.6376953125
102.65810394287 3.4615070819855 414.78900146484
103.42479705811 3.5323596000671 414.94009399414
104.19568634033 3.5678260326385 415.08184814453
104.96983337402 3.5472121238708 415.20822143555
105.74396514893 3.5265593528748 415.33465576172
106.51667022705 3.5003147125244 415.46859741211
107.28749084473 3.4706814289093 415.61233520508
108.04523468018 3.4475266933441 415.8147277832
108.78951263428 3.4260654449463 416.0622253418
109.55686187744 3.4524674415588 416.22354125977
91.468139648438 1.2577817440033 412.34271240234
91.936264038086 1.8970617055893 412.32678222656
92.712074279785 1.9912536144257 412.1533203125
93.466232299805 2.2296261787415 412.02679443359
94.197425842285 2.5423684120178 411.93048095703
94.958641052246 2.7744233608246 411.83480834961
95.72061920166 3.0030093193054 411.73779296875
96.491836547852 3.189316034317 411.62411499023
97.266639709473 3.3539416790009 411.50152587891
98.037902832031 3.5254833698273 411.36801147461
98.788475036621 3.7327201366425 411.17785644531
99.539527893066 3.9371359348297 410.98699951172
100.29925537109 4.0911316871643 410.78335571289
101.0632019043 4.2084288597107 410.57104492188
101.82688903809 4.3256793022156 410.35781860352
102.58455657959 4.4418087005615 410.12350463867
103.34188842773 4.5531973838806 409.88641357422
104.11765289307 4.5812454223633 409.6867980957
104.88815307617 4.6059579849243 409.46734619141
105.65517425537 4.6285285949707 409.23577880859
106.41837310791 4.6432695388794 408.99136352539
107.17308807373 4.6526894569397 408.72161865234
107.9259262085 4.7007555961609 408.45077514648
108.66484069824 4.765613079071 408.14709472656
109.38564300537 4.9294672012329 407.83724975586
