84.810935974121 -3.758261680603 270.55270385742
84.751335144043 4.1757988929749 267.00366210938
85.520088195801 5.1091599464417 270.33966064453
87.669235229492 2.9708623886108 265.85305786133
84.534370422363 -3.6410903930664 270.36990356445
84.319381713867 -3.4390814304352 270.17858886719
84.162536621094 -3.1855595111847 269.99185180664
84.047416687012 -2.9053380489349 269.81304931641
83.953651428223 -2.6140830516815 269.63946533203
83.891677856445 -2.3093883991241 269.47491455078
83.855987548828 -1.9960515499115 269.31903076172
83.836608886719 -1.6784878969193 269.16891479492
83.830345153809 -1.358087182045 269.02374267578
83.831016540527 -1.0364080667496 268.88134765625
83.848358154297 -0.71226620674133 268.74572753906
83.873474121094 -0.38728404045105 268.61337280273
83.903907775879 -0.061810731887817 268.48333740234
83.942199707031 0.26418986916542 268.35678100586
83.985565185547 0.59043025970459 268.23251342773
84.046234130859 0.91690444946289 268.11633300781
84.091163635254 1.2432129383087 267.99282836914
84.163284301758 1.5692822933197 267.88220214844
84.219818115234 1.8957941532135 267.76406860352
84.297492980957 2.2215249538422 267.65621948242
84.364807128906 2.5478231906891 267.5432434082
84.447151184082 2.8731942176819 267.43780517578
84.531288146973 3.198401927948 267.33331298828
84.604652404785 3.5244252681732 267.2233581543
84.691467285156 3.849317073822 267.12023925781
84.683616638184 -3.4383251667023 270.55453491211
84.585494995117 -3.129576921463 270.42929077148
84.486610412598 -2.8066391944885 270.35543823242
84.482330322266 -2.4604420661926 270.32373046875
84.498405456543 -2.113954782486 270.29907226562
84.522857666016 -1.7676646709442 270.27908325195
84.556823730469 -1.4218739271164 270.26480102539
84.591827392578 -1.0761195421219 270.25259399414
84.630813598633 -0.73059141635895 270.24829101562
84.670425415039 -0.38513922691345 270.24423217773
84.717849731445 -0.040646862238646 270.24337768555
84.77140045166 0.30294850468636 270.24508666992
84.825141906738 0.64651316404343 270.24682617188
84.879127502441 0.99003911018372 270.24877929688
84.93229675293 1.3336526155472 270.25375366211
84.982948303223 1.6773900985718 270.26788330078
85.036201477051 2.021009683609 270.2685546875
85.092842102051 2.3636407852173 270.25091552734
85.14493560791 2.7074620723724 270.25042724609
85.195625305176 3.0514514446259 270.25573730469
85.252708435059 3.3944702148438 270.25814819336
85.307991027832 3.737598657608 270.26913452148
85.356430053711 4.0800204277039 270.30532836914
85.415367126465 4.4227304458618 270.3044128418
85.476524353027 4.764600276947 270.32208251953
84.825355529785 -3.5640578269958 270.27648925781
84.721298217773 -3.3276042938232 270.06149291992
84.813385009766 -3.0541083812714 269.88226318359
84.888648986816 -2.78293800354 269.69192504883
84.966735839844 -2.5069601535797 269.50979614258
85.056922912598 -2.2338452339172 269.32901000977
85.163269042969 -1.9708560705185 269.14205932617
85.274154663086 -1.7018003463745 268.96670532227
85.384826660156 -1.4290118217468 268.79708862305
85.499069213867 -1.1613886356354 268.62170410156
85.611907958984 -0.90074443817139 268.43524169922
85.725242614746 -0.64002078771591 268.24917602539
85.848045349121 -0.37782743573189 268.07138061523
85.970886230469 -0.1156205534935 267.89364624023
86.093849182129 0.14680147171021 267.71627807617
86.2197265625 0.41480767726898 267.54965209961
86.345848083496 0.68293470144272 267.38339233398
86.476638793945 0.94832348823547 267.21636962891
86.619552612305 1.2062926292419 267.04766845703
86.762474060059 1.4642618894577 266.87893676758
86.905380249023 1.722242474556 266.7102355957
87.047622680664 1.9808833599091 266.54196166992
87.189582824707 2.2398056983948 266.37390136719
87.334739685059 2.4974420070648 266.20660400391
87.490203857422 2.7405943870544 266.02731323242
