88.548324584961 -8.1363134384155 401.80511474609
108.71647644043 7.6151552200317 404.05059814453
111.67135620117 4.104549407959 406.4365234375
110.86611175537 4.5483350753784 400.62994384766
88.708312988281 -7.13419008255 401.94729614258
89.090728759766 -6.1922292709351 402.08111572266
89.562400817871 -5.2908496856689 402.20922851562
90.094947814941 -4.4233779907227 402.33255004883
90.707397460938 -3.6091639995575 402.44836425781
91.372505187988 -2.8365738391876 402.5583190918
92.096893310547 -2.1179811954498 402.66067504883
92.832504272461 -1.4106546640396 402.76138305664
93.589576721191 -0.72589296102524 402.85894775391
94.367225646973 -0.064215317368507 402.95321655273
95.177398681641 0.55811446905136 403.04193115234
96.004280090332 1.1585574150085 403.12756347656
96.836532592773 1.751672744751 403.2121887207
97.667121887207 2.3470184803009 403.29708862305
98.522262573242 2.9073002338409 403.37704467773
99.396995544434 3.4371159076691 403.45269775391
100.28410339355 3.9463655948639 403.52542114258
101.18376922607 4.4335436820984 403.59503173828
102.10368347168 4.8821392059326 403.6591796875
103.01763916016 5.3425092697144 403.72500610352
103.94255065918 5.7809267044067 403.78765869141
104.86315917969 6.2281188964844 403.85162353516
105.81790924072 6.5985317230225 403.90472412109
106.77214813232 6.970272064209 403.9580078125
107.73821258545 7.310754776001 404.00686645508
89.188804626465 -7.5424671173096 402.34103393555
89.826469421387 -6.7339472770691 402.53689575195
90.457946777344 -5.9461755752563 402.82861328125
91.14875793457 -5.1980476379395 403.07214355469
91.940467834473 -4.519944190979 403.21194458008
92.750015258789 -3.8690521717072 403.37451171875
93.555282592773 -3.2226366996765 403.57723999023
94.392112731934 -2.6104533672333 403.74658203125
95.27286529541 -2.0487787723541 403.87432861328
96.155387878418 -1.4900710582733 404.00289916992
97.067848205566 -0.98519206047058 404.14389038086
97.97762298584 -0.48023581504822 404.30093383789
98.896675109863 0.0051946798339486 404.46237182617
99.837997436523 0.45144209265709 404.61172485352
100.78331756592 0.88930422067642 404.75921630859
101.7474822998 1.2876733541489 404.89785766602
102.68139648438 1.7205500602722 405.09002685547
103.68023681641 2.0361924171448 405.1911315918
104.67119598389 2.3614053726196 405.32974243164
105.65247344971 2.7044444084167 405.49133300781
106.64346313477 2.9613273143768 405.69201660156
107.65929412842 3.1088991165161 405.92211914062
108.66958618164 3.2884662151337 406.14529418945
109.65119171143 3.6676592826843 406.15921020508
110.64756774902 3.9634788036346 406.23782348633
89.128036499023 -7.4927110671997 401.34683227539
89.699699401855 -6.656430721283 401.27600097656
90.358917236328 -5.8797740936279 401.28958129883
91.028106689453 -5.1111273765564 401.29409790039
91.734329223633 -4.3822493553162 401.25778198242
92.515403747559 -3.7277090549469 401.24603271484
93.324234008789 -3.1087222099304 401.26788330078
94.177841186523 -2.5534925460815 401.30935668945
95.025566101074 -1.989226937294 401.34716796875
95.887031555176 -1.4481157064438 401.37298583984
96.785232543945 -0.96680247783661 401.38781738281
97.644790649414 -0.41955056786537 401.38732910156
98.549812316895 0.04703976213932 401.39602661133
99.446342468262 0.52870863676071 401.39453125
100.34441375732 1.0028351545334 401.37783813477
101.27284240723 1.4228909015656 401.37271118164
102.19833374023 1.8484317064285 401.35064697266
103.11940765381 2.2812080383301 401.29708862305
104.04084014893 2.7137057781219 401.24954223633
104.98250579834 3.098522901535 401.22290039062
105.95523071289 3.4004843235016 401.20303344727
106.92963409424 3.6905474662781 401.15411376953
107.92329406738 3.9156839847565 401.1403503418
108.91165161133 4.1328511238098 401.02996826172
109.89417266846 4.3311195373535 400.84628295898
