143.5972442627 -30.072204589844 340.07690429688
99.335548400879 -10.262666702271 325.94827270508
98.500442504883 -15.493119239807 323.07406616211
96.942321777344 -14.607634544373 329.44180297852
142.48287963867 -28.560871124268 339.52774047852
141.01196289062 -27.38842010498 338.9599609375
139.49824523926 -26.271842956543 338.39291381836
137.92308044434 -25.242149353027 337.82806396484
136.31365966797 -24.265344619751 337.2653503418
134.70004272461 -23.295516967773 336.70291137695
133.05451965332 -22.379049301147 336.1432800293
131.38629150391 -21.503015518188 335.58602905273
129.70381164551 -20.653783798218 335.03057861328
127.98950958252 -19.86736869812 334.47973632812
126.24970245361 -19.135566711426 333.93334960938
124.4998626709 -18.426546096802 333.38897705078
122.74220275879 -17.735891342163 332.84622192383
120.97383880615 -17.071094512939 332.30590820312
119.19718170166 -16.427118301392 331.76770019531
117.40595245361 -15.821341514587 331.23333740234
115.61443328857 -15.216374397278 330.69909667969
113.80718231201 -14.655586242676 330.16958618164
112.00059509277 -14.092872619629 329.63989257812
110.18407440186 -13.55975151062 329.1135559082
108.36106872559 -13.046933174133 328.58947753906
106.52500152588 -12.577184677124 328.07067871094
104.70048522949 -12.069139480591 327.54718017578
102.87524414062 -11.563354492188 327.02401733398
101.05848693848 -11.031180381775 326.49771118164
142.17811584473 -28.976375579834 339.27047729492
140.59153747559 -27.991928100586 338.65631103516
139.05227661133 -26.980772018433 337.9716796875
137.47894287109 -26.025587081909 337.29452514648
135.80018615723 -25.194499969482 336.69772338867
134.12677001953 -24.361684799194 336.08853149414
132.45349121094 -23.532909393311 335.47406005859
130.71371459961 -22.846363067627 334.86834716797
128.97431945801 -22.156080245972 334.26574707031
127.21994781494 -21.498373031616 333.67465209961
125.41860198975 -20.956443786621 333.10317993164
123.62940979004 -20.386631011963 332.52114868164
121.84320831299 -19.812921524048 331.9338684082
120.04051208496 -19.296115875244 331.34368896484
118.23442840576 -18.78825378418 330.75616455078
116.41271972656 -18.33224105835 330.17788696289
114.56890869141 -17.950271606445 329.6125793457
112.73287200928 -17.545930862427 329.03796386719
110.90654754639 -17.123720169067 328.44680786133
109.13832855225 -16.647228240967 327.73162841797
107.34234619141 -16.234998703003 327.05697631836
105.48487854004 -15.965135574341 326.47210693359
103.71842956543 -15.572001457214 325.70492553711
101.92168426514 -15.337430953979 324.95101928711
100.13288116455 -15.303214073181 324.14431762695
141.83360290527 -29.266777038574 340.03588867188
140.22039794922 -28.228504180908 339.64340209961
138.56889343262 -27.273408889771 339.21252441406
136.88180541992 -26.395576477051 338.74600219727
135.17948913574 -25.55304145813 338.27383422852
133.43878173828 -24.799489974976 337.7873840332
131.7212677002 -23.994318008423 337.30209350586
130.00979614258 -23.175659179688 336.81713867188
128.24822998047 -22.498062133789 336.29580688477
126.48567199707 -21.823270797729 335.77377319336
124.72704315186 -21.108856201172 335.294921875
122.97075653076 -20.370916366577 334.84173583984
121.16125488281 -19.829053878784 334.32559204102
119.35152435303 -19.288049697876 333.80914306641
117.54186248779 -18.736450195312 333.30523681641
115.7325592041 -18.128932952881 332.86721801758
113.91967773438 -17.538757324219 332.42456054688
112.06719207764 -17.140239715576 331.93063354492
110.21868896484 -16.716602325439 331.44320678711
108.36815643311 -16.270650863647 330.98477172852
106.49898529053 -15.870899200439 330.56387329102
104.61611938477 -15.538752555847 330.14080810547
102.72927093506 -15.168741226196 329.77359008789
100.83270263672 -14.804977416992 329.45791625977
98.896453857422 -14.6196641922 329.31637573242
