69.901252746582 3.8036751747131 268.26187133789
75.080879211426 -3.9857411384583 269.02984619141
76.922462463379 -0.42857629060745 267.39526367188
75.922325134277 -1.1610802412033 272.3708190918
69.900672912598 3.4347131252289 268.23059082031
69.989753723145 3.0752325057983 268.22482299805
70.109573364258 2.7247447967529 268.22821044922
70.236923217773 2.3769495487213 268.23391723633
70.380584716797 2.0356986522675 268.24468994141
70.54216003418 1.7027764320374 268.26104736328
70.707916259766 1.3719891309738 268.27874755859
70.88737487793 1.0486983060837 268.30084228516
71.06950378418 0.72696435451508 268.32379150391
71.260604858398 0.41070342063904 268.34970092773
71.44864654541 0.092532776296139 268.37460327148
71.648765563965 -0.21783232688904 268.40353393555
71.850227355957 -0.5272912979126 268.43286132812
72.058441162109 -0.83202368021011 268.46441650391
72.273338317871 -1.1318384408951 268.49819946289
72.490249633789 -1.4301071166992 268.53277587891
72.713874816895 -1.7231134176254 268.56954956055
72.941184997559 -2.0130958557129 268.60763549805
73.180000305176 -2.2931060791016 268.64974975586
73.424880981445 -2.5674936771393 268.69393920898
73.649879455566 -2.8593714237213 268.73123168945
73.918029785156 -3.109361410141 268.7839050293
74.18994140625 -3.3550307750702 268.83795166016
74.470161437988 -3.5904324054718 268.89517211914
74.766128540039 -3.8039407730103 268.95858764648
70.163703918457 3.6608588695526 268.13995361328
70.387794494629 3.4309618473053 268.09503173828
70.596878051758 3.1877126693726 268.04833984375
70.821029663086 2.9550020694733 268.02169799805
71.054580688477 2.732718706131 267.9875793457
71.288787841797 2.5133457183838 267.94235229492
71.548278808594 2.3203175067902 267.91949462891
71.80834197998 2.129997253418 267.88394165039
72.071685791016 1.9433159828186 267.85980224609
72.311584472656 1.7639808654785 267.73944091797
72.5810546875 1.5840873718262 267.74740600586
72.856430053711 1.418875336647 267.70910644531
73.124862670898 1.2950266599655 267.58242797852
73.4189453125 1.1710538864136 267.63302612305
73.706611633301 1.0318164825439 267.57849121094
73.998611450195 0.9034686088562 267.52279663086
74.293479919434 0.76886999607086 267.52917480469
74.590599060059 0.63964027166367 267.51721191406
74.886344909668 0.50749737024307 267.50354003906
75.176406860352 0.36263853311539 267.50143432617
75.465240478516 0.21553198993206 267.49374389648
75.757545471191 0.07564377784729 267.48336791992
76.04273223877 -0.078468061983585 267.47988891602
76.308380126953 -0.26213869452477 267.5068359375
76.61434173584 -0.36376371979713 267.47265625
70.065872192383 3.5927727222443 268.47549438477
70.21475982666 3.3153204917908 268.61386108398
70.405532836914 3.0541186332703 268.73223876953
70.598022460938 2.7938675880432 268.84906005859
70.816345214844 2.5614812374115 268.9792175293
71.039192199707 2.3271391391754 269.09768676758
71.267707824707 2.1034224033356 269.22497558594
71.47721862793 1.8818514347076 269.3850402832
71.694061279297 1.6694307327271 269.54635620117
71.874122619629 1.4640176296234 269.75473022461
72.114067077637 1.2834323644638 269.92333984375
72.356056213379 1.1130480766296 270.09948730469
72.608123779297 0.95490884780884 270.27285766602
72.869537353516 0.81320184469223 270.44668579102
73.134292602539 0.66812866926193 270.61242675781
73.389495849609 0.50675934553146 270.77813720703
73.645133972168 0.3429479598999 270.9404296875
73.882835388184 0.13975659012794 271.08459472656
74.146484375 -0.035815361887217 271.21984863281
74.407005310059 -0.21991950273514 271.34970092773
74.672698974609 -0.39399853348732 271.48272705078
74.915138244629 -0.55915427207947 271.66323852539
75.164764404297 -0.73124098777771 271.82666015625
75.42992401123 -0.85565185546875 272.00787353516
75.693054199219 -0.97150576114655 272.1975402832
