73.222595214844 3.9105880260468 272.39974975586
70.391700744629 -7.7583866119385 269.83529663086
75.138618469238 -4.8745307922363 266.73120117188
74.463394165039 -6.5879764556885 274.64532470703
72.730285644531 3.7722456455231 272.34432983398
72.309272766113 3.4875495433807 272.26260375977
71.936996459961 3.1438722610474 272.17126464844
71.605270385742 2.76225233078 272.07437133789
71.305763244629 2.3556725978851 271.97406005859
71.033340454102 1.9310010671616 271.87149047852
70.79044342041 1.489226937294 271.76696777344
70.572723388672 1.034788608551 271.66128540039
70.377998352051 0.57022905349731 271.55471801758
70.198661804199 0.099605396389961 271.44775390625
70.046859741211 -0.38050675392151 271.34030151367
69.914993286133 -0.86643540859222 271.23275756836
69.817291259766 -1.3604227304459 271.12536621094
69.726150512695 -1.8556853532791 271.01812744141
69.625602722168 -2.3490936756134 270.91073608398
69.55069732666 -2.8471319675446 270.80377197266
69.502265930176 -3.3486018180847 270.69757080078
69.498001098633 -3.8527691364288 270.59320068359
69.525756835938 -4.3565607070923 270.49066162109
69.586975097656 -4.8578729629517 270.39047241211
69.651458740234 -5.358814239502 270.29049682617
69.699447631836 -5.8611969947815 270.18936157227
69.914184570312 -6.3210864067078 270.10610961914
70.012504577637 -6.8170533180237 270.00903320312
70.194061279297 -7.2907629013062 269.92111206055
73.257316589355 3.6745240688324 272.04800415039
73.120910644531 3.376743555069 271.77420043945
72.97216796875 3.0480635166168 271.54620361328
72.866249084473 2.6805167198181 271.35626220703
72.761360168457 2.3096468448639 271.17272949219
72.711738586426 1.9230848550797 270.99810791016
72.679588317871 1.5370144844055 270.81887817383
72.714248657227 1.1511625051498 270.63961791992
72.812629699707 0.76725190877914 270.48049926758
72.893447875977 0.3825835287571 270.31350708008
72.991912841797 0.0020918964873999 270.14642333984
73.109970092773 -0.37373289465904 269.98147583008
73.23607635498 -0.74003118276596 269.80181884766
73.390365600586 -1.084195971489 269.60147094727
73.544639587402 -1.4283627271652 269.4010925293
73.699401855469 -1.7720054388046 269.20031738281
73.885383605957 -2.0809502601624 268.97146606445
74.073616027832 -2.3869123458862 268.7405090332
74.269104003906 -2.6669557094574 268.48406982422
74.462554931641 -2.9451479911804 268.22412109375
74.657859802246 -3.2475261688232 267.99429321289
74.825981140137 -3.5487775802612 267.74252319336
74.963417053223 -3.8867061138153 267.52047729492
75.065673828125 -4.2089462280273 267.25955200195
75.12483215332 -4.540867805481 266.99740600586
73.205497741699 3.6161620616913 272.71917724609
73.002342224121 3.2653000354767 272.87927246094
72.861557006836 2.8539662361145 272.91949462891
72.738716125488 2.4353005886078 272.93649291992
72.629295349121 2.0128757953644 272.9508972168
72.555313110352 1.5827752351761 272.9626159668
72.528579711914 1.1472185850143 272.97634887695
72.543365478516 0.71137070655823 272.99685668945
72.600158691406 0.27848759293556 272.99960327148
72.687896728516 -0.14835087954998 273.02734375
72.777557373047 -0.57552826404572 273.0383605957
72.84236907959 -1.0059447288513 273.07302856445
72.920135498047 -1.4329620599747 273.12002563477
73.055099487305 -1.8416373729706 273.19375610352
73.183013916016 -2.2528817653656 273.265625
73.330467224121 -2.6515278816223 273.36563110352
73.490531921387 -3.0406932830811 273.48223876953
73.664184570312 -3.4211843013763 273.60766601562
73.877212524414 -3.7828693389893 273.72793579102
74.039573669434 -4.1613082885742 273.87316894531
74.22241973877 -4.5314750671387 274.01531982422
74.318817138672 -4.9325652122498 274.15835571289
74.398170471191 -5.3358564376831 274.30572509766
74.488792419434 -5.7435512542725 274.43313598633
74.505706787109 -6.1647367477417 274.54684448242
