66.410499572754 -2.3273651599884 273.39422607422
70.133911132812 -4.4097356796265 280.15765380859
73.22061920166 -6.0608100891113 280.19506835938
72.966285705566 -2.7196621894836 281.04702758789
66.257911682129 -2.426167011261 273.66110229492
66.224479675293 -2.5309002399445 273.96508789062
66.237632751465 -2.633814573288 274.27127075195
66.283332824707 -2.7341282367706 274.5751953125
66.356468200684 -2.8314471244812 274.87469482422
66.421379089355 -2.9297440052032 275.17575073242
66.518112182617 -3.023811340332 275.46954345703
66.636642456055 -3.1143140792847 275.75640869141
66.769142150879 -3.2022354602814 276.03790283203
66.915718078613 -3.2872769832611 276.31323242188
67.081428527832 -3.3679656982422 276.5788269043
67.26082611084 -3.4452083110809 276.83648681641
67.453910827637 -3.5185353755951 277.08477783203
67.701560974121 -3.5726306438446 277.28524780273
67.965896606445 -3.6189484596252 277.46551513672
68.205337524414 -3.6765584945679 277.67498779297
68.423980712891 -3.741908788681 277.90396118164
68.624870300293 -3.8130295276642 278.14709472656
68.825393676758 -3.8842906951904 278.39050292969
69.015800476074 -3.9585041999817 278.64102172852
69.221412658691 -4.0281853675842 278.88061523438
69.417190551758 -4.1008410453796 279.12744140625
69.609535217285 -4.1745176315308 279.37664794922
69.793174743652 -4.2506160736084 279.63162231445
69.962600708008 -4.3304176330566 279.89517211914
66.71834564209 -2.565416097641 273.49862670898
66.916061401367 -2.8089873790741 273.7526550293
67.123199462891 -3.0104224681854 274.03448486328
67.336990356445 -3.1608424186707 274.34213256836
67.550773620605 -3.3112633228302 274.64981079102
67.764625549316 -3.4613485336304 274.95755004883
67.986099243164 -3.577819108963 275.27435302734
68.207885742188 -3.6925604343414 275.59158325195
68.4296875 -3.8073084354401 275.90878295898
68.638938903809 -3.9624257087708 276.21722412109
68.84391784668 -4.1294431686401 276.52230834961
69.097518920898 -4.2527570724487 276.81115722656
69.36547088623 -4.361102104187 277.09301757812
69.633491516113 -4.4693660736084 277.37484741211
69.919105529785 -4.5827651023865 277.63662719727
70.219062805176 -4.7002382278442 277.87994384766
70.519226074219 -4.8177719116211 278.12298583984
70.819374084473 -4.9353008270264 278.36605834961
71.115051269531 -5.0580525398254 278.61199951172
71.406944274902 -5.185124874115 278.86026000977
71.698715209961 -5.3123106956482 279.10861206055
71.992301940918 -5.4620656967163 279.34170532227
72.294960021973 -5.6112427711487 279.56332397461
72.616455078125 -5.7307820320129 279.77615356445
72.910057067871 -5.9155268669128 279.98211669922
66.659072875977 -2.166540145874 273.65725708008
66.870704650879 -2.1507332324982 273.99142456055
67.062591552734 -2.183046579361 274.33633422852
67.25553894043 -2.2380440235138 274.67779541016
67.455780029297 -2.3091640472412 275.01193237305
67.677200317383 -2.4100501537323 275.32437133789
67.917892456055 -2.4774961471558 275.63153076172
68.154357910156 -2.5209319591522 275.94622802734
68.383857727051 -2.5691428184509 276.2653503418
68.61498260498 -2.650018453598 276.57659912109
68.83048248291 -2.744104385376 276.89526367188
69.04069519043 -2.8431880474091 277.21591186523
69.300086975098 -2.9032330513 277.50909423828
69.543434143066 -2.9492719173431 277.81811523438
69.786781311035 -2.9953105449677 278.12716674805
70.045219421387 -2.8679919242859 278.39868164062
70.310005187988 -2.8101823329926 278.68743896484
70.590744018555 -2.7733628749847 278.96423339844
70.901878356934 -2.7842416763306 279.20901489258
71.212898254395 -2.7950401306152 279.45394897461
71.511756896973 -2.7965393066406 279.71380615234
71.801597595215 -2.7914254665375 279.98361206055
72.080642700195 -2.7519042491913 280.26184082031
72.350296020508 -2.7263677120209 280.55078125
72.646141052246 -2.7175970077515 280.81390380859
