57.382438659668 7.8179831504822 271.08477783203
65.248428344727 -1.535289645195 270.86895751953
67.627220153809 0.21656046807766 268.91421508789
66.91340637207 0.045310094952583 273.72555541992
57.308181762695 7.3428020477295 271.01840209961
57.395084381104 6.8670063018799 270.97073364258
57.552715301514 6.4088015556335 270.93356323242
57.756183624268 5.9685659408569 270.90386962891
57.992446899414 5.5446376800537 270.88003540039
58.252170562744 5.1344113349915 270.86059570312
58.531219482422 4.7369041442871 270.84494018555
58.824443817139 4.3495874404907 270.83221435547
59.132347106934 3.9737703800201 270.82260131836
59.444450378418 3.6013219356537 270.81384277344
59.772296905518 3.2428731918335 270.80868530273
60.102977752686 2.8867683410645 270.80413818359
60.440784454346 2.5375373363495 270.80123901367
60.78157043457 2.1910576820374 270.79901123047
61.126567840576 1.8488737344742 270.79779052734
61.477478027344 1.5126206874847 270.79800415039
61.835243225098 1.1838983297348 270.79995727539
62.201835632324 0.86484098434448 270.80404663086
62.568954467773 0.54639661312103 270.8083190918
62.938709259033 0.23103579878807 270.81326293945
63.310176849365 -0.082301095128059 270.81869506836
63.678218841553 -0.39965680241585 270.82321166992
64.046058654785 -0.71688336133957 270.82772827148
64.436813354492 -1.0057098865509 270.83709716797
64.835144042969 -1.2839854955673 270.83874511719
57.627658843994 7.4434018135071 270.84655761719
57.900787353516 7.03466796875 270.72131347656
58.221176147461 6.6512985229492 270.63290405273
58.536716461182 6.2617239952087 270.55499267578
58.871826171875 5.8827595710754 270.51611328125
59.231262207031 5.5268573760986 270.47637939453
59.59806060791 5.1785397529602 270.4367980957
59.966354370117 4.829861164093 270.42175292969
60.335140228271 4.481493473053 270.41369628906
60.720348358154 4.152557849884 270.38461303711
61.118194580078 3.8411643505096 270.33786010742
61.526275634766 3.5470979213715 270.27127075195
61.928527832031 3.2503256797791 270.18447875977
62.357055664062 2.9843685626984 270.12902832031
62.785057067871 2.7202174663544 270.06210327148
63.212291717529 2.4580805301666 269.98342895508
63.637092590332 2.2057392597198 269.86807250977
64.068412780762 1.9592437744141 269.76489257812
64.502182006836 1.7169235944748 269.662109375
64.934768676758 1.4795978069305 269.54382324219
65.37727355957 1.2655361890793 269.41809082031
65.832122802734 1.0695320367813 269.30795288086
66.283226013184 0.85757386684418 269.21292114258
66.730857849121 0.6349555850029 269.12628173828
67.171310424805 0.39642351865768 269.04541015625
57.511867523193 7.3781671524048 271.275390625
57.73526763916 6.9462337493896 271.37579345703
58.015899658203 6.5435924530029 271.45114135742
58.32559967041 6.1557683944702 271.46594238281
58.682216644287 5.8130278587341 271.509765625
59.032749176025 5.4619708061218 271.53100585938
59.390323638916 5.1189570426941 271.56344604492
59.752872467041 4.7806963920593 271.58999633789
60.125732421875 4.454628944397 271.62493896484
60.516796112061 4.1511740684509 271.6643371582
60.909980773926 3.8514816761017 271.71078491211
61.292343139648 3.5423367023468 271.78002929688
61.688068389893 3.2559742927551 271.86926269531
62.064701080322 2.9464027881622 271.96350097656
62.439331054688 2.6371088027954 272.06619262695
62.845054626465 2.3798153400421 272.19171142578
63.23462677002 2.094970703125 272.30862426758
63.629978179932 1.8216508626938 272.43334960938
64.035308837891 1.5688687562943 272.56890869141
64.433944702148 1.3173370361328 272.72509765625
64.831314086914 1.0660752058029 272.88485717773
65.236572265625 0.82262235879898 273.03674316406
65.643211364746 0.58690321445465 273.19689941406
66.05199432373 0.35908889770508 273.36291503906
66.467819213867 0.14594583213329 273.53088378906
