49.87162399292 -22.341375350952 336.16174316406
62.366371154785 1.0328643321991 329.82244873047
46.615482330322 -4.4023399353027 320.99200439453
46.318565368652 0.1783702224493 338.82400512695
51.060688018799 -22.51282119751 336.25927734375
52.236259460449 -22.245223999023 336.22787475586
53.387790679932 -21.891401290894 336.17025756836
54.503547668457 -21.441867828369 336.08322143555
55.578903198242 -20.90781211853 335.96987915039
56.571212768555 -20.240205764771 335.81414794922
57.532501220703 -19.531736373901 335.64520263672
58.407958984375 -18.726806640625 335.4446105957
59.20858001709 -17.852979660034 335.22091674805
59.914863586426 -16.907428741455 334.97250366211
60.526504516602 -15.903435707092 334.70318603516
61.079208374023 -14.868822097778 334.42254638672
61.566394805908 -13.804790496826 334.13076782227
61.950126647949 -12.703347206116 333.82382202148
62.269786834717 -11.583788871765 333.50909423828
62.542621612549 -10.453325271606 333.18933105469
62.716552734375 -9.306001663208 332.86065673828
62.645069122314 -8.1512813568115 332.52005004883
62.407009124756 -7.019109249115 332.17938232422
62.502445220947 -5.8643465042114 331.84539794922
62.646354675293 -4.713508605957 331.51449584961
62.801029205322 -3.5638349056244 331.18435668945
62.794788360596 -2.4063720703125 330.84555053711
62.733089447021 -1.2509651184082 330.50512695312
62.572536468506 -0.10543647408485 330.16366577148
50.384838104248 -22.029663085938 335.29556274414
51.15225982666 -21.503444671631 334.79336547852
51.895923614502 -20.908910751343 334.3337097168
52.720458984375 -20.431955337524 333.87466430664
53.531543731689 -19.878715515137 333.48568725586
53.98184967041 -19.074409484863 332.9680480957
54.182243347168 -18.134243011475 332.52749633789
54.181617736816 -17.171276092529 332.09048461914
53.984386444092 -16.252355575562 331.60589599609
53.604465484619 -15.449991226196 331.03170776367
53.007663726807 -14.780566215515 330.4719543457
52.235805511475 -14.228495597839 330.00573730469
51.51611328125 -13.566889762878 329.60272216797
51.001453399658 -12.782516479492 329.11538696289
50.679885864258 -12.006065368652 328.47396850586
50.416614532471 -11.188652038574 327.85690307617
50.392841339111 -10.602491378784 326.98086547852
50.104862213135 -9.9007301330566 326.24420166016
49.752452850342 -9.1760520935059 325.55960083008
49.324871063232 -8.4210243225098 324.95614624023
48.93745803833 -7.5447330474854 324.51129150391
48.600360870361 -6.8072924613953 323.83285522461
48.15376663208 -6.1669659614563 323.11953735352
47.712989807129 -5.525288105011 322.40386962891
47.210517883301 -4.9273767471313 321.69097900391
50.26566696167 -21.616537094116 336.71026611328
50.95837020874 -20.913047790527 336.86773681641
51.621578216553 -20.177095413208 336.99801635742
52.233276367188 -19.386556625366 337.01736450195
52.837890625 -18.593460083008 337.08712768555
53.38525390625 -17.759754180908 337.12176513672
53.695945739746 -16.812679290771 337.06338500977
53.786533355713 -15.820043563843 337.10974121094
53.588886260986 -14.841526031494 337.0744934082
53.201789855957 -13.920393943787 337.09259033203
52.696964263916 -13.061917304993 337.17626953125
52.091968536377 -12.274457931519 337.29144287109
51.502243041992 -11.468224525452 337.32745361328
51.008270263672 -10.599738121033 337.31936645508
50.671047210693 -9.660361289978 337.36325073242
50.442832946777 -8.7104091644287 337.5754699707
50.166343688965 -7.7811102867126 337.81878662109
49.811721801758 -6.8603286743164 337.98001098633
49.487934112549 -5.9224882125854 338.10314941406
49.220100402832 -4.9648804664612 338.2073059082
48.906467437744 -4.0184941291809 338.28155517578
48.528900146484 -3.0930755138397 338.3039855957
48.055545806885 -2.2128784656525 338.32751464844
47.509464263916 -1.3876415491104 338.4704284668
46.932025909424 -0.58814930915833 338.63485717773
