56.53625869751 5.3583126068115 270.38513183594
73.849510192871 -7.8962774276733 270.45477294922
77.666900634766 -4.7090911865234 266.77737426758
77.279029846191 -5.7241387367249 275.03674316406
56.820713043213 4.5533447265625 270.35092163086
57.233600616455 3.8079104423523 270.32669067383
57.720222473145 3.1069467067719 270.30883789062
58.25513458252 2.4414925575256 270.29553222656
58.831039428711 1.8112162351608 270.28643798828
59.445331573486 1.2178671360016 270.28149414062
60.092597961426 0.66057926416397 270.28036499023
60.776622772217 0.14856952428818 270.28384399414
61.499973297119 -0.30601325631142 270.2926940918
62.252460479736 -0.70982033014297 270.30612182617
63.036014556885 -1.047917842865 270.32504272461
63.81258392334 -1.4016513824463 270.34271240234
64.562721252441 -1.8096349239349 270.3557434082
65.295852661133 -2.2483465671539 270.36608886719
66.02579498291 -2.6923015117645 270.37594604492
66.744194030762 -3.1547882556915 270.38409423828
67.465827941895 -3.6121938228607 270.39273071289
68.183280944824 -4.0761294364929 270.40075683594
68.897651672363 -4.5448231697083 270.40835571289
69.612869262695 -5.0122027397156 270.41607666016
70.326240539551 -5.4823307991028 270.42349243164
71.03515625 -5.9591884613037 270.43032836914
71.752418518066 -6.4234290122986 270.43835449219
72.465660095215 -6.8938412666321 270.44577026367
73.158477783203 -7.393768787384 270.45040893555
57.170341491699 5.241720199585 269.86434936523
57.841167449951 4.6448421478271 269.63192749023
58.598384857178 4.1207666397095 269.48196411133
59.375053405762 3.6175999641418 269.36679077148
60.176860809326 3.1518311500549 269.28820800781
61.027008056641 2.7677581310272 269.27209472656
61.870983123779 2.3738343715668 269.24362182617
62.66686630249 1.9031176567078 269.11907958984
63.466346740723 1.438894033432 268.99432373047
64.284439086914 1.0082985162735 268.86853027344
65.119369506836 0.60581016540527 268.77432250977
65.976219177246 0.24127738177776 268.72082519531
66.877380371094 -0.00021140147873666 268.73104858398
67.759239196777 -0.29278123378754 268.67123413086
68.632095336914 -0.60916078090668 268.57879638672
69.495826721191 -0.95091885328293 268.49560546875
70.350959777832 -1.3166018724442 268.42111206055
71.207069396973 -1.6766437292099 268.33322143555
72.064277648926 -2.0304226875305 268.23046875
72.892845153809 -2.4472348690033 268.12997436523
73.734382629395 -2.8388710021973 268.04016113281
74.587776184082 -3.2072763442993 267.95941162109
75.423286437988 -3.5990891456604 267.82431030273
76.255683898926 -3.99498462677 267.67974853516
76.950958251953 -4.4899673461914 267.33407592773
57.253845214844 5.0771865844727 270.85510253906
58.023784637451 4.5584149360657 270.98376464844
58.793724060059 4.0396432876587 271.11242675781
59.578273773193 3.5423383712769 271.23248291016
60.387084960938 3.0806803703308 271.33822631836
61.195899963379 2.6190221309662 271.44396972656
61.98677444458 2.127792596817 271.55178833008
62.77649307251 1.6346576213837 271.65969848633
63.581371307373 1.1672549247742 271.76968383789
64.389099121094 0.70734137296677 271.88848876953
65.202377319336 0.26858472824097 272.0451965332
66.059265136719 -0.094921857118607 272.1467590332
66.875 -0.52361482381821 272.31430053711
67.725250244141 -0.882697224617 272.47457885742
68.585678100586 -1.226429104805 272.60858154297
69.42765045166 -1.587251663208 272.80490112305
70.273246765137 -1.9797610044479 272.89422607422
71.077644348145 -2.4352600574493 273.04223632812
71.923690795898 -2.8186616897583 273.16751098633
72.763259887695 -3.2144002914429 273.29525756836
73.558258056641 -3.6817212104797 273.46282958984
74.390678405762 -4.0902915000916 273.59307861328
75.125534057617 -4.657799243927 273.72119140625
75.922653198242 -5.0974225997925 273.93338012695
76.669502258301 -5.3578424453735 274.43252563477
