67.097389221191 0.5120695233345 270.8664855957
77.563285827637 -1.5355695486069 272.96850585938
77.365348815918 0.79635208845139 270.93664550781
76.92472076416 0.67418444156647 274.82955932617
67.436500549316 0.27395632863045 270.93048095703
67.82926940918 0.14649213850498 271.00823974609
68.224624633789 0.027755543589592 271.0866394043
68.623466491699 -0.077934265136719 271.16604614258
69.024215698242 -0.17569983005524 271.24606323242
69.425628662109 -0.27051010727882 271.32629394531
69.827018737793 -0.36539554595947 271.40655517578
70.229881286621 -0.45342084765434 271.48721313477
70.633743286133 -0.53638988733292 271.56823730469
71.038635253906 -0.61382132768631 271.64962768555
71.443481445312 -0.69157099723816 271.73095703125
71.849822998047 -0.76037549972534 271.81283569336
72.256416320801 -0.82768172025681 271.89474487305
72.663032531738 -0.89473527669907 271.97671508789
73.069938659668 -0.95990186929703 272.05880737305
73.476600646973 -1.0267003774643 272.14080810547
73.884239196777 -1.08673787117 272.22314453125
74.292297363281 -1.1436874866486 272.30563354492
74.700531005859 -1.1991786956787 272.38821411133
75.108695983887 -1.2552216053009 272.47076416016
75.517227172852 -1.3083920478821 272.5534362793
75.925468444824 -1.3638080358505 272.63604736328
76.334548950195 -1.4121435880661 272.71893310547
76.743881225586 -1.4581942558289 272.80194091797
77.152191162109 -1.513058423996 272.88455200195
67.486465454102 0.52244871854782 270.78063964844
67.88272857666 0.48369973897934 270.76214599609
68.278617858887 0.45238581299782 270.79629516602
68.670478820801 0.41326716542244 270.85791015625
69.061904907227 0.38456249237061 270.92730712891
69.455215454102 0.42805361747742 270.97518920898
69.849960327148 0.44535571336746 271.02770996094
70.244941711426 0.46057993173599 271.07907104492
70.640174865723 0.47779765725136 271.12777709961
71.037574768066 0.4838005900383 271.15802001953
71.435577392578 0.48399546742439 271.17977905273
71.833709716797 0.48180249333382 271.19882202148
72.231941223145 0.48329511284828 271.21575927734
72.629539489746 0.49494951963425 271.24139404297
73.025489807129 0.51993191242218 271.27978515625
73.423156738281 0.54603797197342 271.28573608398
73.821144104004 0.5667650103569 271.2783203125
74.218963623047 0.58243054151535 271.25915527344
74.614753723145 0.60542327165604 271.21813964844
75.011726379395 0.63036644458771 271.19235229492
75.409484863281 0.65580105781555 271.19030761719
75.806945800781 0.66955673694611 271.1640625
76.202369689941 0.68053305149078 271.11526489258
76.598625183105 0.69585359096527 271.07501220703
76.994926452637 0.73733121156693 271.06912231445
67.436332702637 0.48437023162842 271.09451293945
67.811752319336 0.46853044629097 271.25735473633
68.194892883301 0.4233236014843 271.3948059082
68.579681396484 0.39627021551132 271.53244018555
68.971450805664 0.38045513629913 271.65075683594
69.365051269531 0.37705835700035 271.76391601562
69.75757598877 0.36500024795532 271.88018798828
70.149658203125 0.34989202022552 271.99758911133
70.541198730469 0.34402939677238 272.11758422852
70.929534912109 0.34734266996384 272.24768066406
71.317337036133 0.3453514277935 272.37933349609
71.702209472656 0.33091217279434 272.51864624023
72.08332824707 0.31312417984009 272.66751098633
72.463424682617 0.32591474056244 272.81951904297
72.844276428223 0.33957907557487 272.96951293945
73.221664428711 0.34808909893036 273.12838745117
73.60326385498 0.37427246570587 273.27481079102
73.9814453125 0.40830716490746 273.42828369141
74.35083770752 0.41256383061409 273.60507202148
74.728828430176 0.4485090970993 273.75857543945
75.097503662109 0.50081807374954 273.92913818359
75.463714599609 0.56398403644562 274.1012878418
75.834045410156 0.60785084962845 274.27059936523
76.205322265625 0.64630860090256 274.43914794922
76.56689453125 0.6664919257164 274.63046264648
