68.306701660156 1.3008165359497 271.44427490234
71.876831054688 -5.7276682853699 271.24108886719
73.53108215332 -2.2825841903687 268.72161865234
72.978393554688 -2.1754860877991 273.43154907227
68.313369750977 0.98777675628662 271.44152832031
68.328285217285 0.67514026165009 271.4384765625
68.406105041504 0.3719642162323 271.43286132812
68.516609191895 0.079112462699413 271.42599487305
68.596549987793 -0.22347675263882 271.42031860352
68.711921691895 -0.51447236537933 271.41320800781
68.816833496094 -0.80942118167877 271.4065246582
68.920532226562 -1.104792714119 271.39993286133
69.032836914062 -1.3970004320145 271.39300537109
69.143531799316 -1.689820766449 271.38607788086
69.254371643066 -1.9825659990311 271.37921142578
69.377258300781 -2.2704582214355 271.37188720703
69.493637084961 -2.5609259605408 271.36477661133
69.636100769043 -2.8396136760712 271.35668945312
69.767356872559 -3.1237900257111 271.34899902344
69.905960083008 -3.404296875 271.34106445312
70.071144104004 -3.6700878143311 271.33212280273
70.248176574707 -3.9280216693878 271.32275390625
70.396362304688 -4.2029676437378 271.314453125
70.493766784668 -4.5004873275757 271.30807495117
70.767692565918 -4.646963596344 271.29553222656
70.945205688477 -4.904613494873 271.28616333008
71.159492492676 -5.1325759887695 271.27548217773
71.375480651855 -5.3590259552002 271.26477050781
71.64429473877 -5.5183763504028 271.25238037109
68.475067138672 1.1791115999222 271.27169799805
68.658599853516 1.0027354955673 271.17938232422
68.821563720703 0.81017619371414 271.08093261719
68.972808837891 0.60694164037704 270.98526000977
69.134078979492 0.41075700521469 270.89123535156
69.306030273438 0.21929830312729 270.8069152832
69.485366821289 0.027668170630932 270.74020385742
69.672431945801 -0.15882857143879 270.68075561523
69.872802734375 -0.32185730338097 270.59973144531
70.090026855469 -0.4488733112812 270.49966430664
70.317008972168 -0.56894528865814 270.41381835938
70.528694152832 -0.68126398324966 270.28775024414
70.729377746582 -0.78817856311798 270.14080810547
70.945899963379 -0.90097135305405 270.02365112305
71.161376953125 -1.0298677682877 269.92233276367
71.372566223145 -1.1410772800446 269.79443359375
71.590744018555 -1.2585474252701 269.68518066406
71.812698364258 -1.3834681510925 269.59317016602
72.027038574219 -1.5119074583054 269.48876953125
72.241180419922 -1.6445356607437 269.38928222656
72.452110290527 -1.7847266197205 269.29339599609
72.66007232666 -1.9280807971954 269.19577026367
72.871368408203 -2.0511820316315 269.07940673828
73.082832336426 -2.1743702888489 268.96343994141
73.300018310547 -2.2999958992004 268.86178588867
68.452308654785 1.1968029737473 271.60791015625
68.613548278809 1.0358785390854 271.69100952148
68.783828735352 0.86943554878235 271.73687744141
68.93985748291 0.69065171480179 271.78677368164
69.085235595703 0.50186061859131 271.8317565918
69.237800598145 0.31946465373039 271.87927246094
69.40355682373 0.15013813972473 271.93078613281
69.590377807617 0.011128810234368 271.99835205078
69.762657165527 -0.1435579508543 272.07040405273
69.925819396973 -0.29952588677406 272.15899658203
70.127166748047 -0.41335931420326 272.23153686523
70.352508544922 -0.50006544589996 272.25296020508
70.500732421875 -0.61340296268463 272.40686035156
70.683250427246 -0.7444976568222 272.49774169922
70.869857788086 -0.87378996610641 272.58297729492
71.063087463379 -0.99935030937195 272.6584777832
71.25170135498 -1.1371359825134 272.72357177734
71.437446594238 -1.2812405824661 272.78298950195
71.637962341309 -1.3895633220673 272.86569213867
71.849540710449 -1.4664729833603 272.9557800293
72.067405700684 -1.525266289711 273.04452514648
72.264175415039 -1.6045653820038 273.16195678711
72.449394226074 -1.7148427963257 273.27297973633
72.620880126953 -1.8529257774353 273.37457275391
72.801734924316 -2.0112738609314 273.4065246582
