55.09693145752 6.1686644554138 270.56344604492
76.453475952148 -5.1439752578735 271.99368286133
75.234237670898 -0.84753435850143 268.3515625
76.949111938477 -0.70638191699982 275.56628417969
55.481098175049 5.2960577011108 270.65347290039
56.006660461426 4.5086913108826 270.7375793457
56.629783630371 3.7876400947571 270.81689453125
57.309989929199 3.1177306175232 270.89221191406
58.043869018555 2.5067489147186 270.96270751953
58.801422119141 1.9255402088165 271.03073120117
59.579372406006 1.3712302446365 271.09649658203
60.376117706299 0.84369421005249 271.16003417969
61.197971343994 0.35603427886963 271.22006225586
62.036773681641 -0.10173131525517 271.27752685547
62.889236450195 -0.53450113534927 271.33282470703
63.75072479248 -0.94932651519775 271.38653564453
64.631134033203 -1.3222670555115 271.4365234375
65.517547607422 -1.6814112663269 271.48529052734
66.40795135498 -2.0305321216583 271.53311157227
67.309715270996 -2.3497848510742 271.57827758789
68.213150024414 -2.664299249649 271.62301635742
69.117462158203 -2.9763295650482 271.66751098633
70.022529602051 -3.2861845493317 271.71185302734
70.932563781738 -3.5813512802124 271.75482177734
71.842254638672 -3.877551317215 271.79791259766
72.75569152832 -4.1615395545959 271.83987426758
73.677032470703 -4.4197859764099 271.87948608398
74.608818054199 -4.6378755569458 271.91540527344
75.534240722656 -4.8784208297729 271.95336914062
55.696800231934 5.6524863243103 270.28463745117
56.344997406006 5.1428184509277 270.16439819336
57.010116577148 4.6354289054871 270.09967041016
57.73514175415 4.2235612869263 270.09243774414
58.492584228516 3.8633842468262 270.11630249023
59.250026702881 3.5032074451447 270.14019775391
60.015846252441 3.1612854003906 270.12683105469
60.783779144287 2.823983669281 270.10403442383
61.554306030273 2.4935703277588 270.08123779297
62.354286193848 2.2415263652802 270.05838012695
63.154266357422 1.9894826412201 270.03552246094
63.955520629883 1.7441668510437 269.99954223633
64.759872436523 1.5152062177658 269.931640625
65.576416015625 1.3547319173813 269.83853149414
66.391052246094 1.1879494190216 269.74478149414
67.190040588379 0.94151669740677 269.67471313477
67.999382019043 0.72762852907181 269.62023925781
68.78392791748 0.48787775635719 269.47506713867
69.551933288574 0.23509661853313 269.25390625
70.34725189209 0.033368825912476 269.08352661133
71.162925720215 -0.1403838545084 268.99127197266
71.976951599121 -0.32030457258224 268.89654541016
72.789779663086 -0.50471270084381 268.79998779297
73.609687805176 -0.65408992767334 268.70364379883
74.417373657227 -0.79452496767044 268.53579711914
55.70597076416 5.6107740402222 270.96246337891
56.433410644531 5.1210074424744 271.20422363281
57.201972961426 4.6548209190369 271.38534545898
57.985889434814 4.1970853805542 271.51705932617
58.787975311279 3.7718119621277 271.64129638672
59.612312316895 3.3863005638123 271.75634765625
60.442687988281 3.0167994499207 271.87963867188
61.279705047607 2.663872718811 272.00286865234
62.148899078369 2.3894100189209 272.10446166992
63.004165649414 2.0942544937134 272.25546264648
63.890956878662 1.8881682157516 272.35159301758
64.75244140625 1.6545842885971 272.53695678711
65.598075866699 1.3990851640701 272.78329467773
66.454704284668 1.1667830944061 273.01327514648
67.33561706543 1.001286149025 273.19479370117
68.24275970459 0.92606836557388 273.30053710938
69.123695373535 0.77387827634811 273.4992980957
69.998672485352 0.57883083820343 273.68896484375
70.890083312988 0.40583556890488 273.81878662109
71.729499816895 0.19649873673916 274.12100219727
72.579490661621 0.0004573265905492 274.39544677734
73.46915435791 -0.14995770156384 274.560546875
74.353546142578 -0.29734024405479 274.74880981445
75.218734741211 -0.43368744850159 275.02130126953
76.083923339844 -0.5700346827507 275.29379272461
