143.26545715332 9.8376655578613 634.08038330078
146.53869628906 -11.804550170898 636.91925048828
141.15286254883 -10.889382362366 638.78253173828
143.56953430176 -10.752630233765 632.51959228516
143.65129089355 9.1028957366943 634.27313232422
143.89372253418 8.2991580963135 634.42077636719
144.11094665527 7.4868469238281 634.560546875
144.3024597168 6.6666769981384 634.69171142578
144.4730682373 5.8408398628235 634.81604003906
144.62243652344 5.009877204895 634.93328857422
144.7357635498 4.1716284751892 635.03851318359
144.85232543945 3.333963394165 635.14477539062
144.94679260254 2.4926283359528 635.24377441406
145.07620239258 1.6574220657349 635.35437011719
145.17361450195 0.81652939319611 635.45428466797
145.27726745605 -0.023367617279291 635.55627441406
145.35830688477 -0.86664193868637 635.65057373047
145.42849731445 -1.7112941741943 635.74114990234
145.5188293457 -2.5532524585724 635.83868408203
145.60494995117 -3.3958213329315 635.93475341797
145.72184753418 -4.2334265708923 636.04119873047
145.79202270508 -5.0780787467957 636.13177490234
145.90132141113 -5.9170227050781 636.23571777344
146.01028442383 -6.7560319900513 636.33941650391
146.12942504883 -7.5932307243347 636.44653320312
146.23612976074 -8.4326114654541 636.54962158203
146.35830688477 -9.2692289352417 636.65783691406
146.43702697754 -10.112801551819 636.75140380859
146.52339172363 -10.955320358276 636.84753417969
143.36219787598 9.1652984619141 634.52868652344
143.42956542969 8.3465385437012 634.66088867188
143.4969329834 7.5277781486511 634.79309082031
143.50245666504 6.7045388221741 634.90588378906
143.47988891602 5.8792662620544 635.00982666016
143.45733642578 5.0539932250977 635.11376953125
143.42127990723 4.2327890396118 635.23406982422
143.32015991211 3.4312047958374 635.43316650391
143.21937561035 2.6258308887482 635.61352539062
143.11964416504 1.8092485666275 635.73852539062
143.01959228516 0.99374842643738 635.86938476562
142.91752624512 0.18528808653355 636.03778076172
142.81378173828 -0.62263303995132 636.20770263672
142.70599365234 -1.4292640686035 636.38128662109
142.59599304199 -2.2366445064545 636.54968261719
142.48234558105 -3.0452482700348 636.70983886719
142.37297058105 -3.862242937088 636.81231689453
142.26666259766 -4.6852440834045 636.87359619141
142.14353942871 -5.47571849823 637.05023193359
142.01232910156 -6.2285943031311 637.37738037109
141.91621398926 -7.0018534660339 637.66931152344
141.82150268555 -7.7430281639099 638.03131103516
141.71369934082 -8.516752243042 638.30023193359
141.59117126465 -9.3160753250122 638.49322509766
141.39598083496 -10.111902236938 638.62847900391
143.43821716309 9.0721912384033 633.90679931641
143.61097717285 8.3067169189453 633.73321533203
143.66909790039 7.5063190460205 633.71502685547
143.72248840332 6.7044863700867 633.70318603516
143.77589416504 5.9026536941528 633.69140625
143.78356933594 5.099609375 633.71234130859
143.78332519531 4.2963552474976 633.73895263672
143.78308105469 3.4931011199951 633.765625
143.75646972656 2.6900191307068 633.77856445312
143.7265625 1.8869589567184 633.78979492188
143.74266052246 1.0862625837326 633.74017333984
143.77520751953 0.28641134500504 633.66870117188
143.77059936523 -0.5138795375824 633.60205078125
143.73963928223 -1.3144823312759 633.53875732422
143.6468963623 -2.1108977794647 633.50817871094
143.52752685547 -2.9050436019897 633.50274658203
143.40791320801 -3.6954843997955 633.58532714844
143.40071105957 -4.4840507507324 633.58502197266
143.53198242188 -5.270308971405 633.48260498047
143.68951416016 -6.0446839332581 633.33673095703
143.77478027344 -6.8301033973694 633.21411132812
143.77043151855 -7.6262054443359 633.10687255859
143.7580871582 -8.41441822052 632.95678710938
143.79679870605 -9.189884185791 632.76477050781
143.63668823242 -9.9738121032715 632.69268798828
