67.495155334473 -6.618194103241 267.21405029297
76.185066223145 5.6410574913025 269.39016723633
84.218162536621 4.4799633026123 274.82781982422
85.164672851562 5.8489708900452 265.25674438477
67.181213378906 -6.1002678871155 267.23541259766
67.237945556641 -5.4883155822754 267.30499267578
67.319282531738 -4.8796377182007 267.37677001953
67.463836669922 -4.2833094596863 267.45385742188
67.64917755127 -3.6987245082855 267.53384399414
67.867149353027 -3.1258106231689 267.61605834961
68.114967346191 -2.5654020309448 267.70007324219
68.38875579834 -2.0174472332001 267.78546142578
68.691764831543 -1.4853253364563 267.87222290039
69.023857116699 -0.97102057933807 267.96017456055
69.379356384277 -0.47272953391075 268.04891967773
69.755241394043 0.010226204991341 268.13806152344
70.159774780273 0.46943470835686 268.22778320312
70.573303222656 0.92053836584091 268.31756591797
71.00057220459 1.3586304187775 268.40737915039
71.442916870117 1.7815037965775 268.49722290039
71.872680664062 2.2169473171234 268.58706665039
72.349960327148 2.6000759601593 268.67639160156
72.811370849609 3.0021188259125 268.76602172852
73.283569335938 3.3914773464203 268.85546875
73.752243041992 3.7850604057312 268.94497680664
74.230201721191 4.1673612594604 269.03430175781
74.710456848145 4.546778678894 269.12353515625
75.204032897949 4.9088315963745 269.21228027344
75.69181060791 5.2785935401917 269.30133056641
67.90892791748 -6.048065662384 267.66952514648
68.361923217773 -5.3740835189819 267.8984375
68.868743896484 -4.7254495620728 268.08609008789
69.398025512695 -4.0954642295837 268.27478027344
69.959281921387 -3.4956045150757 268.46942138672
70.541473388672 -2.9194188117981 268.67385864258
71.128051757812 -2.361763715744 268.91262817383
71.751022338867 -1.8602324724197 269.18252563477
72.356002807617 -1.3643668889999 269.49957275391
73.000869750977 -0.91555511951447 269.80871582031
73.653923034668 -0.48620530962944 270.12799072266
74.327491760254 -0.073855891823769 270.42645263672
74.984527587891 0.34690591692924 270.74920654297
75.645957946777 0.76597166061401 271.06484985352
76.329689025879 1.174706697464 271.34463500977
77.02522277832 1.5513315200806 271.63986206055
77.740669250488 1.8885691165924 271.93533325195
78.457832336426 2.2351667881012 272.21536254883
79.1640625 2.5904235839844 272.51187133789
79.886459350586 2.9237751960754 272.79434204102
80.599830627441 3.2248792648315 273.130859375
81.293022155762 3.5814011096954 273.45510864258
82.027755737305 3.8522403240204 273.77081298828
82.726715087891 4.1703038215637 274.1217956543
83.442237854004 4.4049115180969 274.50378417969
67.832397460938 -5.9756999015808 266.78726196289
68.247375488281 -5.2237300872803 266.81893920898
68.738021850586 -4.5174016952515 266.80792236328
69.243255615234 -3.8237106800079 266.85815429688
69.819923400879 -3.1869647502899 266.90643310547
70.421424865723 -2.5726773738861 266.93267822266
71.065322875977 -2.0021677017212 266.92959594727
71.741371154785 -1.4700125455856 266.9162902832
72.4306640625 -0.95581418275833 266.88812255859
73.138809204102 -0.46881854534149 266.84600830078
73.854820251465 0.0045208442024887 266.78479003906
74.568893432617 0.48002806305885 266.71798706055
75.281494140625 0.95879763364792 266.66052246094
76.014053344727 1.4081966876984 266.61758422852
76.750762939453 1.8490898609161 266.55990600586
77.497268676758 2.2734613418579 266.50433349609
78.246536254883 2.690277338028 266.43145751953
78.99031829834 3.1120359897614 266.3346862793
79.729789733887 3.5379030704498 266.22381591797
80.474174499512 3.9539802074432 266.10888671875
81.235122680664 4.3421487808228 266.00521850586
81.991371154785 4.737464427948 265.89440917969
82.759521484375 5.1075267791748 265.77853393555
83.544403076172 5.435389995575 265.6487121582
84.350738525391 5.6865000724792 265.48388671875
