60.610843658447 -1.0073771476746 272.59170532227
71.170295715332 2.5660557746887 274.52682495117
71.810180664062 -0.43972814083099 276.26434326172
72.367286682129 0.7223664522171 271.74716186523
60.83589553833 -0.63992530107498 272.69277954102
61.167068481445 -0.36121845245361 272.78762817383
61.529483795166 -0.12274016439915 272.87780761719
61.913768768311 0.080747328698635 272.96334838867
62.311153411865 0.25908240675926 273.04516601562
62.713844299316 0.42594504356384 273.12524414062
63.119918823242 0.58501088619232 273.20407104492
63.526992797852 0.74164116382599 273.28256225586
63.940937042236 0.88072341680527 273.35821533203
64.356468200684 1.0153872966766 273.43313598633
64.771995544434 1.1500586271286 273.50805664062
65.188697814941 1.2813677787781 273.58242797852
65.606063842773 1.4107296466827 273.65649414062
66.028747558594 1.5232976675034 273.72775268555
66.452156066895 1.633473277092 273.79849243164
66.878425598145 1.7332093715668 273.8674621582
67.302719116211 1.8402597904205 273.93771362305
67.724952697754 1.9543740749359 274.00918579102
68.147583007812 2.0671231746674 274.08047485352
68.576469421387 2.1564016342163 274.14755249023
69.007446289062 2.2363140583038 274.21298217773
69.433891296387 2.3353793621063 274.28186035156
69.862159729004 2.4272232055664 274.34942626953
70.294319152832 2.5014333724976 274.41384887695
70.73055267334 2.5515558719635 274.47378540039
60.946376800537 -0.99911165237427 272.90176391602
61.359252929688 -0.92860639095306 273.08569335938
61.781810760498 -0.86018633842468 273.24697875977
62.214538574219 -0.79457503557205 273.38006591797
62.647289276123 -0.728919506073 273.51306152344
63.081127166748 -0.66054081916809 273.64105224609
63.515663146973 -0.59032946825027 273.765625
63.950206756592 -0.52024620771408 273.89022827148
64.38565826416 -0.46048450469971 274.01705932617
64.821563720703 -0.40733405947685 274.1452331543
65.257469177246 -0.3544870018959 274.27352905273
65.692985534668 -0.33427318930626 274.41201782227
66.128433227539 -0.31558927893639 274.55099487305
66.564338684082 -0.29832297563553 274.68869018555
67.000556945801 -0.2820660173893 274.82553100586
67.436943054199 -0.26612561941147 274.96182250977
67.88240814209 -0.26965275406837 275.06582641602
68.32275390625 -0.2795125246048 275.18936157227
68.74934387207 -0.30249962210655 275.35293579102
69.18830871582 -0.2970270216465 275.48159790039
69.625625610352 -0.29293721914291 275.61578369141
70.061462402344 -0.30245253443718 275.75445556641
70.501159667969 -0.33185192942619 275.8772277832
70.939254760742 -0.35884761810303 276.00610351562
71.385559082031 -0.38873660564423 276.10195922852
60.995994567871 -0.82194185256958 272.41687011719
61.439601898193 -0.70457649230957 272.36450195312
61.883209228516 -0.58721029758453 272.31210327148
62.336563110352 -0.49965211749077 272.30163574219
62.791004180908 -0.41732206940651 272.29837036133
63.245174407959 -0.33355274796486 272.30242919922
63.698471069336 -0.24701654911041 272.32089233398
64.151763916016 -0.1604810655117 272.33935546875
64.605995178223 -0.076938033103943 272.33972167969
65.060447692871 0.0047201574780047 272.32907104492
65.514350891113 0.08851458132267 272.31304931641
65.967445373535 0.1750403791666 272.29019165039
66.419860839844 0.26369449496269 272.26245117188
66.874145507812 0.34343478083611 272.23861694336
67.331237792969 0.40741804242134 272.22186279297
67.784362792969 0.48468014597893 272.1770324707
68.24153137207 0.54269075393677 272.14642333984
68.701919555664 0.57217931747437 272.12454223633
69.16251373291 0.59564137458801 272.0998840332
69.621612548828 0.63536339998245 272.06890869141
70.081558227539 0.67458021640778 272.05410766602
70.540084838867 0.70246189832687 272.00634765625
70.999000549316 0.71925139427185 271.95718383789
71.458572387695 0.72587585449219 271.9118347168
71.91455078125 0.72446441650391 271.83843994141
