58.004688262939 7.7295522689819 270.03375244141
65.06502532959 -1.7939442396164 271.166015625
67.734962463379 1.2486188411713 269.51431274414
65.963233947754 0.44955942034721 274.48324584961
57.950050354004 7.2710819244385 269.94827270508
58.040161132812 6.8114423751831 269.91397094727
58.191944122314 6.3671073913574 269.90374755859
58.389659881592 5.9411587715149 269.91250610352
58.611045837402 5.5274386405945 269.93142700195
58.867382049561 5.1353707313538 269.9658203125
59.128078460693 4.7463717460632 270.00225830078
59.395366668701 4.3621778488159 270.0417175293
59.677932739258 3.9898929595947 270.08828735352
59.969310760498 3.6250281333923 270.13909912109
60.26139831543 3.260772228241 270.19021606445
60.565731048584 2.9076011180878 270.24728393555
60.863662719727 2.5485334396362 270.30120849609
61.176471710205 2.2035596370697 270.36248779297
61.488620758057 1.8579378128052 270.42346191406
61.812313079834 1.5241973400116 270.49017333984
62.137390136719 1.1919617652893 270.55764770508
62.456386566162 0.8532782793045 270.62200927734
62.78791809082 0.52818161249161 270.69277954102
63.112293243408 0.19518579542637 270.75988769531
63.424468994141 -0.15041728317738 270.82080078125
63.740772247314 -0.49186816811562 270.88385009766
64.068328857422 -0.82140779495239 270.95254516602
64.39582824707 -1.1510133743286 271.0212097168
64.735527038574 -1.4665608406067 271.09631347656
58.323925018311 7.4548001289368 269.84292602539
58.511859893799 7.0519456863403 269.7336730957
58.814929962158 6.7314801216125 269.68569946289
59.168521881104 6.4367809295654 269.65966796875
59.508682250977 6.126748085022 269.64120483398
59.880290985107 5.8586587905884 269.70330810547
60.251712799072 5.5899696350098 269.76065063477
60.620101928711 5.311327457428 269.73904418945
60.998779296875 5.047580242157 269.75189208984
61.377056121826 4.7826480865479 269.74984741211
61.754680633545 4.5163192749023 269.73547363281
62.139209747314 4.2595057487488 269.7336730957
62.523078918457 4.0017104148865 269.73538208008
62.918796539307 3.7676646709442 269.78482055664
63.30632019043 3.5169870853424 269.81118774414
63.682037353516 3.2581503391266 269.88226318359
64.046577453613 3.0125727653503 269.85522460938
64.404991149902 2.7889029979706 269.68206787109
64.804267883301 2.5561256408691 269.67031860352
65.204444885254 2.3261890411377 269.64199829102
65.61474609375 2.1171867847443 269.60095214844
66.038078308105 1.9454731941223 269.53677368164
66.46549987793 1.783117890358 269.53503417969
66.887619018555 1.6016745567322 269.52767944336
67.316040039062 1.4375878572464 269.55044555664
58.204635620117 7.3993992805481 270.27383422852
58.296695709229 6.9591655731201 270.36532592773
58.570873260498 6.6465826034546 270.47665405273
58.87520980835 6.3371434211731 270.61636352539
59.163558959961 6.0106735229492 270.76062011719
59.464954376221 5.6941537857056 270.90069580078
59.804557800293 5.4093704223633 271.01727294922
60.155597686768 5.1376457214355 271.13348388672
60.509414672852 4.8719339370728 271.25531005859
60.856468200684 4.5981011390686 271.37869262695
61.143901824951 4.3022336959839 271.56829833984
61.44900894165 4.0139045715332 271.74633789062
61.778427124023 3.7352867126465 271.90219116211
62.076625823975 3.4469928741455 272.09851074219
62.386985778809 3.1595060825348 272.27639770508
62.707660675049 2.8868036270142 272.45913696289
63.038528442383 2.6138598918915 272.62246704102
63.375560760498 2.3372638225555 272.76260375977
63.703834533691 2.0586082935333 272.8987121582
63.983249664307 1.8062167167664 273.14974975586
64.332717895508 1.5716511011124 273.33264160156
64.684936523438 1.3468940258026 273.52258300781
65.018669128418 1.1223766803741 273.74096679688
65.333518981934 0.89810431003571 273.98840332031
65.648376464844 0.67383188009262 274.23580932617
