69.39575958252 -1.5753480195999 268.17910766602
77.284042358398 2.6899726390839 271.01083374023
80.607025146484 0.040986772626638 273.05294799805
80.303428649902 2.5881972312927 268.22079467773
69.553855895996 -1.2987328767776 268.34295654297
69.856300354004 -1.1296747922897 268.45462036133
70.162384033203 -0.96553957462311 268.56369018555
70.464714050293 -0.7963530421257 268.67544555664
70.775489807129 -0.63892585039139 268.78106689453
71.089729309082 -0.48664829134941 268.88400268555
71.403053283691 -0.33297696709633 268.98764038086
71.708847045898 -0.16847409307957 269.09692382812
72.022735595703 -0.015654237940907 269.20010375977
72.333740234375 0.14144472777843 269.30557250977
72.643295288086 0.30065897107124 269.412109375
72.951522827148 0.4617603123188 269.51968383789
73.259819030762 0.62278074026108 269.62713623047
73.556602478027 0.7990979552269 269.74255371094
73.871208190918 0.95081371068954 269.84518432617
74.182647705078 1.107261300087 269.95034790039
74.487823486328 1.2726318836212 270.06008911133
74.795379638672 1.4347188472748 270.16809082031
75.105445861816 1.5931934118271 270.27426147461
75.413482666016 1.7545815706253 270.38192749023
75.72119140625 1.9164415597916 270.48983764648
76.029800415039 2.0769953727722 270.59713745117
76.339599609375 2.2358679771423 270.70346069336
76.656600952148 2.383855342865 270.80416870117
76.969955444336 2.5374526977539 270.90780639648
69.840805053711 -1.5682628154755 268.36251831055
70.297248840332 -1.6298723220825 268.50213623047
70.766288757324 -1.5969839096069 268.60632324219
71.237632751465 -1.5678921937943 268.70065307617
71.703491210938 -1.520867228508 268.81329345703
72.164840698242 -1.4771196842194 268.94436645508
72.624641418457 -1.4163278341293 269.07400512695
73.081703186035 -1.3349429368973 269.20211791992
73.537452697754 -1.2488920688629 269.33181762695
73.99356842041 -1.1601806879044 269.45831298828
74.438034057617 -1.0577658414841 269.61285400391
74.876045227051 -0.94871813058853 269.78076171875
75.31192779541 -0.83121740818024 269.9485168457
75.745018005371 -0.71814167499542 270.12619018555
76.171051025391 -0.61612373590469 270.32620239258
76.581253051758 -0.50750410556793 270.55395507812
76.996047973633 -0.40203133225441 270.77474975586
77.42219543457 -0.30381667613983 270.97644042969
77.835815429688 -0.20663374662399 271.20318603516
78.246360778809 -0.10982496291399 271.43560791016
78.66185760498 -0.025520350784063 271.6640625
79.078010559082 0.051489464938641 271.89385986328
79.495491027832 0.084240354597569 272.13165283203
79.868751525879 0.057694055140018 272.43478393555
80.23876953125 0.040707409381866 272.74258422852
69.812965393066 -1.4125831127167 268.107421875
70.259101867676 -1.3260034322739 268.11001586914
70.701019287109 -1.2206273078918 268.11642456055
71.151321411133 -1.1607947349548 268.13095092773
71.602630615234 -1.1125460863113 268.14379882812
72.038833618164 -0.99577701091766 268.19454956055
72.48161315918 -0.89390808343887 268.20608520508
72.920967102051 -0.77758657932281 268.20767211914
73.358016967773 -0.65432018041611 268.22402954102
73.799240112305 -0.5579429268837 268.27416992188
74.229911804199 -0.41806277632713 268.31326293945
74.654624938965 -0.26154372096062 268.35443115234
75.074829101562 -0.096874117851257 268.40710449219
75.478759765625 0.11028038710356 268.42950439453
75.889129638672 0.30458906292915 268.44995117188
76.304023742676 0.48925346136093 268.46801757812
76.709564208984 0.69389373064041 268.48303222656
77.124458312988 0.87943708896637 268.47946166992
77.535568237305 1.073095202446 268.47158813477
77.940689086914 1.2786637544632 268.45748901367
78.345252990723 1.4857901334763 268.45489501953
78.749015808105 1.6943181753159 268.46325683594
79.149894714355 1.9082325696945 268.45248413086
79.545745849609 2.1286287307739 268.41635131836
79.932838439941 2.3553714752197 268.34341430664
