67.917472839355 -5.2414360046387 267.46603393555
76.758811950684 2.2511239051819 275.60357666016
82.918655395508 -2.7707469463348 276.81396484375
81.997985839844 5.8719735145569 269.83602905273
67.685165405273 -4.9540619850159 267.90216064453
67.719314575195 -4.6079239845276 268.35925292969
67.8095703125 -4.2600264549255 268.80661010742
68.01668548584 -3.9187543392181 269.21969604492
68.23560333252 -3.5791680812836 269.62796020508
68.498237609863 -3.2472755908966 270.01641845703
68.767723083496 -2.9170763492584 270.4010925293
69.109596252441 -2.6069905757904 270.74310302734
69.43106842041 -2.2902586460114 271.09841918945
69.791664123535 -1.9870623350143 271.42712402344
70.171760559082 -1.6918847560883 271.74084472656
70.559455871582 -1.4000661373138 272.04830932617
70.957954406738 -1.1133534908295 272.34664916992
71.368156433105 -0.83253175020218 272.63458251953
71.771919250488 -0.548455119133 272.92822265625
72.209396362305 -0.28311428427696 273.18942260742
72.638938903809 -0.013003085739911 273.45880126953
73.076042175293 0.2525722682476 273.72036743164
73.527946472168 0.508549451828 273.96588134766
73.972679138184 0.76930224895477 274.21929931641
74.434196472168 1.0185241699219 274.45364379883
74.886299133301 1.2743606567383 274.6989440918
75.345718383789 1.525093793869 274.93576049805
75.813652038574 1.7695114612579 275.16229248047
76.288368225098 2.0086228847504 275.38018798828
68.21639251709 -5.0149297714233 268.06069946289
68.64338684082 -4.8184013366699 268.57110595703
69.212905883789 -4.651237487793 268.94515991211
69.712455749512 -4.4494252204895 269.39880371094
70.24333190918 -4.2376203536987 269.7985534668
70.843688964844 -4.007749080658 270.06918334961
71.393196105957 -3.8729600906372 270.48754882812
71.978210449219 -3.7428410053253 270.85748291016
72.561004638672 -3.6345965862274 271.23791503906
73.149101257324 -3.5383672714233 271.61309814453
73.754791259766 -3.4390234947205 271.95864868164
74.363868713379 -3.3515532016754 272.30139160156
74.975028991699 -3.2812187671661 272.6438293457
75.564399719238 -3.2358186244965 273.02682495117
76.152885437012 -3.2053620815277 273.41265869141
76.739151000977 -3.1896483898163 273.80267333984
77.341217041016 -3.1667683124542 274.16732788086
77.961265563965 -3.1315102577209 274.49853515625
78.553024291992 -3.1870512962341 274.87652587891
79.145965576172 -3.2410883903503 275.25250244141
79.770843505859 -3.2259335517883 275.57720947266
80.404632568359 -3.2094814777374 275.88409423828
81.041198730469 -3.1958951950073 276.18533325195
81.650077819824 -3.2202956676483 276.53851318359
82.298385620117 -3.1030821800232 276.78298950195
68.223136901855 -4.694317817688 267.79681396484
68.732872009277 -4.2709712982178 268.05035400391
69.260238647461 -3.869992017746 268.30349731445
69.722038269043 -3.4200849533081 268.59951782227
70.208389282227 -2.9728288650513 268.85748291016
70.710693359375 -2.5054590702057 269.03762817383
71.254516601562 -2.0880899429321 269.21914672852
71.767425537109 -1.6074113845825 269.31387329102
72.33667755127 -1.1895799636841 269.38250732422
72.90845489502 -0.78316855430603 269.48791503906
73.437400817871 -0.31623551249504 269.56256103516
73.976455688477 0.13685944676399 269.64715576172
74.55492401123 0.509352684021 269.81893920898
75.157165527344 0.88304686546326 269.84777832031
75.697731018066 1.3414725065231 269.87982177734
76.241287231445 1.7962152957916 269.91107177734
76.84342956543 2.1704289913177 269.93765258789
77.407257080078 2.5961904525757 270.00173950195
77.937835693359 3.0660002231598 269.96853637695
78.464447021484 3.5317361354828 269.87973022461
79.100326538086 3.8425185680389 269.92922973633
79.724479675293 4.1779627799988 269.96133422852
80.29369354248 4.600163936615 269.92761230469
80.862411499023 5.0231332778931 269.89529418945
81.430198669434 5.4475531578064 269.86566162109
