71.121475219727 -1.8319239616394 267.4035949707
76.732780456543 1.5767110586166 271.93081665039
80.338256835938 -1.7785110473633 273.13690185547
79.928718566895 2.5135734081268 269.44491577148
71.123779296875 -1.6214219331741 267.64169311523
71.207069396973 -1.4230718612671 267.87582397461
71.311744689941 -1.2304838895798 268.10604858398
71.45777130127 -1.0521746873856 268.32510375977
71.605888366699 -0.87474602460861 268.54342651367
71.78328704834 -0.71071821451187 268.75012207031
71.973236083984 -0.5533766746521 268.95077514648
72.177314758301 -0.40434494614601 269.14373779297
72.395790100098 -0.26471614837646 269.32778930664
72.618721008301 -0.12824577093124 269.50885009766
72.843688964844 0.0067318184301257 269.6884765625
73.071907043457 0.13928757607937 269.86578369141
73.31266784668 0.26197543740273 270.03335571289
73.557632446289 0.38104695081711 270.19741821289
73.809104919434 0.49427568912506 270.35565185547
74.064872741699 0.60344880819321 270.50979614258
74.320976257324 0.71229094266891 270.66363525391
74.577186584473 0.82104295492172 270.81735229492
74.843872070312 0.91896617412567 270.96011352539
75.103149414062 1.0246615409851 271.11077880859
75.374183654785 1.1177215576172 271.24856567383
75.644981384277 1.2110471725464 271.38662719727
75.930786132812 1.2850631475449 271.50466918945
76.199462890625 1.380795955658 271.64520263672
76.466796875 1.4780058860779 271.78726196289
71.382102966309 -1.9130758047104 267.72250366211
71.635559082031 -1.7244029045105 267.99917602539
71.992401123047 -1.7281584739685 268.23043823242
72.344902038574 -1.6850414276123 268.46298217773
72.651847839355 -1.5743910074234 268.73541259766
72.998558044434 -1.4914326667786 268.96743774414
73.359519958496 -1.4232985973358 269.18200683594
73.713973999023 -1.3599917888641 269.40853881836
74.076927185059 -1.3062278032303 269.62380981445
74.444602966309 -1.2705974578857 269.83480834961
74.817123413086 -1.2541160583496 270.03958129883
75.189102172852 -1.250937461853 270.24597167969
75.555313110352 -1.2545000314713 270.46240234375
75.910552978516 -1.2706328630447 270.69592285156
76.270156860352 -1.2870894670486 270.92260742188
76.638565063477 -1.3044553995132 271.13467407227
77.006561279297 -1.3284959793091 271.34677124023
77.374488830566 -1.3556582927704 271.55862426758
77.747589111328 -1.3856588602066 271.76080322266
78.117622375488 -1.4060493707657 271.9697265625
78.48291015625 -1.4139797687531 272.18765258789
78.857032775879 -1.4318906068802 272.3893737793
79.234115600586 -1.457442522049 272.58456420898
79.609786987305 -1.5554668903351 272.75848388672
79.974746704102 -1.6743025779724 272.94198608398
71.401290893555 -1.5660240650177 267.41149902344
71.638771057129 -1.3222360610962 267.60134887695
71.952850341797 -1.1263326406479 267.72772216797
72.280960083008 -0.94816780090332 267.8444519043
72.609359741211 -0.78237718343735 267.97744750977
72.940956115723 -0.63302844762802 268.1213684082
73.286270141602 -0.50108605623245 268.24938964844
73.62329864502 -0.35543641448021 268.38424682617
73.963043212891 -0.19493414461613 268.49319458008
74.305671691895 -0.036355912685394 268.595703125
74.653823852539 0.11455790698528 268.69094848633
75.004859924316 0.26573577523232 268.7737121582
75.339881896973 0.45774549245834 268.83605957031
75.667671203613 0.66790384054184 268.87289428711
76.012069702148 0.84638458490372 268.92330932617
76.342529296875 1.0443680286407 268.99087524414
76.693824768066 1.203587770462 269.05615234375
77.05687713623 1.3400037288666 269.10760498047
77.419075012207 1.4792469739914 269.15747070312
77.780082702637 1.6220923662186 269.20571899414
78.136383056641 1.7728227376938 269.26391601562
78.488052368164 1.9305554628372 269.33108520508
78.84130859375 2.0854504108429 269.396484375
79.199630737305 2.2309017181396 269.45562744141
79.563896179199 2.3734169006348 269.46298217773
