62.690464019775 4.0576009750366 281.40933227539
63.934349060059 0.60503643751144 282.59548950195
71.245475769043 -0.91519719362259 280.14538574219
68.831352233887 2.2415378093719 288.68884277344
62.625930786133 3.9135575294495 281.43640136719
62.574642181396 3.7650234699249 281.46722412109
62.530746459961 3.6145498752594 281.50006103516
62.501693725586 3.4613416194916 281.53646850586
62.483249664307 3.3070571422577 281.57522583008
62.484085083008 3.1526606082916 281.61770629883
62.48645401001 2.99835896492 281.66049194336
62.492721557617 2.844340801239 281.70391845703
62.514205932617 2.692414522171 281.74969482422
62.546520233154 2.5428519248962 281.79693603516
62.575828552246 2.3925449848175 281.84378051758
62.609676361084 2.2433702945709 281.89120483398
62.660556793213 2.0997235774994 281.94036865234
62.738437652588 1.9693863391876 281.99111938477
62.823482513428 1.8435883522034 282.0419921875
62.909896850586 1.7187314033508 282.09286499023
62.999450683594 1.5960993766785 282.14373779297
63.092624664307 1.4761874675751 282.19458007812
63.193820953369 1.3628236055374 282.24508666992
63.292747497559 1.2475401163101 282.29577636719
63.378940582275 1.1225500106812 282.3466796875
63.494667053223 1.0236102342606 282.39605712891
63.611839294434 0.92618918418884 282.4453125
63.726829528809 0.82635241746902 282.4948425293
63.823432922363 0.7091646194458 282.54556274414
63.010387420654 3.8624873161316 281.28466796875
63.130493164062 3.4866342544556 281.38229370117
63.262115478516 3.1131377220154 281.46875
63.469234466553 2.7641923427582 281.47817993164
63.735130310059 2.4581274986267 281.45391845703
64.02587890625 2.1817173957825 281.388671875
64.320121765137 1.9149602651596 281.30279541016
64.623313903809 1.6707966327667 281.18591308594
64.932189941406 1.4412294626236 281.05508422852
65.246284484863 1.2203562259674 280.92218017578
65.582672119141 1.0136860609055 280.82553100586
65.926986694336 0.81456911563873 280.74227905273
66.29216003418 0.65259957313538 280.66741943359
66.667518615723 0.51747691631317 280.58978271484
67.051124572754 0.41075330972672 280.50811767578
67.432167053223 0.28802835941315 280.43814086914
67.826889038086 0.20110878348351 280.39508056641
68.224220275879 0.12834022939205 280.34982299805
68.617385864258 0.049730829894543 280.28298950195
69.010643005371 -0.034025095403194 280.2233581543
69.407096862793 -0.10449013113976 280.16781616211
69.80354309082 -0.17828990519047 280.11782836914
70.184501647949 -0.31977012753487 280.11087036133
70.545402526855 -0.50566893815994 280.09091186523
70.898094177246 -0.70571440458298 280.11950683594
62.771396636963 3.8660864830017 281.74774169922
62.90763092041 3.5239942073822 281.91384887695
63.043750762939 3.1903603076935 282.09527587891
63.190700531006 2.9038596153259 282.33721923828
63.369037628174 2.6955668926239 282.63323974609
63.494594573975 2.4930694103241 282.95874023438
63.643669128418 2.3547577857971 283.30749511719
63.817306518555 2.2565650939941 283.65866088867
63.975681304932 2.171689748764 284.02011108398
64.181365966797 2.073926448822 284.35366821289
64.413734436035 1.9806830883026 284.67044067383
64.665214538574 1.9334163665771 284.98254394531
64.931335449219 1.949769616127 285.28598022461
65.210357666016 1.9622161388397 285.57781982422
65.488563537598 1.9927631616592 285.86904907227
65.765670776367 2.0486891269684 286.15762329102
66.051071166992 2.0958943367004 286.43942260742
66.36580657959 2.1537806987762 286.68594360352
66.691749572754 2.2168633937836 286.91595458984
66.989707946777 2.294281244278 287.1774597168
67.307815551758 2.3627135753632 287.41687011719
67.625961303711 2.419248342514 287.65930175781
67.939018249512 2.4621067047119 287.91088867188
68.243171691895 2.4427196979523 288.17599487305
68.537338256836 2.3688187599182 288.44277954102
