71.865615844727 -4.3729915618896 267.93872070312
78.862159729004 2.82648396492 271.74551391602
81.001205444336 0.69498163461685 272.42193603516
80.762680053711 2.8734068870544 269.33688354492
71.904304504395 -4.0229229927063 268.17517089844
71.985145568848 -3.6746189594269 268.40325927734
72.127685546875 -3.3354690074921 268.61447143555
72.303909301758 -3.005083322525 268.81381225586
72.50919342041 -2.6846926212311 269.00131225586
72.7333984375 -2.3721222877502 269.18014526367
72.979965209961 -2.0703184604645 269.34768676758
73.236549377441 -1.7739342451096 269.509765625
73.499084472656 -1.4809473752975 269.66848754883
73.768531799316 -1.1921089887619 269.82312011719
74.052139282227 -0.91238951683044 269.96899414062
74.338912963867 -0.63486671447754 270.11282348633
74.637168884277 -0.3656622171402 270.24893188477
74.938827514648 -0.099058948457241 270.38262939453
75.246711730957 0.16256973147392 270.51190185547
75.557540893555 0.42181825637817 270.63888549805
75.872787475586 0.67729508876801 270.76260375977
76.188301086426 0.93255865573883 270.88604736328
76.510177612305 1.1821731328964 271.00454711914
76.834457397461 1.4295811653137 271.12109375
77.157699584961 1.6779683828354 271.23846435547
77.475112915039 1.9315803050995 271.36047363281
77.810127258301 2.1685652732849 271.46795654297
78.151206970215 2.3992087841034 271.57000732422
78.498390197754 2.6231319904327 271.66632080078
72.078231811523 -4.1547598838806 268.26065063477
72.346435546875 -3.8848376274109 268.48886108398
72.635856628418 -3.6310150623322 268.70947265625
72.936851501465 -3.3787682056427 268.91589355469
73.251068115234 -3.1148769855499 269.08474731445
73.56893157959 -2.8597621917725 269.26010131836
73.900413513184 -2.6178948879242 269.42895507812
74.235015869141 -2.378226518631 269.59469604492
74.577262878418 -2.1350257396698 269.73822021484
74.92261505127 -1.898369550705 269.88519287109
75.276847839355 -1.6822340488434 270.04229736328
75.632865905762 -1.4699212312698 270.20059204102
75.995819091797 -1.2733657360077 270.36343383789
76.35888671875 -1.0770560503006 270.52627563477
76.729713439941 -0.89662444591522 270.69003295898
77.102241516113 -0.71975964307785 270.85382080078
77.482421875 -0.55052000284195 271.00778198242
77.866920471191 -0.38603091239929 271.15603637695
78.257629394531 -0.24345056712627 271.31063842773
78.649757385254 -0.10986194759607 271.46960449219
79.039047241211 0.028371823951602 271.6315612793
79.429557800293 0.16152440011501 271.79483032227
79.822280883789 0.28513047099113 271.96026611328
80.211029052734 0.4297761619091 272.11785888672
80.602111816406 0.57019871473312 272.27349853516
72.124008178711 -4.0090017318726 267.88171386719
72.388732910156 -3.6529474258423 267.95678710938
72.664154052734 -3.3114182949066 268.05679321289
72.955459594727 -2.9859726428986 268.16510009766
73.248138427734 -2.6619668006897 268.27401733398
73.562858581543 -2.362987279892 268.39260864258
73.880317687988 -2.0664134025574 268.50994873047
74.206077575684 -1.7773739099503 268.62326049805
74.539421081543 -1.4963300228119 268.73461914062
74.901824951172 -1.2500637769699 268.83715820312
75.263305664062 -1.000605225563 268.93515014648
75.61735534668 -0.73137253522873 269.00350952148
75.97142791748 -0.4621693789959 269.07177734375
76.349082946777 -0.22020620107651 269.10836791992
76.717376708984 0.035780467092991 269.14483642578
77.074684143066 0.3068630695343 269.181640625
77.446189880371 0.55503672361374 269.23544311523
77.81893157959 0.80536025762558 269.26544189453
78.185516357422 1.0661504268646 269.25503540039
78.554107666016 1.3241804838181 269.26327514648
78.924049377441 1.5803015232086 269.27020263672
79.290573120117 1.8413836956024 269.27191162109
79.655487060547 2.104710817337 269.2734375
80.031143188477 2.3515570163727 269.29470825195
80.403678894043 2.6024584770203 269.32247924805
