58.819229125977 2.4523317813873 273.20050048828
68.248382568359 -4.2984805107117 271.2883605957
69.580062866211 -1.1270881891251 270.03155517578
69.62809753418 -2.749783039093 274.17877197266
59.105541229248 2.1159927845001 273.09902954102
59.430042266846 1.8124345541 273.00973510742
59.777545928955 1.5328449010849 272.92907714844
60.139297485352 1.2701493501663 272.85452270508
60.507328033447 1.0154988765717 272.78277587891
60.880218505859 0.76735788583755 272.71340942383
61.257759094238 0.52570188045502 272.64630126953
61.638202667236 0.28823575377464 272.58068847656
62.019329071045 0.05177953466773 272.51538085938
62.399883270264 -0.18553264439106 272.44982910156
62.783935546875 -0.41764387488365 272.38607788086
63.164463043213 -0.65499466657639 272.32052612305
63.549396514893 -0.88578289747238 272.25726318359
63.927845001221 -1.1261368989944 272.19064331055
64.302490234375 -1.3718526363373 272.1220703125
64.676345825195 -1.6186695098877 272.05313110352
65.043037414551 -1.8750616312027 271.98080444336
65.41024017334 -2.1307952404022 271.90869140625
65.777366638184 -2.3866310119629 271.83657836914
66.128204345703 -2.6624302864075 271.75732421875
66.482147216797 -2.9346024990082 271.67932128906
66.832580566406 -3.2108716964722 271.59991455078
67.181121826172 -3.4892888069153 271.51968383789
67.530174255371 -3.7671377658844 271.43966674805
67.88126373291 -4.0426406860352 271.36050415039
59.210083007812 2.3649067878723 272.97872924805
59.637023925781 2.2491853237152 272.85955810547
60.077980041504 2.1539826393127 272.77947998047
60.51965713501 2.05051445961 272.71542358398
60.953327178955 1.9103180170059 272.66848754883
61.3874168396 1.7720770835876 272.61972045898
61.823787689209 1.6460814476013 272.55947875977
62.260173797607 1.5200381278992 272.49942016602
62.697467803955 1.3908033370972 272.45471191406
63.134761810303 1.2609477043152 272.41217041016
63.562297821045 1.1244828701019 272.31988525391
63.985202789307 0.9861496090889 272.21060180664
64.405616760254 0.84900170564651 272.09072875977
64.82315826416 0.71319735050201 271.95980834961
65.240455627441 0.58021253347397 271.82525634766
65.657279968262 0.45183122158051 271.68487548828
66.073013305664 0.33010849356651 271.53564453125
66.487297058105 0.21569392085075 271.37686157227
66.900489807129 0.080013401806355 271.2326965332
67.313385009766 -0.061030756682158 271.09286499023
67.738960266113 -0.20552664995193 271.00393676758
68.092590332031 -0.40965807437897 270.79666137695
68.459381103516 -0.6397939324379 270.64697265625
68.818489074707 -0.84484320878983 270.44970703125
69.18083190918 -1.0125815868378 270.22503662109
59.190486907959 2.2294504642487 273.38018798828
59.62377166748 2.0495114326477 273.3916015625
60.057502746582 1.8702808618546 273.38986206055
60.489112854004 1.686133980751 273.38272094727
60.917053222656 1.4938548803329 273.37097167969
61.355522155762 1.3267780542374 273.36227416992
61.799335479736 1.1743675470352 273.3551940918
62.24439239502 1.0263202190399 273.33926391602
62.69002532959 0.88071197271347 273.31817626953
63.124652862549 0.70426225662231 273.33267211914
63.563587188721 0.53881919384003 273.34704589844
64.014015197754 0.40729779005051 273.35491943359
64.456092834473 0.253632158041 273.38961791992
64.897529602051 0.098559312522411 273.42608642578
65.333381652832 -0.065320186316967 273.48458862305
65.759063720703 -0.24685689806938 273.56262207031
66.179222106934 -0.43745723366737 273.64859008789
66.606224060059 -0.61746710538864 273.72280883789
67.028335571289 -0.80735915899277 273.80035400391
67.428688049316 -1.0430850982666 273.86666870117
67.833389282227 -1.2752287387848 273.91741943359
68.225212097168 -1.5289686918259 273.96572875977
68.592018127441 -1.8159375190735 274.02362060547
68.960762023926 -2.0945925712585 274.10498046875
69.301109313965 -2.414119720459 274.15310668945
