71.093635559082 -2.0199882984161 268.26202392578
78.630989074707 1.1856764554977 272.58319091797
80.369552612305 -1.6358368396759 271.94781494141
79.858238220215 2.2757670879364 269.83264160156
71.133987426758 -1.844707608223 268.5788269043
71.308319091797 -1.677166223526 268.85223388672
71.521469116211 -1.5178674459457 269.10192871094
71.778121948242 -1.3722728490829 269.31674194336
72.058059692383 -1.2367386817932 269.50784301758
72.343002319336 -1.103707075119 269.69320678711
72.632621765137 -0.97314429283142 269.87298583984
72.926910400391 -0.84514230489731 270.04690551758
73.226997375488 -0.72058123350143 270.21325683594
73.53539276123 -0.60133898258209 270.36791992188
73.84822845459 -0.48520159721375 270.5158996582
74.160430908203 -0.36859726905823 270.66482543945
74.475814819336 -0.25432786345482 270.80877685547
74.791610717773 -0.1403397321701 270.95205688477
75.105354309082 -0.024853441864252 271.09860229492
75.421936035156 0.088540658354759 271.24060058594
75.738594055176 0.20184853672981 271.38250732422
76.051856994629 0.31756275892258 271.52987670898
76.370582580566 0.41326361894608 271.67990112305
76.690055847168 0.51483595371246 271.82391357422
77.010887145996 0.62710213661194 271.95700073242
77.33226776123 0.73871046304703 272.08929443359
77.654815673828 0.84891921281815 272.21990966797
77.977355957031 0.95912790298462 272.35055541992
78.302711486816 1.0713543891907 272.47177124023
71.346672058105 -2.0811784267426 268.54666137695
71.666122436523 -2.0053603649139 268.74993896484
72.035675048828 -1.9687314033508 268.86129760742
72.385620117188 -1.917574763298 269.02142333984
72.73713684082 -1.8622041940689 269.17639160156
73.09740447998 -1.804490685463 269.30902099609
73.457702636719 -1.7449097633362 269.44076538086
73.818099975586 -1.683754324913 269.57147216797
74.179359436035 -1.6300410032272 269.70309448242
74.540718078613 -1.5816051959991 269.83633422852
74.899101257324 -1.54967212677 269.98211669922
75.261131286621 -1.5252598524094 270.12008666992
75.628395080566 -1.5107074975967 270.24502563477
75.99365234375 -1.5041389465332 270.37631225586
76.354187011719 -1.5142598152161 270.5198059082
76.720771789551 -1.5086731910706 270.64749145508
77.08528137207 -1.5091298818588 270.78109741211
77.449295043945 -1.5108807086945 270.916015625
77.816184997559 -1.5099135637283 271.04290771484
78.187950134277 -1.512114405632 271.15460205078
78.554336547852 -1.5428766012192 271.27917480469
78.914619445801 -1.5949347019196 271.4140625
79.275886535645 -1.6281945705414 271.55221557617
79.637390136719 -1.6368232965469 271.69345092773
80.004173278809 -1.6135911941528 271.81851196289
71.327667236328 -1.7270473241806 268.33261108398
71.626586914062 -1.5274120569229 268.4638671875
71.963134765625 -1.3579654693604 268.53411865234
72.294036865234 -1.1912220716476 268.63235473633
72.624984741211 -1.0317487716675 268.7419128418
72.961090087891 -0.88247299194336 268.85015869141
73.299362182617 -0.73417937755585 268.95281982422
73.641479492188 -0.58767557144165 269.04483032227
73.983741760254 -0.43890205025673 269.1325378418
74.326454162598 -0.28760609030724 269.21383666992
74.675537109375 -0.14411854743958 269.2809753418
75.029739379883 -0.0074811312370002 269.33407592773
75.379318237305 0.14452177286148 269.37478637695
75.728126525879 0.29871958494186 269.41387939453
76.075942993164 0.45535564422607 269.45202636719
76.423606872559 0.61235457658768 269.49011230469
76.766357421875 0.78008902072906 269.52691650391
77.108528137207 0.94831538200378 269.56665039062
77.453163146973 1.1065555810928 269.6227722168
77.798522949219 1.2686033248901 269.66058349609
78.144157409668 1.432590842247 269.68542480469
78.49055480957 1.5959849357605 269.7021484375
78.834289550781 1.7645028829575 269.72253417969
79.174301147461 1.9397461414337 269.74798583984
79.516006469727 2.1090016365051 269.78750610352
