92.476142883301 2.1291632652283 633.02526855469
205.19444274902 -16.548757553101 669.30926513672
181.68649291992 -22.929695129395 696.32794189453
185.67558288574 -49.17166519165 669.18914794922
97.305725097656 3.4838347434998 632.75567626953
102.26554870605 4.2446975708008 633.01232910156
107.23310089111 4.9159307479858 633.34631347656
112.20838165283 5.2684755325317 633.95159912109
117.17733764648 5.5025215148926 634.65588378906
122.12776947021 5.5522108078003 635.51293945312
127.08518981934 5.6749787330627 636.30944824219
131.98275756836 5.4328866004944 637.40386962891
136.84178161621 5.0416789054871 638.61761474609
141.64779663086 4.5167756080627 639.93481445312
146.59648132324 5.099769115448 640.34002685547
151.27047729492 6.5164089202881 639.98968505859
155.67085266113 5.1190247535706 641.97186279297
160.57333374023 6.1193776130676 642.01556396484
165.11401367188 4.9751043319702 643.80877685547
170.00833129883 4.7341227531433 644.90173339844
174.73382568359 3.955952167511 646.41876220703
179.07049560547 2.465024471283 648.46856689453
183.83947753906 1.7999639511108 649.89770507812
187.5368347168 -0.40834710001945 652.43865966797
191.80688476562 -1.9911279678345 654.55413818359
195.0341796875 -4.6131319999695 657.35986328125
198.68472290039 -6.8917384147644 659.95184326172
201.42936706543 -9.8406352996826 662.94671630859
203.83421325684 -12.98246383667 666.04321289062
96.268173217773 2.084823846817 635.45666503906
100.44371795654 1.5605218410492 637.07196044922
104.79392242432 1.6308648586273 638.25946044922
109.141746521 1.6995038986206 639.39801025391
113.20096588135 0.90541207790375 641.05871582031
117.40565490723 0.73965668678284 642.54541015625
121.66561126709 0.20101374387741 643.93334960938
125.78237915039 -0.38463351130486 645.67639160156
129.77590942383 -1.2829843759537 647.55609130859
133.67463684082 -2.130081653595 649.60772705078
137.32066345215 -3.4748506546021 651.57177734375
140.26510620117 -4.3808360099792 654.51263427734
143.97947692871 -4.8621850013733 656.21502685547
146.86251831055 -6.3601770401001 658.91076660156
150.31965637207 -7.4965057373047 661.56011962891
153.8381652832 -8.5160341262817 664.18646240234
157.14765930176 -9.7375888824463 666.99835205078
160.24592590332 -11.136963844299 669.95562744141
163.26678466797 -12.497774124146 673.00482177734
166.28778076172 -13.70968914032 676.11871337891
169.1375579834 -15.130562782288 679.31616210938
171.74684143066 -16.800409317017 682.59552001953
174.09135437012 -18.388372421265 686.10668945312
176.5871887207 -19.820947647095 689.57928466797
179.10850524902 -21.256980895996 693.03265380859
96.849952697754 0.9138109087944 633.20690917969
101.2907333374 0.089606516063213 633.67803955078
105.66493988037 -0.77575159072876 634.44763183594
110.13767242432 -1.2431126832962 635.01959228516
114.36920928955 -2.4103398323059 636.19763183594
118.71462249756 -3.4015047550201 637.07019042969
122.99022674561 -4.4864339828491 638.14984130859
127.10214233398 -5.5302977561951 639.76831054688
131.3010559082 -6.9118809700012 640.76092529297
135.07695007324 -8.6547574996948 642.54168701172
139.00244140625 -10.557852745056 643.8017578125
142.78210449219 -11.942358970642 645.43670654297
145.1427154541 -14.372194290161 647.55078125
148.6413269043 -15.949151039124 648.74627685547
152.34507751465 -17.934875488281 649.93768310547
155.89137268066 -20.188930511475 651.60266113281
159.22737121582 -22.667362213135 653.40228271484
162.72003173828 -25.175504684448 654.87603759766
166.03329467773 -27.821823120117 656.50665283203
169.18591308594 -30.607860565186 658.22222900391
172.23422241211 -33.506607055664 659.94366455078
175.25428771973 -36.450866699219 661.63836669922
178.25825500488 -39.420116424561 663.31799316406
180.89117431641 -42.691246032715 665.04791259766
183.41087341309 -46.008869171143 666.85754394531
