103.20450592041 -18.798089981079 347.00625610352
50.787368774414 -28.546804428101 337.76351928711
37.980087280273 -26.467935562134 343.61956787109
40.510242462158 -24.899230957031 330.84780883789
101.23110198975 -19.350341796875 346.6213684082
99.211242675781 -19.727628707886 346.26489257812
97.191772460938 -20.106590270996 345.90811157227
95.159744262695 -20.423303604126 345.56198120117
93.125663757324 -20.72883605957 345.21786499023
91.090972900391 -21.030881881714 344.8742980957
89.065010070801 -21.378932952881 344.52276611328
87.0458984375 -21.759559631348 344.16571044922
85.01050567627 -22.057689666748 343.82287597656
82.974258422852 -22.350885391235 343.48083496094
80.946769714355 -22.691202163696 343.13067626953
78.911392211914 -22.98939704895 342.7878112793
76.882133483887 -23.320724487305 342.4391784668
74.859649658203 -23.685518264771 342.08480834961
72.817932128906 -23.945514678955 341.74862670898
70.769554138184 -24.159675598145 341.42074584961
68.716361999512 -24.334899902344 341.0998840332
66.673843383789 -24.589632034302 340.76467895508
64.632804870605 -24.853992462158 340.427734375
62.603397369385 -25.184534072876 340.07925415039
60.588642120361 -25.584735870361 339.71890258789
58.615001678467 -26.137533187866 339.33389282227
56.650630950928 -26.719539642334 338.94430541992
54.672374725342 -27.25733757019 338.56155395508
52.719058990479 -27.872270584106 338.16702270508
100.74562072754 -18.989517211914 347.30874633789
98.209945678711 -19.174959182739 347.1328125
95.676742553711 -19.256669998169 346.87033081055
93.145668029785 -19.374656677246 346.60470581055
90.617622375488 -19.574724197388 346.35186767578
88.095687866211 -19.800113677979 346.0651550293
85.579971313477 -20.051223754883 345.74407958984
83.063262939453 -20.206365585327 345.38879394531
80.545516967773 -20.261058807373 344.99774169922
78.023292541504 -20.488422393799 344.73065185547
75.500549316406 -20.75767326355 344.48962402344
72.983947753906 -21.054882049561 344.21875
70.458641052246 -21.270347595215 343.9557800293
67.93049621582 -21.479091644287 343.71240234375
65.401634216309 -21.714687347412 343.50427246094
62.870975494385 -21.968315124512 343.34173583984
60.340866088867 -22.24458694458 343.21737670898
57.809810638428 -22.522649765015 343.1220703125
55.269428253174 -22.681930541992 342.99533081055
52.737056732178 -22.946897506714 342.9055480957
50.212581634521 -23.286319732666 342.85256958008
47.701984405518 -23.711048126221 342.85333251953
45.30676651001 -24.527099609375 343.14633178711
42.836730957031 -25.136121749878 343.28811645508
40.343059539795 -25.662027359009 343.2873840332
100.82564544678 -18.662914276123 346.24780273438
98.33211517334 -18.701271057129 345.74496459961
95.840919494629 -18.730169296265 345.23013305664
93.351501464844 -18.771518707275 344.7096862793
90.874122619629 -18.960103988647 344.16284179688
88.372398376465 -19.089483261108 343.72860717773
85.85920715332 -19.193521499634 343.34780883789
83.347259521484 -19.312644958496 342.9631652832
80.829322814941 -19.443164825439 342.64294433594
78.294120788574 -19.606550216675 342.50848388672
75.758918762207 -19.76993560791 342.37405395508
73.657218933105 -20.053638458252 341.10009765625
71.137306213379 -20.103923797607 340.75439453125
68.642463684082 -20.23585319519 340.29336547852
66.169342041016 -20.438482284546 339.73245239258
63.712703704834 -20.660820007324 339.11016845703
61.24084854126 -20.806911468506 338.53668212891
58.747966766357 -20.853178024292 338.03128051758
56.311264038086 -21.128868103027 337.35580444336
53.872779846191 -21.335361480713 336.66284179688
51.445125579834 -21.512777328491 335.92633056641
49.052894592285 -21.717317581177 335.0852355957
46.729816436768 -22.014598846436 334.09399414062
44.626628875732 -22.687994003296 332.84197998047
42.617595672607 -23.773748397827 331.72085571289
