79.172218322754 -11.319562911987 276.16326904297
71.216484069824 -8.7349710464478 279.20599365234
73.552841186523 -7.0364694595337 296.57781982422
71.405548095703 10.533860206604 281.87799072266
78.865600585938 -11.480471611023 276.00796508789
78.528984069824 -11.600434303284 275.89672851562
78.156562805176 -11.656373023987 275.85403442383
77.780776977539 -11.70018863678 275.82415771484
77.401885986328 -11.699215888977 275.84127807617
77.022766113281 -11.698181152344 275.85848999023
76.645065307617 -11.682006835938 275.89147949219
76.269660949707 -11.652304649353 275.93850708008
75.899452209473 -11.603089332581 276.00576782227
75.542167663574 -11.522820472717 276.10494995117
75.195953369141 -11.423070907593 276.22406005859
74.86848449707 -11.29776763916 276.36907958984
74.554496765137 -11.157299041748 276.52938842773
74.254684448242 -11.003060340881 276.70358276367
73.969505310059 -10.836214065552 276.89025878906
73.693305969238 -10.662344932556 277.08395385742
73.423248291016 -10.483944892883 277.28210449219
73.159881591797 -10.300813674927 277.48492431641
72.89582824707 -10.11817073822 277.68725585938
72.655120849609 -9.920636177063 277.90420532227
72.409294128418 -9.7261638641357 278.1181640625
72.152687072754 -9.5384874343872 278.32540893555
71.921646118164 -9.3354349136353 278.54769897461
71.681549072266 -9.137544631958 278.76501464844
71.471504211426 -8.9236660003662 278.99771118164
78.492454528809 -11.6710729599 276.68341064453
77.57625579834 -11.789786338806 276.80206298828
76.755104064941 -11.704566955566 277.19720458984
76.394020080566 -11.600464820862 278.04556274414
76.085578918457 -11.799472808838 278.90478515625
75.747192382812 -11.95595741272 279.76168823242
75.393646240234 -12.114918708801 280.61190795898
75.030944824219 -12.215119361877 281.46621704102
74.631233215332 -12.180797576904 282.30999755859
74.285713195801 -12.105121612549 283.17465209961
74.026100158691 -12.054863929749 284.06985473633
73.900245666504 -12.0778465271 284.99356079102
73.842071533203 -11.896256446838 285.90817260742
73.708526611328 -11.732462882996 286.81848144531
73.582565307617 -11.597055435181 287.73446655273
73.499801635742 -11.464053153992 288.65548706055
73.453804016113 -11.240584373474 289.56170654297
73.419212341309 -10.98450088501 290.45977783203
73.412117004395 -10.725047111511 291.35739135742
73.471778869629 -10.407910346985 292.234375
73.555442810059 -10.036214828491 293.0876159668
73.645858764648 -9.5941438674927 293.90594482422
73.739738464355 -9.095253944397 294.68936157227
73.641746520996 -8.3788862228394 295.28137207031
73.571891784668 -7.7082343101501 295.9284362793
78.355529785156 -10.83217048645 275.9387512207
77.408912658691 -10.629353523254 276.09442138672
76.675575256348 -10.010370254517 276.27337646484
76.197685241699 -9.1545648574829 276.13885498047
75.720420837402 -8.2981090545654 276.01010131836
75.300956726074 -7.4041848182678 275.95910644531
74.956146240234 -6.4772381782532 275.97589111328
74.580841064453 -5.5652022361755 276.05410766602
74.203170776367 -4.6577854156494 276.16693115234
73.825286865234 -3.7554066181183 276.31420898438
73.482192993164 -2.8392961025238 276.46173095703
73.162132263184 -1.921654343605 276.64685058594
72.880851745605 -0.99140292406082 276.83212280273
72.626266479492 -0.057301715016365 277.03588867188
72.378784179688 0.87912076711655 277.2373046875
72.160667419434 1.8107217550278 277.48913574219
71.945732116699 2.7388095855713 277.75601196289
71.766471862793 3.6619000434875 278.06304931641
71.623260498047 4.5569934844971 278.45950317383
71.491050720215 5.4443135261536 278.87664794922
71.398277282715 6.3250961303711 279.31762695312
71.3427734375 7.210844039917 279.75485229492
71.348213195801 8.0858793258667 280.21655273438
71.34496307373 8.952262878418 280.69424438477
71.36222076416 9.7708225250244 281.24966430664
