67.77946472168 -3.6285583972931 266.4658203125
77.484832763672 5.0691661834717 269.37063598633
79.71248626709 0.71051132678986 272.41632080078
79.885131835938 2.4565541744232 265.05609130859
67.954467773438 -3.1558439731598 266.59951782227
68.171012878418 -2.7012631893158 266.73138427734
68.431121826172 -2.2697172164917 266.86029052734
68.737823486328 -1.8668177127838 266.9850769043
69.05729675293 -1.4734691381454 267.10821533203
69.392501831055 -1.0930289030075 267.22918701172
69.744323730469 -0.72709721326828 267.34753417969
70.114990234375 -0.37877255678177 267.46258544922
70.485572814941 -0.030380493029952 267.57769775391
70.864692687988 0.30912938714027 267.6911315918
71.248481750488 0.6437970995903 267.80358886719
71.628807067871 0.98219203948975 267.91674804688
72.037384033203 1.2878942489624 268.02349853516
72.441909790039 1.5987110137939 268.13125610352
72.842628479004 1.9142178297043 268.2399597168
73.249519348145 2.2222876548767 268.34719848633
73.639999389648 2.5494818687439 268.45822143555
74.040878295898 2.8642656803131 268.56674194336
74.454681396484 3.1636033058167 268.67218017578
74.871871948242 3.4585494995117 268.77673339844
75.293495178223 3.7475152015686 268.88006591797
75.719688415527 4.0301427841187 268.98205566406
76.150543212891 4.3061676025391 269.08267211914
76.586372375488 4.574866771698 269.18173217773
77.036201477051 4.8207406997681 269.27590942383
68.08772277832 -3.4944941997528 266.89511108398
68.504280090332 -3.2826707363129 267.17831420898
68.959861755371 -3.0860419273376 267.40737915039
69.433174133301 -2.88889336586 267.59677124023
69.899765014648 -2.6725215911865 267.78176879883
70.357643127441 -2.444128036499 267.97396850586
70.8076171875 -2.2079405784607 268.17517089844
71.264945983887 -1.9670913219452 268.35290527344
71.732620239258 -1.7407504320145 268.52267456055
72.205352783203 -1.5220677852631 268.68835449219
72.67748260498 -1.3098105192184 268.86386108398
73.149322509766 -1.1030849218369 269.0466003418
73.623588562012 -0.91705107688904 269.24462890625
74.097801208496 -0.73279762268066 269.44448852539
74.571701049805 -0.55593156814575 269.65161132812
75.040748596191 -0.37591105699539 269.86688232422
75.507377624512 -0.20450820028782 270.09411621094
75.986808776855 -0.072928667068481 270.32125854492
76.463424682617 0.048571519553661 270.55966186523
76.939125061035 0.17458248138428 270.79754638672
77.408149719238 0.31883695721626 271.03829956055
77.839721679688 0.44212818145752 271.35015869141
78.2734375 0.57230681180954 271.65628051758
78.735877990723 0.65154582262039 271.93664550781
79.216842651367 0.7227817773819 272.18634033203
68.128898620605 -3.3520143032074 266.18060302734
68.574974060059 -3.0713019371033 266.11456298828
69.043045043945 -2.8235626220703 266.07293701172
69.515342712402 -2.5807130336761 266.06195068359
69.964981079102 -2.2980012893677 266.05044555664
70.412368774414 -2.011759519577 266.03942871094
70.871627807617 -1.7448943853378 266.04922485352
71.332015991211 -1.4801366329193 266.06134033203
71.803863525391 -1.2400381565094 266.10543823242
72.276268005371 -1.0013391971588 266.15103149414
72.753410339355 -0.77013766765594 266.18444824219
73.235816955566 -0.54837489128113 266.20278930664
73.716209411621 -0.32237440347672 266.22225952148
74.194770812988 -0.092600144445896 266.24261474609
74.669090270996 0.14263297617435 266.19888305664
75.139404296875 0.37915650010109 266.12753295898
75.614219665527 0.60816890001297 266.06164550781
76.089790344238 0.83616745471954 265.99774169922
76.565521240234 1.0647261142731 265.93713378906
77.039337158203 1.2930283546448 265.86224365234
77.512054443359 1.5211309194565 265.78015136719
77.987281799316 1.7119549512863 265.63922119141
78.457984924316 1.9079357385635 265.49002075195
78.944892883301 2.0815165042877 265.36761474609
79.433723449707 2.2453694343567 265.23947143555
