99.717552185059 12.966314315796 298.5104675293
81.637939453125 -12.150926589966 314.42974853516
77.516395568848 -4.8220162391663 342.28436279297
58.970989227295 -3.7604420185089 323.87295532227
100.32135772705 11.633986473083 297.78170776367
100.50923919678 10.045405387878 297.44842529297
100.559425354 8.4239673614502 297.25079345703
100.65368652344 6.8103971481323 297.00942993164
100.64089202881 5.1818675994873 296.87451171875
100.38206481934 3.5733144283295 296.98907470703
99.999649047852 2.0032250881195 297.23147583008
99.58081817627 0.44866514205933 297.51193237305
98.993232727051 -1.0047522783279 297.97149658203
98.408515930176 -2.4609797000885 298.42785644531
97.722633361816 -3.8319234848022 298.9938659668
96.909400939941 -5.0593433380127 299.70111083984
96.01416015625 -6.1672530174255 300.50170898438
95.060218811035 -7.1694369316101 301.37097167969
94.016098022461 -7.9563088417053 302.35061645508
93.011833190918 -8.8493146896362 303.28042602539
91.922332763672 -9.4810514450073 304.31973266602
90.80339050293 -9.9805774688721 305.40072631836
89.673873901367 -10.417253494263 306.498046875
88.536437988281 -10.795866966248 307.60870361328
87.393669128418 -11.127346992493 308.72891235352
86.240264892578 -11.277715682983 309.8762512207
85.087089538574 -11.449001312256 311.02151489258
83.940963745117 -11.742844581604 312.14852905273
82.78776550293 -11.906410217285 313.29446411133
99.510818481445 11.486384391785 299.63806152344
99.210182189941 9.5340347290039 300.63021850586
98.293090820312 8.2839527130127 302.12106323242
97.17667388916 7.2402682304382 303.73980712891
96.077972412109 6.2686886787415 305.41525268555
94.820442199707 5.744562625885 307.14111328125
93.471534729004 5.459183216095 308.8893737793
92.056488037109 5.1275811195374 310.57635498047
90.664085388184 4.7144837379456 312.26080322266
89.307838439941 4.1712522506714 313.94119262695
87.94962310791 3.6054275035858 315.61166381836
86.582229614258 2.9341988563538 317.23583984375
85.221633911133 2.2643260955811 318.86572265625
84.006782531738 1.6235414743423 320.61834716797
82.791931152344 0.98275703191757 322.37100219727
81.577850341797 0.34192976355553 324.12408447266
80.694396972656 -0.31722745299339 326.05880737305
79.810943603516 -0.97638469934464 327.99356079102
79.141151428223 -1.2877699136734 330.05133056641
78.643218994141 -1.3531967401505 332.2043762207
77.906936645508 -2.0199477672577 334.197265625
77.214920043945 -2.6093237400055 336.22296142578
76.662940979004 -2.9539015293121 338.35244750977
76.159027099609 -3.9192540645599 340.28503417969
76.884292602539 -4.7137498855591 341.90228271484
98.198783874512 11.646111488342 298.5094909668
97.282936096191 9.7601776123047 298.88082885742
95.890205383301 8.3436117172241 299.56796264648
94.451454162598 7.3963470458984 300.70971679688
92.996131896973 6.7870697975159 302.13500976562
91.444770812988 6.1834440231323 303.46255493164
89.881774902344 5.6305532455444 304.79211425781
88.384605407715 5.3935170173645 306.27807617188
86.806419372559 5.0022525787354 307.65274047852
85.227485656738 4.4861164093018 308.98178100586
83.648223876953 3.9159932136536 310.29110717773
82.068969726562 3.3458700180054 311.60043334961
80.413864135742 2.7022120952606 312.77114868164
78.735931396484 2.0364258289337 313.90017700195
77.057998657227 1.3706393241882 315.02917480469
75.380058288574 0.70485287904739 316.158203125
73.736396789551 -0.067711055278778 317.25927734375
72.150535583496 -1.0203838348389 318.31326293945
70.564674377441 -1.9730566740036 319.36724853516
68.745109558105 -2.5983104705811 320.14794921875
66.706016540527 -2.9160242080688 320.67196655273
64.666923522949 -3.2337377071381 321.19598388672
62.627834320068 -3.5514514446259 321.71997070312
60.689609527588 -3.4843728542328 322.56423950195
58.774364471436 -3.329639673233 323.48147583008
