86.54704284668 -7.2242784500122 331.36239624023
71.299713134766 15.803386688232 329.28948974609
53.537696838379 6.2797131538391 323.5466003418
58.661693572998 7.9018802642822 340.77172851562
86.899230957031 -6.1355495452881 331.16738891602
86.953140258789 -4.9887361526489 330.99063110352
86.951721191406 -3.8399634361267 330.81851196289
86.881713867188 -2.6924047470093 330.65283203125
86.725814819336 -1.5520318746567 330.49603271484
86.515296936035 -0.4196999669075 330.34533691406
86.205146789551 0.69113981723785 330.20687866211
85.830192565918 1.7827790975571 330.07717895508
85.350234985352 2.8344397544861 329.96292114258
84.867118835449 3.884706735611 329.84921264648
84.38924407959 4.9372353553772 329.73461914062
83.823181152344 5.946581363678 329.63455200195
83.155006408691 6.8933062553406 329.5530090332
82.516899108887 7.8599014282227 329.46591186523
81.759292602539 8.7382125854492 329.40274047852
80.962394714355 9.5816488265991 329.3483581543
80.136039733887 10.396669387817 329.30090332031
79.273025512695 11.173282623291 329.26254272461
78.391929626465 11.929511070251 329.22888183594
77.443229675293 12.59969997406 329.21417236328
76.488975524902 13.261986732483 329.20120239258
75.514579772949 13.894371986389 329.19451904297
74.521965026855 14.497784614563 329.19381713867
73.487686157227 15.02642250061 329.20812988281
72.393356323242 15.413892745972 329.24899291992
85.820594787598 -6.8807649612427 330.15322875977
84.940887451172 -6.0561208724976 329.33630371094
83.955116271973 -5.2557187080383 328.62335205078
82.85279083252 -4.469048500061 328.08786010742
81.702171325684 -3.6460115909576 327.74081420898
80.597091674805 -2.784102678299 327.34689331055
79.319038391113 -2.1180877685547 327.13735961914
78.152130126953 -1.3132622241974 326.80194091797
76.971855163574 -0.53762918710709 326.44692993164
75.666000366211 0.086749203503132 326.28353881836
74.342559814453 0.64546346664429 326.04223632812
72.992233276367 1.1336086988449 325.79666137695
71.637161254883 1.6136618852615 325.56207275391
70.357353210449 2.2365324497223 325.25250244141
69.003623962402 2.7278156280518 325.03359985352
67.624061584473 3.1662282943726 324.87060546875
66.237838745117 3.5832898616791 324.70834350586
64.829246520996 3.9191999435425 324.55075073242
63.393165588379 4.1326246261597 324.43270874023
61.941352844238 4.2410273551941 324.38464355469
60.507961273193 4.4888677597046 324.30770874023
59.081520080566 4.7709956169128 324.22048950195
57.631629943848 4.8965172767639 324.158203125
56.232921600342 5.2723145484924 324.00250244141
54.879734039307 5.7652835845947 323.78378295898
86.20344543457 -6.5849456787109 332.46978759766
85.61644744873 -5.6328272819519 333.18252563477
84.924346923828 -4.6162996292114 333.67977905273
84.075859069824 -3.6725971698761 334.06582641602
83.106018066406 -2.7988176345825 334.30386352539
82.132713317871 -1.9335566759109 334.55743408203
81.095016479492 -1.1694015264511 334.87362670898
80.080688476562 -0.37063351273537 335.17990112305
79.034255981445 0.39983636140823 335.44830322266
77.967849731445 1.1265007257462 335.75717163086
76.878936767578 1.798287987709 336.10873413086
75.740013122559 2.4002370834351 336.4267578125
74.560417175293 2.9238514900208 336.73510742188
73.355575561523 3.3833668231964 337.04809570312
72.15763092041 3.8550865650177 337.369140625
71.005699157715 4.4116744995117 337.72131347656
69.84610748291 4.9628133773804 338.05575561523
68.596801757812 5.3795819282532 338.21640014648
67.445587158203 5.9177312850952 338.59817504883
66.225944519043 6.3225646018982 338.92874145508
64.97696685791 6.6451606750488 339.23977661133
63.744541168213 6.9918527603149 339.58862304688
62.494922637939 7.2905850410461 339.92016601562
61.200527191162 7.4773983955383 340.14468383789
59.90926361084 7.6579642295837 340.39114379883
