3.5368208885193 -9.622034072876 -25.123563766479
-2.2754859924316 14.078450202942 -19.663759231567
-9.5476665496826 6.7866792678833 -27.830629348755
-6.6396408081055 4.0070381164551 -14.195569992065
4.1477966308594 -8.725323677063 -25.035642623901
4.6568603515625 -7.7698125839233 -24.921676635742
5.0944848060608 -6.7815976142883 -24.791124343872
5.5121126174927 -5.7853546142578 -24.656148910522
5.8548512458801 -4.7631387710571 -24.505399703979
6.1286253929138 -3.7223644256592 -24.341186523438
6.3444499969482 -2.6697494983673 -24.166381835938
6.4547123908997 -1.603968501091 -23.973926544189
6.5280632972717 -0.5360295176506 -23.77578163147
6.5184526443481 0.53211057186127 -23.56575012207
6.4651026725769 1.5977914333344 -23.3499584198
6.3079290390015 2.6505961418152 -23.121850967407
6.1548013687134 3.7040932178497 -22.894186019897
5.8323307037354 4.7149338722229 -22.650676727295
5.460693359375 5.7078905105591 -22.403635025024
5.0419611930847 6.6811790466309 -22.15371131897
4.5566363334656 7.6221394538879 -21.900594711304
3.9753022193909 8.5063209533691 -21.644857406616
3.3718173503876 9.375433921814 -21.388904571533
2.7008476257324 10.193655014038 -21.133253097534
1.9603799581528 10.95024394989 -20.879720687866
1.1461960077286 11.628704071045 -20.630922317505
0.29958084225655 12.267466545105 -20.385242462158
-0.55345237255096 12.897664070129 -20.140327453613
-1.3011645078659 13.647242546082 -19.887126922607
3.242537021637 -8.9666147232056 -25.651565551758
3.1909656524658 -8.1273794174194 -25.958612442017
3.1342656612396 -7.2539973258972 -26.148080825806
3.0552356243134 -6.3807601928711 -26.330053329468
2.9489991664886 -5.5085349082947 -26.502756118774
2.8070697784424 -4.6393957138062 -26.665073394775
2.6257910728455 -3.7769553661346 -26.822896957397
2.324346780777 -2.9491143226624 -26.983335494995
2.0159137248993 -2.1244220733643 -27.144403457642
1.5045195817947 -1.4108254909515 -27.320997238159
0.99669015407562 -0.69407945871353 -27.49507522583
0.52433979511261 0.051918763667345 -27.644412994385
-0.32494711875916 0.32846182584763 -27.657375335693
-1.2101525068283 0.2860219180584 -27.712490081787
-1.9647969007492 0.76727050542831 -27.686685562134
-2.6998760700226 1.2777541875839 -27.717821121216
-3.4214165210724 1.805571436882 -27.763282775879
-4.0903830528259 2.3967168331146 -27.692947387695
-4.74369764328 3.0054335594177 -27.626222610474
-5.3470788002014 3.6648097038269 -27.570686340332
-5.9512414932251 4.3231911659241 -27.513910293579
-6.6124491691589 4.9090390205383 -27.36727142334
-7.2972002029419 5.4711575508118 -27.239692687988
-8.0710582733154 5.9128227233887 -27.328704833984
-8.8248605728149 6.3532299995422 -27.527969360352
3.530775308609 -9.2409687042236 -24.364444732666
3.5908806324005 -8.5116062164307 -23.927339553833
3.6458840370178 -7.7795991897583 -23.494007110596
3.685574054718 -7.0394968986511 -23.072940826416
3.6676750183105 -6.3041653633118 -22.642124176025
3.5863542556763 -5.5825409889221 -22.195707321167
3.4682071208954 -4.8744759559631 -21.736011505127
3.3005139827728 -4.1824645996094 -21.267385482788
3.0905032157898 -3.5085000991821 -20.789608001709
2.7964057922363 -2.8787407875061 -20.296306610107
2.433856010437 -2.3287613391876 -19.75562286377
2.0993769168854 -1.7069669961929 -19.278373718262
1.5354896783829 -1.2259780168533 -18.86089515686
0.76946812868118 -1.2748351097107 -18.497531890869
0.019771913066506 -1.1547818183899 -18.123245239258
-0.49189269542694 -0.64913552999496 -17.66644859314
-1.0822435617447 -0.21912048757076 -17.227346420288
-1.7305345535278 0.14498852193356 -16.810729980469
-2.3422327041626 0.58032590150833 -16.408634185791
-2.861095905304 1.1534752845764 -16.049758911133
-3.4251852035522 1.7065720558167 -15.729686737061
-4.0255064964294 2.240067243576 -15.444025039673
-4.6529407501221 2.7531805038452 -15.180075645447
-5.2855339050293 3.2466197013855 -14.892185211182
-5.9380264282227 3.6683530807495 -14.541507720947
