123.99024200439 7.4941024780273 323.16220092773
113.92098999023 37.054378509521 330.4934387207
106.67861175537 25.408214569092 320.06210327148
107.40726470947 22.565006256104 336.60650634766
124.82782745361 8.6237440109253 323.2939453125
125.56688690186 9.8048553466797 323.47439575195
126.16403198242 11.060092926025 323.72497558594
126.66213989258 12.355602264404 323.96450805664
127.06441497803 13.69007396698 324.19332885742
127.29730987549 15.052182197571 324.47467041016
127.49720001221 16.419675827026 324.76620483398
127.51345825195 17.790330886841 325.10430908203
127.52079772949 19.161138534546 325.44464111328
127.30149841309 20.529493331909 325.71661376953
127.07998657227 21.897825241089 325.98791503906
126.69834136963 23.222526550293 326.29049682617
126.30013275146 24.54271697998 326.59634399414
125.76477050781 25.794919967651 326.94802856445
125.12087249756 26.990840911865 327.33074951172
124.33260345459 28.097373962402 327.71572875977
123.4624710083 29.173124313354 327.9997253418
122.59234619141 30.248874664307 328.28369140625
121.59902954102 31.197214126587 328.60592651367
120.58642578125 32.125602722168 328.93411254883
119.48428344727 32.961906433105 329.20581054688
118.32913970947 33.735900878906 329.44818115234
117.1971206665 34.534862518311 329.68551635742
116.16988372803 35.4690284729 329.9446105957
115.10775756836 36.366310119629 330.19067382812
123.76515197754 8.350625038147 322.54580688477
123.73876190186 9.4254131317139 322.42538452148
123.67285919189 10.5 322.31915283203
123.55953216553 11.572198867798 322.23010253906
123.3783416748 12.635186195374 322.14282226562
123.15200042725 13.68959236145 322.05694580078
122.84106445312 14.724570274353 322.00747680664
122.45825195312 15.736231803894 321.99014282227
122.02338409424 16.725168228149 321.93362426758
121.55358123779 17.696281433105 321.85260009766
120.80834197998 18.444414138794 321.6259765625
119.87617492676 18.901067733765 321.34686279297
118.83910369873 18.842613220215 321.04571533203
117.79951477051 18.953746795654 320.79510498047
116.86510467529 19.490947723389 320.70526123047
115.8828125 19.938098907471 320.63095092773
114.89685821533 20.376886367798 320.56707763672
113.99356842041 20.972217559814 320.56619262695
113.10595703125 21.589942932129 320.54776000977
112.28770446777 22.292110443115 320.45941162109
111.46775817871 22.992181777954 320.37200927734
110.57678222656 23.603887557983 320.32354736328
109.6697769165 24.192150115967 320.28427124023
108.71311950684 24.693675994873 320.22479248047
107.70810699463 25.083589553833 320.1337890625
123.86686706543 7.9741787910461 324.17349243164
123.98532104492 8.8680896759033 324.86093139648
123.99021911621 9.8339624404907 325.45608520508
123.97814941406 10.798506736755 326.05255126953
123.82493591309 11.746570587158 326.65655517578
123.66828155518 12.693872451782 327.26052856445
123.39550018311 13.615877151489 327.86267089844
123.07921600342 14.525437355042 328.46228027344
122.65883636475 15.399574279785 329.05072021484
122.18154907227 16.25636100769 329.62069702148
121.53717803955 17.00044631958 330.13858032227
120.50542449951 16.70821762085 330.50869750977
119.48365783691 16.484127044678 330.94332885742
118.4875869751 16.641386032104 331.45895385742
117.54467773438 17.067401885986 331.92388916016
116.59882354736 17.546213150024 332.32739257812
115.6194229126 17.941774368286 332.74136352539
114.66095733643 18.366548538208 333.17272949219
113.80981445312 18.966171264648 333.62341308594
112.95787811279 19.564523696899 334.07424926758
112.08249664307 20.124876022339 334.5290222168
111.19129180908 20.658174514771 334.98553466797
110.26679992676 21.153255462646 335.41827392578
109.30780792236 21.604476928711 335.82305908203
108.35707855225 22.083292007446 336.21542358398
