67.739822387695 23.781475067139 331.47348022461
55.734188079834 38.695323944092 334.09600830078
43.855850219727 35.625610351562 326.947265625
47.753944396973 34.111385345459 343.10140991211
68.116806030273 24.475584030151 331.43426513672
68.181938171387 25.263156890869 331.45227050781
67.966682434082 26.022649765015 331.51754760742
67.714027404785 26.769905090332 331.58883666992
67.399932861328 27.49254989624 331.66979980469
67.05525970459 28.200576782227 331.75543212891
66.684631347656 28.894645690918 331.84509277344
66.243949890137 29.545215606689 331.94519042969
65.795890808105 30.190549850464 332.04635620117
65.328964233398 30.821935653687 332.15026855469
64.855583190918 31.448299407959 332.25506591797
64.34659576416 32.0452003479 332.36492919922
63.816295623779 32.622703552246 332.47778320312
63.284706115723 33.19877243042 332.59075927734
62.697231292725 33.716289520264 332.7112121582
62.124656677246 34.250621795654 332.82974243164
61.519775390625 34.746990203857 332.95236206055
60.86563873291 35.174777984619 333.08096313477
60.230377197266 35.63073348999 333.20739746094
59.576923370361 36.059616088867 333.3359375
58.925624847412 36.491809844971 333.46423339844
58.288890838623 36.94522857666 333.59078979492
57.589199066162 37.286952972412 333.72406005859
57.050365447998 37.856281280518 333.83804321289
56.372932434082 38.244331359863 333.96920776367
67.102577209473 24.523904800415 331.07696533203
66.398323059082 25.303611755371 330.97137451172
65.566307067871 25.929264068604 330.78961181641
64.720336914062 26.554071426392 330.68533325195
63.892776489258 27.205965042114 330.60250854492
63.012847900391 27.783792495728 330.50860595703
62.137023925781 28.366235733032 330.40542602539
61.250328063965 28.927146911621 330.27978515625
60.309410095215 29.398872375488 330.18438720703
59.35737991333 29.852474212646 330.11492919922
58.406101226807 30.299520492554 330.00457763672
57.455936431885 30.73949432373 329.86111450195
56.510139465332 31.182813644409 329.70013427734
55.558284759521 31.60648727417 329.52279663086
54.596363067627 32.007720947266 329.34759521484
53.627998352051 32.393383026123 329.17294311523
52.648891448975 32.749900817871 328.99624633789
51.67268371582 33.120162963867 328.83221435547
50.703788757324 33.514701843262 328.6823425293
49.75594329834 33.906112670898 328.42666625977
48.798099517822 34.275848388672 328.17608642578
47.815162658691 34.59582901001 327.95602416992
46.815101623535 34.899726867676 327.79959106445
45.850128173828 35.226615905762 327.51861572266
44.861434936523 35.460552215576 327.22750854492
67.336395263672 24.482151031494 332.04193115234
66.761375427246 25.194492340088 332.41116333008
66.072456359863 25.695222854614 332.91134643555
65.409744262695 26.352632522583 333.23791503906
64.627586364746 26.838157653809 333.60293579102
63.891075134277 27.285661697388 334.09234619141
63.184764862061 27.791450500488 334.56842041016
62.40905380249 28.283210754395 334.94110107422
61.606716156006 28.761323928833 335.27313232422
60.802761077881 29.211692810059 335.63806152344
60.003829956055 29.620759963989 336.05880737305
59.19836807251 30.009199142456 336.48648071289
58.402462005615 30.372159957886 336.95281982422
57.606815338135 30.731931686401 337.42205810547
56.799953460693 31.097145080566 337.86734008789
55.989356994629 31.454477310181 338.31216430664
55.162044525146 31.774173736572 338.75491333008
54.340843200684 32.085189819336 339.21490478516
53.533203125 32.389419555664 339.70257568359
52.740306854248 32.713008880615 340.2018737793
51.937236785889 33.017024993896 340.69717407227
51.114505767822 33.267021179199 341.1904296875
50.276309967041 33.520282745361 341.65515136719
49.444225311279 33.80672454834 342.11126708984
48.594570159912 33.949962615967 342.60140991211
