66.713447570801 14.463594436646 334.10775756836
44.881149291992 12.89385509491 345.8879699707
44.278312683105 17.823333740234 340.62857055664
44.404735565186 9.6202449798584 339.53741455078
65.942733764648 14.388773918152 334.67007446289
65.127777099609 14.322550773621 335.16735839844
64.310272216797 14.256876945496 335.66055297852
63.465087890625 14.197576522827 336.10546875
62.627624511719 14.136410713196 336.56454467773
61.780529022217 14.077587127686 337.00588989258
60.946678161621 14.01557636261 337.47137451172
60.097663879395 13.957230567932 337.90911865234
59.260608673096 13.895969390869 338.36889648438
58.426677703857 13.833970069885 338.8342590332
57.583179473877 13.774263381958 339.28231811523
56.717166900635 13.720422744751 339.68597412109
55.867382049561 13.662272453308 340.12222290039
55.008495330811 13.606485366821 340.54061889648
54.15119934082 13.550287246704 340.96215820312
53.288955688477 13.495409011841 341.37368774414
52.436176300049 13.438025474548 341.80416870117
51.5797996521 13.38157749176 342.22756958008
50.726856231689 13.324240684509 342.65771484375
49.891544342041 13.262565612793 343.12063598633
49.05192565918 13.201912879944 343.57577514648
48.247749328613 13.133449554443 344.09002685547
47.389888763428 13.077396392822 344.51043701172
46.583679199219 13.009347915649 345.02154541016
45.738182067871 12.950125694275 345.46588134766
66.404388427734 15.314593315125 334.32162475586
65.589553833008 15.624543190002 334.64514160156
64.758567810059 15.890204429626 334.96728515625
63.874320983887 15.980141639709 335.24200439453
62.989933013916 16.069713592529 335.51635742188
62.093822479248 16.130905151367 335.75854492188
61.186317443848 16.157848358154 335.96142578125
60.27885055542 16.18479347229 336.16445922852
59.375225067139 16.211896896362 336.38394165039
58.477352142334 16.239206314087 336.62588500977
57.579490661621 16.266532897949 336.86785888672
56.681621551514 16.296882629395 337.10943603516
55.783828735352 16.339963912964 337.34936523438
54.886035919189 16.383047103882 337.58929443359
53.987407684326 16.427240371704 337.82586669922
53.077850341797 16.488027572632 338.01150512695
52.168292999268 16.548816680908 338.19714355469
51.264293670654 16.635343551636 338.39901733398
50.375473022461 16.77640914917 338.63470458984
49.499179840088 16.921041488647 338.91152954102
48.640884399414 17.084091186523 339.23120117188
47.757751464844 17.214319229126 339.49304199219
46.873477935791 17.338399887085 339.75402832031
46.02033996582 17.520883560181 340.07693481445
45.179252624512 17.709884643555 340.42663574219
66.196403503418 13.717554092407 334.00686645508
65.384094238281 13.314777374268 334.14752197266
64.523902893066 13.067207336426 334.35214233398
63.639591217041 12.906787872314 334.54107666016
62.75611114502 12.781820297241 334.75869750977
61.873649597168 12.671702384949 334.98815917969
60.992279052734 12.571745872498 335.22634887695
60.111671447754 12.475554466248 335.46881103516
59.237075805664 12.362916946411 335.7255859375
58.360870361328 12.253861427307 335.97805786133
57.467517852783 12.192567825317 336.18218994141
56.581295013428 12.101349830627 336.40466308594
55.724517822266 11.919504165649 336.68087768555
54.846820831299 11.78325176239 336.91430664062
53.951347351074 11.697628974915 337.09957885742
53.058208465576 11.603992462158 337.29071044922
52.216548919678 11.375095367432 337.57806396484
51.336883544922 11.20686340332 337.7815246582
50.445339202881 11.064170837402 337.94909667969
49.598812103271 10.81512928009 338.2038269043
48.739826202393 10.590592384338 338.43862915039
47.847274780273 10.450756072998 338.60394287109
46.964019775391 10.273278236389 338.78247070312
46.099338531494 10.036149024963 338.98153686523
45.25171661377 9.771598815918 339.2160949707
