62.059886932373 3.4568059444427 281.16674804688
72.359039306641 -4.149486541748 281.45687866211
76.05859375 -1.2977278232574 278.28540039062
75.667785644531 -1.8581293821335 285.58874511719
62.222793579102 2.9816262722015 281.13522338867
62.498847961426 2.5607926845551 281.12094116211
62.807476043701 2.1630136966705 281.1123046875
63.131008148193 1.777205824852 281.10647583008
63.468692779541 1.4036895036697 281.10339355469
63.817924499512 1.0409559011459 281.10250854492
64.192543029785 0.70450627803802 281.10699462891
64.573738098145 0.37554770708084 281.11291503906
64.95841217041 0.050686068832874 281.11962890625
65.355751037598 -0.25847914814949 281.12921142578
65.756469726562 -0.56323134899139 281.13958740234
66.16162109375 -0.86203014850616 281.15106201172
66.568458557129 -1.1585083007812 281.16293334961
66.982002258301 -1.4454197883606 281.17645263672
67.419296264648 -1.694300532341 281.19625854492
67.854278564453 -1.9472380876541 281.21548461914
68.290657043457 -2.1977314949036 281.2350769043
68.736061096191 -2.4315624237061 281.25735473633
69.172332763672 -2.682245016098 281.27688598633
69.60888671875 -2.9324142932892 281.29653930664
70.026649475098 -3.2131600379944 281.31112670898
70.493927001953 -3.3981614112854 281.34060668945
70.961082458496 -3.5837967395782 281.36999511719
71.42822265625 -3.7694637775421 281.39938354492
71.891891479492 -3.9638311862946 281.4274597168
62.510257720947 3.2774291038513 280.84600830078
62.985301971436 2.961156129837 280.71548461914
63.487930297852 2.6790878772736 280.61206054688
64.002632141113 2.4136703014374 280.5251159668
64.523643493652 2.1579854488373 280.44720458984
65.056205749512 1.9231333732605 280.38305664062
65.59912109375 1.7095903158188 280.3323059082
66.138717651367 1.4909561872482 280.26950073242
66.671997070312 1.2638159990311 280.18600463867
67.205780029297 1.0378289222717 280.10287475586
67.750190734863 0.83572179079056 280.02728271484
68.295722961426 0.63650858402252 279.9521484375
68.840385437012 0.43955644965172 279.86557006836
69.384254455566 0.24466268718243 279.76983642578
69.930511474609 0.057510081678629 279.67233276367
70.481643676758 -0.11260173469782 279.57104492188
71.032829284668 -0.28253442049026 279.4697265625
71.587074279785 -0.44075468182564 279.36618041992
72.142166137695 -0.59540033340454 279.26184082031
72.702728271484 -0.70379322767258 279.13159179688
73.263626098633 -0.80677038431168 278.99844360352
73.823501586914 -0.89610463380814 278.85180664062
74.382965087891 -0.98129463195801 278.701171875
74.93709564209 -1.083921790123 278.54196166992
75.492446899414 -1.1907277107239 278.3899230957
62.442207336426 3.1676759719849 281.51254272461
62.92204284668 2.8578157424927 281.67346191406
63.418746948242 2.562032699585 281.80773925781
63.91512298584 2.2661340236664 281.94232177734
64.439094543457 2.0159559249878 282.06521606445
64.962631225586 1.7642949819565 282.18688964844
65.487152099609 1.5131484270096 282.3053894043
66.014709472656 1.2658278942108 282.41830444336
66.544296264648 1.0251711606979 282.53588867188
67.080184936523 0.80715876817703 282.66821289062
67.62467956543 0.60741531848907 282.79412841797
68.174209594727 0.4195604622364 282.91635131836
68.710670471191 0.21380399167538 283.06500244141
69.239120483398 -3.8026348192943e-05 283.23001098633
69.756172180176 -0.22359256446362 283.41683959961
70.287689208984 -0.42241480946541 283.59060668945
70.826019287109 -0.61046940088272 283.75509643555
71.380889892578 -0.77186411619186 283.89031982422
71.919692993164 -0.91191691160202 284.09600830078
72.449897766113 -1.0343844890594 284.33291625977
72.981643676758 -1.1345238685608 284.57672119141
73.521614074707 -1.2791140079498 284.77606201172
74.05891418457 -1.4162355661392 284.98760986328
74.592796325684 -1.5435934066772 285.21337890625
75.137626647949 -1.7316465377808 285.35427856445
