69.93692779541 -6.3442759513855 267.54739379883
77.999465942383 2.521327495575 276.36633300781
82.723274230957 -3.4824821949005 277.47467041016
82.019607543945 4.5307369232178 270.05633544922
69.600326538086 -6.0247941017151 267.94125366211
69.54761505127 -5.6188788414001 268.39617919922
69.576622009277 -5.2069435119629 268.84790039062
69.67301940918 -4.7955918312073 269.2907409668
69.826957702637 -4.3888592720032 269.72158813477
70.011299133301 -3.9861922264099 270.14419555664
70.223587036133 -3.5883011817932 270.55810546875
70.478073120117 -3.1996321678162 270.95672607422
70.766731262207 -2.8203446865082 271.34085083008
71.07740020752 -2.4480638504028 271.71453857422
71.414756774902 -2.0854477882385 272.07434082031
71.733833312988 -1.7162123918533 272.44369506836
72.130836486816 -1.380317568779 272.76666259766
72.507926940918 -1.0346502065659 273.10293579102
72.911933898926 -0.70243334770203 273.42102050781
73.320365905762 -0.37265378236771 273.73596191406
73.748588562012 -0.054187629371881 274.03591918945
74.191253662109 0.25525856018066 274.32412719727
74.640548706055 0.56028413772583 274.6067199707
75.08228302002 0.87031555175781 274.89572143555
75.531433105469 1.1754536628723 275.1784362793
75.986717224121 1.4763873815536 275.4557800293
76.46248626709 1.7622821331024 275.71398925781
76.964073181152 2.0264544487 275.94500732422
77.463897705078 2.292197227478 276.17810058594
70.165603637695 -6.1838870048523 268.14041137695
70.281547546387 -5.8047194480896 268.66296386719
70.621459960938 -5.4970135688782 269.12973022461
71.150062561035 -5.3577966690063 269.49179077148
71.581321716309 -5.1082978248596 269.9192199707
71.957229614258 -4.839307308197 270.38528442383
72.393920898438 -4.6309628486633 270.82888793945
72.894157409668 -4.4516897201538 271.2145690918
73.418296813965 -4.2998094558716 271.5798034668
73.948524475098 -4.1592488288879 271.94067382812
74.500450134277 -4.076991558075 272.28677368164
75.05224609375 -3.9946072101593 272.63305664062
75.59602355957 -3.9052264690399 272.99014282227
76.140312194824 -3.8178434371948 273.34692382812
76.695663452148 -3.7781388759613 273.69497680664
77.251235961914 -3.7393393516541 274.04284667969
77.814804077148 -3.7222530841827 274.37936401367
78.378402709961 -3.7095959186554 274.7160949707
78.938827514648 -3.7059931755066 275.05825805664
79.52278137207 -3.7368955612183 275.35659790039
80.116607666016 -3.7812147140503 275.63327026367
80.708435058594 -3.6865067481995 275.89874267578
81.279396057129 -3.7407774925232 276.21469116211
81.809463500977 -3.7889938354492 276.59823608398
82.314071655273 -3.6057512760162 276.97613525391
70.120597839355 -5.730544090271 267.68795776367
70.194923400879 -5.2099213600159 268.08377075195
70.405868530273 -4.7152090072632 268.43676757812
70.969169616699 -4.3930587768555 268.47241210938
71.362464904785 -3.9204878807068 268.70855712891
71.754280090332 -3.4485054016113 268.94827270508
72.161499023438 -2.98508644104 269.17654418945
72.643646240234 -2.578381061554 269.36544799805
73.124732971191 -2.152604341507 269.51016235352
73.622611999512 -1.7369691133499 269.62414550781
74.143417358398 -1.3426195383072 269.70690917969
74.676788330078 -0.95791524648666 269.74282836914
75.20825958252 -0.57058024406433 269.77844238281
75.734878540039 -0.17720261216164 269.81964111328
76.263496398926 0.21359485387802 269.85974121094
76.788841247559 0.60930150747299 269.89385986328
77.300308227539 1.0240286588669 269.90682983398
77.821624755859 1.4263188838959 269.91940307617
78.346878051758 1.8235043287277 269.93017578125
78.889938354492 2.1961319446564 269.93054199219
79.445823669434 2.5462465286255 269.88391113281
79.985809326172 2.9129939079285 269.79632568359
80.532356262207 3.2801206111908 269.80816650391
81.041534423828 3.6938319206238 269.86557006836
81.583572387695 4.0670943260193 269.88970947266
