57.268810272217 7.4992280006409 270.77746582031
67.139923095703 -4.5462918281555 272.60864257812
70.024604797363 -1.2999447584152 267.87185668945
69.744438171387 0.03333505243063 275.82135009766
57.209533691406 6.8993701934814 270.88793945312
57.405654907227 6.3237233161926 270.98513793945
57.643360137939 5.7633123397827 271.07800292969
57.932487487793 5.2264881134033 271.16494750977
58.245964050293 4.7029786109924 271.24856567383
58.58451461792 4.1947302818298 271.32855224609
58.943984985352 3.7005279064178 271.4052734375
59.321968078613 3.2198553085327 271.47894287109
59.71626663208 2.7520065307617 271.54962158203
60.118129730225 2.2904345989227 271.61895751953
60.531745910645 1.8390272855759 271.68609619141
60.953441619873 1.3949301242828 271.75158691406
61.393547058105 0.9684733748436 271.8132019043
61.835269927979 0.54364240169525 271.87451171875
62.277275085449 0.11910583078861 271.93576049805
62.713760375977 -0.31093329191208 271.99822998047
63.151802062988 -0.73944705724716 272.06030273438
63.585956573486 -1.171773314476 272.12319946289
64.009033203125 -1.6146160364151 272.18841552734
64.431900024414 -2.0576050281525 272.25369262695
64.887107849121 -2.4683799743652 272.31198120117
65.326400756836 -2.89564204216 272.37384033203
65.784675598145 -3.3030853271484 272.43142700195
66.230880737305 -3.7233552932739 272.49172973633
66.689697265625 -4.1302227973938 272.54919433594
57.591480255127 7.0638399124146 270.4733581543
57.806781768799 6.5972628593445 270.37322998047
58.250114440918 6.1694412231445 270.32354736328
58.681697845459 5.7282915115356 270.25473022461
59.12850189209 5.2999310493469 270.21682739258
59.637336730957 4.9476318359375 270.16809082031
60.099262237549 4.5345511436462 270.12164306641
60.566814422607 4.129433631897 270.07360839844
61.099948883057 3.8171141147614 270.00732421875
61.633079528809 3.5047943592072 269.94104003906
62.166213989258 3.1924748420715 269.87475585938
62.674167633057 2.8454241752625 269.78903198242
63.178112030029 2.4928417205811 269.7001953125
63.686855316162 2.1475772857666 269.6103515625
64.199775695801 1.8086842298508 269.51962280273
64.712699890137 1.4697910547256 269.42892456055
65.223892211914 1.144317150116 269.29180908203
65.744369506836 0.83816754817963 269.14807128906
66.283203125 0.56857049465179 268.99594116211
66.811729431152 0.28163602948189 268.83947753906
67.347114562988 0.021589988842607 268.66772460938
67.899200439453 -0.17442448437214 268.46047973633
68.43042755127 -0.43096241354942 268.27365112305
68.946632385254 -0.73106652498245 268.10150146484
69.476783752441 -1.0215799808502 267.96444702148
57.558528900146 7.2588224411011 271.2282409668
57.900287628174 6.8037877082825 271.41021728516
58.329078674316 6.4065532684326 271.55722045898
58.776012420654 6.0318717956543 271.71661376953
59.227138519287 5.667094707489 271.88635253906
59.681297302246 5.3094911575317 272.06353759766
60.135456085205 4.9518871307373 272.24075317383
60.589618682861 4.5942831039429 272.41796875
61.070587158203 4.2726097106934 272.58932495117
61.5696144104 3.9751389026642 272.75671386719
62.073059082031 3.6834661960602 272.91976928711
62.603099822998 3.4267239570618 273.05645751953
63.133140563965 3.1699819564819 273.19314575195
63.613273620605 2.8574936389923 273.37365722656
64.06169128418 2.5095818042755 273.58203125
64.532943725586 2.1933822631836 273.78451538086
65.040596008301 1.9277576208115 273.97756958008
65.56322479248 1.6818348169327 274.15438842773
66.097152709961 1.4507919549942 274.31896972656
66.633377075195 1.2652012109756 274.52102661133
67.160461425781 1.0950142145157 274.76171875
67.682846069336 0.88573384284973 274.97961425781
68.195762634277 0.71018689870834 275.24020385742
68.694068908691 0.49991193413734 275.50631713867
69.199630737305 0.28246819972992 275.73974609375
