56.603652954102 -34.492900848389 363.39086914062
11.030456542969 -15.657454490662 391.02359008789
-2.6812806129456 -11.230603218079 375.35034179688
-4.0042061805725 -29.473810195923 385.55874633789
57.649803161621 -33.571620941162 365.18420410156
57.274673461914 -32.448554992676 367.14776611328
56.138946533203 -31.410779953003 368.85571289062
54.516624450684 -30.52498626709 370.22546386719
52.520343780518 -29.864128112793 371.14138793945
50.381523132324 -29.329996109009 371.8108215332
48.391658782959 -28.652620315552 372.75726318359
46.44681930542 -27.941463470459 373.77032470703
44.48571395874 -27.242252349854 374.75979614258
42.473670959473 -26.582845687866 375.67098999023
40.399620056152 -25.97843170166 376.47518920898
38.287075042725 -25.41296005249 377.20434570312
36.204139709473 -24.817047119141 377.99212646484
34.098384857178 -24.244344711304 378.73522949219
31.976825714111 -23.688703536987 379.44552612305
29.884233474731 -23.10255241394 380.21450805664
27.859529495239 -22.453496932983 381.10543823242
25.840898513794 -21.79941368103 382.00616455078
23.890350341797 -21.092384338379 383.01110839844
21.965799331665 -20.367017745972 384.05239868164
20.079664230347 -19.616119384766 385.14462280273
18.139625549316 -18.901580810547 386.16445922852
16.241481781006 -18.1584815979 387.24111938477
14.408526420593 -17.375019073486 388.39892578125
12.690123558044 -16.53006362915 389.68249511719
56.459503173828 -31.946769714355 362.40972900391
55.750999450684 -29.329717636108 362.07177734375
54.668720245361 -26.834280014038 362.24237060547
52.910091400146 -24.842987060547 361.62951660156
50.571949005127 -23.463565826416 361.34201049805
47.970317840576 -22.649223327637 361.17584228516
45.267955780029 -22.289110183716 360.98574829102
42.575675964355 -21.82151222229 360.9704284668
39.910667419434 -21.262565612793 361.20367431641
37.232250213623 -20.838584899902 361.54507446289
34.565967559814 -20.39670753479 361.95059204102
31.943380355835 -19.922369003296 362.55667114258
29.318332672119 -19.486986160278 363.18041992188
26.741338729858 -18.909177780151 363.88403320312
24.208633422852 -18.207733154297 364.63482666016
21.692556381226 -17.473026275635 365.40902709961
19.142986297607 -16.881853103638 366.19677734375
16.590843200684 -16.326261520386 367.00189208984
14.034476280212 -15.810965538025 367.8203125
11.47416973114 -15.339903831482 368.65286254883
8.9076709747314 -14.97260093689 369.51800537109
6.3672833442688 -14.518962860107 370.41833496094
3.904177904129 -13.851963996887 371.39730834961
1.5154315233231 -13.033735275269 372.44357299805
-0.77981519699097 -12.079782485962 373.58010864258
55.663845062256 -36.524276733398 364.89865112305
54.558975219727 -37.970512390137 366.89163208008
53.110996246338 -39.170333862305 368.82421875
51.087329864502 -40.363498687744 370.14566040039
48.611057281494 -41.055164337158 370.95666503906
45.946563720703 -41.213443756104 371.35513305664
43.257667541504 -41.184223175049 371.58874511719
40.573711395264 -41.075233459473 371.85192871094
37.905426025391 -40.792327880859 372.14443969727
35.252811431885 -40.385440826416 372.43283081055
32.633640289307 -39.868663787842 372.83001708984
30.033891677856 -39.420635223389 373.40121459961
27.452054977417 -38.953678131104 374.03466796875
24.916027069092 -38.345443725586 374.73065185547
22.39161491394 -37.737865447998 375.46820068359
19.879636764526 -37.130107879639 376.24682617188
17.359840393066 -36.458511352539 376.94354248047
14.83988571167 -35.78551864624 377.63830566406
12.318361282349 -35.119438171387 378.33404541016
9.7975101470947 -34.451099395752 379.0299987793
7.3154301643372 -33.650985717773 379.72625732422
4.8691611289978 -32.933643341064 380.61325073242
2.4795694351196 -32.312252044678 381.70388793945
0.17127734422684 -31.694162368774 382.95907592773
-1.9466936588287 -30.647956848145 384.26498413086
