68.764198303223 4.5026502609253 269.11459350586
75.31859588623 -6.4621071815491 270.08609008789
81.244338989258 -5.9238719940186 266.35339355469
80.317535400391 -6.1244735717773 274.81484985352
68.537994384766 4.0397725105286 269.12799072266
68.496078491211 3.52565574646 269.15432739258
68.520805358887 3.0106737613678 269.18438720703
68.61393737793 2.5036888122559 269.21783447266
68.756790161133 2.0085003376007 269.25326538086
68.937202453613 1.5257940292358 269.29010009766
69.138206481934 1.0513787269592 269.32757568359
69.373580932617 0.59313994646072 269.36605834961
69.639320373535 0.15181685984135 269.4052734375
69.91056060791 -0.28613612055779 269.4446105957
70.183135986328 -0.72325956821442 269.48394775391
70.462013244629 -1.1563742160797 269.5234375
70.756568908691 -1.5789270401001 269.56317138672
71.075569152832 -1.9833512306213 269.6032409668
71.396278381348 -2.3864135742188 269.64331054688
71.725593566895 -2.782466173172 269.68350219727
72.061920166016 -3.1725797653198 269.72372436523
72.399192810059 -3.561874628067 269.76397705078
72.74730682373 -3.9414942264557 269.80429077148
73.103309631348 -4.3137350082397 269.84460449219
73.466331481934 -4.6791272163391 269.88491821289
73.824096679688 -5.0496697425842 269.92520141602
74.187423706055 -5.4147639274597 269.96551513672
74.556999206543 -5.7735214233398 270.005859375
74.909591674805 -6.1489906311035 270.04614257812
68.831886291504 3.9350814819336 268.81225585938
69.1083984375 3.3542459011078 268.75119018555
69.561706542969 2.8892509937286 268.72055053711
69.975921630859 2.3913090229034 268.66293334961
70.396667480469 1.8967385292053 268.64248657227
70.865547180176 1.4471114873886 268.60748291016
71.344100952148 1.0073730945587 268.58108520508
71.823425292969 0.56797027587891 268.56518554688
72.294242858887 0.12567177414894 268.49914550781
72.766372680664 -0.30994427204132 268.39691162109
73.257530212402 -0.72716194391251 268.31021118164
73.765411376953 -1.1232112646103 268.21844482422
74.278099060059 -1.5094391107559 268.11260986328
74.792366027832 -1.8881679773331 267.98895263672
75.306480407715 -2.2640695571899 267.85601806641
75.820709228516 -2.6394670009613 267.72207641602
76.341598510742 -3.0070714950562 267.5924987793
76.871253967285 -3.3639032840729 267.46841430664
77.397148132324 -3.7134735584259 267.31240844727
77.921363830566 -4.0601787567139 267.1442565918
78.454780578613 -4.4116945266724 267.02145385742
79.009902954102 -4.7266545295715 266.89562988281
79.582466125488 -5.007670879364 266.77084350586
80.130340576172 -5.3487119674683 266.70175170898
80.687339782715 -5.6362919807434 266.52758789062
68.954856872559 3.9853274822235 269.46084594727
69.038558959961 3.3688213825226 269.61016845703
69.507400512695 2.9424831867218 269.77484130859
69.969635009766 2.506445646286 269.93142700195
70.394737243652 2.0290293693542 270.07305908203
70.820137023926 1.5533695220947 270.21954345703
71.247123718262 1.0838989019394 270.38064575195
71.683212280273 0.62713015079498 270.55346679688
72.12540435791 0.18061584234238 270.73709106445
72.578414916992 -0.24558885395527 270.94140625
73.050834655762 -0.64446604251862 271.15682983398
73.526901245117 -1.0360746383667 271.37750244141
74.010765075684 -1.4214451313019 271.59210205078
74.490097045898 -1.8063880205154 271.81735229492
74.958190917969 -2.1980721950531 272.05429077148
75.434753417969 -2.5673460960388 272.30963134766
75.925018310547 -2.9233283996582 272.55786132812
76.414306640625 -3.281120300293 272.8053894043
76.907554626465 -3.6394917964935 273.04403686523
77.387275695801 -4.0223703384399 273.2717590332
77.861526489258 -4.3665294647217 273.56387329102
78.340118408203 -4.7253632545471 273.830078125
78.831520080566 -5.0943913459778 274.05599975586
79.33219909668 -5.4481344223022 274.28591918945
79.835342407227 -5.7536396980286 274.57263183594
