142.25540161133 -3.7323031425476 358.80584716797
64.13745880127 -11.527280807495 350.04949951172
57.806911468506 -3.6460084915161 358.49166870117
59.528202056885 -1.0401165485382 343.8229675293
139.55790710449 -5.0193381309509 358.39053344727
136.55812072754 -5.4644961357117 358.03811645508
133.54742431641 -5.8348627090454 357.69290161133
130.52799987793 -6.1353583335876 357.35452270508
127.51039886475 -6.450879573822 357.01467895508
124.48510742188 -6.6935572624207 356.68212890625
121.45932769775 -6.930862903595 356.35012817383
118.43354034424 -7.1679482460022 356.01818847656
115.40502166748 -7.3723664283752 355.68954467773
112.37373352051 -7.5387539863586 355.36489868164
109.34132385254 -7.6873893737793 355.04205322266
106.31018829346 -7.8554177284241 354.71725463867
103.28526306152 -8.0995922088623 354.38452148438
100.25144958496 -8.2233953475952 354.06433105469
97.217185974121 -8.3329963684082 353.74563598633
94.17945098877 -8.3141012191772 353.44085693359
91.144592285156 -8.4161825180054 353.12292480469
88.11026763916 -8.5296907424927 352.80383300781
85.075057983398 -8.6236820220947 352.48675537109
82.040420532227 -8.7304334640503 352.16833496094
79.007446289062 -8.8695650100708 351.84652709961
75.977432250977 -9.0530595779419 351.52008056641
72.962440490723 -9.3906335830688 351.17803955078
69.97811126709 -9.9236373901367 350.81747436523
67.073181152344 -10.779397010803 350.42907714844
139.00674438477 -3.527227640152 358.95053100586
135.75105285645 -3.4239728450775 358.86968994141
132.50300598145 -3.4013140201569 358.61212158203
129.25175476074 -3.5672345161438 358.47576904297
125.99851989746 -3.6770441532135 358.33020019531
122.74526977539 -3.6951870918274 358.14895629883
119.49179077148 -3.7245795726776 357.9736328125
116.23796081543 -3.7776801586151 357.81063842773
112.98697662354 -3.7253270149231 357.59820556641
109.73650360107 -3.6497986316681 357.38494873047
106.48155975342 -3.6228580474854 357.23870849609
103.22459411621 -3.6109507083893 357.1448059082
99.967353820801 -3.6019070148468 357.06085205078
96.712379455566 -3.710818529129 356.96072387695
93.463195800781 -3.9262404441833 356.84594726562
90.207580566406 -4.0261015892029 356.7580871582
86.950820922852 -4.0893201828003 356.67877197266
83.695373535156 -4.1690287590027 356.56701660156
80.440452575684 -4.2541637420654 356.4446105957
77.182510375977 -4.278440952301 356.40026855469
73.925285339355 -4.2200036048889 356.46200561523
70.673667907715 -4.1824259757996 356.66754150391
67.425849914551 -4.1529035568237 356.92742919922
64.196029663086 -4.0745286941528 357.35025024414
61.009082794189 -4.0290775299072 358.02679443359
139.09317016602 -3.7435083389282 358.0859375
135.89814758301 -3.6157207489014 357.54409790039
132.69082641602 -3.4752337932587 357.0842590332
129.47659301758 -3.3935124874115 356.6598815918
126.25832366943 -3.3566527366638 356.26049804688
123.03750610352 -3.2144055366516 355.90802001953
119.82266998291 -3.20441198349 355.48043823242
116.6089553833 -3.13791680336 355.04949951172
113.39715576172 -3.0167536735535 354.61618041992
110.18456268311 -3.0367541313171 354.17233276367
106.97580718994 -2.9960668087006 353.70294189453
103.77202606201 -2.8889451026917 353.21054077148
100.56824493408 -2.7818229198456 352.71817016602
97.364196777344 -2.5870008468628 352.25534057617
94.159629821777 -2.4383933544159 351.77908325195
90.955513000488 -2.3522965908051 351.28482055664
87.751396179199 -2.266224861145 350.79052734375
84.551147460938 -2.2791202068329 350.26480102539
81.358215332031 -2.2813127040863 349.69622802734
78.189277648926 -2.2431223392487 349.00741577148
75.022773742676 -2.2980790138245 348.30856323242
71.852897644043 -2.2397446632385 347.62551879883
68.698028564453 -2.0697691440582 346.89337158203
65.609169006348 -1.8352992534637 345.93313598633
62.567699432373 -1.483362197876 344.86370849609
