109.87637329102 -6.8176894187927 342.57565307617
89.110687255859 -13.664894104004 400.56396484375
67.574668884277 -9.3271036148071 386.68045043945
78.564918518066 -35.181118011475 389.52249145508
111.84424591064 -5.7131886482239 343.75701904297
112.94695281982 -4.990170955658 345.9446105957
113.43711090088 -4.5664134025574 348.41708374023
113.38679504395 -4.4185390472412 350.96774291992
112.80339050293 -4.552680015564 353.45022583008
111.7228012085 -4.9593353271484 355.72988891602
110.25325775146 -5.5876326560974 357.72729492188
108.70835876465 -6.2601084709167 359.65185546875
107.38299560547 -6.805079460144 361.77111816406
106.04502105713 -7.3572883605957 363.88052368164
104.78186035156 -7.8667240142822 366.04608154297
103.60802459717 -8.3255491256714 368.27227783203
102.55610656738 -8.7159690856934 370.57138061523
101.4568862915 -9.1328411102295 372.84356689453
100.39924621582 -9.5264453887939 375.13949584961
99.400436401367 -9.8873023986816 377.46694946289
98.362403869629 -10.2699842453 379.77365112305
97.312271118164 -10.659398078918 382.07376098633
96.293968200684 -11.031091690063 384.39102172852
95.32494354248 -11.375412940979 386.73352050781
94.400650024414 -11.695009231567 389.09750366211
93.420700073242 -12.045399665833 391.43450927734
92.249382019043 -12.502805709839 393.6623840332
91.225395202637 -12.877652168274 395.97665405273
90.250694274902 -13.225134849548 398.31634521484
108.64192199707 -4.5879039764404 342.81253051758
107.23243713379 -3.010689496994 344.25137329102
105.75620269775 -2.145268201828 346.15594482422
104.2209854126 -1.7976846694946 348.17715454102
102.95429229736 -1.4343118667603 350.37344360352
101.53688812256 -1.5902490615845 352.50170898438
100.03155517578 -2.1507313251495 354.49542236328
98.043800354004 -3.057676076889 355.81350708008
95.775360107422 -3.9506778717041 356.36712646484
94.785743713379 -3.9127326011658 358.72998046875
93.607788085938 -3.9806890487671 360.99362182617
91.88761138916 -4.3808288574219 362.84942626953
90.07625579834 -4.9080033302307 364.58331298828
88.22762298584 -5.4844827651978 366.25918579102
86.492462158203 -5.7840027809143 368.12066650391
84.799217224121 -6.0149755477905 370.02987670898
83.114768981934 -6.3529834747314 371.93099975586
81.371200561523 -6.7336921691895 373.76794433594
79.387474060059 -7.3013105392456 375.2873840332
77.400245666504 -7.873514175415 376.79870605469
75.218338012695 -8.7005643844604 377.85766601562
73.034973144531 -9.5296506881714 378.91195678711
70.867919921875 -10.101407051086 380.15005493164
68.909774780273 -9.9438743591309 381.79138183594
68.209228515625 -9.4198141098022 384.19955444336
110.72927093506 -9.1308631896973 343.31610107422
110.69094085693 -10.937692642212 345.15698242188
110.3236541748 -12.468808174133 347.20056152344
109.52352905273 -13.607888221741 349.37326049805
108.80372619629 -14.539041519165 351.66937255859
108.19205474854 -16.093994140625 353.62957763672
106.95938873291 -17.186386108398 355.61306762695
105.54975891113 -17.929662704468 357.64184570312
103.96011352539 -18.613712310791 359.55578613281
102.28142547607 -19.30345916748 361.38989257812
100.495262146 -19.996139526367 363.11859130859
98.672836303711 -20.64409828186 364.82659912109
96.925682067871 -21.390729904175 366.57080078125
95.467788696289 -22.454698562622 368.41467285156
94.046798706055 -23.309398651123 370.39175415039
92.64656829834 -24.059820175171 372.42425537109
90.979598999023 -25.170091629028 374.05133056641
89.288787841797 -26.342554092407 375.60864257812
87.617897033691 -27.570825576782 377.14431762695
85.665344238281 -28.552476882935 378.51586914062
83.929595947266 -29.924558639526 379.84262084961
82.233863830566 -31.342708587646 381.173828125
80.404365539551 -32.554573059082 382.53100585938
79.470191955566 -33.544479370117 384.71237182617
79.017555236816 -34.362796783447 387.11743164062
