57.602893829346 -6.369321346283 274.72183227539
68.234420776367 5.9804358482361 276.54840087891
71.132400512695 3.7706196308136 279.71365356445
71.378273010254 4.0259609222412 273.78463745117
57.802158355713 -5.768874168396 274.78366088867
58.089324951172 -5.2056550979614 274.85009765625
58.410717010498 -4.6613707542419 274.91809082031
58.734592437744 -4.1185984611511 274.98614501953
59.089630126953 -3.5958106517792 275.0553894043
59.459609985352 -3.083550453186 275.12512207031
59.839569091797 -2.5786905288696 275.19519042969
60.222423553467 -2.0760354995728 275.26525878906
60.623195648193 -1.5876039266586 275.33581542969
61.035140991211 -1.1086088418961 275.40661621094
61.462810516357 -0.64364778995514 275.47775268555
61.90718460083 -0.19464960694313 275.54913330078
62.352619171143 0.25330218672752 275.62042236328
62.798755645752 0.70055198669434 275.69177246094
63.252063751221 1.1405198574066 275.76318359375
63.712825775146 1.5726653337479 275.83465576172
64.177886962891 2.0001809597015 275.90612792969
64.6494140625 2.4205412864685 275.97766113281
65.113273620605 2.8493669033051 276.0491027832
65.562225341797 3.2937760353088 276.12048339844
65.999671936035 3.7495503425598 276.19171142578
66.437973022461 4.20450258255 276.26293945312
66.868286132812 4.667010307312 276.33416748047
67.319923400879 5.1087050437927 276.40548706055
67.777297973633 5.5444350242615 276.47695922852
58.086055755615 -5.9989557266235 275.02807617188
58.560363769531 -5.5198359489441 275.14529418945
59.043243408203 -5.0529069900513 275.27587890625
59.543102264404 -4.603328704834 275.40350341797
60.035694122314 -4.149160861969 275.5426940918
60.527423858643 -3.694474697113 275.68322753906
61.019157409668 -3.2397887706757 275.82376098633
61.512104034424 -2.7869062423706 275.96542358398
62.029140472412 -2.3699791431427 276.13012695312
62.53861618042 -1.9462549686432 276.30090332031
63.032596588135 -1.5066410303116 276.47695922852
63.53731918335 -1.0828496217728 276.66110229492
64.062767028809 -0.68593645095825 276.84722900391
64.58415222168 -0.28858903050423 277.04354858398
65.095306396484 0.10912227630615 277.26452636719
65.610137939453 0.49341365695 277.50012207031
66.132598876953 0.84066605567932 277.77349853516
66.653846740723 1.1888852119446 278.04797363281
67.174629211426 1.5403424501419 278.31918334961
67.694778442383 1.8984807729721 278.5827331543
68.226898193359 2.2607066631317 278.81497192383
68.764541625977 2.6246485710144 279.03125
69.35221862793 2.9313054084778 279.20114135742
69.938316345215 3.2116341590881 279.416015625
70.516426086426 3.4764416217804 279.66888427734
58.062404632568 -5.9229965209961 274.53036499023
58.533851623535 -5.4499182701111 274.57891845703
59.024990081787 -4.9987483024597 274.63952636719
59.514614105225 -4.5438232421875 274.68139648438
60.008316040039 -4.0915327072144 274.69332885742
60.507934570312 -3.6457931995392 274.70571899414
61.00980758667 -3.2025971412659 274.71826171875
61.512805938721 -2.7605023384094 274.71832275391
62.015762329102 -2.3186039924622 274.70376586914
62.526290893555 -1.8855800628662 274.68618774414
63.046783447266 -1.464549779892 274.66976928711
63.583877563477 -1.0649417638779 274.65283203125
64.133583068848 -0.68288832902908 274.6354675293
64.68293762207 -0.30087667703629 274.60842895508
65.231994628906 0.08126363158226 274.57745361328
65.786994934082 0.45253795385361 274.52688598633
66.344856262207 0.81800711154938 274.46624755859
66.912231445312 1.1685943603516 274.40609741211
67.464324951172 1.5327481031418 274.30172729492
67.997116088867 1.9363943338394 274.32482910156
68.539779663086 2.3083016872406 274.20355224609
69.101615905762 2.6572089195251 274.09857177734
69.670341491699 3.0057103633881 274.03890991211
70.239814758301 3.3548276424408 273.99133300781
70.826286315918 3.6613283157349 273.88861083984
