67.389839172363 -3.6365876197815 267.23199462891
79.012916564941 7.5377397537231 274.1448059082
83.536575317383 -3.3028817176819 275.91839599609
84.892593383789 1.6131899356842 265.68447875977
67.401885986328 -3.000467300415 267.55514526367
67.47282409668 -2.3700432777405 267.88186645508
67.59204864502 -1.7475658655167 268.20974731445
67.790229797363 -1.1447815895081 268.53622436523
68.046669006348 -0.56219357252121 268.85879516602
68.333366394043 0.0078568486496806 269.17825317383
68.666091918945 0.55587977170944 269.49160766602
69.036087036133 1.0832588672638 269.79849243164
69.447410583496 1.5844174623489 270.09661865234
69.892227172852 2.0614233016968 270.38616943359
70.348670959473 2.5293502807617 270.67239379883
70.852233886719 2.9564485549927 270.94299316406
71.380523681641 3.3590190410614 271.20388793945
71.926536560059 3.7424306869507 271.45706176758
72.484710693359 4.1118392944336 271.70443725586
73.065872192383 4.4525928497314 271.9397277832
73.68180847168 4.7428288459778 272.1533203125
74.298225402832 5.0322794914246 272.36654663086
74.899772644043 5.3446273803711 272.58969116211
75.495910644531 5.6647868156433 272.81628417969
76.071632385254 6.012237071991 273.05438232422
76.545501708984 6.4658584594727 273.33526611328
77.121673583984 6.812548160553 273.57308959961
77.807891845703 6.9286413192749 273.70611572266
78.372741699219 7.2900381088257 273.95016479492
67.676307678223 -3.8872389793396 267.88540649414
68.031883239746 -3.8398149013519 268.55261230469
68.463302612305 -3.7018203735352 269.15930175781
68.886093139648 -3.3612258434296 269.68792724609
69.3251953125 -2.9816706180573 270.17492675781
69.844482421875 -2.6293048858643 270.5993347168
70.458488464355 -2.3578453063965 270.95056152344
71.12370300293 -2.1465046405792 271.24566650391
71.807945251465 -1.97436606884 271.52221679688
72.504760742188 -1.8322063684464 271.78402709961
73.201705932617 -1.6917754411697 272.04638671875
73.901588439941 -1.6139422655106 272.32641601562
74.60147857666 -1.5361098051071 272.60641479492
75.296943664551 -1.5302202701569 272.90731811523
75.985984802246 -1.5707837343216 273.22015380859
76.664848327637 -1.6586972475052 273.54522705078
77.326301574707 -1.8068815469742 273.88397216797
77.997444152832 -1.9310376644135 274.21325683594
78.676132202148 -2.0343623161316 274.5341796875
79.355041503906 -2.1370322704315 274.85488891602
80.046897888184 -2.2605292797089 275.13824462891
80.745513916016 -2.3964869976044 275.39849853516
81.445388793945 -2.5566334724426 275.64096069336
82.144859313965 -2.7501699924469 275.85888671875
82.845481872559 -3.0055067539215 275.99114990234
67.661964416504 -3.1949152946472 266.68225097656
68.188629150391 -2.8094089031219 266.30532836914
68.683120727539 -2.2373275756836 266.31762695312
69.150863647461 -1.6436749696732 266.34182739258
69.67911529541 -1.1039289236069 266.37716674805
70.272621154785 -0.63915652036667 266.4333190918
70.932037353516 -0.27799424529076 266.51507568359
71.609436035156 0.045371931046247 266.60537719727
72.321434020996 0.27096965909004 266.72445678711
73.034843444824 0.49208223819733 266.84255981445
73.770530700684 0.65605920553207 266.90478515625
74.510955810547 0.80331635475159 266.95059204102
75.252601623535 0.94807422161102 266.98223876953
75.995429992676 1.0894520282745 266.99722290039
76.741676330566 1.2117676734924 267.00942993164
77.492362976074 1.3018814325333 267.01461791992
78.230117797852 1.3882746696472 266.87289428711
78.947311401367 1.4709025621414 266.64749145508
79.668113708496 1.5509243011475 266.43304443359
80.403610229492 1.6186113357544 266.27035522461
81.140022277832 1.6842123270035 266.111328125
81.891975402832 1.7041221857071 266.03271484375
82.644195556641 1.7173001766205 265.95529174805
83.396759033203 1.6901264190674 265.88519287109
84.145973205566 1.684282541275 265.78204345703
