124.53884887695 9.3546628952026 585.89349365234
128.71905517578 3.3082950115204 598.76721191406
116.0277557373 -5.9968910217285 598.52416992188
132.76661682129 -6.6695537567139 591.763671875
124.80442047119 9.6798820495605 586.35083007812
125.07172393799 9.8934011459351 586.86895751953
125.32978057861 9.9886417388916 587.42559814453
125.57750701904 10.012142181396 587.99444580078
125.82319641113 10.023658752441 588.56451416016
126.05433654785 9.9625053405762 589.13757324219
126.28106689453 9.8821678161621 589.7099609375
126.50394439697 9.7858104705811 590.28143310547
126.71168518066 9.6328649520874 590.84619140625
126.90608978271 9.4360322952271 591.40209960938
127.09677124023 9.2277698516846 591.955078125
127.27304840088 8.9777565002441 592.49536132812
127.42658233643 8.6694755554199 593.01202392578
127.57837677002 8.3570051193237 593.52667236328
127.72106170654 8.023699760437 594.03070068359
127.87086486816 7.7065062522888 594.54302978516
128.00259399414 7.3492817878723 595.03350830078
128.12634277344 6.9755349159241 595.513671875
128.23022460938 6.5635890960693 595.96643066406
128.32664489746 6.1385245323181 596.40863037109
128.42321777344 5.7136163711548 596.85101318359
128.5135345459 5.2780847549438 597.2841796875
128.58346557617 4.8100228309631 597.68609619141
128.65203857422 4.3398408889771 598.08581542969
128.70611572266 3.8489055633545 598.46209716797
124.29853820801 9.1252346038818 586.65246582031
124.35525512695 8.8309726715088 587.4658203125
124.25974273682 8.2126655578613 587.98883056641
124.01823425293 7.7420992851257 588.65673828125
123.74016571045 7.5165061950684 589.44848632812
123.58406066895 6.9221472740173 590.02301025391
123.28816223145 6.3917908668518 590.62542724609
122.92555999756 5.8720965385437 591.21844482422
122.62249755859 5.2885012626648 591.77990722656
122.3323059082 4.6131248474121 592.24328613281
121.98858642578 3.9520554542542 592.68884277344
121.62236022949 3.2969205379486 593.12670898438
121.2702255249 2.6345739364624 593.56536865234
120.91809844971 1.9722273349762 594.00396728516
120.52918243408 1.29967212677 594.39227294922
120.13349914551 0.62523478269577 594.77130126953
119.74677276611 -0.071381703019142 595.11688232422
119.36445617676 -0.77890360355377 595.44604492188
118.98077392578 -1.4883176088333 595.76940917969
118.54637908936 -2.1417641639709 596.12768554688
118.04030609131 -2.710010766983 596.54730224609
117.59463500977 -3.3217458724976 596.97332763672
117.1568145752 -3.9391224384308 597.40026855469
116.75067901611 -4.5949459075928 597.79626464844
116.37415313721 -5.2866697311401 598.16345214844
124.99175262451 8.9048337936401 586.23663330078
125.24366760254 8.5996170043945 586.89288330078
125.63777923584 8.1007432937622 587.26837158203
126.00511169434 7.488579750061 587.54473876953
126.37209320068 6.9503717422485 587.93127441406
126.76196289062 6.4618635177612 588.37261962891
127.18671417236 5.9567866325378 588.76220703125
127.53382110596 5.3965172767639 589.13488769531
127.76487731934 4.7537517547607 589.48236083984
128.04162597656 4.092903137207 589.74572753906
128.3401184082 3.4179165363312 589.94775390625
128.63674926758 2.7218148708344 590.06915283203
128.90492248535 2.0225267410278 590.22296142578
129.13203430176 1.3186428546906 590.42358398438
129.32835388184 0.60849356651306 590.62322998047
129.38284301758 -0.13050800561905 590.81866455078
129.68327331543 -0.81241416931152 590.97229003906
130.0153503418 -1.4869718551636 591.12048339844
130.35218811035 -2.1603281497955 591.26336669922
130.6897277832 -2.8335094451904 591.40539550781
131.04370117188 -3.5081527233124 591.48541259766
131.3994140625 -4.1829495429993 591.55883789062
131.75408935547 -4.8578815460205 591.6328125
131.72720336914 -5.5827169418335 591.88012695312
132.22312927246 -6.1340270042419 591.83520507812
