70.91626739502 -3.463095664978 267.26034545898
77.94962310791 2.9028277397156 270.79675292969
81.859092712402 1.0847364664078 271.9391784668
81.525947570801 3.5970461368561 268.22546386719
71.000465393066 -3.1365733146667 267.47415161133
71.091514587402 -2.8112645149231 267.68630981445
71.255981445312 -2.5024662017822 267.87854003906
71.451843261719 -2.2052237987518 268.05920410156
71.676467895508 -1.921223282814 268.22744750977
71.910057067871 -1.6419693231583 268.39135742188
72.149322509766 -1.3658839464188 268.55239868164
72.398658752441 -1.0958076715469 268.70822143555
72.667785644531 -0.838731944561 268.85275268555
72.940093994141 -0.58394557237625 268.9953918457
73.219009399414 -0.33407089114189 269.13391113281
73.502868652344 -0.088005147874355 269.26913452148
73.792121887207 0.15370231866837 269.40075683594
74.086769104004 0.39083021879196 269.52865600586
74.386047363281 0.62391412258148 269.65325927734
74.691009521484 0.85178524255753 269.77359008789
74.994277954102 1.0812042951584 269.89526367188
75.307945251465 1.3006199598312 270.0087890625
75.617767333984 1.5238053798676 270.12539672852
75.94554901123 1.7279254198074 270.2268371582
76.291442871094 1.9089417457581 270.31024169922
76.601272583008 2.1321439743042 270.42684936523
76.946998596191 2.3134489059448 270.51049804688
77.282432556152 2.5084173679352 270.60473632812
77.618560791016 2.7025189399719 270.69833374023
71.234893798828 -3.3203520774841 267.61892700195
71.594871520996 -3.089759349823 267.87933349609
71.957298278809 -2.8548626899719 268.13232421875
72.33122253418 -2.5975315570831 268.34332275391
72.706214904785 -2.340074300766 268.55218505859
73.098503112793 -2.0810191631317 268.72412109375
73.491020202637 -1.8221924304962 268.89584350586
73.892150878906 -1.571741938591 269.05990600586
74.306549072266 -1.3354969024658 269.21160888672
74.729370117188 -1.1162513494492 269.36547851562
75.16478729248 -0.92580515146255 269.52264404297
75.599891662598 -0.73734253644943 269.68301391602
76.031394958496 -0.55873262882233 269.86199951172
76.431373596191 -0.40380552411079 270.11981201172
76.819770812988 -0.20422023534775 270.36450195312
77.243949890137 -0.016571609303355 270.55270385742
77.668769836426 0.1666054725647 270.74368286133
78.094688415527 0.34118041396141 270.94036865234
78.532020568848 0.51102465391159 271.1139831543
78.986129760742 0.66280609369278 271.25378417969
79.461418151855 0.78535503149033 271.35147094727
79.924613952637 0.91236841678619 271.48684692383
80.41259765625 0.99091953039169 271.55868530273
80.892082214355 1.0339628458023 271.68951416016
81.371528625488 1.0639573335648 271.82778930664
71.187965393066 -3.043518781662 267.23950195312
71.497711181641 -2.6566712856293 267.30862426758
71.847854614258 -2.3091773986816 267.39245605469
72.226112365723 -1.9978319406509 267.49429321289
72.61678314209 -1.7058107852936 267.60607910156
73.014236450195 -1.4222805500031 267.71578979492
73.423004150391 -1.1537935733795 267.82171630859
73.83177947998 -0.88530302047729 267.92758178711
74.24055480957 -0.61681443452835 268.0334777832
74.655487060547 -0.3456169962883 268.10189819336
75.07112121582 -0.07415484637022 268.16473388672
75.486763000488 0.19731293618679 268.2275390625
75.881057739258 0.50369083881378 268.25994873047
76.259346008301 0.8302418589592 268.28555297852
76.622596740723 1.1722632646561 268.32382202148
77.030937194824 1.459801197052 268.35455322266
77.459579467773 1.7160736322403 268.38580322266
77.90111541748 1.9503800868988 268.40899658203
78.324462890625 2.2166290283203 268.42547607422
78.772842407227 2.4384279251099 268.43692016602
79.226898193359 2.6485774517059 268.44519042969
79.690612792969 2.8365998268127 268.44638061523
80.163093566895 2.9973654747009 268.41012573242
80.622215270996 3.1852996349335 268.34469604492
81.080490112305 3.3762454986572 268.28210449219
