67.248825073242 4.1187567710876 271.47418212891
79.029479980469 -3.5789053440094 273.11154174805
82.647476196289 -1.4870030879974 269.64428710938
82.394309997559 -0.83240294456482 276.26229858398
67.14818572998 3.5648236274719 271.5602722168
67.29801940918 3.0221984386444 271.65292358398
67.599983215332 2.5450396537781 271.74005126953
67.951843261719 2.1025612354279 271.82333374023
68.343887329102 1.6946082115173 271.90231323242
68.789199829102 1.3437039852142 271.97387695312
69.260131835938 1.0270400047302 272.04077148438
69.755020141602 0.7479185461998 272.10244750977
70.256759643555 0.48090183734894 272.16232299805
70.75984954834 0.21635895967484 272.22186279297
71.268287658691 -0.038072094321251 272.2799987793
71.780380249023 -0.28533819317818 272.33700561523
72.292854309082 -0.53181773424149 272.39401245117
72.810569763184 -0.76746147871017 272.44940185547
73.332122802734 -0.99478328227997 272.50360107422
73.84748840332 -1.2353774309158 272.55966186523
74.360725402832 -1.4803055524826 272.61642456055
74.879981994629 -1.7126665115356 272.67129516602
75.389747619629 -1.9645088911057 272.72903442383
75.912170410156 -2.1898860931396 272.78289794922
76.424018859863 -2.437614440918 272.84005737305
76.949310302734 -2.656486749649 272.89294433594
77.471076965332 -2.8833360671997 272.94705200195
77.990333557129 -3.1156847476959 273.001953125
78.512145996094 -3.3424479961395 273.05606079102
67.514381408691 3.5677118301392 271.32901000977
67.893257141113 3.1321654319763 271.32968139648
68.514350891113 2.950957775116 271.32479858398
69.123970031738 2.7338585853577 271.28506469727
69.727119445801 2.5031278133392 271.22204589844
70.331733703613 2.2900552749634 271.12139892578
70.945175170898 2.1078028678894 271.0227355957
71.574264526367 1.9801827669144 270.92767333984
72.199729919434 1.8377683162689 270.83435058594
72.811553955078 1.6397638320923 270.74746704102
73.423233032227 1.4398800134659 270.66445922852
74.034164428711 1.2305915355682 270.6008605957
74.645927429199 1.0246335268021 270.53546142578
75.265190124512 0.84881490468979 270.45367431641
75.88444519043 0.67299622297287 270.37188720703
76.501518249512 0.48728793859482 270.29559326172
77.118507385254 0.30124995112419 270.21948242188
77.732307434082 0.10373896360397 270.14752197266
78.343231201172 -0.10411502420902 270.07928466797
78.956237792969 -0.30510920286179 270.00958251953
79.571273803711 -0.49941542744637 269.93850708008
80.187080383301 -0.69343787431717 269.87420654297
80.804336547852 -0.88692224025726 269.82272338867
81.421585083008 -1.080406665802 269.77127075195
82.034866333008 -1.2829350233078 269.70874023438
67.528991699219 3.7401988506317 271.82373046875
67.907554626465 3.263249874115 271.93768310547
68.464630126953 3.0156316757202 272.17431640625
69.047012329102 2.7801253795624 272.35754394531
69.639106750488 2.572404384613 272.54187011719
70.235443115234 2.3803653717041 272.73016357422
70.805374145508 2.1841599941254 272.98489379883
71.400184631348 2.0078458786011 273.1852722168
72.014846801758 1.847398519516 273.34225463867
72.617546081543 1.685905456543 273.53881835938
73.218658447266 1.5148519277573 273.732421875
73.819862365723 1.3365442752838 273.91940307617
74.431053161621 1.158708691597 274.0710144043
75.040885925293 0.98024040460587 274.22711181641
75.646827697754 0.80024695396423 274.39636230469
76.247543334961 0.61336863040924 274.57626342773
76.850532531738 0.43174222111702 274.75357055664
77.460891723633 0.26444730162621 274.919921875
78.070541381836 0.096188098192215 275.087890625
78.678268432617 -0.074709936976433 275.26013183594
79.289321899414 -0.23779137432575 275.42788696289
79.90291595459 -0.39491036534309 275.59225463867
80.522956848145 -0.51877796649933 275.75881958008
81.146743774414 -0.62331962585449 275.92663574219
81.770523071289 -0.72786128520966 276.09448242188
