61.568115234375 7.0389995574951 270.03259277344
67.015197753906 -2.7541003227234 270.37164306641
70.466018676758 -2.0652105808258 268.01565551758
70.273620605469 -1.8744064569473 273.79388427734
61.476661682129 6.6067328453064 270.02658081055
61.53556060791 6.1679716110229 270.03005981445
61.615646362305 5.7325921058655 270.03485107422
61.714553833008 5.3011021614075 270.04086303711
61.817504882812 4.8705968856812 270.0471496582
61.950313568115 4.4483661651611 270.05529785156
62.106128692627 4.0341963768005 270.06488037109
62.29878616333 3.6357779502869 270.0768737793
62.502780914307 3.2430605888367 270.0895690918
62.702690124512 2.8484308719635 270.10198974609
62.945541381836 2.4785754680634 270.11715698242
63.180099487305 2.1033897399902 270.13177490234
63.431217193604 1.7391163110733 270.14739990234
63.695648193359 1.3844257593155 270.16394042969
63.957736968994 1.0280063152313 270.18035888672
64.238014221191 0.6857505440712 270.19790649414
64.511810302734 0.3382740020752 270.21496582031
64.805244445801 0.0072816223837435 270.2333984375
65.087585449219 -0.33324491977692 270.25106811523
65.332679748535 -0.70161843299866 270.26638793945
65.603797912598 -1.0512046813965 270.28332519531
65.885803222656 -1.3920320272446 270.30093383789
66.168525695801 -1.7322669029236 270.3186340332
66.450531005859 -2.0730917453766 270.33627319336
66.737403869629 -2.4098167419434 270.35424804688
61.76424407959 6.7859182357788 269.79110717773
61.930400848389 6.5506472587585 269.77267456055
62.157230377197 6.247058391571 269.56253051758
62.495822906494 5.8549242019653 269.58944702148
62.800319671631 5.436231136322 269.56823730469
63.096248626709 5.0110340118408 269.53363037109
63.391441345215 4.5866785049438 269.48526000977
63.693752288818 4.1679863929749 269.44116210938
64.057357788086 3.7973692417145 269.44009399414
64.420959472656 3.4267523288727 269.43899536133
64.779624938965 3.056483745575 269.39068603516
65.135055541992 2.6864442825317 269.3112487793
65.519454956055 2.3441045284271 269.24398803711
65.905151367188 2.003002166748 269.17724609375
66.265365600586 1.6427309513092 269.07830810547
66.627235412598 1.2828487157822 268.98385620117
66.998779296875 0.92916595935822 268.90377807617
67.374855041504 0.58126437664032 268.81954956055
67.761070251465 0.24605794250965 268.7317199707
68.158973693848 -0.073557563126087 268.63696289062
68.552307128906 -0.38593989610672 268.50555419922
68.934684753418 -0.72953110933304 268.44088745117
69.314147949219 -1.0647360086441 268.32885742188
69.697418212891 -1.3981117010117 268.22180175781
70.081718444824 -1.7316612005234 268.11871337891
61.658462524414 6.7764887809753 270.43020629883
61.97017288208 6.395046710968 270.48516845703
62.192626953125 6.0550055503845 270.65139770508
62.450084686279 5.7213983535767 270.6930847168
62.715469360352 5.2828702926636 270.7453918457
63.014087677002 4.8601875305176 270.80368041992
63.325359344482 4.4474811553955 270.86853027344
63.668586730957 4.0588889122009 270.921875
64.018287658691 3.678272485733 270.98718261719
64.368324279785 3.3032703399658 271.07723999023
64.708511352539 2.9252362251282 271.19134521484
65.062889099121 2.5704395771027 271.33242797852
65.41943359375 2.2222573757172 271.48489379883
65.775283813477 1.8765131235123 271.64453125
66.143608093262 1.5461093187332 271.80764770508
66.514877319336 1.2169915437698 271.96633911133
66.87483215332 0.86689865589142 272.10607910156
67.23836517334 0.52265805006027 272.25064086914
67.606788635254 0.18638654053211 272.40176391602
67.992721557617 -0.10466932505369 272.5947265625
68.378273010254 -0.39207458496094 272.79531860352
68.746772766113 -0.7016795873642 272.99533081055
69.116020202637 -1.0103651285172 273.1953125
69.501884460449 -1.298378944397 273.39483642578
69.887756347656 -1.5863926410675 273.59436035156
