64.759490966797 -5.3376107215881 335.02645874023
40.444347381592 -11.875519752502 330.66983032227
40.202484130859 -7.3802919387817 337.87670898438
39.065765380859 -3.0360770225525 327.16662597656
64.64965057373 -6.3132681846619 334.75891113281
64.000480651855 -7.0708413124084 334.48980712891
63.228664398193 -7.711067199707 334.23815917969
62.383296966553 -8.2586297988892 334.00277709961
61.501621246338 -8.7508363723755 333.77795410156
60.595115661621 -9.1996030807495 333.5617980957
59.655895233154 -9.583119392395 333.35922241211
58.702205657959 -9.9328012466431 333.16390991211
57.726654052734 -10.224793434143 332.98135375977
56.743000030518 -10.491828918457 332.80444335938
55.746559143066 -10.714665412903 332.63772583008
54.751346588135 -10.941813468933 332.4700012207
53.745113372803 -11.123817443848 332.31289672852
52.733451843262 -11.279120445251 332.16226196289
51.71573638916 -11.3990650177 332.02014160156
50.697891235352 -11.517971038818 331.87826538086
49.675319671631 -11.601137161255 331.74533081055
48.660015106201 -11.734157562256 331.60012817383
47.63159942627 -11.735757827759 331.48788452148
46.606594085693 -11.794786453247 331.36096191406
45.578227996826 -11.796127319336 331.24877929688
44.557456970215 -11.893863677979 331.11218261719
43.528720855713 -11.884512901306 331.00283813477
42.49983215332 -11.860929489136 330.89712524414
41.470951080322 -11.836082458496 330.79177856445
64.308502197266 -6.0205893516541 335.44567871094
63.557300567627 -6.6246643066406 335.6413269043
62.646026611328 -6.9399919509888 335.8024597168
61.702518463135 -7.2026281356812 335.93441772461
60.759979248047 -7.4757804870605 336.05276489258
59.798568725586 -7.6661262512207 336.16738891602
58.820602416992 -7.7732014656067 336.24588012695
57.837169647217 -7.8543162345886 336.29769897461
56.857879638672 -7.9732089042664 336.35968017578
55.878787994385 -8.0981073379517 336.41235351562
54.894313812256 -8.1487684249878 336.48138427734
53.909473419189 -8.165150642395 336.5485534668
52.924835205078 -8.1010293960571 336.60659790039
51.938488006592 -8.0613222122192 336.64904785156
50.950653076172 -8.0427865982056 336.67794799805
49.964134216309 -8.0357608795166 336.73760986328
48.976787567139 -8.0171804428101 336.77182006836
47.990756988525 -7.968759059906 336.80917358398
47.006816864014 -7.8960223197937 336.8688659668
46.024322509766 -7.8944230079651 336.97528076172
45.041904449463 -7.8889150619507 337.08306884766
44.059494018555 -7.8573541641235 337.18731689453
43.083248138428 -7.7941846847534 337.3215637207
42.113147735596 -7.6994948387146 337.48565673828
41.156097412109 -7.5474538803101 337.67752075195
64.381050109863 -5.7290782928467 334.21109008789
63.597999572754 -6.1184816360474 333.6552734375
62.664894104004 -6.1549878120422 333.12319946289
61.672264099121 -6.1748218536377 332.71368408203
60.654197692871 -6.1892113685608 332.36395263672
59.631080627441 -6.1967239379883 332.02862548828
58.606227874756 -6.1983232498169 331.6999206543
57.562530517578 -6.1357727050781 331.44293212891
56.5188331604 -6.0732226371765 331.18594360352
55.467800140381 -5.9785900115967 330.97354125977
54.415531158447 -5.8785529136658 330.76864624023
53.36678314209 -5.8217926025391 330.53277587891
52.318695068359 -5.7732038497925 330.29110717773
51.269931793213 -5.7098517417908 330.05667114258
50.220207214355 -5.6255836486816 329.83251953125
49.170486450195 -5.5413150787354 329.60836791992
48.123600006104 -5.4235782623291 329.38635253906
47.076824188232 -5.2948684692383 329.17068481445
46.028575897217 -5.1300783157349 328.98828125
44.983390808105 -4.9576497077942 328.79693603516
43.949043273926 -4.7582426071167 328.57418823242
42.931003570557 -4.4981622695923 328.34826660156
41.930202484131 -4.1739525794983 328.11904907227
40.954479217529 -3.8197069168091 327.84170532227
40.010120391846 -3.4278919696808 327.5041809082
