78.002716064453 -7.7641348838806 281.44088745117
77.951316833496 -1.9260569810867 282.03912353516
73.101806640625 0.037092875689268 279.45660400391
76.218238830566 -0.14643900096416 287.81719970703
78.17204284668 -7.6281743049622 281.3459777832
78.284149169922 -7.4265427589417 281.29391479492
78.369697570801 -7.208083152771 281.26049804688
78.433219909668 -6.980516910553 281.24200439453
78.475303649902 -6.7473316192627 281.23770141602
78.512405395508 -6.5132613182068 281.23672485352
78.541152954102 -6.2780585289001 281.24114990234
78.555557250977 -6.041898727417 281.25482177734
78.571166992188 -5.8057713508606 281.26773071289
78.57470703125 -5.5696997642517 281.28829956055
78.574913024902 -5.3337960243225 281.31103515625
78.566337585449 -5.0986523628235 281.33932495117
78.548957824707 -4.8647155761719 281.373046875
78.524993896484 -4.631986618042 281.4108581543
78.498184204102 -4.3998594284058 281.45040893555
78.469696044922 -4.1681318283081 281.49111938477
78.434898376465 -3.9379622936249 281.53558349609
78.398025512695 -3.7083671092987 281.5813293457
78.348411560059 -3.4828925132751 281.63485717773
78.307060241699 -3.2546339035034 281.68338012695
78.252876281738 -3.0308704376221 281.73959350586
78.196731567383 -2.8079082965851 281.79705810547
78.15161895752 -2.5808563232422 281.84783935547
78.083435058594 -2.3632800579071 281.91244506836
78.017700195312 -2.1445116996765 281.9755859375
77.897338867188 -7.4579153060913 281.25186157227
77.885971069336 -7.0791716575623 281.22418212891
77.839172363281 -6.7025141716003 281.21145629883
77.74104309082 -6.3354964256287 281.20458984375
77.613609313965 -5.9776859283447 281.19332885742
77.462966918945 -5.6295638084412 281.17044067383
77.29354095459 -5.2912864685059 281.13442993164
77.126174926758 -4.9535803794861 281.08557128906
76.955368041992 -4.6167235374451 281.04318237305
76.781677246094 -4.2809500694275 281.00448608398
76.598083496094 -3.9549517631531 280.93771362305
76.407745361328 -3.6345770359039 280.86309814453
76.206665039062 -3.3182756900787 280.80020141602
75.996910095215 -3.0125970840454 280.71649169922
75.78498840332 -2.7104721069336 280.62564086914
75.580680847168 -2.4084537029266 280.51846313477
75.391998291016 -2.086893081665 280.44470214844
75.186920166016 -1.7743318080902 280.37615966797
74.956298828125 -1.4808669090271 280.30456542969
74.749153137207 -1.1947306394577 280.16461181641
74.540626525879 -0.92418295145035 279.99801635742
74.323638916016 -0.66086852550507 279.83062744141
74.103576660156 -0.36296531558037 279.74633789062
73.795677185059 -0.19861133396626 279.59872436523
73.461517333984 -0.085592463612556 279.4577331543
78.113388061523 -7.4569826126099 281.67169189453
78.158988952637 -7.0705146789551 281.77362060547
78.150749206543 -6.6815757751465 281.87609863281
78.121711730957 -6.3092904090881 282.02597045898
78.080200195312 -5.9564385414124 282.21514892578
78.029632568359 -5.6147475242615 282.42181396484
77.975769042969 -5.282751083374 282.64297485352
77.926200866699 -4.9567093849182 282.87377929688
77.882850646973 -4.6405439376831 283.11911010742
77.83317565918 -4.3309206962585 283.37152099609
77.776405334473 -4.0261731147766 283.62829589844
77.702133178711 -3.7356677055359 283.89678955078
77.653289794922 -3.4616324901581 284.18759155273
77.609840393066 -3.1882133483887 284.47979736328
77.543739318848 -2.9017720222473 284.75479125977
77.464202880859 -2.6086931228638 285.01901245117
77.387977600098 -2.3163526058197 285.28503417969
77.311225891113 -2.0255899429321 285.55264282227
77.229293823242 -1.7472661733627 285.83166503906
77.136573791504 -1.4789968729019 286.11712646484
77.026428222656 -1.2280881404877 286.41195678711
76.974906921387 -0.9481508731842 286.69644165039
76.849891662598 -0.65816164016724 286.94567871094
76.669548034668 -0.41043210029602 287.20657348633
76.461479187012 -0.27027556300163 287.52133178711
