66.007286071777 1.6390120983124 268.6091003418
84.499809265137 0.25556972622871 267.85427856445
85.268379211426 -2.0706622600555 268.81115722656
85.242721557617 -1.4086499214172 265.82373046875
66.717376708984 1.7250534296036 268.62097167969
67.430976867676 1.7666794061661 268.61968994141
68.146026611328 1.7857705354691 268.61181640625
68.861213684082 1.7928671836853 268.60046386719
69.576271057129 1.7801938056946 268.58322143555
70.290771484375 1.7524263858795 268.56158447266
71.004486083984 1.7116316556931 268.53619384766
71.717308044434 1.6590721607208 268.50732421875
72.429328918457 1.5974173545837 268.47576904297
73.14128112793 1.5350735187531 268.44403076172
73.852661132812 1.4672766923904 268.41073608398
74.563598632812 1.3955653905869 268.3762512207
75.274269104004 1.321518778801 268.3410949707
75.984809875488 1.2463839054108 268.3056640625
76.694458007812 1.1641709804535 268.26812744141
77.404670715332 1.0863535404205 268.23193359375
78.114952087402 1.009087562561 268.19589233398
78.825225830078 0.93179947137833 268.15979003906
79.535690307617 0.856052339077 268.12411499023
80.243667602539 0.76195347309113 268.08319091797
80.952682495117 0.67515003681183 268.04434204102
81.662109375 0.59123396873474 268.00631713867
82.371536254883 0.50731790065765 267.96832275391
83.080963134766 0.42340186238289 267.93029785156
83.790382385254 0.3394857943058 267.8923034668
66.741195678711 1.4726101160049 268.67617797852
67.48250579834 1.3312555551529 268.71200561523
68.224647521973 1.1932928562164 268.74362182617
68.968872070312 1.0646147727966 268.76303100586
69.714721679688 0.94441515207291 268.77136230469
70.460571289062 0.82421785593033 268.77969360352
71.206336975098 0.70334416627884 268.78482055664
71.950904846191 0.576928794384 268.76358032227
72.695465087891 0.45050972700119 268.74227905273
73.438987731934 0.31753799319267 268.72509765625
74.181861877441 0.18067689239979 268.71032714844
74.924331665039 0.042040284723043 268.69235229492
75.666007995605 -0.099928505718708 268.66833496094
76.407676696777 -0.24190191924572 268.64428710938
77.148590087891 -0.38824182748795 268.62329101562
77.88948059082 -0.53469121456146 268.60238647461
78.62915802002 -0.68750792741776 268.58407592773
79.367790222168 -0.84551107883453 268.56787109375
80.107154846191 -1.0000095367432 268.55114746094
80.847190856934 -1.1511670351028 268.53393554688
81.589546203613 -1.2916115522385 268.53289794922
82.33292388916 -1.4258341789246 268.54608154297
83.07691192627 -1.5531309843063 268.57907104492
83.816093444824 -1.7046291828156 268.61734008789
84.54362487793 -1.8948639631271 268.69018554688
66.738861083984 1.5725394487381 268.42144775391
67.47932434082 1.4815692901611 268.28622436523
68.219787597656 1.3905981779099 268.15100097656
68.961029052734 1.2910429239273 268.02658081055
69.702819824219 1.1829553842545 267.91299438477
70.44953918457 1.0818104743958 267.82916259766
71.196510314941 0.98109185695648 267.74719238281
71.943489074707 0.88037264347076 267.66516113281
72.689399719238 0.76297211647034 267.59686279297
73.434997558594 0.64188092947006 267.53158569336
74.180290222168 0.51805168390274 267.46792602539
74.923324584961 0.37715041637421 267.41427612305
75.666351318359 0.23652359843254 267.35971069336
76.407318115234 0.10958164185286 267.26123046875
77.148277282715 -0.017351107671857 267.16271972656
77.888244628906 -0.15770289301872 267.07559204102
78.62712097168 -0.30877405405045 266.99765014648
79.366508483887 -0.45326566696167 266.91235351562
80.106201171875 -0.592305123806 266.82095336914
80.842918395996 -0.73727041482925 266.71569824219
81.579544067383 -0.88143861293793 266.60876464844
82.318511962891 -1.0187302827835 266.50915527344
83.04833984375 -1.1598187685013 266.35989379883
83.777976989746 -1.2831087112427 266.19476318359
84.507743835449 -1.3459943532944 265.9990234375
