56.561256408691 1.7745380401611 270.42517089844
74.826499938965 -2.4083638191223 272.6142578125
75.71533203125 2.6266736984253 268.42504882812
75.290977478027 2.7595343589783 277.56726074219
56.878604888916 1.1059820652008 270.45770263672
57.439624786377 0.618980884552 270.52157592773
58.079326629639 0.24156358838081 270.59609985352
58.754802703857 -0.066415034234524 270.67562866211
59.45193862915 -0.32119393348694 270.75830078125
60.155345916748 -0.557697057724 270.84185791016
60.867698669434 -0.76519721746445 270.92684936523
61.585704803467 -0.95185589790344 271.0126953125
62.308219909668 -1.1198559999466 271.09927368164
63.034061431885 -1.2725355625153 271.18640136719
63.762538909912 -1.4118651151657 271.27398681641
64.491172790527 -1.5503009557724 271.36154174805
65.223220825195 -1.6689735651016 271.44973754883
65.956809997559 -1.7775069475174 271.53820800781
66.692100524902 -1.8735078573227 271.62701416016
67.429107666016 -1.9550063610077 271.71612548828
68.166702270508 -2.0307760238647 271.80541992188
68.905517578125 -2.0930895805359 271.89495849609
69.645332336426 -2.1418581008911 271.98474121094
70.385101318359 -2.1913290023804 272.0744934082
71.125274658203 -2.2339346408844 272.16439819336
71.865791320801 -2.270037651062 272.25439453125
72.606338500977 -2.3053939342499 272.34442138672
73.345336914062 -2.3654870986938 272.43402099609
74.085182189941 -2.4136183261871 272.52380371094
56.992694854736 1.5308232307434 270.11068725586
57.715419769287 1.4460308551788 270.20193481445
58.389240264893 1.354719877243 270.10858154297
59.129066467285 1.3502905368805 270.04995727539
59.892436981201 1.3559206724167 270.04266357422
60.676971435547 1.3460296392441 270.03591918945
61.464050292969 1.3404552936554 270.03356933594
62.25118637085 1.3559342622757 270.06497192383
63.039371490479 1.3697035312653 270.09799194336
63.827613830566 1.3958592414856 270.12408447266
64.615859985352 1.4220148324966 270.15017700195
65.403854370117 1.4597816467285 270.16305541992
66.191719055176 1.4913556575775 270.14920043945
66.979568481445 1.5056337118149 270.10708618164
67.766250610352 1.5656114816666 270.09225463867
68.539962768555 1.5859209299088 269.98205566406
69.322311401367 1.6859271526337 269.96841430664
70.096450805664 1.7502819299698 269.83843994141
70.858512878418 1.8151814937592 269.65676879883
71.627853393555 1.9000222682953 269.50567626953
72.395065307617 2.007604598999 269.35562133789
73.144889831543 2.0966711044312 269.17001342773
73.881683349609 2.1679213047028 268.89721679688
74.376815795898 2.1798367500305 268.72985839844
75.123886108398 2.3083856105804 268.55310058594
56.778991699219 1.6459475755692 270.56872558594
57.331184387207 1.4352985620499 270.69964599609
57.69702911377 1.3431987762451 270.91415405273
58.395530700684 1.3200259208679 271.17462158203
59.217903137207 1.346041560173 271.36544799805
59.989810943604 1.3869466781616 271.56292724609
60.783645629883 1.3125932216644 271.81436157227
61.611408233643 1.3545190095901 271.97064208984
62.442958831787 1.423896074295 272.11151123047
63.269950866699 1.4131859540939 272.29379272461
64.096565246582 1.4451208114624 272.47958374023
64.923362731934 1.4741104841232 272.66525268555
65.745262145996 1.5090535879135 272.87066650391
66.559623718262 1.5515158176422 273.10314941406
67.375289916992 1.6205780506134 273.32244873047
68.171806335449 1.6819549798965 273.60531616211
68.965881347656 1.7609785795212 273.87399291992
69.710746765137 1.8202595710754 274.25924682617
70.505416870117 1.9379593133926 274.53024291992
71.255722045898 2.0419447422028 274.91104125977
72.005233764648 2.1481251716614 275.29174804688
72.751312255859 2.2813374996185 275.67166137695
73.491752624512 2.4319884777069 276.05618286133
74.200973510742 2.5649921894073 276.49719238281
74.773498535156 2.6771466732025 276.98043823242
