-6.2531380653381 -48.319843292236 557.21636962891
183.00090026855 -8.3159313201904 593.36083984375
184.10450744629 -71.511756896973 593.46868896484
186.33090209961 -23.701610565186 533.23754882812
-9.5896377563477 -41.921199798584 561.35333251953
-8.2096071243286 -35.148056030273 565.97265625
-3.7515206336975 -29.425653457642 570.03649902344
3.033224105835 -25.607906341553 572.93420410156
10.947147369385 -23.681182861328 574.6162109375
19.242002487183 -23.451332092285 575.17657470703
27.543472290039 -23.946813583374 575.24981689453
35.845138549805 -24.464580535889 575.30804443359
44.156017303467 -24.677114486694 575.57177734375
52.46618270874 -24.760948181152 575.92205810547
60.768268585205 -24.628433227539 576.41741943359
69.060279846191 -24.348484039307 577.01123046875
77.353408813477 -24.08185005188 577.59613037109
85.629661560059 -23.637817382812 578.29956054688
93.867523193359 -22.910171508789 579.19165039062
102.04372406006 -21.856708526611 580.29968261719
110.20207214355 -20.723802566528 581.46020507812
118.35453796387 -19.567546844482 582.63616943359
126.4137802124 -18.063222885132 584.04150390625
134.4598236084 -16.515672683716 585.47515869141
142.52565002441 -15.037114143372 586.86346435547
150.50950622559 -13.299608230591 588.42181396484
158.54843139648 -11.729386329651 589.87036132812
166.62275695801 -10.276072502136 591.2421875
174.77632141113 -9.1229610443115 592.416015625
-3.1080374717712 -44.480155944824 563.67883300781
2.3798196315765 -41.327323913574 568.72607421875
8.9167747497559 -44.951335906982 570.30249023438
15.166616439819 -50.176658630371 571.05487060547
21.191982269287 -55.702011108398 571.64215087891
27.660680770874 -60.645057678223 572.52032470703
34.268665313721 -65.396354675293 573.44561767578
41.41382598877 -69.339340209961 574.20660400391
48.764839172363 -72.797897338867 575.16986083984
56.279350280762 -75.871719360352 576.29382324219
64.013519287109 -78.307792663574 577.37847900391
71.868530273438 -80.393051147461 578.44152832031
79.872695922852 -81.768760681152 579.45092773438
87.933670043945 -82.874221801758 580.43988037109
96.05046081543 -83.317283630371 581.48565673828
104.18459320068 -83.555648803711 582.44458007812
112.33279418945 -83.627922058105 583.32830810547
120.43755340576 -82.670059204102 584.05120849609
128.53105163574 -81.611022949219 584.79113769531
136.60917663574 -80.465469360352 585.57281494141
144.64979553223 -79.106071472168 586.38201904297
152.67065429688 -77.634063720703 587.20574951172
160.57305908203 -75.792900085449 588.36389160156
168.49255371094 -74.578033447266 589.90856933594
176.38803100586 -73.72785949707 591.81811523438
-4.0894079208374 -40.714965820312 559.05670166016
1.9090341329575 -35.447372436523 560.95031738281
9.3047304153442 -33.649642944336 558.90313720703
15.045784950256 -35.405738830566 553.13232421875
21.288682937622 -35.958938598633 547.65008544922
27.542778015137 -37.155879974365 542.29187011719
34.212997436523 -38.233985900879 537.49584960938
41.472511291504 -38.761516571045 533.46136474609
48.880332946777 -38.811046600342 529.67956542969
56.572288513184 -38.457492828369 526.50872802734
64.536964416504 -38.249305725098 524.17730712891
72.648376464844 -38.119331359863 522.29760742188
80.848571777344 -38.193828582764 520.95202636719
89.124572753906 -38.442932128906 520.06256103516
97.412742614746 -37.870311737061 519.51007080078
105.71211242676 -37.300708770752 519.41290283203
114.01470184326 -36.725555419922 519.64184570312
122.23806762695 -35.746849060059 520.51580810547
130.40632629395 -34.805931091309 521.81512451172
138.53834533691 -33.830211639404 523.30938720703
146.59375 -32.689140319824 525.08526611328
154.50694274902 -31.01132774353 527.06140136719
162.46368408203 -29.331451416016 528.84796142578
170.4449005127 -27.570056915283 530.39636230469
178.41841125488 -25.325529098511 531.21252441406
