67.632080078125 6.2172918319702 270.87191772461
80.171340942383 -7.6233115196228 273.85601806641
85.10636138916 -1.3792124986649 266.68548583984
84.096145629883 1.1796258687973 277.72146606445
67.54817199707 5.4618363380432 271.04254150391
67.558654785156 4.7029390335083 271.21295166016
67.663162231445 3.95143866539 271.38076782227
67.821876525879 3.2071299552917 271.54641723633
68.022232055664 2.4732837677002 271.70932006836
68.28923034668 1.7589976787567 271.86712646484
68.609085083008 1.065269947052 272.01977539062
69.000579833984 0.40760788321495 272.16366577148
69.438339233398 -0.22143550217152 272.30062866211
69.923263549805 -0.81625753641129 272.4294128418
70.456840515137 -1.369692325592 272.54843139648
71.031936645508 -1.883353471756 272.65805053711
71.628150939941 -2.3737041950226 272.76226806641
72.249412536621 -2.8335618972778 272.85934448242
72.91716003418 -3.2251138687134 272.94058227539
73.539848327637 -3.6795446872711 273.03643798828
74.137176513672 -4.1686449050903 273.1403503418
74.746505737305 -4.6421985626221 273.24066162109
75.385543823242 -5.0782146453857 273.33221435547
76.023872375488 -5.5152306556702 273.42395019531
76.699096679688 -5.8954963684082 273.5026550293
77.382843017578 -6.2610669136047 273.57794189453
78.076545715332 -6.6080794334412 273.64892578125
78.774810791016 -6.9464898109436 273.71795654297
79.473075866699 -7.2849006652832 273.78698730469
67.848861694336 5.779393196106 270.24475097656
68.181968688965 5.1230187416077 269.94229125977
68.559417724609 4.4364347457886 269.80319213867
69.091484069824 3.8571529388428 269.68072509766
69.635307312012 3.2814772129059 269.60034179688
70.234924316406 2.7629735469818 269.52865600586
70.893020629883 2.3227725028992 269.44711303711
71.598892211914 1.9693384170532 269.34460449219
72.302879333496 1.6195067167282 269.21936035156
73.003509521484 1.2748364210129 269.06448364258
73.704216003418 0.93044739961624 268.90933227539
74.411445617676 0.61199468374252 268.73016357422
75.119277954102 0.29596623778343 268.54922485352
75.851333618164 0.044086378067732 268.36395263672
76.589920043945 -0.18712268769741 268.17767333984
77.33765411377 -0.39434391260147 267.99981689453
78.095985412598 -0.57002204656601 267.8332824707
78.865753173828 -0.71347838640213 267.68991088867
79.640739440918 -0.83193820714951 267.55197143555
80.421142578125 -0.90425992012024 267.41259765625
81.199699401855 -0.98874700069427 267.2698059082
81.973693847656 -1.098924279213 267.11993408203
82.751754760742 -1.2061809301376 266.99029541016
83.529487609863 -1.314568400383 266.85968017578
84.311508178711 -1.3846819400787 266.728515625
67.776008605957 6.09446144104 271.60403442383
68.124694824219 5.6919159889221 272.14453125
68.527397155762 5.1924724578857 272.55120849609
68.975151062012 4.6920485496521 272.90621948242
69.484161376953 4.225061416626 273.22222900391
70.043312072754 3.8028373718262 273.51583862305
70.630249023438 3.4108445644379 273.79669189453
71.237457275391 3.0785396099091 274.10980224609
71.869087219238 2.7813808917999 274.40951538086
72.531044006348 2.5246059894562 274.67980957031
73.212272644043 2.2971208095551 274.92761230469
73.900749206543 2.0836820602417 275.16738891602
74.584526062012 1.9235236644745 275.45727539062
75.272819519043 1.7704972028732 275.74017333984
75.977027893066 1.6276154518127 275.98693847656
76.680908203125 1.4991735219955 276.24243164062
77.394844055176 1.378843665123 276.47265625
78.123344421387 1.2831695079803 276.66580200195
78.862434387207 1.2454026937485 276.83767700195
79.606178283691 1.2333153486252 276.99234008789
80.353942871094 1.2241611480713 277.12649536133
81.103507995605 1.2152638435364 277.25018310547
81.845664978027 1.1902283430099 277.41082763672
82.589248657227 1.1724226474762 277.56573486328
83.337364196777 1.1509393453598 277.69647216797
