56.884128570557 -10.531329154968 274.79061889648
66.997215270996 -16.784543991089 276.01873779297
69.876426696777 -14.50394821167 274.08001708984
69.140350341797 -14.978482246399 279.2666015625
56.903217315674 -11.003475189209 274.74591064453
57.087898254395 -11.441292762756 274.73526000977
57.373165130615 -11.821150779724 274.74917602539
57.729827880859 -12.134175300598 274.78302001953
58.10778427124 -12.420307159424 274.82354736328
58.498607635498 -12.687933921814 274.86834716797
58.898921966553 -12.940539360046 274.91644287109
59.307182312012 -13.179502487183 274.96743774414
59.720302581787 -13.409568786621 275.02020263672
60.135005950928 -13.63663482666 275.0735168457
60.552932739258 -13.857398986816 275.12814331055
60.973152160645 -14.073541641235 275.18362426758
61.396934509277 -14.282231330872 275.2405090332
61.824771881104 -14.482000350952 275.2991027832
62.25549697876 -14.675092697144 275.35885620117
62.684024810791 -14.873266220093 275.41775512695
63.117893218994 -15.058732032776 275.47894287109
63.549655914307 -15.249353408813 275.53915405273
63.986228942871 -15.427956581116 275.60144042969
64.414237976074 -15.627340316772 275.66009521484
64.84024810791 -15.831175804138 275.71795654297
65.261833190918 -16.044492721558 275.77398681641
65.69140625 -16.240293502808 275.8332824707
66.124580383301 -16.427476882935 275.89413452148
66.555404663086 -16.620347976685 275.95394897461
57.211475372314 -10.881321907043 274.56161499023
57.584667205811 -11.255304336548 274.57708740234
58.093898773193 -11.383247375488 274.49554443359
58.605609893799 -11.526748657227 274.49002075195
59.102203369141 -11.715987205505 274.47964477539
59.605968475342 -11.885090827942 274.49081420898
60.116878509521 -12.026371002197 274.53030395508
60.63062286377 -12.158718109131 274.56341552734
61.147281646729 -12.281016349792 274.58905029297
61.662631988525 -12.410440444946 274.60363769531
62.177581787109 -12.541915893555 274.61315917969
62.693088531494 -12.671536445618 274.61419677734
63.206993103027 -12.807160377502 274.60641479492
63.718814849854 -12.949533462524 274.58856201172
64.232345581055 -13.086205482483 274.5758972168
64.746688842773 -13.218773841858 274.55557250977
65.260871887207 -13.344194412231 274.50625610352
65.774681091309 -13.475755691528 274.47100830078
66.287864685059 -13.611547470093 274.44372558594
66.798980712891 -13.745991706848 274.38687133789
67.315528869629 -13.86553478241 274.34893798828
67.835029602051 -13.975173950195 274.32360839844
68.34691619873 -14.115341186523 274.29400634766
68.859558105469 -14.248332023621 274.24859619141
69.371612548828 -14.377780914307 274.18862915039
57.148216247559 -10.929619789124 275.03271484375
57.537906646729 -11.29536151886 275.09088134766
57.979927062988 -11.576079368591 275.21209716797
58.458415985107 -11.760427474976 275.37600708008
58.955490112305 -11.91096496582 275.51821899414
59.447059631348 -12.078719139099 275.65994262695
59.95333480835 -12.213480949402 275.78451538086
60.456581115723 -12.35862827301 275.90975952148
60.95911026001 -12.504473686218 276.03668212891
61.467300415039 -12.617870330811 276.17404174805
61.968730926514 -12.745686531067 276.32284545898
62.454769134521 -12.902049064636 276.49407958984
62.941299438477 -13.056603431702 276.66555786133
63.428153991699 -13.209335327148 276.83773803711
63.909950256348 -13.366936683655 277.01950073242
64.386642456055 -13.528705596924 277.21078491211
64.870483398438 -13.671027183533 277.39938354492
65.367332458496 -13.770607948303 277.58160400391
65.853149414062 -13.896584510803 277.77670288086
66.320907592773 -14.058785438538 277.98858642578
66.789161682129 -14.220556259155 278.19973754883
67.26197052002 -14.378218650818 278.40368652344
67.738838195801 -14.520299911499 278.60961914062
68.21866607666 -14.64942741394 278.81719970703
68.683456420898 -14.807215690613 279.03872680664
