72.924270629883 -13.964365005493 403.83285522461
87.777626037598 -16.898633956909 405.32745361328
91.912696838379 -11.163209915161 400.36853027344
90.581214904785 -10.906165122986 410.1276550293
73.115280151367 -14.559756278992 403.88635253906
73.471000671387 -15.072972297668 403.94937133789
73.901641845703 -15.524796485901 404.01528930664
74.366180419922 -15.941520690918 404.08197021484
74.885276794434 -16.287870407104 404.14920043945
75.441429138184 -16.57107925415 404.2158203125
76.02596282959 -16.790208816528 404.28103637695
76.618064880371 -16.988182067871 404.34561157227
77.22346496582 -17.141376495361 404.40863037109
77.832656860352 -17.279027938843 404.47094726562
78.445571899414 -17.399448394775 404.53253173828
79.065040588379 -17.480783462524 404.59237670898
79.688682556152 -17.521457672119 404.65008544922
80.313804626465 -17.529024124146 404.70587158203
80.938735961914 -17.544683456421 404.76211547852
81.563911437988 -17.549032211304 404.8176574707
82.188743591309 -17.523357391357 404.8713684082
82.813606262207 -17.498567581177 404.92510986328
83.437049865723 -17.448215484619 404.97720336914
84.058540344238 -17.376525878906 405.02780151367
84.67854309082 -17.292360305786 405.0774230957
85.296974182129 -17.196912765503 405.12631225586
85.916397094727 -17.108413696289 405.17568969727
86.535308837891 -17.016304016113 405.22473144531
87.152557373047 -16.916090011597 405.27322387695
73.521011352539 -14.271790504456 403.45532226562
74.206359863281 -14.622838020325 403.46069335938
74.95516204834 -14.755005836487 403.33901977539
75.721328735352 -14.812066078186 403.28567504883
76.48811340332 -14.850749015808 403.22497558594
77.254753112793 -14.832664489746 403.15390014648
78.017196655273 -14.763304710388 403.0703125
78.771331787109 -14.647334098816 402.96563720703
79.520668029785 -14.511850357056 402.85043334961
80.264640808105 -14.361035346985 402.72045898438
81.007255554199 -14.224754333496 402.56854248047
81.743110656738 -14.045134544373 402.4294128418
82.475326538086 -13.846795082092 402.29650878906
83.217124938965 -13.677367210388 402.17755126953
83.957885742188 -13.504209518433 402.05743408203
84.687034606934 -13.29602432251 401.9228515625
85.421112060547 -13.100412368774 401.79635620117
86.161262512207 -12.921862602234 401.68048095703
86.890907287598 -12.717774391174 401.54235839844
87.617683410645 -12.507143974304 401.39892578125
88.336853027344 -12.269845962524 401.25888061523
89.058303833008 -12.04588508606 401.10897827148
89.783401489258 -11.84734916687 400.94183349609
90.484252929688 -11.603275299072 400.73626708984
91.189300537109 -11.373421669006 400.52838134766
73.420509338379 -14.206921577454 404.33755493164
74.056663513184 -14.522493362427 404.5735168457
74.768730163574 -14.617651939392 404.78884887695
75.493804931641 -14.658148765564 404.97659301758
76.214637756348 -14.680913925171 405.1826171875
76.936103820801 -14.65883731842 405.38659667969
77.656158447266 -14.605968475342 405.58984375
78.366241455078 -14.521819114685 405.81646728516
79.073265075684 -14.426664352417 406.04809570312
79.770957946777 -14.295116424561 406.29010009766
80.468544006348 -14.161245346069 406.53109741211
81.164665222168 -14.001502037048 406.76034545898
81.863464355469 -13.845265388489 406.98373413086
82.5703125 -13.699192047119 407.18759155273
83.258232116699 -13.484644889832 407.39587402344
83.939025878906 -13.249478340149 407.60531616211
84.614952087402 -13.010384559631 407.82580566406
85.288536071777 -12.769264221191 408.05111694336
85.972259521484 -12.52280330658 408.23663330078
86.654930114746 -12.283192634583 408.4345703125
87.32795715332 -12.061044692993 408.68017578125
88.001541137695 -11.840393066406 408.92565917969
88.680358886719 -11.634463310242 409.16940307617
89.320602416992 -11.39342880249 409.47702026367
89.957893371582 -11.15301322937 409.79119873047
