72.271820068359 -42.289459228516 323.63153076172
58.647285461426 -7.0670566558838 341.24920654297
84.999755859375 10.327531814575 343.80456542969
68.483642578125 14.601845741272 320.08233642578
71.010566711426 -43.456199645996 324.26696777344
69.533111572266 -44.014953613281 325.19305419922
68.036712646484 -44.064155578613 326.24719238281
66.731246948242 -43.379985809326 327.33026123047
65.761528015137 -42.16138458252 328.29449462891
64.926498413086 -40.803455352783 329.19427490234
64.393928527832 -39.213123321533 329.93090820312
63.979457855225 -37.55834197998 330.59796142578
63.694610595703 -35.847110748291 331.18548583984
63.597461700439 -34.078384399414 331.65234375
63.554733276367 -32.298343658447 332.08297729492
63.272201538086 -30.588167190552 332.66857910156
62.972393035889 -28.882406234741 333.26550292969
62.632499694824 -27.193130493164 333.88732910156
62.208587646484 -25.542827606201 334.56008911133
61.789947509766 -23.889896392822 335.22970581055
61.421432495117 -22.213195800781 335.86901855469
61.049884796143 -20.537891387939 336.51022338867
60.619346618652 -18.890935897827 337.18695068359
60.176418304443 -17.250350952148 337.87115478516
59.659133911133 -15.650818824768 338.59896850586
59.260791778564 -13.988004684448 339.25634765625
58.878715515137 -12.317537307739 339.90393066406
58.468940734863 -10.660262107849 340.56826782227
58.506229400635 -8.8679513931274 340.94473266602
73.391334533691 -42.148838043213 325.78479003906
74.085060119629 -41.271957397461 327.94290161133
75.103080749512 -39.84948348999 329.6340637207
76.240539550781 -38.327289581299 331.15173339844
77.605911254883 -36.628757476807 332.23376464844
78.872581481934 -34.804962158203 333.22872924805
80.085906982422 -32.921485900879 334.1755065918
80.978477478027 -30.73023223877 334.74319458008
81.808097839355 -28.497261047363 335.23934936523
82.575256347656 -26.22557258606 335.65322875977
83.235404968262 -23.899854660034 335.92883300781
83.895484924316 -21.574144363403 336.20462036133
84.518028259277 -19.25354385376 336.58929443359
85.105659484863 -16.94197845459 337.0710144043
85.693252563477 -14.630427360535 337.55285644531
86.150169372559 -12.293740272522 338.05453491211
86.521476745605 -9.9445190429688 338.56826782227
86.891815185547 -7.5951633453369 339.08218383789
87.207000732422 -5.2323961257935 339.57067871094
87.40697479248 -2.8467407226562 340.00540161133
87.604393005371 -0.46058151125908 340.43899536133
87.782249450684 1.9275456666946 340.87017822266
87.80721282959 4.3254051208496 341.2819519043
87.544059753418 6.5474019050598 342.23007202148
86.532615661621 8.5490856170654 343.16781616211
70.55738067627 -41.184757232666 322.38806152344
69.154403686523 -39.447284698486 321.54168701172
68.118438720703 -37.523193359375 320.58337402344
67.820419311523 -35.433895111084 319.46450805664
67.52417755127 -33.34351348877 318.34744262695
67.387229919434 -31.15743637085 317.39486694336
67.408554077148 -28.899927139282 316.61444091797
67.452125549316 -26.626043319702 315.88577270508
67.701034545898 -24.261354446411 315.65734863281
67.94994354248 -21.896661758423 315.42892456055
68.198860168457 -19.531972885132 315.2004699707
68.436767578125 -17.164123535156 314.99411010742
68.619186401367 -14.784283638 314.89984130859
68.788711547852 -12.402569770813 314.83209228516
68.958114624023 -10.020838737488 314.76458740234
69.127510070801 -7.6391067504883 314.69708251953
69.264465332031 -5.2548117637634 314.64965820312
69.272163391113 -2.8664581775665 314.68203735352
69.276718139648 -0.47800692915916 314.71636962891
69.333786010742 1.8994505405426 314.93798828125
69.419540405273 4.2644686698914 315.26187133789
69.533622741699 6.6241960525513 315.61474609375
69.750297546387 8.9365854263306 316.17111206055
69.775817871094 11.151042938232 317.06256103516
69.186637878418 12.968326568604 318.48803710938
