94.23966217041 2.8819975852966 333.82339477539
62.514713287354 7.5780901908875 342.05068969727
59.010593414307 3.6988534927368 335.56652832031
60.187679290771 1.2471956014633 348.79983520508
93.676559448242 3.9723024368286 334.15744018555
92.475677490234 4.3250246047974 334.50155639648
91.24161529541 4.5590281486511 334.83114624023
90.012428283691 4.8139095306396 335.16351318359
88.778450012207 5.0483231544495 335.4931640625
87.540176391602 5.2630186080933 335.82015991211
86.299598693848 5.4663257598877 336.14556884766
85.051811218262 5.6303949356079 336.46530151367
83.817291259766 5.862370967865 336.79461669922
82.578712463379 6.074622631073 337.12127685547
81.359085083008 6.3664479255676 337.45834350586
80.128860473633 6.6159658432007 337.78991699219
78.878608703613 6.7654728889465 338.10754394531
77.626449584961 6.9024715423584 338.42321777344
76.377891540527 7.0623331069946 338.74240112305
75.124687194824 7.1922068595886 339.05697631836
73.87100982666 7.3185524940491 339.37103271484
72.612503051758 7.4061408042908 339.67901611328
71.355308532715 7.5054187774658 339.98876953125
70.09578704834 7.5832171440125 340.29513549805
68.832504272461 7.6163973808289 340.59399414062
67.573921203613 7.703152179718 340.90185546875
66.31127166748 7.7454962730408 341.20227050781
65.046104431152 7.7433214187622 341.49499511719
63.779987335205 7.6788592338562 341.77633666992
92.881553649902 2.8363451957703 333.70907592773
91.521934509277 2.9410893917084 333.69903564453
90.16625213623 2.9523341655731 333.84649658203
88.81233215332 2.9560420513153 334.00970458984
87.458396911621 2.9835188388824 334.17047119141
86.1044921875 3.0111000537872 334.33145141602
84.761993408203 3.0756123065948 334.56228637695
83.419548034668 3.1403026580811 334.79339599609
82.074630737305 3.210001707077 335.00811767578
80.729316711426 3.2805278301239 335.22003173828
79.383338928223 3.3295924663544 335.43371582031
78.037002563477 3.3365676403046 335.65072631836
76.688522338867 3.3431017398834 335.85391235352
75.324859619141 3.3435506820679 335.86657714844
73.96118927002 3.3439998626709 335.87927246094
72.597839355469 3.3635671138763 335.90487670898
71.234588623047 3.3863098621368 335.93264770508
69.871658325195 3.3506352901459 335.90286254883
68.509780883789 3.29736328125 335.8557434082
67.149307250977 3.2341566085815 335.78604125977
65.789527893066 3.1668691635132 335.70709228516
64.426780700684 3.151359796524 335.65786743164
63.063480377197 3.1676754951477 335.62817382812
61.704719543457 3.2814137935638 335.60455322266
60.361789703369 3.5145139694214 335.56033325195
93.089370727539 2.6520369052887 334.66418457031
91.764015197754 2.6282665729523 335.23727416992
90.438095092773 2.6046981811523 335.80892944336
89.077079772949 2.5939857959747 336.29174804688
87.715209960938 2.5836172103882 336.77209472656
86.349082946777 2.5750553607941 337.24017333984
84.957672119141 2.5783078670502 337.62686157227
83.566268920898 2.5815601348877 338.01354980469
82.174858093262 2.5848128795624 338.40026855469
80.783599853516 2.5879921913147 338.78744506836
79.407699584961 2.5834283828735 339.22610473633
78.047714233398 2.5717129707336 339.71176147461
76.687911987305 2.5596890449524 340.19787597656
75.353294372559 2.5057640075684 340.74688720703
74.030654907227 2.4340124130249 341.322265625
72.705520629883 2.366607427597 341.89236450195
71.399536132812 2.300279378891 342.50518798828
70.109451293945 2.2353758811951 343.15097045898
68.853492736816 2.2113754749298 343.86337280273
67.597625732422 2.1880552768707 344.57598876953
66.343170166016 2.1752655506134 345.29135131836
65.080551147461 2.1746294498444 345.99230957031
63.810260772705 2.1858081817627 346.67919921875
62.560176849365 2.1049854755402 347.3977355957
61.347587585449 1.7191177606583 348.08047485352
