13.375098228455 4.6560277938843 -23.638893127441
-0.36298280954361 6.0506882667542 -21.713418960571
-7.7902393341064 0.52923142910004 -19.339942932129
-5.2374806404114 4.226580619812 -15.539459228516
12.912591934204 4.9297542572021 -23.754833221436
12.402973175049 5.1310901641846 -23.802658081055
11.894016265869 5.3337941169739 -23.851724624634
11.38672542572 5.5384631156921 -23.902709960938
10.849203109741 5.6515069007874 -23.873985290527
10.314600944519 5.7797975540161 -23.858060836792
9.7742404937744 5.8713755607605 -23.811601638794
9.2366943359375 5.9842190742493 -23.782711029053
8.700662612915 6.1001081466675 -23.756574630737
8.1600704193115 6.1274828910828 -23.658889770508
7.6188397407532 6.1631002426147 -23.56761932373
7.0769023895264 6.2153444290161 -23.489458084106
6.5350346565247 6.2744383811951 -23.416765213013
5.9967608451843 6.2821440696716 -23.303909301758
5.455436706543 6.3194651603699 -23.213979721069
4.9163374900818 6.333203792572 -23.105752944946
4.3805894851685 6.3258323669434 -22.981435775757
3.8440055847168 6.323043346405 -22.860586166382
3.3079643249512 6.3172454833984 -22.737459182739
2.7748847007751 6.2970294952393 -22.603479385376
2.2470185756683 6.256420135498 -22.454420089722
1.7368050813675 6.1663131713867 -22.269794464111
1.2499973773956 6.0296740531921 -22.053270339966
0.71666359901428 6.0107774734497 -21.920289993286
0.17730666697025 6.0265378952026 -21.813611984253
12.63475894928 4.2574696540833 -23.756103515625
11.779848098755 4.2661371231079 -23.786905288696
10.927178382874 4.2978482246399 -23.724056243896
10.083872795105 4.2829523086548 -23.581226348877
9.2606821060181 4.216296672821 -23.356182098389
8.4427127838135 4.1365494728088 -23.117473602295
7.6096482276917 4.048677444458 -22.941305160522
6.7743906974792 3.9558086395264 -22.779815673828
5.9603338241577 3.8278579711914 -22.549325942993
5.1771988868713 3.6627848148346 -22.245616912842
4.3927278518677 3.4941742420197 -21.949089050293
3.5873007774353 3.26881980896 -21.766765594482
2.7831048965454 3.0249540805817 -21.603944778442
1.9865242242813 2.782744884491 -21.404996871948
1.1872652769089 2.5450556278229 -21.211410522461
0.38560861349106 2.3149871826172 -21.018573760986
-0.42101782560349 2.1066031455994 -20.821811676025
-1.2311797142029 1.9087620973587 -20.628755569458
-2.0488352775574 1.7350089550018 -20.444263458252
-2.8686499595642 1.5680886507034 -20.263082504272
-3.693911075592 1.4197326898575 -20.090747833252
-4.4929075241089 1.3256593942642 -19.798271179199
-5.3206210136414 1.1304703950882 -19.701484680176
-6.1495914459229 0.94666296243668 -19.592842102051
-6.9730396270752 0.75391834974289 -19.460313796997
12.929080963135 4.636697769165 -22.996429443359
12.141755104065 4.6787705421448 -22.92352104187
11.369872093201 4.7860507965088 -22.782690048218
10.610857963562 4.8981595039368 -22.587993621826
9.8605337142944 4.8859820365906 -22.334804534912
9.1066026687622 4.8790063858032 -22.092384338379
8.3467044830322 4.8810477256775 -21.869300842285
7.5945930480957 4.8619346618652 -21.622020721436
6.8558859825134 4.8134636878967 -21.34063911438
6.119264125824 4.801097869873 -21.050075531006
5.3878355026245 4.8336124420166 -20.748195648193
4.6678490638733 4.8165497779846 -20.418756484985
3.9595069885254 4.7608451843262 -20.068912506104
3.2545738220215 4.7039442062378 -19.712440490723
2.5578451156616 4.6440982818604 -19.340648651123
1.8637754917145 4.5703721046448 -18.966390609741
1.1742023229599 4.4751086235046 -18.588689804077
0.48300296068192 4.3764138221741 -18.214889526367
-0.22118932008743 4.3304786682129 -17.855386734009
-0.93080204725266 4.3118634223938 -17.50426864624
-1.6498173475266 4.1637997627258 -17.207099914551
-2.3709518909454 4.1581983566284 -16.879774093628
-3.0847156047821 4.2167382240295 -16.541662216187
-3.8048930168152 4.1986908912659 -16.212629318237
-4.5216069221497 4.1865396499634 -15.875860214233
