111.42528533936 -43.396926879883 364.64141845703
133.07455444336 -3.9654865264893 355.47564697266
145.89682006836 -20.736612319946 378.80392456055
147.15194702148 -28.721796035767 346.83489990234
109.80517578125 -42.065090179443 364.1037902832
108.65584564209 -40.334953308105 363.49810791016
107.69416046143 -38.496517181396 362.87957763672
106.90904998779 -36.577926635742 362.25531005859
106.37119293213 -34.576061248779 361.63122558594
106.12241363525 -32.514789581299 361.01821899414
106.07564544678 -30.43473815918 360.41946411133
106.22487640381 -28.354219436646 359.83950805664
106.59236907959 -26.29354095459 359.28643798828
107.14624023438 -24.267478942871 358.76126098633
107.91699981689 -22.303680419922 358.27496337891
108.79471588135 -20.379766464233 357.81048583984
109.87207794189 -18.549087524414 357.39190673828
111.08483886719 -16.796939849854 357.00897216797
112.46105957031 -15.159350395203 356.67459106445
113.95248413086 -13.617990493774 356.37887573242
115.59548187256 -12.228206634521 356.14114379883
117.33645629883 -10.956048965454 355.9465637207
119.21362304688 -9.8844795227051 355.82241821289
121.15078735352 -8.9223623275757 355.73544311523
123.25118255615 -8.4133758544922 355.79373168945
125.12231445312 -7.3316278457642 355.66613769531
127.08567810059 -6.4218039512634 355.59658813477
129.14828491211 -5.7642211914062 355.60876464844
131.16943359375 -4.9883937835693 355.58312988281
111.12489318848 -41.61706161499 365.33612060547
111.02539825439 -39.690093994141 365.48648071289
111.08103179932 -37.755805969238 365.44207763672
111.18328857422 -35.823650360107 365.38909912109
111.32542419434 -33.895275115967 365.4104309082
112.32213592529 -32.243179321289 365.54696655273
113.77349090576 -30.980470657349 365.75634765625
115.44212341309 -30.025987625122 365.98196411133
117.15103149414 -29.172563552856 366.29360961914
118.84678649902 -28.396234512329 366.81149291992
120.55406188965 -27.678926467896 367.3742980957
122.21685028076 -26.795993804932 367.82382202148
123.89986419678 -25.978229522705 368.31903076172
125.58148193359 -25.214166641235 368.89770507812
127.24848175049 -24.50043296814 369.57421875
128.96096801758 -24.174182891846 370.41534423828
130.67269897461 -23.911651611328 371.27987670898
132.21676635742 -23.627286911011 372.41189575195
133.79737854004 -23.458278656006 373.51620483398
135.48863220215 -23.318197250366 374.4465637207
137.21862792969 -22.889619827271 375.2014465332
138.95889282227 -22.334663391113 375.841796875
140.69958496094 -21.752666473389 376.45645141602
142.44345092773 -21.255651473999 377.13327026367
144.17013549805 -20.996131896973 377.96859741211
111.76615142822 -42.276836395264 363.23751831055
111.96726989746 -40.665988922119 362.39486694336
112.37719726562 -39.063247680664 361.61468505859
112.7924041748 -37.504745483398 360.75207519531
113.3341293335 -36.029361724854 359.81723022461
114.22576141357 -34.651248931885 359.0107421875
115.40431213379 -33.46114730835 358.27630615234
116.82241821289 -32.47624206543 357.67874145508
118.505027771 -31.854238510132 357.32415771484
120.18508148193 -31.394626617432 356.7658996582
121.86194610596 -30.954706192017 356.18353271484
123.54327392578 -30.378839492798 355.7512512207
125.20802307129 -29.826955795288 355.23233032227
126.8473815918 -29.311002731323 354.60745239258
128.59117126465 -28.976692199707 354.16827392578
130.3455657959 -28.710420608521 353.73428344727
131.9709777832 -28.997093200684 352.94598388672
133.60774230957 -29.272903442383 352.17770385742
135.28996276855 -29.500736236572 351.49676513672
136.97822570801 -29.662996292114 350.81228637695
138.67181396484 -29.618520736694 350.12295532227
140.3833770752 -29.491905212402 349.49047851562
142.10794067383 -29.279783248901 348.91925048828
143.8072052002 -29.083576202393 348.27154541016
145.47958374023 -28.902687072754 347.55322265625
