103.18592834473 -13.175559043884 378.8141784668
109.02082824707 3.1996545791626 322.34301757812
101.78391265869 -7.7530798912048 311.14392089844
95.873435974121 6.3470144271851 315.62814331055
104.40915679932 -12.153455734253 377.16723632812
105.11351776123 -11.312056541443 375.14993286133
105.74781799316 -10.498711585999 373.09820556641
106.31365203857 -9.7135715484619 371.01586914062
106.73767852783 -8.9887266159058 368.87847900391
107.10954284668 -8.2867527008057 366.72381591797
107.41905212402 -7.6126284599304 364.5505065918
107.65780639648 -6.9706788063049 362.35855102539
107.87651824951 -6.3379573822021 360.16186523438
108.04634094238 -5.727988243103 357.95440673828
108.17305755615 -5.1383080482483 355.73858642578
108.25939941406 -4.5678658485413 353.51574707031
108.34348297119 -3.9985010623932 351.29257202148
108.42401885986 -3.43084192276 349.06884765625
108.46519470215 -2.8821544647217 346.83926391602
108.5122833252 -2.330593585968 344.61050415039
108.54083251953 -1.7880594730377 342.37927246094
108.65571594238 -1.2039912939072 340.16128540039
108.72462463379 -0.64190751314163 337.93572998047
108.82586669922 -0.064347259700298 335.71539306641
108.91781616211 0.50877070426941 333.49349975586
108.94776153564 1.0520130395889 331.26239013672
109.03778839111 1.6242361068726 329.04019165039
109.06959533691 2.1683795452118 326.80935668945
108.919921875 2.6222789287567 324.56332397461
103.19132995605 -13.655827522278 376.54232788086
103.45712280273 -13.265118598938 373.93380737305
103.7250289917 -12.788851737976 371.34063720703
103.96206665039 -12.101866722107 368.79211425781
104.04245758057 -11.516002655029 366.20718383789
104.12554931641 -11.005648612976 363.60620117188
104.17887115479 -10.53199672699 360.99780273438
104.12188720703 -10.176352500916 358.37030029297
104.08471679688 -9.8467845916748 355.73901367188
104.04706573486 -9.5188837051392 353.10754394531
104.00394439697 -9.2096452713013 350.47387695312
103.94479370117 -8.9438571929932 347.83676147461
103.84778594971 -8.7806558609009 345.19146728516
103.75078582764 -8.6174545288086 342.5461730957
103.64746856689 -8.4075260162354 339.90472412109
103.53972625732 -8.1647796630859 337.26593017578
103.45148468018 -8.0574264526367 334.62008666992
103.3705368042 -8.0218420028687 331.97082519531
103.22733306885 -7.741837978363 329.33743286133
103.14198303223 -7.5268521308899 326.69573974609
103.01396179199 -7.3507027626038 324.05294799805
103.04204559326 -7.0769071578979 321.41751098633
102.96836853027 -6.7714281082153 318.79089355469
102.51892852783 -6.8160729408264 316.19342041016
101.8588104248 -7.1257662773132 313.64486694336
102.9694519043 -12.568592071533 376.60388183594
102.75147247314 -11.693865776062 374.27862548828
102.97877502441 -10.936703681946 371.76495361328
103.11522674561 -10.20147228241 369.22769165039
103.14916229248 -9.3609218597412 366.71932983398
103.16079711914 -8.6053504943848 364.1897277832
102.99997711182 -8.0169563293457 361.62689208984
102.79296112061 -7.4166378974915 359.06503295898
102.78579711914 -6.5151963233948 356.99951171875
102.48946380615 -5.9813528060913 354.8215637207
102.18043518066 -4.9489951133728 352.51016235352
101.93388366699 -4.401930809021 350.0158996582
101.75228881836 -3.8045864105225 347.51275634766
101.48797607422 -2.9865307807922 345.02801513672
100.7771987915 -2.2751615047455 342.6321105957
100.39859008789 -1.4059962034225 340.17279052734
100.07084655762 -0.53096067905426 337.71450805664
99.941390991211 0.53371661901474 335.38357543945
99.439949035645 1.2282110452652 332.89437866211
99.016555786133 1.7165422439575 330.33551025391
98.579719543457 2.4160342216492 327.82556152344
98.200241088867 3.218994140625 325.34323120117
97.971160888672 4.1033515930176 322.89901733398
97.479835510254 4.8447866439819 320.42462158203
96.704498291016 5.5177521705627 317.99920654297
