58.654766082764 -0.11954325437546 272.90417480469
72.535797119141 -7.0565991401672 274.1051940918
77.313194274902 -2.5549731254578 271.34927368164
77.586334228516 -2.5957942008972 278.18969726562
58.816246032715 -0.71085220575333 272.95077514648
59.181705474854 -1.2035398483276 273.0022277832
59.622127532959 -1.6307040452957 273.05355834961
60.100547790527 -2.0149850845337 273.10424804688
60.597160339355 -2.3755173683167 273.15438842773
61.109493255615 -2.7134087085724 273.20391845703
61.640995025635 -3.0204672813416 273.25256347656
62.175876617432 -3.3216261863708 273.30099487305
62.71768951416 -3.6102011203766 273.34902954102
63.264820098877 -3.888619184494 273.39669799805
63.818641662598 -4.1535692214966 273.44387817383
64.373870849609 -4.4155588150024 273.4909362793
64.938491821289 -4.6568322181702 273.53720092773
65.505699157715 -4.8919973373413 273.58316040039
66.07544708252 -5.121009349823 273.62887573242
66.64811706543 -5.342658996582 273.67431640625
67.220344543457 -5.5654287338257 273.71975708008
67.800537109375 -5.7667841911316 273.76428222656
68.379974365234 -5.9702596664429 273.80895996094
68.964294433594 -6.1594166755676 273.85293579102
69.549133300781 -6.3469767570496 273.89682006836
70.142120361328 -6.5072622299194 273.93948364258
70.735527038574 -6.6660423278809 273.98193359375
71.333137512207 -6.8083777427673 274.02368164062
71.938903808594 -6.9113168716431 274.06329345703
58.939277648926 -0.30731564760208 272.6540222168
59.607555389404 -0.64247781038284 272.54968261719
60.300590515137 -0.94498980045319 272.49893188477
61.002166748047 -1.2335397005081 272.50289916992
61.712272644043 -1.4952787160873 272.52633666992
62.432392120361 -1.728660941124 272.56170654297
63.146976470947 -1.9820773601532 272.57443237305
63.885948181152 -2.1532075405121 272.58575439453
64.625366210938 -2.3225109577179 272.58547973633
65.36580657959 -2.4846897125244 272.55743408203
66.11206817627 -2.6157546043396 272.52438354492
66.860527038574 -2.7185604572296 272.45639038086
67.609008789062 -2.812623500824 272.37628173828
68.358924865723 -2.8948452472687 272.29919433594
69.112777709961 -2.9445171356201 272.23049926758
69.863059997559 -3.0101044178009 272.1416015625
70.612815856934 -3.0748057365417 272.04843139648
71.36767578125 -3.1051847934723 271.97955322266
72.119644165039 -3.1383926868439 271.88836669922
72.870513916016 -3.1745076179504 271.78784179688
73.617218017578 -3.0977759361267 271.7380065918
74.371810913086 -3.0655539035797 271.66915893555
75.124130249023 -3.0051515102386 271.60690307617
75.86360168457 -2.8467092514038 271.5876159668
76.59602355957 -2.6559088230133 271.55740356445
59.134616851807 -0.40311709046364 273.3039855957
59.756237030029 -0.77962893247604 273.54119873047
60.48030090332 -0.96462315320969 273.60055541992
61.033210754395 -1.0311540365219 273.42266845703
61.612979888916 -1.3630148172379 273.78494262695
62.388877868652 -1.5802984237671 273.84289550781
63.163654327393 -1.7953224182129 273.92211914062
63.928619384766 -2.0164391994476 274.04809570312
64.656517028809 -2.2894370555878 274.26806640625
65.411720275879 -2.4964871406555 274.46310424805
66.161766052246 -2.6864154338837 274.69366455078
66.922370910645 -2.8319699764252 274.91827392578
67.709129333496 -2.8817849159241 275.08801269531
68.451965332031 -3.0119135379791 275.37405395508
69.228813171387 -3.0528185367584 275.58108520508
70.008911132812 -3.083309173584 275.77713012695
70.76976776123 -3.1598384380341 276.02691650391
71.525192260742 -3.2259171009064 276.29904174805
72.303039550781 -3.2180068492889 276.49060058594
73.055770874023 -3.2415542602539 276.75958251953
73.817626953125 -3.234081029892 277.02044677734
74.582450866699 -3.1716163158417 277.27014160156
75.324829101562 -3.0913786888123 277.5602722168
76.069892883301 -2.9486780166626 277.83279418945
76.804397583008 -2.7626283168793 278.10025024414
