63.426258087158 5.8542609214783 351.56243896484
45.645580291748 -21.684545516968 359.36038208008
40.217132568359 -6.4796748161316 370.09625244141
28.445581436157 -7.6495990753174 349.22848510742
64.392868041992 4.6387553215027 351.49005126953
65.032539367676 3.2211098670959 351.52160644531
65.531219482422 1.7494338750839 351.59375
65.865097045898 0.23455169796944 351.7106628418
66.07105255127 -1.300031542778 351.86053466797
66.124885559082 -2.8434040546417 352.04772949219
66.045097351074 -4.3814988136292 352.26602172852
65.811424255371 -5.8985247612 352.51821899414
65.412567138672 -7.3746428489685 352.80435180664
64.877388000488 -8.8015995025635 353.11657714844
64.24333190918 -10.1831407547 353.44650268555
63.464054107666 -11.48219203949 353.80020141602
62.567451477051 -12.698129653931 354.17095947266
61.568916320801 -13.82744884491 354.55480957031
60.46293258667 -14.847411155701 354.95004272461
59.254856109619 -15.740703582764 355.35311889648
57.973743438721 -16.524145126343 355.75939941406
56.634674072266 -17.203596115112 356.16592407227
55.245357513428 -17.774951934814 356.57046508789
54.147361755371 -18.804121017456 356.96496582031
52.789287567139 -19.445161819458 357.37103271484
51.393947601318 -20.002080917358 357.77508544922
50.025177001953 -20.620351791382 358.18078613281
48.597175598145 -21.090124130249 358.58135986328
47.131855010986 -21.434585571289 358.97448730469
63.3073387146 4.7768211364746 352.35687255859
63.478523254395 3.2708542346954 352.67700195312
64.052055358887 2.0168805122375 353.18240356445
64.030418395996 0.53104740381241 353.61737060547
63.893455505371 -0.92819237709045 354.09625244141
63.423236846924 -2.2987952232361 354.64514160156
62.550891876221 -3.4202597141266 355.26052856445
61.437004089355 -4.339674949646 355.81527709961
60.207454681396 -4.9591097831726 356.45129394531
58.959362030029 -5.3996663093567 357.23724365234
57.653747558594 -5.5308327674866 358.04840087891
56.243934631348 -5.6685934066772 358.66751098633
55.053867340088 -6.1071400642395 359.54742431641
53.771045684814 -6.5002632141113 360.31005859375
52.517581939697 -6.8831315040588 361.10986328125
51.292247772217 -6.8278760910034 362.05322265625
50.079097747803 -6.8450808525085 362.99642944336
48.780338287354 -6.8902492523193 363.63006591797
47.906768798828 -7.0172863006592 364.83923339844
46.462833404541 -6.9325885772705 364.98895263672
45.833744049072 -6.8836789131165 365.49517822266
44.909805297852 -6.9890103340149 366.36990356445
43.893169403076 -6.9327402114868 367.5026550293
42.66955947876 -6.7876138687134 368.43017578125
41.616794586182 -6.8050346374512 369.56353759766
62.995426177979 4.3168392181396 351.08163452148
62.970024108887 2.5636386871338 350.77728271484
62.756763458252 0.75960779190063 350.81210327148
62.572849273682 -0.94703024625778 350.3923034668
61.821575164795 -2.4659786224365 350.42239379883
60.784294128418 -3.6082329750061 350.88681030273
59.678272247314 -4.9038038253784 350.54092407227
58.171855926514 -5.5810089111328 350.76062011719
56.424697875977 -6.052725315094 350.72613525391
54.638328552246 -6.2566847801208 350.77124023438
52.967224121094 -6.6434206962585 351.21255493164
51.334171295166 -7.2965269088745 351.27127075195
49.537414550781 -7.5143876075745 351.24856567383
47.824245452881 -7.5824027061462 351.09548950195
46.163993835449 -7.6059355735779 351.30133056641
44.55297088623 -7.9654335975647 350.81814575195
43.011619567871 -7.9020118713379 351.48501586914
41.577880859375 -7.8175559043884 351.53262329102
39.92195892334 -7.9164342880249 351.21557617188
38.126365661621 -7.9057559967041 351.07308959961
36.334716796875 -7.9604344367981 351.02593994141
34.865840911865 -8.1550130844116 350.62280273438
33.167324066162 -7.8464431762695 350.54254150391
31.603801727295 -7.8328561782837 350.56777954102
30.191808700562 -7.9802770614624 349.615234375
