91.469802856445 27.027086257935 361.70166015625
120.92451477051 45.785942077637 360.97967529297
127.89936065674 29.299520492554 381.10723876953
130.47776794434 21.006772994995 352.28625488281
91.237564086914 28.558225631714 361.32971191406
91.199867248535 30.110719680786 360.97604370117
91.248550415039 31.665098190308 360.63223266602
91.50170135498 33.205368041992 360.31579589844
91.951988220215 34.706451416016 360.03173828125
92.572570800781 36.151592254639 359.78039550781
93.347709655762 37.525852203369 359.56332397461
94.331443786621 38.767879486084 359.40078735352
95.420967102051 39.922317504883 359.27047729492
96.593971252441 40.994892120361 359.16851806641
97.866485595703 41.950607299805 359.10464477539
99.222602844238 42.785400390625 359.07788085938
100.64226531982 43.507377624512 359.08404541016
102.13764953613 44.052715301514 359.1389465332
103.65032958984 44.546535491943 359.20748901367
105.21254730225 44.831588745117 359.3288269043
106.77691650391 45.103633880615 359.45336914062
108.34023284912 45.382381439209 359.57632446289
109.91696929932 45.550910949707 359.72555541992
111.49420166016 45.713283538818 359.87631225586
113.05452728271 46.010135650635 359.99478149414
114.63096618652 46.181896209717 360.14337158203
116.21162414551 46.155471801758 360.33703613281
117.79267883301 46.137916564941 360.52868652344
119.3659362793 46.013523101807 360.7434387207
92.256942749023 28.446455001831 362.38772583008
93.166404724121 29.953199386597 362.54287719727
94.139144897461 31.412948608398 362.75408935547
95.107559204102 32.879020690918 362.90185546875
96.470436096191 33.951930999756 363.19247436523
98.15478515625 34.28897857666 363.59548950195
99.82413482666 34.250026702881 364.17172241211
101.42958068848 34.136249542236 364.89953613281
103.06936645508 33.882038116455 365.50463867188
104.74346160889 33.843109130859 366.06539916992
106.32259368896 33.933681488037 366.85177612305
107.88329315186 33.805149078369 367.66479492188
109.18698883057 33.380184173584 368.77716064453
110.67627716064 32.866436004639 369.57473754883
112.26921844482 32.703678131104 370.32165527344
113.87545776367 32.498844146729 371.02767944336
115.37056732178 32.183937072754 371.9150390625
116.84616088867 31.866058349609 372.83322143555
118.2229309082 31.498142242432 373.87756347656
119.49314880371 31.029613494873 375.0126953125
120.89158630371 30.563241958618 375.98669433594
122.35946655273 30.121747970581 376.86538696289
123.73639678955 29.715709686279 377.89541625977
125.11836242676 29.512941360474 378.97750854492
126.4034576416 29.278141021729 380.16720581055
92.405639648438 28.000219345093 360.59887695312
93.247657775879 29.400375366211 359.97344970703
94.367416381836 30.576435089111 359.31787109375
95.527702331543 31.788333892822 358.84609985352
97.138717651367 32.457767486572 358.72903442383
98.869247436523 32.69495010376 358.62933349609
100.60158538818 32.578258514404 358.40093994141
102.31372833252 32.274806976318 358.1897277832
104.02801513672 31.946899414062 358.04794311523
105.76970672607 31.857423782349 357.8844909668
107.50670623779 31.696863174438 357.73239135742
109.16488647461 31.224262237549 357.42529296875
110.68872833252 30.654926300049 356.78265380859
112.19872283936 29.796720504761 356.60986328125
113.82793426514 29.321823120117 356.1828918457
115.51095581055 28.881526947021 355.98284912109
117.15321350098 28.318859100342 355.75067138672
118.81839752197 27.810762405396 355.57339477539
120.37409973145 27.036031723022 355.35729980469
121.86949157715 26.180982589722 355.04000854492
123.33908081055 25.312437057495 354.64733886719
124.79051971436 24.434488296509 354.21102905273
126.16835784912 23.469095230103 353.72329711914
127.51763916016 22.480415344238 353.20346069336
128.82182312012 21.458385467529 352.63525390625
