72.40470123291 -12.757646560669 273.7766418457
79.950050354004 24.329397201538 323.34317016602
72.211624145508 24.924903869629 337.23266601562
83.968307495117 20.981744766235 338.8984375
72.889404296875 -10.90209197998 275.23461914062
73.365455627441 -9.0648994445801 276.71493530273
73.742523193359 -7.437698841095 278.45095825195
74.112205505371 -5.8270602226257 280.20315551758
74.44766998291 -4.2931518554688 282.03024291992
74.778633117676 -2.7695345878601 283.86654663086
75.093002319336 -1.2838318347931 285.73672485352
75.397583007812 0.17911806702614 287.62573242188
75.678779602051 1.5877449512482 289.55975341797
75.954803466797 2.9842116832733 291.50317382812
76.221534729004 4.3588085174561 293.46353149414
76.484962463379 5.7255759239197 295.42977905273
76.743873596191 7.0816197395325 297.40408325195
77.001388549805 8.4343729019165 299.38079833984
77.257446289062 9.7836742401123 301.3600769043
77.510116577148 11.124917030334 303.34521484375
77.760101318359 12.459762573242 305.33505249023
78.009048461914 13.792137145996 307.32666015625
78.257377624512 15.123028755188 309.3193359375
78.514541625977 16.474931716919 311.2966003418
78.775321960449 17.835409164429 313.26760864258
79.021659851074 19.161510467529 315.26354980469
79.26326751709 20.476350784302 317.26766967773
79.49609375 21.770118713379 319.28646850586
79.725120544434 23.054664611816 321.31137084961
72.356796264648 -10.988610267639 276.00311279297
72.375022888184 -9.3381443023682 278.31924438477
72.509414672852 -7.9092669487 280.7746887207
72.643798828125 -6.4803900718689 283.23013305664
72.722282409668 -5.0215764045715 285.67034912109
72.787414550781 -3.5557382106781 288.10675048828
72.839248657227 -2.0851500034332 290.54058837891
72.858581542969 -0.60312616825104 292.96798706055
72.877815246582 0.87930405139923 295.39511108398
72.903602600098 2.3831489086151 297.80895996094
72.92945098877 3.88720703125 300.22271728516
72.965408325195 5.3452830314636 302.6643371582
73.002517700195 6.7980604171753 305.10913085938
73.023468017578 8.2296056747437 307.56661987305
73.029335021973 9.6412944793701 310.03564453125
73.034973144531 11.052678108215 312.50482177734
72.987106323242 12.523769378662 314.93841552734
72.926811218262 14.008569717407 317.36343383789
72.848785400391 15.504379272461 319.78115844727
72.755409240723 17.009592056274 322.19250488281
72.67741394043 18.491954803467 324.61849975586
72.623764038086 19.938304901123 327.06677246094
72.680946350098 21.314985275269 329.55471801758
72.593940734863 22.785684585571 331.9873046875
72.534896850586 23.768810272217 334.65432739258
73.251457214355 -11.00696849823 275.88150024414
73.752990722656 -9.4353704452515 278.22476196289
74.193756103516 -7.8987336158752 280.60314941406
74.61328125 -6.4407997131348 283.03436279297
75.015670776367 -5.0462913513184 285.50534057617
75.418075561523 -3.6518113613129 287.97631835938
75.837875366211 -2.278872013092 290.45645141602
76.285270690918 -0.94051939249039 292.95065307617
76.732650756836 0.39781200885773 295.44485473633
77.171371459961 1.72412109375 297.9469909668
77.600646972656 3.0372989177704 300.45770263672
78.029914855957 4.3504662513733 302.96841430664
78.481590270996 5.6724076271057 305.47055053711
78.962615966797 7.0056991577148 307.96118164062
79.30150604248 8.2095527648926 310.53961181641
79.709518432617 9.4458799362183 313.0924987793
80.189086914062 10.703532218933 315.62246704102
80.689079284668 11.938453674316 318.15963745117
81.147315979004 13.179712295532 320.70159912109
81.649368286133 14.428561210632 323.23156738281
82.160415649414 15.684474945068 325.75619506836
82.685394287109 16.92918586731 328.28353881836
83.044799804688 18.209121704102 330.82220458984
83.406066894531 19.280065536499 333.45559692383
83.637573242188 20.106142044067 336.18988037109
