52.977207183838 -52.240058898926 332.09289550781
108.14570617676 76.204467773438 289.23196411133
63.377914428711 63.674003601074 332.74649047852
97.506935119629 51.718807220459 346.47360229492
56.125396728516 -48.991989135742 326.97698974609
59.188621520996 -44.437316894531 322.91119384766
62.140224456787 -39.343231201172 319.45498657227
64.897575378418 -33.674663543701 316.82144165039
67.684364318848 -28.074598312378 314.07531738281
70.335968017578 -22.493598937988 311.62762451172
71.499641418457 -26.580062866211 306.27801513672
72.817764282227 -30.366369247437 300.76953125
74.844009399414 -32.205112457275 294.90643310547
77.816879272461 -27.498441696167 291.14785766602
80.462585449219 -21.615913391113 288.91107177734
82.890579223633 -15.417536735535 287.38153076172
85.14958190918 -9.0543146133423 286.34851074219
87.27864074707 -2.5982465744019 285.67514038086
89.360443115234 3.8854689598083 285.12854003906
91.371612548828 10.404308319092 284.76736450195
93.308609008789 16.953308105469 284.59646606445
95.149223327637 23.531850814819 284.66662597656
96.823310852051 30.138101577759 285.13787841797
98.638305664062 36.722755432129 285.27096557617
100.23588562012 43.332702636719 285.92056274414
101.92236328125 49.938076019287 286.36279296875
103.70021820068 56.530506134033 286.58630371094
105.50032806396 63.118572235107 286.755859375
107.13877105713 69.727493286133 287.31085205078
53.262680053711 -47.927879333496 330.42562866211
54.541088104248 -43.789794921875 328.71981811523
55.794769287109 -39.517253875732 327.41296386719
57.029613494873 -35.194961547852 326.22973632812
58.264011383057 -30.965219497681 324.72860717773
59.248710632324 -26.573728561401 324.23867797852
59.969787597656 -22.011470794678 324.81634521484
60.844646453857 -17.444936752319 324.64569091797
61.696815490723 -12.873078346252 324.45703125
62.414703369141 -8.2763748168945 324.30599975586
63.111701965332 -3.6765878200531 324.17785644531
63.64527130127 0.94732463359833 324.22875976562
64.178840637207 5.5712370872498 324.27969360352
64.730346679688 10.176503181458 323.96713256836
65.28963470459 14.773688316345 323.49710083008
65.772750854492 19.392278671265 323.22665405273
66.206390380859 24.024757385254 323.08557128906
66.597801208496 28.646348953247 322.88919067383
66.359268188477 33.171569824219 323.95376586914
66.341835021973 37.803817749023 324.30667114258
66.35767364502 42.452171325684 324.55249023438
65.847961425781 46.915866851807 325.62548828125
65.173927307129 51.324951171875 326.95547485352
64.595863342285 55.794460296631 328.12045288086
63.995101928711 59.875026702881 330.12832641602
55.627281188965 -48.574359893799 331.30181884766
57.983253479004 -44.948871612549 329.79028320312
59.867889404297 -40.984508514404 328.48077392578
61.595687866211 -36.812957763672 327.70092773438
63.318588256836 -32.590263366699 327.20590209961
65.106468200684 -28.392990112305 326.91784667969
66.869705200195 -24.313165664673 325.82189941406
68.449546813965 -20.038270950317 326.38354492188
69.817581176758 -15.672294616699 326.35983276367
71.260635375977 -11.337471008301 326.52899169922
72.918212890625 -7.0959415435791 326.86892700195
74.890014648438 -2.9963350296021 326.29046630859
76.477951049805 1.307767868042 326.48852539062
78.192031860352 5.5405006408691 326.96459960938
79.912948608398 9.7693653106689 327.45571899414
81.851631164551 13.881346702576 328.09481811523
83.806640625 17.974113464355 328.80841064453
85.746765136719 22.061771392822 329.59136962891
87.472030639648 26.075988769531 330.98413085938
89.205238342285 30.060411453247 332.46771240234
91.046546936035 33.984870910645 333.98239135742
92.781227111816 37.673721313477 336.08020019531
94.497985839844 41.322948455811 338.2760925293
96.214736938477 44.972175598145 340.47198486328
97.023727416992 48.387470245361 343.35034179688
