106.34172058105 -14.506960868835 336.15069580078
71.247802734375 -40.973606109619 322.10467529297
43.751571655273 -42.071445465088 335.22323608398
43.468963623047 -29.63719367981 316.87072753906
107.49459075928 -15.815745353699 335.306640625
107.75466918945 -17.461633682251 334.30670166016
107.56160736084 -19.12424659729 333.32025146484
106.8922958374 -20.704568862915 332.40771484375
105.87621307373 -22.147874832153 331.59527587891
104.54357147217 -23.387983322144 330.92102050781
102.94882202148 -24.374940872192 330.41204833984
101.2014541626 -25.144144058228 330.04144287109
99.418121337891 -25.847326278687 329.71231079102
97.605499267578 -26.48974609375 329.42114257812
95.892776489258 -27.312145233154 329.0168762207
94.17546081543 -28.131898880005 328.61447143555
92.458862304688 -28.952735900879 328.21133422852
90.716087341309 -29.730274200439 327.83554077148
89.024597167969 -30.589799880981 327.4079284668
87.304931640625 -31.405763626099 327.00796508789
85.56421661377 -32.186832427979 326.62991333008
83.833404541016 -32.984558105469 326.24139404297
82.129150390625 -33.824810028076 325.82595825195
80.458488464355 -34.714847564697 325.37902832031
78.824829101562 -35.655395507812 324.89990234375
77.199287414551 -36.606502532959 324.41400146484
75.581130981445 -37.567054748535 323.92208862305
74.02237701416 -38.598655700684 323.38446044922
72.498237609863 -39.668266296387 322.82229614258
106.44958496094 -16.496574401855 338.18304443359
105.4409942627 -18.93550491333 339.25344848633
103.88054656982 -21.218856811523 339.9296875
101.79393768311 -22.946887969971 340.80825805664
99.389228820801 -24.171728134155 341.7229309082
96.835029602051 -25.165214538574 342.50128173828
94.120338439941 -25.912624359131 342.93969726562
91.364822387695 -26.607576370239 343.14416503906
88.60954284668 -27.314922332764 342.97125244141
85.849075317383 -28.012002944946 342.8459777832
83.080390930176 -28.660425186157 342.66061401367
80.345649719238 -29.337890625 342.23208618164
77.61644744873 -30.100065231323 341.92846679688
74.914245605469 -30.902713775635 341.50927734375
72.217590332031 -31.698093414307 341.04315185547
69.512580871582 -32.500034332275 340.64126586914
66.835990905762 -33.416076660156 340.29849243164
64.064125061035 -34.041351318359 340.08114624023
61.280269622803 -34.516738891602 339.69973754883
58.561126708984 -35.284156799316 339.32662963867
55.847366333008 -36.016242980957 338.85607910156
53.098663330078 -36.664585113525 338.47369384766
50.492488861084 -37.748100280762 338.07904052734
48.007843017578 -38.936588287354 337.34710693359
45.819244384766 -40.442401885986 336.3154296875
105.59239196777 -14.029868125916 333.53100585938
104.39962005615 -14.521722793579 331.08081054688
102.61982727051 -14.945197105408 329.00201416016
100.53804779053 -14.819525718689 327.18087768555
98.090713500977 -14.567931175232 325.90582275391
95.500205993652 -14.444899559021 324.9299621582
92.814331054688 -14.521420478821 324.25143432617
90.092025756836 -14.773641586304 323.79577636719
87.372695922852 -15.171610832214 323.43588256836
84.667373657227 -15.689692497253 323.12673950195
81.988639831543 -16.331441879272 322.81741333008
79.32234954834 -17.02353477478 322.50903320312
76.648483276367 -17.698778152466 322.23086547852
74.005378723145 -18.487415313721 321.95660400391
71.378982543945 -19.322505950928 321.66177368164
68.752769470215 -20.06431388855 321.1770324707
66.098258972168 -20.822776794434 320.92935180664
63.417404174805 -21.50830078125 320.76727294922
60.739070892334 -22.200052261353 320.59048461914
58.065757751465 -22.90407371521 320.38909912109
55.428142547607 -23.644018173218 319.96640014648
52.816749572754 -24.444164276123 319.49365234375
50.275924682617 -25.365520477295 318.8786315918
47.873867034912 -26.534833908081 318.14022827148
45.602767944336 -28.041122436523 317.6340637207
