71.98738861084 -6.3864769935608 266.74905395508
77.478065490723 2.4417772293091 275.79983520508
84.431755065918 -1.4712849855423 272.88446044922
79.941482543945 5.5905709266663 268.61367797852
71.823707580566 -6.2145624160767 267.27020263672
71.751441955566 -5.9807438850403 267.78735351562
71.735832214355 -5.7134566307068 268.29318237305
71.750144958496 -5.4299345016479 268.79037475586
71.784484863281 -5.1361494064331 269.28063964844
71.837409973145 -4.8333287239075 269.76370239258
71.916343688965 -4.51859998703 270.23526000977
72.017036437988 -4.1943988800049 270.69631958008
72.137542724609 -3.8621571063995 271.14672851562
72.29027557373 -3.5181276798248 271.57745361328
72.471633911133 -3.1643199920654 271.98947143555
72.676612854004 -2.8037462234497 272.38369750977
72.906509399414 -2.4365935325623 272.75814819336
73.156700134277 -2.0652499198914 273.11431884766
73.437858581543 -1.6884186267853 273.44100952148
73.737434387207 -1.309378862381 273.74826049805
74.054618835449 -0.92900419235229 274.03546142578
74.388496398926 -0.5480517745018 274.3024597168
74.70922088623 -0.16747809946537 274.58554077148
75.059967041016 0.21319116652012 274.83050537109
75.437400817871 0.59126329421997 275.03671264648
75.831420898438 0.96609485149384 275.21594238281
76.235641479492 1.3382248878479 275.37725830078
76.652420043945 1.7059954404831 275.51458740234
77.04972076416 2.0796647071838 275.68743896484
72.360763549805 -6.5300488471985 267.1916809082
72.627532958984 -6.4496235847473 267.72171020508
72.896545410156 -6.2350554466248 268.21282958984
73.183280944824 -6.0191354751587 268.69311523438
73.513236999512 -5.7997136116028 269.14279174805
73.904861450195 -5.5539593696594 269.52462768555
74.316665649414 -5.3000988960266 269.87902832031
74.730697631836 -5.0462241172791 270.23037719727
75.195640563965 -4.792160987854 270.51126098633
75.665649414062 -4.5386028289795 270.78408813477
76.142936706543 -4.2921028137207 271.05017089844
76.665985107422 -4.0957617759705 271.26812744141
77.18994140625 -3.9000499248505 271.48406982422
77.743110656738 -3.7245123386383 271.63513183594
78.295654296875 -3.5504126548767 271.79000854492
78.840431213379 -3.3825039863586 271.97616577148
79.389259338379 -3.214058637619 272.14944458008
79.946617126465 -3.0440595149994 272.29089355469
80.503280639648 -2.8386461734772 272.37771606445
81.052062988281 -2.604484796524 272.43783569336
81.605667114258 -2.3928816318512 272.52905273438
82.172355651855 -2.2389833927155 272.65057373047
82.739807128906 -2.055611371994 272.71371459961
83.295761108398 -1.8360540866852 272.7619934082
83.863761901855 -1.6536694765091 272.8232421875
71.884346008301 -5.8083686828613 266.82653808594
71.881622314453 -5.2623195648193 267.0563659668
71.950561523438 -4.758903503418 267.36129760742
72.061653137207 -4.2702579498291 267.67718505859
72.267158508301 -3.7638280391693 267.90625
72.480735778809 -3.2493469715118 268.10845947266
72.695587158203 -2.7374775409698 268.31585693359
72.912841796875 -2.2329878807068 268.53811645508
73.195236206055 -1.737219452858 268.6982421875
73.491798400879 -1.2413574457169 268.82998657227
73.803321838379 -0.74733769893646 268.93002319336
74.15193939209 -0.26825821399689 268.94180297852
74.510101318359 0.20380830764771 268.94937133789
74.898338317871 0.65149849653244 268.9430847168
75.286987304688 1.0988085269928 268.93542480469
75.676460266113 1.5453453063965 268.92504882812
76.058280944824 1.9970759153366 268.88836669922
76.435119628906 2.4514381885529 268.83602905273
76.820808410645 2.9007458686829 268.81243896484
77.191665649414 3.3628668785095 268.82232666016
77.61540222168 3.776638507843 268.841796875
78.091751098633 4.1290683746338 268.83587646484
78.53768157959 4.5102415084839 268.75198364258
78.99235534668 4.8876008987427 268.70657348633
79.457878112793 5.2520503997803 268.66589355469
