59.394538879395 -7.7016215324402 332.54837036133
60.527717590332 21.943759918213 327.10272216797
47.660511016846 8.1467418670654 322.76669311523
51.369091033936 9.963828086853 340.35498046875
60.521755218506 -7.093400478363 332.09783935547
61.506385803223 -6.2424049377441 331.66348266602
62.428546905518 -5.289824962616 331.31359863281
63.32532119751 -4.3130841255188 330.9658203125
64.122177124023 -3.2631266117096 330.58508300781
64.919708251953 -2.2135787010193 330.20465087891
65.720840454102 -1.1662349700928 329.82571411133
66.391799926758 -0.039718214422464 329.45590209961
66.915458679199 1.1763876676559 329.09643554688
67.439117431641 2.3924934864044 328.73699951172
67.647911071777 3.7213356494904 328.4990234375
67.81616973877 5.0646929740906 328.27670288086
67.818283081055 6.4095416069031 328.03622436523
67.725944519043 7.7552390098572 327.78540039062
67.63117980957 9.1008052825928 327.53588867188
67.35799407959 10.436779022217 327.38461303711
67.084808349609 11.772752761841 327.23333740234
66.67162322998 13.067562103271 327.09503173828
66.154357910156 14.331770896912 326.96636962891
65.601913452148 15.579846382141 326.85806274414
64.90731048584 16.762720108032 326.83209228516
64.212699890137 17.9455909729 326.80609130859
63.422523498535 19.06028175354 326.81768798828
62.536128997803 20.106323242188 326.86706542969
61.585620880127 21.089469909668 326.95629882812
59.439136505127 -7.1233878135681 331.72393798828
59.712245941162 -6.3121423721313 331.18853759766
59.76167678833 -5.3739233016968 330.8171081543
59.693923950195 -4.4981389045715 330.31768798828
59.648105621338 -3.6552500724792 329.76229858398
59.677753448486 -2.9107739925385 329.07971191406
59.756141662598 -2.1445405483246 328.42572021484
59.595111846924 -1.3117451667786 327.87759399414
58.940235137939 -0.57275199890137 327.68780517578
58.039848327637 -0.11823452264071 327.73358154297
57.109195709229 0.22909204661846 327.55291748047
56.104343414307 0.30462896823883 327.48040771484
55.095348358154 0.33554381132126 327.52337646484
54.09451675415 0.41729950904846 327.6325378418
53.109432220459 0.59213370084763 327.52011108398
52.361194610596 1.0505298376083 327.01956176758
51.710746765137 1.6211980581284 326.4977722168
51.043579101562 2.1949329376221 326.00628662109
50.153823852539 2.6463325023651 325.85052490234
49.388008117676 3.2275071144104 325.54138183594
48.784420013428 3.9021739959717 325.09286499023
48.291465759277 4.644163608551 324.61627197266
47.938426971436 5.4559812545776 324.13073730469
47.837635040283 6.3364691734314 323.64544677734
47.750019073486 7.2542791366577 323.23199462891
59.936752319336 -7.0157108306885 332.88800048828
60.275535583496 -6.1415462493896 332.96090698242
60.660697937012 -5.2865238189697 332.91723632812
60.639595031738 -4.3560585975647 333.05279541016
60.573802947998 -3.4396629333496 333.23678588867
61.011631011963 -2.6179578304291 333.24569702148
60.985164642334 -1.7100955247879 333.48831176758
60.865577697754 -0.81489676237106 333.7502746582
60.778244018555 0.073732554912567 334.00961303711
60.224559783936 0.7668434381485 334.32107543945
59.585258483887 1.3788039684296 334.62600708008
58.758979797363 1.7025247812271 334.93572998047
57.894756317139 1.899725317955 335.25018310547
57.029006958008 2.0718355178833 335.57452392578
56.204151153564 2.2973608970642 335.9638671875
55.488647460938 2.6764016151428 336.4407043457
54.906665802002 3.2096021175385 336.947265625
54.509632110596 3.9735102653503 337.32540893555
54.120296478271 4.6845374107361 337.80236816406
53.688556671143 5.3833103179932 338.26052856445
53.201465606689 6.0344862937927 338.73309326172
52.757385253906 6.7491369247437 339.15301513672
52.462436676025 7.577709197998 339.48635864258
52.275749206543 8.4649105072021 339.73678588867
51.914394378662 9.3014554977417 339.9694519043
