60.742805480957 -7.097532749176 271.40997314453
68.151962280273 4.4164652824402 271.70880126953
72.281593322754 0.081740073859692 275.26376342773
71.954093933105 0.56675219535828 266.95001220703
60.496040344238 -6.6010684967041 271.45098876953
60.476715087891 -6.0454626083374 271.48413085938
60.531826019287 -5.4919900894165 271.51342773438
60.641471862793 -4.9465179443359 271.53961181641
60.793960571289 -4.4112968444824 271.56301879883
60.97972869873 -3.886598110199 271.58419799805
61.195507049561 -3.3734283447266 271.60321044922
61.441394805908 -2.8738901615143 271.61993408203
61.699737548828 -2.3806426525116 271.63565063477
61.972476959229 -1.8951804637909 271.65023803711
62.267681121826 -1.4229770898819 271.66293334961
62.567726135254 -0.95383882522583 271.67520141602
62.895664215088 -0.50367856025696 271.68496704102
63.23046875 -0.05859137699008 271.69412231445
63.58251953125 0.37301415205002 271.70159912109
63.949939727783 0.79164266586304 271.70761108398
64.307388305664 1.2187968492508 271.71463012695
64.68953704834 1.6240462064743 271.71908569336
65.092864990234 2.0082325935364 271.72131347656
65.496765136719 2.3918278217316 271.72344970703
65.915534973145 2.7591369152069 271.7239074707
66.348327636719 3.1098051071167 271.72274780273
66.79808807373 3.4384138584137 271.71948242188
67.235374450684 3.7834603786469 271.71768188477
67.689544677734 4.1059432029724 271.71380615234
60.937469482422 -6.7202134132385 271.7546081543
61.164253234863 -6.2326560020447 271.89364624023
61.361282348633 -5.7535400390625 272.00299072266
61.869617462158 -5.5258955955505 272.06924438477
62.333702087402 -5.2294611930847 272.15893554688
62.774475097656 -4.9019808769226 272.27178955078
63.208602905273 -4.5754547119141 272.41152954102
63.665065765381 -4.274158000946 272.53576660156
64.13321685791 -3.9901895523071 272.65374755859
64.624214172363 -3.7406370639801 272.75982666016
65.107772827148 -3.4864282608032 272.8837890625
65.576202392578 -3.2227659225464 273.04400634766
66.044296264648 -2.9533369541168 273.19427490234
66.511589050293 -2.6699595451355 273.32055664062
66.978088378906 -2.3858954906464 273.44802856445
67.42879486084 -2.0881366729736 273.59909057617
67.879501342773 -1.7903779745102 273.75015258789
68.342666625977 -1.5040086507797 273.88076782227
68.823890686035 -1.2341418266296 273.98181152344
69.320762634277 -1.0254596471786 274.13525390625
69.822204589844 -0.83698719739914 274.30099487305
70.325607299805 -0.65764915943146 274.4714050293
70.803863525391 -0.45187291502953 274.67935180664
71.279457092285 -0.25539618730545 274.90197753906
71.763648986816 -0.076287977397442 275.11755371094
60.969104766846 -6.7238025665283 271.09469604492
61.135902404785 -6.1885895729065 271.05697631836
61.315353393555 -5.6650261878967 270.95297241211
61.780418395996 -5.3980598449707 270.77593994141
62.216167449951 -5.0651478767395 270.62869262695
62.643501281738 -4.7149982452393 270.49179077148
63.075458526611 -4.354145526886 270.40823364258
63.52091217041 -4.0415291786194 270.24081420898
63.931079864502 -3.7029209136963 270.03826904297
64.392524719238 -3.4261858463287 269.86196899414
64.878623962402 -3.1785659790039 269.6989440918
65.341171264648 -2.9045643806458 269.51748657227
65.770843505859 -2.5937166213989 269.31024169922
66.198844909668 -2.2695715427399 269.12219238281
66.625114440918 -1.9316356182098 268.95404052734
67.06330871582 -1.6075614690781 268.78985595703
67.50804901123 -1.2911003828049 268.62786865234
67.96997833252 -1.0043315887451 268.46340942383
68.454116821289 -0.75592750310898 268.29583740234
68.94994354248 -0.52560603618622 268.13848876953
69.456924438477 -0.31257081031799 267.9909362793
69.957572937012 -0.11915122717619 267.80123901367
70.457855224609 0.073098689317703 267.60900878906
70.956809997559 0.24148069322109 267.39315795898
71.455451965332 0.40411645174026 267.17156982422
