97.942832946777 3.0598814487457 333.15213012695
74.232086181641 -20.873180389404 336.33334350586
69.280128479004 -12.98201084137 346.19110107422
64.805511474609 -12.993964195251 329.88134765625
97.930015563965 1.7087709903717 333.09353637695
97.644981384277 0.38676902651787 333.08511352539
97.157302856445 -0.8745579123497 333.1159362793
96.576271057129 -2.0950541496277 333.16528320312
95.892501831055 -3.2600657939911 333.23556518555
95.138038635254 -4.3795857429504 333.32070922852
94.346336364746 -5.4724416732788 333.41372680664
93.509346008301 -6.5300698280334 333.51638793945
92.60555267334 -7.5296683311462 333.63366699219
91.677314758301 -8.5059299468994 333.75643920898
90.744560241699 -9.4777412414551 333.88027954102
89.766723632812 -10.402770042419 334.01425170898
88.778411865234 -11.316242218018 334.15060424805
87.768074035645 -12.204465866089 334.29211425781
86.711158752441 -13.034811973572 334.44458007812
85.646255493164 -13.854516983032 334.59899902344
84.550743103027 -14.63134765625 334.76077270508
83.436401367188 -15.379899978638 334.92724609375
82.29850769043 -16.090703964233 335.09967041016
81.158393859863 -16.79783821106 335.27258300781
80.012840270996 -17.495759963989 335.44696044922
78.85457611084 -18.171506881714 335.62463378906
77.665428161621 -18.788806915283 335.81045532227
76.525062561035 -19.495504379272 335.98345947266
75.329704284668 -20.099447250366 336.17098999023
97.467231750488 2.214183807373 334.13223266602
96.559875488281 1.3113349676132 334.66058349609
95.616767883301 0.4038265645504 335.11260986328
94.595558166504 -0.44765457510948 335.49978637695
93.553367614746 -1.2791968584061 335.87377929688
92.448204040527 -2.0446736812592 336.20611572266
91.336975097656 -2.7876431941986 336.56802368164
90.226249694824 -3.5216286182404 336.94903564453
89.170066833496 -4.3222532272339 337.35061645508
88.090934753418 -5.086489200592 337.76119995117
86.937217712402 -5.7138457298279 338.20071411133
85.786338806152 -6.3598279953003 338.62026977539
84.63459777832 -7.0039196014404 339.03967285156
83.442947387695 -7.5060296058655 339.53533935547
82.260383605957 -8.0256309509277 340.03466796875
81.112228393555 -8.6066207885742 340.54650878906
79.976753234863 -9.1808643341064 341.09310913086
78.849472045898 -9.7491884231567 341.66223144531
77.669380187988 -10.206080436707 342.22479248047
76.480140686035 -10.645619392395 342.78189086914
75.276214599609 -11.079874992371 343.31085205078
74.072296142578 -11.513773918152 343.84008789062
72.868850708008 -11.862445831299 344.42999267578
71.702796936035 -12.26519203186 345.05923461914
70.51148223877 -12.649024009705 345.65191650391
96.883682250977 2.3588864803314 332.47372436523
95.702827453613 1.575014591217 332.21667480469
94.653335571289 0.6007559299469 332.05834960938
93.517761230469 -0.28032130002975 331.95788574219
92.354827880859 -1.1291936635971 331.90313720703
91.176155090332 -1.9561091661453 331.84899902344
89.998374938965 -2.7825696468353 331.77288818359
88.828102111816 -3.6197028160095 331.70007324219
87.573959350586 -4.3279671669006 331.66278076172
86.283462524414 -4.9687571525574 331.66256713867
84.983680725098 -5.5902290344238 331.64443969727
83.681198120117 -6.2041683197021 331.59405517578
82.349082946777 -6.7525019645691 331.56576538086
81.011505126953 -7.2864928245544 331.52426147461
79.67635345459 -7.8226089477539 331.44778442383
78.382530212402 -8.4435577392578 331.31985473633
77.083770751953 -9.0292530059814 331.10549926758
75.727188110352 -9.5071821212769 331.02047729492
74.363235473633 -9.9541025161743 330.89450073242
72.99681854248 -10.372946739197 330.71151733398
71.642684936523 -10.822174072266 330.51028442383
70.289215087891 -11.274962425232 330.31262207031
68.912010192871 -11.682852745056 330.19888305664
67.539535522461 -12.107575416565 330.08969116211
66.172523498535 -12.550769805908 329.98553466797
