21.934223175049 -15.339721679688 -16.6862449646
-24.821146011353 22.055330276489 -18.792463302612
-29.821493148804 12.924227714539 -24.765985488892
-25.03028678894 16.063758850098 -12.04490852356
22.15026473999 -13.16162109375 -16.774208068848
21.100738525391 -10.978828430176 -16.877313613892
19.899936676025 -8.8745679855347 -16.978940963745
18.591928482056 -6.8343615531921 -17.079172134399
17.187229156494 -4.8601794242859 -17.177804946899
15.68569278717 -2.9574992656708 -17.274610519409
14.116659164429 -1.1102901697159 -17.369905471802
12.476293563843 0.67417794466019 -17.463432312012
10.777756690979 2.4036586284637 -17.555364608765
9.0297327041626 4.0829916000366 -17.645797729492
7.2191128730774 5.6947340965271 -17.734159469604
5.3490018844604 7.2368650436401 -17.820333480835
3.4196095466614 8.7048187255859 -17.904127120972
1.4368125200272 10.099388122559 -17.985496520996
-0.59892416000366 11.416315078735 -18.064268112183
-2.6714696884155 12.674125671387 -18.14101600647
-4.7992653846741 13.836583137512 -18.214454650879
-6.9671726226807 14.922820091248 -18.285200119019
-9.1682691574097 15.939747810364 -18.353456497192
-11.415024757385 16.852535247803 -18.417921066284
-13.681926727295 17.714202880859 -18.480499267578
-15.970478057861 18.51669883728 -18.54087638855
-18.284481048584 19.243030548096 -18.598392486572
-20.60991859436 19.931503295898 -18.654468536377
-22.962343215942 20.498765945435 -18.705821990967
21.095806121826 -13.2164478302 -17.497140884399
19.856233596802 -11.110844612122 -17.804332733154
18.506746292114 -9.0429286956787 -17.985445022583
17.099454879761 -7.0171799659729 -18.203140258789
15.609149932861 -5.0538969039917 -18.418195724487
14.043733596802 -3.1471307277679 -18.630865097046
12.362111091614 -1.3465062379837 -18.878484725952
10.54233455658 0.32054087519646 -19.044363021851
8.6801586151123 1.9465879201889 -19.185035705566
6.7610545158386 3.4974420070648 -19.327165603638
4.6934895515442 4.8522095680237 -19.473094940186
2.6259250640869 6.206976890564 -19.619024276733
0.52127939462662 7.5038456916809 -19.76035118103
-1.5844527482986 8.799017906189 -19.901544570923
-3.8296866416931 9.8079509735107 -19.995643615723
-6.1606016159058 10.641078948975 -20.060817718506
-8.5240259170532 11.356823921204 -20.126207351685
-10.951376914978 11.841747283936 -20.192022323608
-13.375207901001 12.329793930054 -20.29628944397
-15.781471252441 12.833427429199 -20.592538833618
-18.185054779053 13.246222496033 -20.937574386597
-20.572292327881 13.105237960815 -21.580013275146
-22.932737350464 12.944346427917 -22.308547973633
-25.278211593628 12.72633266449 -23.070402145386
-27.618175506592 12.806477546692 -23.779432296753
20.58985710144 -13.441090583801 -16.491500854492
19.485900878906 -11.372763633728 -16.507881164551
18.257013320923 -9.3821992874146 -16.596265792847
17.015283584595 -7.4015278816223 -16.75284576416
15.851698875427 -5.37451171875 -16.937896728516
14.27258014679 -3.6465072631836 -16.996435165405
12.649772644043 -1.9560549259186 -17.068950653076
11.017865180969 -0.27458274364471 -17.149541854858
9.3869209289551 1.4061419963837 -17.258840560913
7.7562189102173 3.0866794586182 -17.375331878662
5.8789315223694 4.4862155914307 -17.385835647583
3.9788708686829 5.8598003387451 -17.38655090332
2.0206120014191 7.148579120636 -17.378562927246
0.056250710040331 8.4284582138062 -17.367872238159
-1.9037925004959 9.7145357131958 -17.333204269409
-3.8892731666565 10.955585479736 -17.282972335815
-5.9803071022034 12.009796142578 -17.168157577515
-8.056004524231 13.095681190491 -17.079116821289
-10.120642662048 14.204407691956 -17.008661270142
-12.386988639832 14.707593917847 -16.720129013062
-14.673315048218 15.030306816101 -16.337972640991
-16.95693397522 15.250645637512 -15.867070198059
-19.151851654053 15.450956344604 -15.067586898804
-21.330377578735 15.753927230835 -14.271278381348
-23.470882415771 16.295017242432 -13.482336997986
