108.44116210938 -13.464206695557 333.83401489258
90.119163513184 -19.008483886719 338.50842285156
87.958984375 -11.582745552063 346.34323120117
84.201499938965 -12.019289970398 332.68127441406
108.18948364258 -14.209462165833 333.9016418457
107.62168884277 -14.735346794128 334.04843139648
107.01069641113 -15.209573745728 334.20581054688
106.37699890137 -15.651148796082 334.36877441406
105.69486236572 -16.004457473755 334.54354858398
105.02207946777 -16.378288269043 334.7160949707
104.33202362061 -16.715030670166 334.89282226562
103.62510681152 -17.016536712646 335.07363891602
102.91088867188 -17.298273086548 335.25619506836
102.18583679199 -17.549789428711 335.44131469727
101.458984375 -17.795738220215 335.62686157227
100.73219299316 -18.040746688843 335.81243896484
99.991104125977 -18.235887527466 336.00134277344
99.241897583008 -18.395366668701 336.19216918945
98.501136779785 -18.591487884521 336.38104248047
97.737632751465 -18.644506454468 336.57489013672
96.99308013916 -18.823429107666 336.76458740234
96.233528137207 -18.910900115967 336.95761108398
95.468879699707 -18.923990249634 337.15158081055
94.705070495605 -18.965194702148 337.3454284668
93.94140625 -19.015539169312 337.5393371582
93.176765441895 -19.041707992554 337.73333740234
92.411605834961 -19.055194854736 337.92742919922
91.647872924805 -19.030771255493 338.12094116211
90.884368896484 -18.997117996216 338.31436157227
108.06978607178 -13.715800285339 334.65145874023
107.28440093994 -13.808968544006 335.16986083984
106.43504333496 -13.810932159424 335.58807373047
105.5784072876 -13.80336856842 335.99108886719
104.72021484375 -13.79460144043 336.39071655273
103.85178375244 -13.783940315247 336.76754760742
102.97507476807 -13.771857261658 337.12469482422
102.1019744873 -13.765090942383 337.49032592773
101.25283050537 -13.791453361511 337.90814208984
100.40477752686 -13.81270980835 338.32781982422
99.576461791992 -13.742060661316 338.78082275391
98.754333496094 -13.651048660278 339.24133300781
97.949310302734 -13.535801887512 339.72607421875
97.151145935059 -13.411418914795 340.21978759766
96.354209899902 -13.284753799438 340.71472167969
95.592483520508 -13.093214988708 341.24328613281
94.833648681641 -12.897096633911 341.77435302734
94.091316223145 -12.683020591736 342.32153320312
93.349365234375 -12.455759048462 342.86392211914
92.600799560547 -12.221212387085 343.39334106445
91.987892150879 -12.018219947815 344.08560180664
91.280555725098 -11.897932052612 344.70321655273
90.52668762207 -11.809061050415 345.26892089844
89.723625183105 -11.726921081543 345.76351928711
88.895324707031 -11.627313613892 346.21057128906
107.62525177002 -13.617327690125 333.37365722656
106.70915222168 -13.813509941101 333.21286010742
105.76029968262 -13.864441871643 333.17782592773
104.81391143799 -13.830542564392 333.26913452148
103.86763763428 -13.800484657288 333.36276245117
102.922706604 -13.798379898071 333.47341918945
101.97777557373 -13.796096801758 333.58407592773
101.03284454346 -13.787839889526 333.69439697266
100.08784484863 -13.771047592163 333.80249023438
99.137397766113 -13.790217399597 333.83856201172
98.187515258789 -13.837289810181 333.81539916992
97.236618041992 -13.811199188232 333.80587768555
96.291297912598 -13.704360961914 333.8102722168
95.347480773926 -13.601537704468 333.74899291992
94.406257629395 -13.495454788208 333.65963745117
93.467300415039 -13.386516571045 333.55184936523
92.534996032715 -13.231741905212 333.44284057617
91.623405456543 -12.983124732971 333.33184814453
90.709136962891 -12.760696411133 333.19155883789
89.795227050781 -12.610273361206 332.97418212891
88.872451782227 -12.436405181885 332.82122802734
87.946571350098 -12.248411178589 332.70938110352
87.010009765625 -12.164121627808 332.56494140625
86.073684692383 -12.161749839783 332.39672851562
85.128898620605 -12.087048530579 332.48007202148
