76.878219604492 -2.219221830368 289.09118652344
74.531944274902 11.040375709534 287.22232055664
79.482475280762 8.8127546310425 294.29794311523
82.830902099609 7.8604679107666 284.59802246094
76.367660522461 -2.0545763969421 288.88070678711
75.955101013184 -1.7018022537231 288.69476318359
75.571449279785 -1.3101348876953 288.51733398438
75.226318359375 -0.87937033176422 288.35198974609
74.902519226074 -0.42977070808411 288.1936340332
74.610046386719 0.044158693403006 288.04565429688
74.32006072998 0.51992481946945 287.89855957031
74.089881896973 1.0326856374741 287.77206420898
73.874488830566 1.5532257556915 287.65075683594
73.696548461914 2.0905425548553 287.54275512695
73.558135986328 2.6420085430145 287.44912719727
73.441017150879 3.199675321579 287.36334228516
73.35034942627 3.763655424118 287.28744506836
73.276260375977 4.330858707428 287.21771240234
73.238548278809 4.9031209945679 287.16177368164
73.23511505127 5.4777517318726 287.11898803711
73.241882324219 6.0526609420776 287.08016967773
73.285209655762 6.6267328262329 287.0556640625
73.364860534668 7.197338104248 287.04547119141
73.453727722168 7.7666668891907 287.03897094727
73.585586547852 8.3274717330933 287.04983520508
73.733573913574 8.8841285705566 287.06719970703
73.943908691406 9.4187431335449 287.11053466797
74.14136505127 9.9587869644165 287.14837646484
74.327529907227 10.503136634827 287.18151855469
76.803565979004 -1.8893136978149 289.501953125
76.729568481445 -1.4054818153381 289.71136474609
76.624481201172 -0.90281403064728 289.8518371582
76.522102355957 -0.39662843942642 289.98126220703
76.438850402832 0.1073420420289 290.13134765625
76.356086730957 0.61303639411926 290.27584838867
76.275520324707 1.121727347374 290.41070556641
76.23893737793 1.6312960386276 290.560546875
76.206237792969 2.1427574157715 290.70474243164
76.166893005371 2.6564891338348 290.83883666992
76.106307983398 3.1700313091278 290.9655456543
76.054504394531 3.6812613010406 291.10482788086
76.040832519531 4.2087821960449 291.17538452148
76.066116333008 4.728588104248 291.28762817383
76.107154846191 5.2203516960144 291.48742675781
76.172462463379 5.6756353378296 291.75546264648
76.356010437012 6.0312538146973 292.10656738281
76.629486083984 6.3400001525879 292.44320678711
76.943389892578 6.6131591796875 292.77532958984
77.285064697266 6.8714504241943 293.09155273438
77.643630981445 7.1417698860168 293.37753295898
78.026168823242 7.4529838562012 293.57821655273
78.409080505371 7.7386345863342 293.8132019043
78.758758544922 8.1056308746338 293.97595214844
79.099250793457 8.4885234832764 294.12054443359
77.061668395996 -1.9196903705597 288.69171142578
77.126335144043 -1.4538787603378 288.44287109375
77.178497314453 -0.98598450422287 288.19500732422
77.21907043457 -0.51665878295898 287.94766235352
77.254699707031 -0.054609123617411 287.68627929688
77.286468505859 0.40119031071663 287.41366577148
77.328979492188 0.86436235904694 287.15533447266
77.386108398438 1.3324774503708 286.90899658203
77.455635070801 1.8052781820297 286.67510986328
77.531959533691 2.2924644947052 286.47543334961
77.652740478516 2.7719621658325 286.27923583984
77.73917388916 3.2636609077454 286.0954284668
77.818908691406 3.7630527019501 285.93017578125
77.90486907959 4.2690510749817 285.79006958008
78.117065429688 4.7174782752991 285.60110473633
78.429817199707 5.080837726593 285.37258911133
78.804244995117 5.3984441757202 285.16851806641
79.228187561035 5.6843452453613 285.02294921875
79.693542480469 5.9195456504822 284.9189453125
80.185813903809 6.0956444740295 284.82171630859
80.648765563965 6.35054063797 284.76724243164
81.099662780762 6.6294589042664 284.72308349609
81.537231445312 6.9298987388611 284.68710327148
81.969039916992 7.2390999794006 284.65521240234
82.396713256836 7.5542845726013 284.62640380859
