46.92359161377 18.725982666016 320.89279174805
64.883499145508 -15.111804962158 319.88088989258
96.367530822754 -13.171759605408 300.66714477539
96.964454650879 -10.053673744202 321.90704345703
46.138145446777 17.332258224487 321.18502807617
45.628791809082 15.807175636292 321.42819213867
45.431221008301 14.203009605408 321.60989379883
45.295372009277 12.591088294983 321.77871704102
45.295768737793 10.970784187317 321.91848754883
45.496074676514 9.3595333099365 322.01364135742
45.800758361816 7.7634959220886 322.08471679688
46.233703613281 6.1962246894836 322.12518310547
46.708950042725 4.6410970687866 322.15533447266
47.292957305908 3.1230869293213 322.15844726562
47.905174255371 1.6162631511688 322.15447998047
48.609874725342 0.15064233541489 322.1266784668
49.373714447021 -1.2843914031982 322.08325195312
50.287368774414 -2.6273589134216 321.99914550781
51.255756378174 -3.9303371906281 321.89956665039
52.290214538574 -5.1798253059387 321.78094482422
53.351955413818 -6.4054141044617 321.65423583984
54.450202941895 -7.5971651077271 321.5166015625
55.619491577148 -8.71644115448 321.35720825195
56.843242645264 -9.7731494903564 321.18054199219
58.114784240723 -10.768927574158 320.98806762695
59.398941040039 -11.747536659241 320.79135131836
60.720588684082 -12.67205619812 320.5817565918
62.075107574463 -13.544843673706 320.36053466797
63.457359313965 -14.370221138 320.12911987305
47.164367675781 16.589605331421 319.55133056641
47.398372650146 14.129333496094 318.98080444336
48.152866363525 11.780950546265 318.45153808594
49.37784576416 9.6831960678101 317.73272705078
50.869956970215 7.8162055015564 316.94561767578
52.694679260254 6.1321473121643 316.4026184082
54.609523773193 4.5503721237183 315.86471557617
56.564685821533 3.019359588623 315.3342590332
58.680072784424 1.698869228363 314.84234619141
60.795459747314 0.37837871909142 314.35043334961
62.938709259033 -0.75150400400162 313.5859375
65.083435058594 -1.8713012933731 312.80697631836
67.296211242676 -2.825963973999 312.00436401367
69.526954650879 -3.7370576858521 311.19552612305
71.76025390625 -4.6112923622131 310.35549926758
73.99683380127 -5.4383840560913 309.47564697266
76.21215057373 -6.2686791419983 308.54992675781
78.373069763184 -7.1071696281433 307.50692749023
80.607330322266 -7.9209060668945 306.62014770508
82.890029907227 -8.7182970046997 305.83657836914
85.114074707031 -9.5947380065918 304.97384643555
87.289077758789 -10.493183135986 304.02206420898
89.424263000488 -11.444163322449 303.04156494141
91.64054107666 -12.441953659058 302.29788208008
93.97770690918 -12.920048713684 301.49533081055
47.646732330322 16.878860473633 322.17697143555
48.23051071167 14.670899391174 322.82211303711
49.113529205322 12.534569740295 323.37393188477
50.222389221191 10.661238670349 324.32171630859
51.908142089844 8.9940195083618 324.48391723633
53.669414520264 7.4438133239746 324.86196899414
55.47713470459 5.9479608535767 325.16436767578
57.492412567139 4.690438747406 325.10510253906
59.462146759033 3.3626246452332 325.03298950195
61.428825378418 2.0334055423737 324.91900634766
63.418033599854 0.74184942245483 324.77398681641
65.47102355957 -0.41711112856865 324.57501220703
67.690605163574 -1.1938300132751 324.23098754883
69.906410217285 -2.0012602806091 323.93710327148
72.133117675781 -2.7685878276825 324.1904296875
74.420394897461 -3.3618013858795 324.18008422852
76.734146118164 -3.8789789676666 324.01657104492
79.01237487793 -4.4696445465088 323.68646240234
81.307312011719 -5.0644421577454 323.52908325195
83.569351196289 -5.6733112335205 323.24459838867
85.706336975098 -6.3317813873291 322.43969726562
87.946327209473 -7.0674386024475 322.26226806641
90.200859069824 -7.8139972686768 322.17346191406
92.455390930176 -8.5605564117432 322.08465576172
94.709922790527 -9.3071146011353 321.99584960938
