8.2075843811035 3.2916114330292 -15.466907501221
-1.1641966104507 14.485361099243 -13.731353759766
-7.7626376152039 8.7740612030029 -17.933706283569
-4.5372099876404 9.0770425796509 -7.0187220573425
8.462327003479 3.8280808925629 -15.522812843323
8.3718147277832 4.4191999435425 -15.511071205139
8.2057666778564 4.9932236671448 -15.484225273132
7.9840483665466 5.5475192070007 -15.446172714233
7.7557373046875 6.0990037918091 -15.406784057617
7.4828042984009 6.6290884017944 -15.358362197876
7.1767988204956 7.1401124000549 -15.303202629089
6.836669921875 7.6282720565796 -15.241067886353
6.4846129417419 8.1075792312622 -15.176481246948
6.1276307106018 8.5830888748169 -15.11088180542
5.7619452476501 9.0516786575317 -15.0434923172
5.3713970184326 9.4989604949951 -14.970969200134
4.9686107635498 9.9348268508911 -14.895907402039
4.5629706382751 10.367930412292 -14.820251464844
4.1374807357788 10.780777931213 -14.740465164185
3.7060198783875 11.187133789062 -14.659432411194
3.2615902423859 11.578693389893 -14.575681686401
2.8137483596802 11.96618938446 -14.491212844849
2.3574004173279 12.3432264328 -14.404957771301
1.8839775323868 12.697690963745 -14.315093040466
1.4028570652008 13.041202545166 -14.223591804504
0.90447992086411 13.358072280884 -14.128407478333
0.41432467103004 13.687991142273 -14.034978866577
-0.10646265000105 13.964803695679 -13.934950828552
-0.63257175683975 14.230922698975 -13.833758354187
7.7588114738464 3.6603269577026 -15.801700592041
7.3399639129639 4.1681208610535 -15.899762153625
6.7014417648315 4.3737654685974 -15.95826625824
6.0985250473022 4.662739276886 -16.042152404785
5.5042614936829 4.9664196968079 -16.135189056396
4.9110913276672 5.2629456520081 -16.253974914551
4.2943415641785 5.5114145278931 -16.362854003906
3.6784241199493 5.7426652908325 -16.508546829224
3.062618970871 5.9835028648376 -16.638172149658
2.4360418319702 6.2083954811096 -16.742403030396
1.8220640420914 6.4575481414795 -16.863374710083
1.2486838102341 6.7660045623779 -17.036260604858
0.66268056631088 7.085033416748 -17.130405426025
0.086266569793224 7.4256911277771 -17.206357955933
-0.4888191819191 7.76935338974 -17.273294448853
-1.1190515756607 7.9778971672058 -17.387887954712
-1.7758301496506 8.1201219558716 -17.437145233154
-2.4410238265991 8.2258176803589 -17.457391738892
-3.1092965602875 8.3107719421387 -17.47338104248
-3.7736434936523 8.4215307235718 -17.494407653809
-4.4402341842651 8.5124540328979 -17.531448364258
-5.1097469329834 8.5326776504517 -17.604839324951
-5.7771077156067 8.6074275970459 -17.660522460938
-6.4396057128906 8.7230939865112 -17.702545166016
-7.108428478241 8.7660551071167 -17.772392272949
7.8808832168579 3.6260585784912 -15.034415245056
7.4355311393738 4.0632643699646 -14.892227172852
6.9669156074524 4.3408169746399 -14.548567771912
6.5001831054688 4.65110206604 -14.231177330017
6.0369572639465 4.9688696861267 -13.916077613831
5.5782022476196 5.2787370681763 -13.586973190308
5.1012377738953 5.5545954704285 -13.253491401672
4.6071057319641 5.7998576164246 -12.921076774597
4.1006422042847 6.0179967880249 -12.588367462158
3.6143863201141 6.2259035110474 -12.220871925354
3.0970599651337 6.4491000175476 -11.908857345581
2.5850353240967 6.71329164505 -11.621257781982
2.111034154892 7.0481190681458 -11.341853141785
1.6403073072433 7.3939614295959 -11.070466995239
1.1498025655746 7.726019859314 -10.817663192749
0.68374133110046 8.0225667953491 -10.486751556396
0.21049332618713 8.2348575592041 -10.105175971985
-0.32107535004616 8.4008722305298 -9.7815761566162
-0.86386954784393 8.5429468154907 -9.4653415679932
-1.4321854114532 8.6519145965576 -9.1825075149536
-1.9988082647324 8.7414722442627 -8.8897619247437
-2.5172936916351 8.8332424163818 -8.5188121795654
-3.0161869525909 8.9387550354004 -8.1253271102905
-3.5785346031189 8.9907493591309 -7.8156323432922
-4.1535849571228 8.9786596298218 -7.5266690254211
