110.99742126465 40.743133544922 257.31234741211
46.281360626221 13.938537597656 349.71575927734
48.925724029541 1.2298808097839 374.85006713867
46.726737976074 16.004570007324 380.07751464844
107.38746643066 39.740585327148 259.76208496094
104.3404083252 38.703819274902 262.87594604492
101.43717956543 37.66482925415 266.12365722656
98.607162475586 36.62553024292 269.43511962891
95.908393859863 35.586761474609 272.85467529297
93.266151428223 34.548656463623 276.31829833984
90.733879089355 33.512619018555 279.86373901367
88.266426086426 32.478199005127 283.45504760742
85.88549041748 31.446426391602 287.10504150391
83.489486694336 30.414161682129 290.74502563477
81.126907348633 29.383014678955 294.40713500977
78.801696777344 28.353216171265 298.09341430664
76.506935119629 27.324588775635 301.7991027832
74.219459533691 26.296251296997 305.50933837891
71.99479675293 25.270538330078 309.25830078125
69.663719177246 24.240526199341 312.94082641602
67.278610229492 23.208608627319 316.58807373047
64.917549133301 22.17752456665 320.25112915039
62.499996185303 21.144565582275 323.87664794922
60.152446746826 20.113956451416 327.5485534668
57.819271087646 19.083862304688 331.22973632812
55.514793395996 18.054857254028 334.92926025391
53.290630340576 17.029167175293 338.67849731445
50.957767486572 15.999087333679 342.35989379883
48.610935211182 14.968485832214 346.03225708008
109.14045715332 39.001171112061 262.00842285156
106.23696899414 37.619613647461 266.27130126953
103.05268859863 36.15625 270.31979370117
99.990966796875 34.572788238525 274.40246582031
97.331253051758 33.192245483398 278.84259033203
94.774978637695 31.75156211853 283.32305908203
92.283996582031 30.272914886475 287.82897949219
89.732009887695 28.773626327515 292.29339599609
87.146476745605 27.262989044189 296.73498535156
84.666900634766 25.748739242554 301.23461914062
82.237319946289 24.232782363892 305.76162719727
79.858818054199 22.764400482178 310.32897949219
77.640670776367 21.445362091064 315.02310180664
75.301559448242 19.982740402222 319.60821533203
72.806335449219 18.334798812866 324.05261230469
70.39086151123 16.723476409912 328.54843139648
68.372550964355 15.294501304626 333.30020141602
66.315536499023 13.783784866333 338.00485229492
64.08219909668 11.900729179382 342.49496459961
61.82829284668 10.000168800354 346.96725463867
59.554763793945 8.0829200744629 351.4225769043
57.066959381104 6.5812797546387 355.92190551758
54.457614898682 5.2758436203003 360.41128540039
52.20825958252 3.9044182300568 365.06021118164
50.347148895264 2.3616549968719 369.83978271484
108.88419342041 40.306369781494 262.28726196289
105.56396484375 39.370304107666 266.47970581055
102.52536773682 38.376136779785 270.88043212891
99.647567749023 37.41382598877 275.39447021484
96.874267578125 36.481250762939 279.98190307617
94.461311340332 35.562698364258 284.77075195312
91.943244934082 34.616607666016 289.49694824219
89.226631164551 33.623317718506 294.10549926758
86.526550292969 32.633594512939 298.72442626953
83.868522644043 31.652940750122 303.36972045898
81.248382568359 30.668104171753 308.03442382812
78.855239868164 29.658210754395 312.81546020508
76.462097167969 28.648317337036 317.59652709961
73.996505737305 27.628751754761 322.33795166016
71.473220825195 26.601482391357 327.04788208008
68.94994354248 25.574214935303 331.75778198242
66.737602233887 24.612627029419 336.63479614258
64.52783203125 23.651582717896 341.51321411133
62.174308776855 22.764329910278 346.337890625
59.800868988037 21.876205444336 351.1526184082
57.318405151367 20.943386077881 355.90368652344
54.823684692383 19.839193344116 360.61087036133
51.92357635498 19.081922531128 365.10116577148
49.932994842529 17.905723571777 369.92861938477
48.712882995605 16.809293746948 375.08032226562
