8.5902633666992 -52.891479492188 334.77026367188
18.125190734863 8.2464075088501 325.59686279297
70.967964172363 51.276588439941 344.55584716797
71.02278137207 41.961967468262 298.10018920898
6.3407649993896 -51.847263336182 334.64367675781
4.9494061470032 -49.706832885742 334.36676025391
3.9325044155121 -47.412338256836 333.78695678711
3.23486328125 -44.975006103516 333.34722900391
2.937192440033 -42.449966430664 332.93426513672
2.9179549217224 -39.896614074707 332.61102294922
2.98219871521 -37.3486328125 332.24615478516
3.0978643894196 -34.809764862061 331.82693481445
3.3316276073456 -32.277084350586 331.42239379883
3.6656231880188 -29.75758934021 331.02203369141
4.1814494132996 -27.265197753906 330.6259765625
4.9528274536133 -24.844465255737 330.27722167969
5.9294590950012 -22.481288909912 329.9665222168
6.7277507781982 -20.069221496582 329.6325378418
7.1765251159668 -17.561336517334 329.25296020508
7.9281344413757 -15.11652469635 328.9870300293
8.7416877746582 -12.684615135193 328.74432373047
9.6747589111328 -10.299780845642 328.47015380859
10.649344444275 -7.9341340065002 328.18896484375
11.886480331421 -5.6969871520996 327.8733215332
13.003338813782 -3.4005014896393 327.55316162109
14.040278434753 -1.0692574977875 327.20516967773
15.048840522766 1.2481478452682 326.70776367188
16.052549362183 3.5875222682953 326.32418823242
17.066259384155 5.9313621520996 325.9895324707
8.6764793395996 -49.574108123779 338.19271850586
9.9207239151001 -44.944065093994 338.57098388672
11.715093612671 -40.48131942749 338.51284790039
13.886308670044 -36.191902160645 338.33236694336
16.062864303589 -31.90584564209 338.14495849609
17.960803985596 -27.486392974854 338.05096435547
19.589448928833 -22.961126327515 338.03848266602
21.670892715454 -18.651517868042 337.54873657227
23.768047332764 -14.333048820496 337.23529052734
25.871557235718 -10.010682106018 337.0432434082
27.886178970337 -5.6420450210571 337.05526733398
30.167400360107 -1.4066379070282 337.02932739258
32.734516143799 2.660674571991 336.92080688477
35.483444213867 6.6075191497803 336.81796264648
38.36226272583 10.461342811584 336.89071655273
41.136619567871 14.381617546082 337.17263793945
44.059326171875 18.182312011719 337.56994628906
47.093803405762 21.879789352417 338.08569335938
50.080711364746 25.585536956787 338.7861328125
53.298122406006 29.103597640991 339.43145751953
56.292072296143 32.782493591309 340.23617553711
59.281791687012 36.498844146729 340.86557006836
62.295349121094 40.212657928467 341.38638305664
65.376152038574 43.803066253662 342.26013183594
68.315490722656 47.479610443115 343.2546081543
9.1667137145996 -50.835174560547 330.62677001953
10.139382362366 -46.787761688232 328.46441650391
12.007230758667 -42.596965789795 327.35461425781
14.095386505127 -38.475589752197 326.38101196289
16.126510620117 -34.313220977783 325.4860534668
17.796323776245 -29.958353042603 324.79675292969
19.937320709229 -25.899166107178 323.68643188477
21.985136032104 -21.781587600708 322.62509155273
23.717844009399 -17.484485626221 321.72009277344
25.469125747681 -13.26000213623 320.54806518555
27.464900970459 -9.1565160751343 319.33627319336
29.613130569458 -5.0814218521118 318.31045532227
32.198497772217 -1.2332851886749 317.42037963867
35.068492889404 2.4065642356873 316.52322387695
38.068828582764 5.901985168457 315.48773193359
41.092758178711 9.3256158828735 314.29251098633
44.115871429443 12.719511032104 313.01416015625
47.18913269043 15.999939918518 311.56918334961
50.266761779785 19.248867034912 310.06509399414
53.121990203857 22.584171295166 308.32797241211
55.976665496826 25.889167785645 306.53411865234
59.113872528076 29.014842987061 304.89636230469
62.261043548584 32.172008514404 303.34121704102
65.08570098877 35.632995605469 301.81280517578
68.012451171875 38.896503448486 300.05853271484
