61.787105560303 3.8200297355652 273.63739013672
61.572513580322 -3.051331281662 271.2548828125
65.145858764648 -0.84151017665863 270.32693481445
63.839752197266 -2.3302199840546 274.81942749023
61.59525680542 3.6291301250458 273.51763916016
61.437526702881 3.4092192649841 273.39797973633
61.341163635254 3.15367436409 273.28396606445
61.247825622559 2.8968412876129 273.17031860352
61.172065734863 2.6330976486206 273.05944824219
61.107261657715 2.3656904697418 272.95043945312
61.043300628662 2.0980124473572 272.84161376953
60.991409301758 1.8268185853958 272.7350769043
60.956420898438 1.5515841245651 272.63204956055
60.908962249756 1.2792382240295 272.52639770508
60.874839782715 1.0038435459137 272.42352294922
60.830997467041 0.73058253526688 272.31866455078
60.806507110596 0.45336607098579 272.21798706055
60.759395599365 0.18092489242554 272.11239624023
60.754909515381 -0.098991960287094 272.01657104492
60.737232208252 -0.37729901075363 271.91748046875
60.741710662842 -0.65803408622742 271.8239440918
60.778518676758 -0.93923026323318 271.73956298828
60.818698883057 -1.2203522920609 271.65621948242
60.841186523438 -1.5018258094788 271.56762695312
60.881595611572 -1.7828936576843 271.48431396484
60.98095703125 -2.0532126426697 271.41741943359
61.08292388916 -2.3230509757996 271.35122680664
61.224201202393 -2.5776631832123 271.30187988281
61.387107849121 -2.8210477828979 271.26843261719
61.855834960938 3.6511642932892 273.43438720703
61.985420227051 3.5713679790497 273.22009277344
62.101757049561 3.4531280994415 273.02847290039
62.169982910156 3.2421014308929 272.86950683594
62.251754760742 3.0325443744659 272.71575927734
62.346347808838 2.8243780136108 272.56686401367
62.439701080322 2.6212563514709 272.41058349609
62.532321929932 2.4211382865906 272.24987792969
62.625045776367 2.2198529243469 272.09069824219
62.718631744385 2.0188302993774 271.93173217773
62.81729888916 1.8213123083115 271.77142333984
62.916843414307 1.6231096982956 271.61276245117
63.033580780029 1.4115483760834 271.48602294922
63.148960113525 1.1970207691193 271.36334228516
63.261196136475 0.97559183835983 271.25009155273
63.338626861572 0.75717866420746 271.10610961914
63.419589996338 0.542036652565 270.95922851562
63.504497528076 0.33028584718704 270.8095703125
63.613548278809 0.11832975596189 270.67733764648
63.730903625488 -0.091424666345119 270.55154418945
63.948993682861 -0.24980980157852 270.50912475586
64.167083740234 -0.40819492936134 270.46673583984
64.400604248047 -0.54134917259216 270.427734375
64.64575958252 -0.6554508805275 270.39135742188
64.886962890625 -0.77854388952255 270.35980224609
61.767738342285 3.6180889606476 273.81759643555
61.71467590332 3.3532679080963 273.86447143555
61.716491699219 3.0860478878021 273.93051147461
61.744655609131 2.8151893615723 273.96969604492
61.783863067627 2.5454399585724 274.0068359375
61.83239364624 2.2769691944122 274.04345703125
61.877086639404 2.0083839893341 274.08361816406
61.918441772461 1.7396992444992 274.12686157227
61.957290649414 1.4697376489639 274.16357421875
61.99439239502 1.1988862752914 274.19577026367
62.041103363037 0.93107521533966 274.23843383789
62.089862823486 0.66391277313232 274.28338623047
62.140846252441 0.39751592278481 274.32983398438
62.205081939697 0.13569229841232 274.3854675293
62.255172729492 -0.13198159635067 274.4196472168
62.296180725098 -0.40341255068779 274.44003295898
62.330787658691 -0.67604947090149 274.45520019531
62.406253814697 -0.938820540905 274.46484375
62.50891494751 -1.1938414573669 274.47253417969
62.629707336426 -1.4410456418991 274.48098754883
62.76016998291 -1.6718345880508 274.55087280273
62.916439056396 -1.8838307857513 274.61618041992
63.123680114746 -2.0582146644592 274.66082763672
63.33748626709 -2.2072422504425 274.74926757812
63.568695068359 -2.3288733959198 274.83599853516
