67.373802185059 -6.9458408355713 274.14086914062
70.317611694336 -2.0070278644562 269.42965698242
65.782272338867 -0.99888342618942 271.58551025391
69.928359985352 -0.89558082818985 274.32064819336
67.539054870605 -6.983681678772 273.88986206055
67.704742431641 -6.9777240753174 273.63641357422
67.863945007324 -6.9029517173767 273.38986206055
68.014907836914 -6.7872004508972 273.15417480469
68.161422729492 -6.65483045578 272.9245300293
68.305213928223 -6.5131378173828 272.69873046875
68.445365905762 -6.3603510856628 272.47793579102
68.585189819336 -6.20654296875 272.25762939453
68.716804504395 -6.0308275222778 272.04898071289
68.846214294434 -5.8499374389648 271.84338378906
68.972152709961 -5.6611442565918 271.64279174805
69.096046447754 -5.4679732322693 271.44512939453
69.214561462402 -5.2639474868774 271.25521850586
69.326591491699 -5.0480585098267 271.07470703125
69.435501098633 -4.8268556594849 270.89880371094
69.541114807129 -4.6003665924072 270.72766113281
69.643562316895 -4.369017124176 270.56118774414
69.735450744629 -4.1230697631836 270.41018676758
69.830749511719 -3.8815863132477 270.25415039062
69.919746398926 -3.6320259571075 270.10739135742
70.003517150879 -3.3762917518616 269.96841430664
70.082618713379 -3.115462064743 269.83633422852
70.156768798828 -2.8495905399323 269.71160888672
70.23217010498 -2.5849628448486 269.58502197266
70.28507232666 -2.3016271591187 269.49200439453
67.155494689941 -6.9135437011719 273.97650146484
66.965950012207 -6.8534359931946 273.79824829102
66.846733093262 -6.7253160476685 273.58590698242
66.810440063477 -6.5030903816223 273.4333190918
66.760192871094 -6.2620749473572 273.31060791016
66.697387695312 -6.0251197814941 273.18560791016
66.686676025391 -5.7680993080139 273.11218261719
66.713363647461 -5.4966745376587 273.07571411133
66.671226501465 -5.2604551315308 272.94790649414
66.637977600098 -5.0121479034424 272.84182739258
66.620002746582 -4.748321056366 272.76684570312
66.569877624512 -4.4992456436157 272.66119384766
66.519584655762 -4.247353553772 272.56265258789
66.481285095215 -3.9913868904114 272.47952270508
66.512840270996 -3.7182242870331 272.46960449219
66.453186035156 -3.4758810997009 272.38745117188
66.351486206055 -3.2477452754974 272.27203369141
66.258811950684 -3.0130908489227 272.16223144531
66.216201782227 -2.7517330646515 272.09887695312
66.182456970215 -2.4843204021454 272.04446411133
66.138610839844 -2.219996213913 271.98184204102
66.075973510742 -1.9584791660309 271.92373657227
65.983406066895 -1.7340071201324 271.80670166016
65.888618469238 -1.5173714160919 271.68264770508
65.856254577637 -1.2442160844803 271.6755065918
67.602645874023 -6.8857436180115 274.26739501953
67.750007629395 -6.7257447242737 274.27059936523
67.904396057129 -6.542610168457 274.24951171875
68.123497009277 -6.3969249725342 274.2887878418
68.323585510254 -6.2201910018921 274.30480957031
68.437698364258 -5.9775323867798 274.31399536133
68.548942565918 -5.7342081069946 274.30862426758
68.655265808105 -5.4897408485413 274.27825927734
68.730400085449 -5.2346820831299 274.25408935547
68.785903930664 -4.9729619026184 274.23382568359
68.849296569824 -4.7128419876099 274.21887207031
68.917839050293 -4.4537401199341 274.20721435547
68.979736328125 -4.1931991577148 274.19058227539
69.04133605957 -3.9324917793274 274.17791748047
69.101699829102 -3.6710896492004 274.18185424805
69.166091918945 -3.4107766151428 274.18344116211
69.244255065918 -3.1541850566864 274.17709350586
69.335655212402 -2.9038517475128 274.18246459961
69.462394714355 -2.6702287197113 274.21914672852
69.578399658203 -2.430326461792 274.24563598633
69.681091308594 -2.1831960678101 274.26284790039
69.762916564941 -1.9301354885101 274.29376220703
69.841361999512 -1.6738197803497 274.28198242188
69.902114868164 -1.4142491817474 274.30505371094
69.973731994629 -1.157525062561 274.33535766602
