69.29029083252 -23.199295043945 334.27645874023
84.01342010498 13.091668128967 345.28149414062
72.920288085938 8.9687213897705 328.43713378906
64.765060424805 5.5332899093628 347.07641601562
70.797897338867 -23.266134262085 335.00338745117
72.11400604248 -22.579578399658 335.71673583984
73.327827453613 -21.658498764038 336.40505981445
74.464424133301 -20.624324798584 337.06777954102
75.525276184082 -19.497119903564 337.70346069336
76.495277404785 -18.271892547607 338.30523681641
77.347930908203 -16.94153213501 338.8610534668
78.145484924316 -15.568859100342 339.39447021484
78.860015869141 -14.139999389648 339.89340209961
79.499145507812 -12.664666175842 340.36053466797
80.053550720215 -11.145992279053 340.79104614258
80.481552124023 -9.5705986022949 341.166015625
80.854293823242 -7.9755229949951 341.51611328125
81.179168701172 -6.3656148910522 341.84448242188
81.510124206543 -4.7573871612549 342.17565917969
81.727912902832 -3.1279549598694 342.45394897461
81.835388183594 -1.4763270616531 342.68087768555
82.151679992676 0.1361735612154 343.00537109375
82.57942199707 1.7117223739624 343.3801574707
82.962226867676 3.3031895160675 343.73480224609
83.267105102539 4.9180111885071 344.05395507812
83.350982666016 6.5619654655457 344.26861572266
83.330596923828 8.2125835418701 344.43319702148
83.548843383789 9.8235664367676 344.70977783203
83.781127929688 11.457617759705 344.99563598633
70.199592590332 -22.685277938843 333.3757019043
71.228744506836 -21.762268066406 333.25512695312
72.057189941406 -20.655282974243 333.42114257812
72.826293945312 -19.543411254883 333.12948608398
73.485618591309 -18.34289932251 332.94165039062
74.129341125488 -17.210834503174 332.94094848633
74.359603881836 -15.906433105469 332.67953491211
74.829025268555 -14.597701072693 332.60101318359
75.193244934082 -13.25608253479 332.5617980957
75.407752990723 -11.890872001648 332.49407958984
75.428001403809 -10.505925178528 332.34979248047
75.462211608887 -9.1155872344971 332.38299560547
75.498168945312 -7.7245707511902 332.43853759766
75.521575927734 -6.3341817855835 332.37640380859
75.508735656738 -4.9483685493469 332.27673339844
75.323799133301 -3.584860086441 332.06237792969
75.25074005127 -2.3136305809021 331.53872680664
75.28938293457 -1.020045042038 331.10455322266
75.362266540527 0.35454198718071 330.97332763672
75.058456420898 1.7027975320816 330.80447387695
75.038146972656 3.037451505661 330.69027709961
75.183547973633 4.2979879379272 330.40530395508
74.676986694336 5.5296669006348 329.99829101562
74.157707214355 6.7286396026611 329.52670288086
73.58821105957 7.8615336418152 328.95416259766
69.141609191895 -22.841608047485 335.53460693359
68.998664855957 -22.195617675781 336.65130615234
69.358848571777 -21.500629425049 337.72116088867
69.639007568359 -20.614267349243 338.64443969727
69.723823547363 -19.512048721313 339.38027954102
70.031944274902 -18.494052886963 340.16241455078
70.26505279541 -17.41930770874 340.86926269531
70.285003662109 -16.224390029907 341.44830322266
70.36905670166 -15.024312973022 342.00299072266
70.570037841797 -13.814828872681 342.51318359375
70.507255554199 -12.561611175537 342.92437744141
70.372360229492 -11.293894767761 343.29275512695
70.192115783691 -10.003024101257 343.5471496582
69.993919372559 -8.7120513916016 343.78692626953
69.725486755371 -7.4330902099609 343.93170166016
69.340751647949 -6.1987657546997 343.98956298828
69.138366699219 -4.9984345436096 344.52038574219
68.856178283691 -3.81463098526 345.0407409668
68.42894744873 -2.6520886421204 345.51824951172
67.988525390625 -1.4736685752869 345.94357299805
67.595932006836 -0.26021939516068 346.2712097168
67.311820983887 1.0326733589172 346.37725830078
66.941177368164 2.2819240093231 346.53671264648
66.286964416504 3.3881573677063 346.87106323242
65.563980102539 4.4726996421814 347.05615234375
