86.713287353516 34.889530181885 335.74801635742
54.770267486572 17.121786117554 338.69119262695
43.326404571533 26.685688018799 357.17108154297
35.313671112061 30.53006362915 330.35299682617
87.296058654785 33.529979705811 335.33319091797
86.99365234375 32.055332183838 335.08081054688
86.269866943359 30.715543746948 334.94644165039
85.349960327148 29.490266799927 334.87817382812
84.297706604004 28.374237060547 334.86129760742
83.14412689209 27.362760543823 334.88824462891
81.914291381836 26.446529388428 334.95175170898
80.627220153809 25.614654541016 335.04547119141
79.300071716309 24.850461959839 335.16220092773
77.948303222656 24.132778167725 335.29406738281
76.578506469727 23.452962875366 335.43786621094
75.18473815918 22.827266693115 335.59838867188
73.776519775391 22.237785339355 335.76971435547
72.353103637695 21.689781188965 335.95315551758
70.930030822754 21.140766143799 336.13626098633
69.492660522461 20.635187149048 336.3317565918
68.050262451172 20.145769119263 336.53179931641
66.609397888184 19.65128326416 336.73040771484
65.148399353027 19.234436035156 336.9499206543
63.678192138672 18.852075576782 337.17877197266
62.213943481445 18.444454193115 337.40093994141
60.741035461426 18.089117050171 337.63613891602
59.250946044922 17.820293426514 337.89358520508
57.76868057251 17.499109268188 338.13812255859
56.269824981689 17.307739257812 338.41400146484
86.227043151855 33.15291595459 336.48797607422
84.895469665527 31.778579711914 336.91622924805
83.402442932129 30.682832717896 337.55087280273
81.673896789551 30.092069625854 338.26721191406
79.901741027832 29.677583694458 339.00183105469
78.130813598633 29.303461074829 339.76025390625
76.384185791016 28.82006072998 340.51361083984
74.625244140625 28.409173965454 341.28103637695
72.853561401367 28.100505828857 342.06695556641
71.081283569336 27.878225326538 342.87994384766
69.31517791748 27.780902862549 343.73034667969
67.561393737793 27.58544921875 344.58905029297
65.832443237305 27.251798629761 345.45599365234
64.103172302246 26.9332447052 346.32736206055
62.374374389648 26.780397415161 347.24392700195
60.633602142334 26.660339355469 348.1423034668
58.860439300537 26.639911651611 348.98352050781
57.087516784668 26.617094039917 349.82504272461
55.326637268066 26.476680755615 350.68020629883
53.591011047363 26.183734893799 351.54849243164
51.847095489502 25.940591812134 352.4153137207
50.108432769775 25.888286590576 353.32424926758
48.40746307373 25.990104675293 354.29797363281
46.710063934326 26.304054260254 355.23202514648
45.014278411865 26.606956481934 356.17254638672
85.912925720215 33.413864135742 334.54180908203
84.629760742188 31.818166732788 334.24505615234
82.780570983887 30.934387207031 333.88760375977
80.826614379883 30.27206993103 333.61688232422
78.80933380127 29.795829772949 333.43069458008
76.756439208984 29.479463577271 333.30194091797
74.683738708496 29.324495315552 333.18969726562
72.60791015625 29.218238830566 333.08349609375
70.528495788574 29.24843788147 332.99426269531
68.449180603027 29.281726837158 332.90496826172
66.371726989746 29.374645233154 332.81463623047
64.297943115234 29.528171539307 332.72204589844
62.222400665283 29.631803512573 332.60430908203
60.146892547607 29.659168243408 332.44830322266
58.071315765381 29.687864303589 332.29379272461
55.993869781494 29.754665374756 332.18280029297
53.91654586792 29.879375457764 332.13812255859
51.839237213135 30.003425598145 332.09204101562
49.762516021729 30.101707458496 331.99069213867
47.688915252686 30.170110702515 331.82269287109
45.622509002686 30.282356262207 331.59872436523
43.560611724854 30.380498886108 331.3313293457
41.514633178711 30.393081665039 330.94848632812
39.458572387695 30.448041915894 330.62850952148
37.395053863525 30.545614242554 330.37362670898
