69.852355957031 -37.846824645996 333.97241210938
50.94845199585 -17.676687240601 335.30844116211
40.719295501709 -20.310459136963 330.89245605469
40.756153106689 -18.800928115845 340.95684814453
70.06421661377 -36.854259490967 333.99014282227
69.811309814453 -35.80611038208 334.06057739258
69.402717590332 -34.791564941406 334.1318359375
68.832389831543 -33.851539611816 334.20416259766
68.216575622559 -32.942035675049 334.27713012695
67.538833618164 -32.077892303467 334.35971069336
66.833717346191 -31.236209869385 334.4521484375
66.095924377441 -30.421194076538 334.51617431641
65.339569091797 -29.621328353882 334.56408691406
64.551567077637 -28.852285385132 334.60250854492
63.758865356445 -28.087818145752 334.63949584961
62.950134277344 -27.341161727905 334.68218994141
62.120410919189 -26.617837905884 334.73233032227
61.279235839844 -25.908361434937 334.78472900391
60.421276092529 -25.219190597534 334.84045410156
59.562774658203 -24.530044555664 334.88327026367
58.703056335449 -23.840955734253 334.89739990234
57.843341827393 -23.15186882019 334.91149902344
56.974048614502 -22.476793289185 334.96319580078
56.104278564453 -21.802410125732 335.01678466797
55.248352050781 -21.110280990601 335.06503295898
54.396881103516 -20.412439346313 335.1116027832
53.545791625977 -19.714128494263 335.15811157227
52.695217132568 -19.015272140503 335.20568847656
51.834384918213 -18.33017539978 335.26123046875
69.32071685791 -37.275737762451 333.24932861328
68.410919189453 -36.300765991211 333.09411621094
67.517616271973 -35.318656921387 332.91522216797
66.421211242676 -34.54370880127 332.89517211914
65.304527282715 -33.798625946045 332.89111328125
64.176040649414 -33.070930480957 332.89636230469
63.050102233887 -32.339553833008 332.88064575195
61.912933349609 -31.627017974854 332.85623168945
60.740711212158 -30.972652435303 332.82873535156
59.569248199463 -30.318618774414 332.77432250977
58.427707672119 -29.630107879639 332.62649536133
57.297004699707 -28.929239273071 332.4443359375
56.103221893311 -28.320150375366 332.36093139648
54.909439086914 -27.711061477661 332.27755737305
53.747524261475 -27.058374404907 332.11907958984
52.570152282715 -26.428720474243 331.99255371094
51.369167327881 -25.833805084229 331.91360473633
50.18452835083 -25.220190048218 331.76141357422
48.996795654297 -24.61222076416 331.61370849609
47.763320922852 -24.087757110596 331.53289794922
46.547035217285 -23.542070388794 331.40689086914
45.392772674561 -22.919803619385 331.1178894043
44.213932037354 -22.303300857544 330.9508972168
43.034633636475 -21.670848846436 330.86441040039
41.876964569092 -20.990653991699 330.87841796875
69.268325805664 -37.158065795898 334.92156982422
68.399505615234 -36.103992462158 335.15744018555
67.387748718262 -35.211296081543 335.47271728516
66.289924621582 -34.402034759521 335.68731689453
65.138542175293 -33.644256591797 335.83444213867
63.9787940979 -32.899787902832 335.98278808594
62.809101104736 -32.171142578125 336.13262939453
61.620346069336 -31.476982116699 336.29260253906
60.420505523682 -30.802883148193 336.45849609375
59.263385772705 -30.089553833008 336.72393798828
58.116710662842 -29.366146087646 337.01263427734
56.967330932617 -28.641063690186 337.28601074219
55.815589904785 -27.922136306763 337.56552124023
54.646263122559 -27.226119995117 337.82089233398
53.424057006836 -26.593290328979 337.98611450195
52.250381469727 -25.912567138672 338.25497436523
51.097354888916 -25.21181678772 338.57086181641
49.897987365723 -24.559661865234 338.81118774414
48.759544372559 -23.878162384033 339.20043945312
47.601211547852 -23.230936050415 339.59359741211
46.433261871338 -22.578090667725 339.94836425781
45.312038421631 -21.854801177979 340.32412719727
44.191497802734 -21.12896156311 340.68731689453
43.046382904053 -20.352951049805 340.77716064453
41.901268005371 -19.57693862915 340.86700439453
