61.521865844727 3.041624546051 275.93609619141
67.325561523438 -0.70054715871811 269.07418823242
69.195877075195 0.75842988491058 270.82025146484
67.969345092773 -2.5524823665619 271.34686279297
61.545719146729 2.9676625728607 275.56335449219
61.676525115967 2.8519163131714 275.22406005859
61.829002380371 2.7285995483398 274.89669799805
62.000186920166 2.5989789962769 274.58117675781
62.180847167969 2.4662959575653 274.27230834961
62.35534286499 2.3356356620789 273.9592590332
62.569999694824 2.1925501823425 273.6780090332
62.780452728271 2.0506978034973 273.39297485352
62.993659973145 1.9080374240875 273.11041259766
63.216979980469 1.7625054121017 272.83728027344
63.445068359375 1.6156454086304 272.56884765625
63.676040649414 1.4680018424988 272.30331420898
63.920291900635 1.3168761730194 272.05200195312
64.160934448242 1.1666771173477 271.79669189453
64.405387878418 1.015506029129 271.54559326172
64.656860351562 0.86260133981705 271.30261230469
64.902816772461 0.71105420589447 271.05322265625
65.156158447266 0.55770856142044 270.8125
65.424743652344 0.4009063243866 270.59130859375
65.699485778809 0.24284346401691 270.37875366211
65.955184936523 0.088932722806931 270.1408996582
66.228912353516 -0.068918608129025 269.92684936523
66.492362976074 -0.22460700571537 269.69879150391
66.768852233887 -0.38301327824593 269.48876953125
67.047866821289 -0.54190987348557 269.28247070312
61.746017456055 3.0431652069092 275.6413269043
61.959945678711 2.9442627429962 275.35620117188
62.200698852539 2.8359608650208 275.10504150391
62.464744567871 2.7375974655151 274.86459350586
62.726051330566 2.6517794132233 274.61474609375
62.990653991699 2.5223300457001 274.38858032227
63.255954742432 2.391628742218 274.16375732422
63.541152954102 2.307544708252 273.94091796875
63.826354980469 2.2234604358673 273.7180480957
64.115921020508 2.1285216808319 273.5061340332
64.410514831543 2.0211238861084 273.30676269531
64.70044708252 1.9247578382492 273.09558105469
64.988563537598 1.833683013916 272.87936401367
65.284866333008 1.7450550794601 272.67340087891
65.582298278809 1.6590565443039 272.46813964844
65.890586853027 1.5983200073242 272.2698059082
66.208633422852 1.4926542043686 272.11520385742
66.531745910645 1.3891208171844 271.96685791016
66.855606079102 1.3158859014511 271.8000793457
67.18196105957 1.2129732370377 271.65591430664
67.513107299805 1.116007566452 271.51910400391
67.853507995605 1.0399516820908 271.39099121094
68.193801879883 0.97235280275345 271.25814819336
68.533737182617 0.90967506170273 271.12188720703
68.864807128906 0.83405244350433 270.97106933594
61.58980178833 2.7706429958344 275.69039916992
61.790691375732 2.647344827652 275.40869140625
61.925022125244 2.4786331653595 275.13467407227
62.08597946167 2.2285087108612 274.8893737793
62.364711761475 2.0192718505859 274.72650146484
62.618095397949 1.8396921157837 274.50164794922
62.856002807617 1.657440662384 274.25881958008
63.08890914917 1.4591623544693 274.02365112305
63.344081878662 1.249736905098 273.82354736328
63.612461090088 1.0492864847183 273.6325378418
63.893707275391 0.85758411884308 273.45040893555
64.126884460449 0.62754184007645 273.25155639648
64.339797973633 0.38036844134331 273.04681396484
64.62427520752 0.17770749330521 272.88241577148
64.90657043457 -0.028069438412786 272.71850585938
65.17219543457 -0.25763329863548 272.55798339844
65.448600769043 -0.48592090606689 272.41571044922
65.701316833496 -0.7217213511467 272.25238037109
65.921592712402 -0.96568435430527 272.05395507812
66.207809448242 -1.1869735717773 271.91931152344
66.484748840332 -1.4235191345215 271.79159545898
66.780296325684 -1.6558101177216 271.72222900391
67.075546264648 -1.8795980215073 271.62615966797
67.361694335938 -2.1069247722626 271.5026550293
67.65161895752 -2.3419137001038 271.4079284668
