141.17051696777 7.7428436279297 669.77838134766
153.95893859863 -8.2079010009766 619.57830810547
144.80613708496 -4.4850225448608 609.93389892578
160.17330932617 1.512381196022 610.412109375
141.79486083984 6.6926651000977 668.08221435547
142.36041259766 5.8453521728516 666.2568359375
142.90600585938 5.0636258125305 664.39642333984
143.44454956055 4.3048901557922 662.52453613281
143.97090148926 3.5852808952332 660.63372802734
144.48686218262 2.8987782001495 658.72790527344
144.99536132812 2.2357649803162 656.81170654297
145.4986114502 1.5892143249512 654.88854980469
145.99800109863 0.95486289262772 652.96032714844
146.49380493164 0.33160248398781 651.02758789062
146.9821472168 -0.26852250099182 649.08557128906
147.46855163574 -0.86264759302139 647.14129638672
147.92309570312 -1.3595316410065 645.16235351562
148.39828491211 -1.9192694425583 643.20513916016
148.86727905273 -2.4599051475525 641.24102783203
149.33325195312 -2.9914426803589 639.27380371094
149.79241943359 -3.5023283958435 637.29943847656
150.24829101562 -4.0032958984375 635.32177734375
150.69798278809 -4.4855928421021 633.33813476562
151.15002441406 -4.974946975708 631.35668945312
151.5945892334 -5.4418168067932 629.3681640625
152.04779052734 -5.9347877502441 627.38787841797
152.50100708008 -6.4276704788208 625.40759277344
152.97665405273 -6.9886684417725 623.45086669922
153.44239807129 -7.5195360183716 621.48333740234
141.30470275879 7.3148493766785 667.35321044922
141.7607421875 6.9655427932739 664.94464111328
142.20668029785 6.5526118278503 662.54608154297
142.59674072266 5.9775724411011 660.16839599609
142.99000549316 5.3711161613464 657.79919433594
143.36740112305 4.7491545677185 655.43157958984
143.67587280273 4.1402616500854 653.05035400391
143.99560546875 3.6288900375366 650.64965820312
144.32563781738 3.2067415714264 648.23120117188
144.64561462402 2.7830362319946 645.81176757812
144.91151428223 2.3509476184845 643.38714599609
145.15879821777 1.9070892333984 640.96270751953
145.34918212891 1.3691548109055 638.55511474609
145.48147583008 0.72932839393616 636.16668701172
145.76368713379 0.38739666342735 633.72955322266
146.04588317871 0.045464914292097 631.29241943359
146.17825317383 -0.39206770062447 628.86236572266
146.20603942871 -0.8963218331337 626.43725585938
146.20834350586 -1.3202883005142 623.99719238281
146.20205688477 -1.7172156572342 621.55206298828
146.06930541992 -2.1993036270142 619.12817382812
145.87777709961 -2.7209887504578 616.71423339844
146.74526977539 -2.5315840244293 614.44787597656
147.37762451172 -2.4327840805054 612.13702392578
146.77745056152 -3.0073809623718 610.19213867188
142.00605773926 7.7668681144714 667.62365722656
142.6681060791 7.4926986694336 665.24725341797
143.3748626709 7.0633225440979 662.90704345703
144.09158325195 6.4143142700195 660.62518310547
144.82321166992 5.956307888031 658.29895019531
145.36088562012 5.6156907081604 655.90148925781
145.97595214844 5.2640027999878 653.52557373047
146.68510437012 4.9007153511047 651.17572021484
147.28010559082 4.6379389762878 648.78039550781
148.0807800293 4.1082134246826 646.49621582031
148.67071533203 3.8599672317505 644.11395263672
149.18406677246 3.7178781032562 641.6923828125
149.89738464355 3.3426713943481 639.34478759766
150.60670471191 2.9727034568787 636.99530029297
151.2647857666 2.6696004867554 634.62133789062
151.88888549805 2.4173865318298 632.23400878906
152.44163513184 2.2719860076904 629.81866455078
153.04379272461 2.1300709247589 627.41522216797
153.6742401123 1.9903852939606 625.01861572266
154.41554260254 1.9120725393295 622.65112304688
155.1808013916 1.8361487388611 620.29132080078
155.90306091309 1.7684861421585 617.91967773438
156.49270629883 1.7128186225891 615.50927734375
158.0916595459 1.9887706041336 613.71520996094
158.63130187988 2.0141048431396 611.38165283203
