76.936790466309 2.0213866233826 271.0905456543
61.862705230713 -7.0694098472595 266.97387695312
63.964267730713 -12.480002403259 265.62902832031
60.98844909668 -11.429673194885 271.76907348633
76.331504821777 2.2091283798218 270.77645874023
75.676025390625 2.0992798805237 270.52062988281
75.027709960938 1.9195466041565 270.28668212891
74.388885498047 1.6906539201736 270.07019042969
73.760871887207 1.4210011959076 269.86929321289
73.141479492188 1.1248837709427 269.67926025391
72.53296661377 0.79971480369568 269.50183105469
71.926315307617 0.47003039717674 269.32641601562
71.330200195312 0.11627321690321 269.16207885742
70.739784240723 -0.24944978952408 269.00347900391
70.156158447266 -0.62860041856766 268.85137939453
69.575172424316 -1.0127793550491 268.70181274414
68.999168395996 -1.4061485528946 268.5569152832
68.425849914551 -1.8042643070221 268.41439819336
67.861953735352 -2.2184972763062 268.28042602539
67.297027587891 -2.6309804916382 268.14544677734
66.739707946777 -3.055730342865 268.01708984375
66.196708679199 -3.501974105835 267.90078735352
65.647392272949 -3.9389917850494 267.77920532227
65.095184326172 -4.3716521263123 267.65524291992
64.526748657227 -4.778272151947 267.51721191406
63.961505889893 -5.1901769638062 267.38192749023
63.434116363525 -5.6577234268188 267.27810668945
62.914600372314 -6.135283946991 267.18048095703
62.412010192871 -6.6323676109314 267.0954284668
76.596626281738 1.6065104007721 270.55200195312
75.980758666992 1.3000268936157 270.16928100586
75.59642791748 0.70103710889816 269.96643066406
75.049545288086 0.18511487543583 269.71746826172
74.482147216797 -0.33397117257118 269.52276611328
73.888389587402 -0.83394992351532 269.35824584961
73.297302246094 -1.3304384946823 269.17526245117
72.70783996582 -1.8246867656708 268.98071289062
72.114120483398 -2.3086097240448 268.77359008789
71.527244567871 -2.7986509799957 268.56167602539
70.952217102051 -3.3018198013306 268.34939575195
70.412879943848 -3.8585975170135 268.1799621582
69.87516784668 -4.4166479110718 268.00988769531
69.373840332031 -5.0032448768616 267.82504272461
68.872512817383 -5.5898423194885 267.64019775391
68.401863098145 -6.1888589859009 267.41839599609
67.931945800781 -6.7881755828857 267.19567871094
67.488594055176 -7.4262361526489 267.03533935547
67.046104431152 -8.0655651092529 266.87704467773
66.586280822754 -8.6905269622803 266.71099853516
66.126281738281 -9.315336227417 266.54486083984
65.652366638184 -9.9330043792725 266.39178466797
65.212677001953 -10.54575252533 266.16439819336
64.814476013184 -11.165104866028 265.88247680664
64.397399902344 -11.830478668213 265.76879882812
76.198143005371 1.7592657804489 271.28317260742
75.418487548828 1.5574620962143 271.14791870117
74.825592041016 1.0260996818542 271.22952270508
74.115196228027 0.63058888912201 271.16818237305
73.46019744873 0.14919708669186 271.10403442383
72.819290161133 -0.35446280241013 271.03213500977
72.160919189453 -0.83325606584549 270.94439697266
71.512428283691 -1.3271977901459 270.86810302734
70.865119934082 -1.8229491710663 270.79315185547
70.229621887207 -2.3352065086365 270.73147583008
69.600471496582 -2.8563530445099 270.67691040039
68.975914001465 -3.3853924274445 270.66436767578
68.352043151855 -3.9156169891357 270.65808105469
67.723907470703 -4.4337673187256 270.72882080078
67.094123840332 -4.9472503662109 270.82934570312
66.49910736084 -5.5037035942078 270.89859008789
65.920516967773 -6.0804710388184 270.95306396484
65.318672180176 -6.6302351951599 271.02920532227
64.72119140625 -7.1847929954529 271.10369873047
64.144515991211 -7.7625703811646 271.16702270508
63.571258544922 -8.3445682525635 271.22100830078
63.001998901367 -8.931489944458 271.26409912109
62.450214385986 -9.5231952667236 271.38922119141
61.913951873779 -10.121047973633 271.5422668457
61.409038543701 -10.731406211853 271.74945068359
