-6.071129322052 -21.673084259033 -9.0096035003662
15.204203605652 -2.2663505077362 4.3005862236023
9.4194097518921 18.535966873169 -7.4985814094543
-0.0068303043954074 14.826701164246 11.717432022095
-4.8872075080872 -21.858993530273 -8.4904661178589
-3.7046782970428 -21.947959899902 -7.9550113677979
-2.5239837169647 -21.909214019775 -7.3980593681335
-1.3667681217194 -21.721025466919 -6.8258948326111
-0.22535793483257 -21.465227127075 -6.2492628097534
0.886270403862 -21.10213470459 -5.6677284240723
1.9353581666946 -20.591390609741 -5.089494228363
2.9540405273438 -20.012437820435 -4.5134902000427
3.9326589107513 -19.361833572388 -3.9436151981354
4.8347058296204 -18.604425430298 -3.3907287120819
5.6810698509216 -17.76944732666 -2.8502135276794
6.4467368125916 -16.84698677063 -2.3319869041443
7.1472954750061 -15.868963241577 -1.8343770503998
7.7570714950562 -14.813465118408 -1.365513920784
8.3730278015137 -13.762501716614 -0.89455914497375
9.0020999908447 -12.721621513367 -0.41925686597824
9.6635313034058 -11.705725669861 0.066749431192875
10.339468002319 -10.701771736145 0.55742412805557
11.019918441772 -9.7015237808228 1.0495532751083
11.688710212708 -8.6916065216064 1.537939786911
12.321218490601 -7.6538529396057 2.0142955780029
12.924133300781 -6.5933971405029 2.4808390140533
13.541940689087 -5.5437955856323 2.9524123668671
14.129389762878 -4.4800276756287 3.429164648056
14.669791221619 -3.3882999420166 3.8988788127899
-5.0579686164856 -20.867406845093 -9.8764572143555
-3.3722479343414 -20.304121017456 -9.7730922698975
-1.8427641391754 -19.48844909668 -9.2180280685425
-0.42751231789589 -18.483514785767 -8.6728668212891
0.88384765386581 -17.331373214722 -8.1681785583496
2.1291074752808 -16.07469367981 -7.7651062011719
3.3204445838928 -14.721250534058 -7.5168104171753
4.1326966285706 -13.110203742981 -7.3509607315063
4.9047160148621 -11.463705062866 -7.3040742874146
5.6632466316223 -9.8100986480713 -7.2929739952087
6.2850022315979 -8.0995445251465 -7.3057951927185
6.8422112464905 -6.3678994178772 -7.3524227142334
7.3705630302429 -4.6268963813782 -7.3667407035828
7.8838949203491 -2.8810739517212 -7.3302073478699
8.2871532440186 -1.1153656244278 -7.1729855537415
8.6591930389404 0.65598249435425 -6.9815354347229
9.1404933929443 2.4067618846893 -6.8686017990112
9.5710868835449 4.1601667404175 -6.6491503715515
9.9376611709595 5.9336452484131 -6.5372123718262
10.192506790161 7.7286372184753 -6.6307497024536
10.316798210144 9.5307655334473 -6.8462018966675
10.250797271729 11.343969345093 -6.9899978637695
10.157692909241 13.152017593384 -7.1710801124573
10.028462409973 14.954574584961 -7.3833360671997
9.7844648361206 16.755514144897 -7.4824452400208
-5.9368891716003 -21.187841415405 -7.5057067871094
-4.7737107276917 -20.403623580933 -6.4544711112976
-3.6031935214996 -19.655202865601 -5.3704977035522
-2.4961693286896 -18.847461700439 -4.2727575302124
-1.4354054927826 -17.843229293823 -3.2860569953918
-0.65402603149414 -16.525518417358 -2.4076278209686
0.0448905415833 -15.178387641907 -1.5167739391327
0.51513093709946 -13.749671936035 -0.59146457910538
0.89094519615173 -12.294369697571 0.33467426896095
1.2206125259399 -10.834260940552 1.2693070173264
1.4124668836594 -9.3733587265015 2.2427072525024
1.5483711957932 -7.7607831954956 2.9354619979858
1.6715161800385 -6.1264700889587 3.5917558670044
1.7830827236176 -4.5280232429504 4.3340983390808
2.00235414505 -2.9134533405304 5.0133719444275
2.2297315597534 -1.2947105169296 5.6814646720886
2.4360194206238 0.32977476716042 6.3425583839417
2.6541082859039 1.9657607078552 6.9704265594482
2.8033084869385 3.5902788639069 7.6379075050354
2.7233595848083 5.1983618736267 8.3417444229126
2.4187457561493 6.8008480072021 9.016900062561
2.0855910778046 8.4079122543335 9.6667709350586
1.6492458581924 10.017580986023 10.241028785706
1.1336169242859 11.62631893158 10.754528045654
0.58667451143265 13.234215736389 11.237544059753
