63.34627532959 -1.9149124622345 274.97631835938
69.943916320801 -7.6629409790039 274.58349609375
71.372650146484 -4.4859008789062 272.2470703125
71.523895263672 -4.871600151062 277.64498901367
63.395050048828 -2.2473599910736 274.90789794922
63.598796844482 -2.5213506221771 274.87396240234
63.810317993164 -2.789678812027 274.84237670898
64.030334472656 -3.0513913631439 274.8134765625
64.247978210449 -3.3149888515472 274.78378295898
64.487571716309 -3.5595886707306 274.76141357422
64.727195739746 -3.8041574954987 274.73901367188
64.98267364502 -4.0326161384583 274.72250366211
65.229209899902 -4.270435333252 274.70260620117
65.493316650391 -4.4890942573547 274.68942260742
65.753051757812 -4.7128171920776 274.67456054688
66.019104003906 -4.92915391922 274.66220092773
66.294219970703 -5.1340341567993 274.65371704102
66.564628601074 -5.3449959754944 274.64315795898
66.839981079102 -5.5495562553406 274.63479614258
67.09969329834 -5.7733106613159 274.61990356445
67.37321472168 -5.9802703857422 274.61068725586
67.63697052002 -6.199342250824 274.59741210938
67.895240783691 -6.4247164726257 274.58197021484
68.17552947998 -6.6225171089172 274.57571411133
68.458930969238 -6.8159027099609 274.57095336914
68.73779296875 -7.0157198905945 274.56408691406
69.029518127441 -7.196361541748 274.56335449219
69.322441101074 -7.375057220459 274.5632019043
69.625801086426 -7.5353059768677 274.56866455078
63.564056396484 -2.0432224273682 274.7610168457
63.884960174561 -2.1638791561127 274.70361328125
64.179000854492 -2.3319804668427 274.61972045898
64.496353149414 -2.4590320587158 274.56243896484
64.767189025879 -2.6648223400116 274.48406982422
65.069694519043 -2.8242363929749 274.42440795898
65.384834289551 -2.9630718231201 274.36676025391
65.703735351562 -3.090164899826 274.30349731445
66.029342651367 -3.2006030082703 274.24234008789
66.349723815918 -3.311872959137 274.16015625
66.661994934082 -3.4241607189178 274.05291748047
66.977378845215 -3.5203866958618 273.94195556641
67.308296203613 -3.5883877277374 273.853515625
67.63948059082 -3.6495611667633 273.76132202148
67.978073120117 -3.7027363777161 273.70123291016
68.273773193359 -3.8251440525055 273.58410644531
68.550796508789 -3.9760501384735 273.43432617188
68.829559326172 -4.1250138282776 273.28579711914
69.147834777832 -4.2243599891663 273.18444824219
69.458641052246 -4.3235564231873 273.06237792969
69.776817321777 -4.3629584312439 272.93008422852
70.105461120605 -4.3820853233337 272.81466674805
70.433448791504 -4.4160580635071 272.70184326172
70.751808166504 -4.4607796669006 272.56604003906
71.062225341797 -4.473340511322 272.40655517578
63.567462921143 -2.1434757709503 275.13009643555
63.895389556885 -2.2379703521729 275.16586303711
64.20783996582 -2.3868124485016 275.25045776367
64.514282226562 -2.5660498142242 275.2907409668
64.827423095703 -2.735006570816 275.32192993164
65.139205932617 -2.9003632068634 275.36892700195
65.443908691406 -3.0632529258728 275.45941162109
65.759925842285 -3.2135241031647 275.5315246582
66.081825256348 -3.3404109477997 275.61694335938
66.408699035645 -3.4475035667419 275.7135925293
66.737869262695 -3.542275428772 275.81451416016
67.068801879883 -3.6276006698608 275.91870117188
67.397750854492 -3.7151236534119 276.0270690918
67.723114013672 -3.8066122531891 276.14291381836
68.042594909668 -3.9415905475616 276.22625732422
68.361022949219 -4.0769562721252 276.31427001953
68.679061889648 -4.2031288146973 276.41714477539
68.994888305664 -4.3302083015442 276.52542114258
69.308471679688 -4.4582085609436 276.63919067383
69.601631164551 -4.555157661438 276.81094360352
69.882705688477 -4.6337170600891 277.01705932617
70.189559936523 -4.696713924408 277.18673706055
70.509429931641 -4.7549266815186 277.33203125
70.851013183594 -4.8144841194153 277.41821289062
71.189804077148 -4.8572182655334 277.51916503906
