69.082481384277 1.1424559354782 279.03167724609
72.26708984375 -1.6762729883194 282.58038330078
72.66194152832 -4.5641555786133 281.45724487305
75.04940032959 -0.016208639368415 282.85696411133
68.957633972168 1.1299995183945 279.22106933594
68.95036315918 1.053441286087 279.43472290039
69.001586914062 0.95521378517151 279.63317871094
69.047882080078 0.85854911804199 279.83352661133
69.125350952148 0.75280678272247 280.01916503906
69.222663879395 0.64246499538422 280.1923828125
69.328468322754 0.53042012453079 280.359375
69.454406738281 0.41528740525246 280.5094909668
69.587066650391 0.29944077134132 280.65310668945
69.723503112793 0.18327310681343 280.79290771484
69.863288879395 0.0668620839715 280.92913818359
70.013412475586 -0.049931526184082 281.05346679688
70.178977966309 -0.16619797050953 281.15698242188
70.341697692871 -0.28266605734825 281.26473999023
70.50407409668 -0.39917370676994 281.37292480469
70.675186157227 -0.51477521657944 281.46783447266
70.840545654297 -0.631043612957 281.57168579102
71.017227172852 -0.74569851160049 281.65707397461
71.195281982422 -0.86006093025208 281.73992919922
71.355949401855 -0.97665405273438 281.85055541992
71.512939453125 -1.0934082269669 281.96618652344
71.657890319824 -1.2100859880447 282.09664916992
71.798004150391 -1.326526761055 282.23251342773
71.944595336914 -1.4432420730591 282.36111450195
72.110023498535 -1.5595101118088 282.46484375
69.044845581055 0.89311349391937 279.15173339844
69.067893981934 0.72754645347595 279.37619018555
69.213981628418 0.55248230695724 279.54168701172
69.382530212402 0.35334837436676 279.64981079102
69.546226501465 0.16562512516975 279.78125
69.704895019531 -0.058985665440559 279.84613037109
69.870429992676 -0.2828526198864 279.89447021484
70.026695251465 -0.51180982589722 279.94912719727
70.167762756348 -0.74760496616364 280.01519775391
70.307830810547 -0.98514503240585 280.07656860352
70.449745178223 -1.2137291431427 280.16290283203
70.575485229492 -1.4518095254898 280.24871826172
70.695777893066 -1.6936655044556 280.33178710938
70.81713104248 -1.9374359846115 280.40716552734
70.959564208984 -2.1721298694611 280.47412109375
71.116767883301 -2.3989188671112 280.53506469727
71.273506164551 -2.6224267482758 280.60815429688
71.434417724609 -2.841814994812 280.68447875977
71.608512878418 -3.0487468242645 280.76641845703
71.761489868164 -3.2666265964508 280.86117553711
71.894134521484 -3.4924540519714 280.9670715332
72.070449829102 -3.6895661354065 281.0666809082
72.246162414551 -3.8881719112396 281.16436767578
72.405960083008 -4.1022877693176 281.25643920898
72.541458129883 -4.3297991752625 281.35513305664
69.244804382324 1.1890127658844 279.2497253418
69.302879333496 1.0839134454727 279.50207519531
69.488357543945 1.0046495199203 279.69842529297
69.71745300293 0.93528670072556 279.84817504883
69.95369720459 0.86926430463791 279.98782348633
70.192352294922 0.82730585336685 280.13272094727
70.437629699707 0.79812693595886 280.26953125
70.684211730957 0.77199798822403 280.40451049805
70.922821044922 0.73133563995361 280.54992675781
71.16194152832 0.69199597835541 280.69479370117
71.406829833984 0.667615711689 280.83325195312
71.651504516602 0.63847583532333 280.97116088867
71.894508361816 0.60044652223587 281.1096496582
72.14559173584 0.58735072612762 281.23822021484
72.395210266113 0.57324236631393 281.3694152832
72.638397216797 0.55368602275848 281.51150512695
72.878860473633 0.51013642549515 281.65298461914
73.119926452637 0.46421414613724 281.7926940918
73.364234924316 0.41623812913895 281.92590332031
73.608329772949 0.3697569668293 282.06005859375
73.852012634277 0.3256556391716 282.19573974609
74.096733093262 0.27677556872368 282.32788085938
74.34058380127 0.22139409184456 282.45904541016
74.580146789551 0.14924934506416 282.58996582031
74.816833496094 0.070759959518909 282.72247314453
