67.529022216797 0.63691055774689 281.44705200195
71.321792602539 -2.0140886306763 281.54336547852
77.163047790527 0.031843468546867 276.40780639648
77.294692993164 -1.0646092891693 287.57653808594
67.509864807129 0.44833701848984 281.44909667969
67.560928344727 0.26531159877777 281.45227050781
67.644485473633 0.094516925513744 281.45584106445
67.740478515625 -0.069585807621479 281.45947265625
67.85245513916 -0.22326162457466 281.46331787109
67.973358154297 -0.37002274394035 281.46716308594
68.101821899414 -0.51020914316177 281.47106933594
68.237030029297 -0.64391350746155 281.47500610352
68.378433227539 -0.771051466465 281.47894287109
68.521446228027 -0.89636093378067 281.48287963867
68.672592163086 -1.0117280483246 281.48684692383
68.83039855957 -1.1178314685822 281.49078369141
68.987770080566 -1.2243795394897 281.49475097656
69.161506652832 -1.3016630411148 281.49859619141
69.339447021484 -1.3687083721161 281.50238037109
69.513824462891 -1.4445594549179 281.50622558594
69.689682006836 -1.5169085264206 281.51010131836
69.864540100098 -1.5916360616684 281.51391601562
70.043151855469 -1.6569097042084 281.51763916016
70.22346496582 -1.7172877788544 281.52145385742
70.40364074707 -1.7780997753143 281.52520751953
70.585052490234 -1.8351258039474 281.52893066406
70.768424987793 -1.8855040073395 281.53259277344
70.955368041992 -1.9203078746796 281.5361328125
71.133743286133 -1.9862166643143 281.53991699219
67.832214355469 0.52748119831085 281.16256713867
68.141136169434 0.24900703132153 281.03912353516
68.489486694336 0.015490332618356 280.93029785156
68.874320983887 -0.12769056856632 280.79049682617
69.265129089355 -0.21419009566307 280.62261962891
69.654914855957 -0.28931984305382 280.44705200195
70.041641235352 -0.35066747665405 280.26028442383
70.400955200195 -0.3946136534214 280.02087402344
70.757377624512 -0.403774112463 279.7734375
71.1015625 -0.38769441843033 279.50952148438
71.429161071777 -0.38735717535019 279.22482299805
71.763343811035 -0.41179168224335 278.94924926758
72.118629455566 -0.37831825017929 278.70227050781
72.492370605469 -0.3639227449894 278.48211669922
72.847305297852 -0.36750701069832 278.23236083984
73.215797424316 -0.34500762820244 278.00408935547
73.58650970459 -0.33318656682968 277.77871704102
73.972114562988 -0.28394675254822 277.5856628418
74.360298156738 -0.26405173540115 277.39245605469
74.75333404541 -0.25134989619255 277.2087097168
75.153907775879 -0.23169779777527 277.04266357422
75.554481506348 -0.21199525892735 276.87664794922
75.943702697754 -0.13916428387165 276.69885253906
76.326652526855 -0.088262058794498 276.5009765625
76.736213684082 -0.035034518688917 276.36752319336
67.756202697754 0.39315494894981 281.75473022461
68.085372924805 0.10079848021269 281.87829589844
68.479751586914 -0.084634944796562 282.02362060547
68.889381408691 -0.23250272870064 282.16943359375
69.291191101074 -0.35037022829056 282.35861206055
69.686698913574 -0.44729247689247 282.57135009766
70.082237243652 -0.50642746686935 282.79760742188
70.469291687012 -0.53951156139374 283.04302978516
70.837860107422 -0.56503480672836 283.31625366211
71.188346862793 -0.59698837995529 283.61184692383
71.537086486816 -0.62000387907028 283.91033935547
71.886383056641 -0.64868396520615 284.20755004883
72.221817016602 -0.69614636898041 284.51800537109
72.575584411621 -0.71553415060043 284.81072998047
72.939956665039 -0.71889591217041 285.09072875977
73.30899810791 -0.75102138519287 285.36279296875
73.686889648438 -0.785216152668 285.62188720703
74.092025756836 -0.80438703298569 285.83792114258
74.482711791992 -0.85229289531708 286.07522583008
74.881004333496 -0.89969897270203 286.29959106445
75.272094726562 -0.97205376625061 286.52984619141
75.648780822754 -1.0765812397003 286.77124023438
76.052368164062 -1.103731751442 286.98941040039
76.469619750977 -1.1250468492508 287.1809387207
76.892700195312 -1.1186558008194 287.36038208008
