67.176979064941 3.6895854473114 272.49487304688
86.408447265625 -4.8088455200195 274.20291137695
88.139694213867 -1.6780259609222 271.00061035156
87.741249084473 -1.2913987636566 277.38272094727
67.685180664062 3.0447545051575 272.55673217773
68.238830566406 2.4386019706726 272.62026977539
68.839225769043 1.879044175148 272.6852722168
69.522834777832 1.4249237775803 272.75204467773
70.222663879395 0.99628090858459 272.81890869141
70.940650939941 0.59878599643707 272.88589477539
71.669128417969 0.22085365653038 272.95281982422
72.411766052246 -0.12846755981445 273.01959228516
73.159645080566 -0.46642544865608 273.08636474609
73.91357421875 -0.7906705737114 273.15295410156
74.680122375488 -1.0839476585388 273.21920776367
75.454414367676 -1.3561903238297 273.28518676758
76.229202270508 -1.6270117759705 273.35113525391
77.006210327148 -1.8914347887039 273.41705322266
77.787399291992 -2.1432690620422 273.48272705078
78.575325012207 -2.3733196258545 273.54797363281
79.367477416992 -2.5884008407593 273.61297607422
80.147560119629 -2.843653678894 273.6787109375
80.927146911621 -3.1003887653351 273.74447631836
81.700836181641 -3.3743255138397 273.81048583984
82.471328735352 -3.6571099758148 273.87661743164
83.249031066895 -3.9194941520691 273.94244384766
84.035400390625 -4.1547403335571 274.00784301758
84.817543029785 -4.40363073349 274.07345581055
85.61254119873 -4.6079740524292 274.13821411133
67.886833190918 3.6081786155701 272.05993652344
68.553108215332 3.1100149154663 271.90161132812
69.30867767334 2.7372035980225 271.8210144043
70.116310119629 2.4799075126648 271.79696655273
70.919387817383 2.2083885669708 271.78317260742
71.730613708496 1.9622535705566 271.80261230469
72.535163879395 1.6945625543594 271.81350708008
73.33512878418 1.4132841825485 271.81985473633
74.134963989258 1.1320562362671 271.83499145508
74.942977905273 0.87619340419769 271.85855102539
75.763481140137 0.6646763086319 271.89208984375
76.587821960449 0.46761354804039 271.91885375977
77.416084289551 0.28725510835648 271.93856811523
78.253227233887 0.15224923193455 271.94729614258
79.088188171387 0.0048666703514755 271.94970703125
79.91136932373 -0.19819654524326 271.93817138672
80.744354248047 -0.35693266987801 271.93588256836
81.582061767578 -0.48761206865311 271.93600463867
82.418464660645 -0.60009127855301 271.85308837891
83.254188537598 -0.71069037914276 271.76123046875
84.089790344238 -0.82963687181473 271.67922973633
84.924835205078 -0.96117460727692 271.61212158203
85.759887695312 -1.0872067213058 271.53564453125
86.591445922852 -1.1749751567841 271.39450073242
87.413467407227 -1.3092793226242 271.23669433594
67.809120178223 3.58504986763 273.01519775391
68.507629394531 3.1801433563232 273.26428222656
69.274673461914 2.8493311405182 273.39807128906
70.075164794922 2.5816900730133 273.46978759766
70.874816894531 2.3207859992981 273.56964111328
71.665771484375 2.0435576438904 273.69250488281
72.462905883789 1.7738643884659 273.79016113281
73.263473510742 1.5118142366409 273.87869262695
74.075904846191 1.2779749631882 273.93170166016
74.891967773438 1.0611658096313 273.97802734375
75.684677124023 0.82206463813782 274.15725708008
76.47819519043 0.58906334638596 274.33944702148
77.29182434082 0.39315423369408 274.47109985352
78.105560302734 0.20205500721931 274.6086730957
78.919403076172 0.028565015643835 274.76760864258
79.731513977051 -0.14582824707031 274.93270874023
80.522918701172 -0.33103477954865 275.1716003418
81.315498352051 -0.51214891672134 275.40905761719
82.127891540527 -0.62872451543808 275.61904907227
82.943420410156 -0.7326854467392 275.8235168457
83.758575439453 -0.83672142028809 276.02932739258
84.564178466797 -0.94276559352875 276.26898193359
85.362693786621 -1.0505150556564 276.53057861328
86.154167175293 -1.1801488399506 276.80340576172
86.947479248047 -1.2666215896606 277.08773803711
