-40.867412567139 -38.782150268555 370.26086425781
-19.999523162842 -21.334398269653 352.85241699219
-30.984041213989 -20.631008148193 337.78955078125
-31.721708297729 -7.2752294540405 349.82385253906
-39.559413909912 -38.661197662354 370.2502746582
-38.309127807617 -38.336532592773 370.00796508789
-37.108642578125 -37.92573928833 369.66522216797
-35.969867706299 -37.435623168945 369.22854614258
-34.868885040283 -36.905742645264 368.74407958984
-33.819171905518 -36.328945159912 368.20260620117
-32.80375289917 -35.724407196045 367.62713623047
-31.840129852295 -35.082324981689 367.00506591797
-30.906444549561 -34.420677185059 366.35833740234
-30.014715194702 -33.733711242676 365.67959594727
-29.158681869507 -33.027069091797 364.97555541992
-28.344387054443 -32.299255371094 364.24407958984
-27.56517791748 -31.555131912231 363.49111938477
-26.821146011353 -30.795825958252 362.71801757812
-26.120147705078 -30.019548416138 361.92193603516
-25.501098632812 -29.215074539185 361.08682250977
-24.8431224823 -28.423761367798 360.26992797852
-23.630865097046 -28.030603408813 359.94790649414
-23.031089782715 -27.237693786621 359.12377929688
-22.460803985596 -26.418888092041 358.26812744141
-21.815589904785 -25.622846603394 357.44482421875
-21.232421875 -24.807865142822 356.59460449219
-21.013061523438 -23.930517196655 355.64068603516
-20.69607925415 -23.062257766724 354.70608520508
-20.315284729004 -22.202800750732 353.78729248047
-40.414562225342 -38.992263793945 368.8271484375
-39.345588684082 -38.422397613525 367.86166381836
-38.346519470215 -37.796466827393 366.85684204102
-37.410717010498 -37.093456268311 365.8424987793
-36.596260070801 -36.334701538086 364.7653503418
-35.876541137695 -35.489334106445 363.68493652344
-35.227519989014 -34.636528015137 362.56619262695
-34.620216369629 -33.797523498535 361.41522216797
-34.241386413574 -32.994369506836 360.14584350586
-33.952236175537 -32.184909820557 358.85699462891
-33.739059448242 -31.417547225952 357.52828979492
-33.375087738037 -30.652439117432 356.23126220703
-32.972599029541 -29.845678329468 354.97137451172
-32.483772277832 -29.07230758667 353.72113037109
-32.126003265381 -28.300729751587 352.43041992188
-32.420196533203 -27.467937469482 351.15783691406
-32.625518798828 -26.767143249512 349.79379272461
-32.923595428467 -26.484292984009 348.30126953125
-33.137367248535 -25.827030181885 346.91632080078
-33.015037536621 -24.904537200928 345.67828369141
-32.692916870117 -23.934373855591 344.51425170898
-32.307270050049 -23.033020019531 343.31503295898
-31.89866065979 -22.326599121094 341.99853515625
-31.425436019897 -21.836738586426 340.60723876953
-31.148971557617 -21.23330116272 339.20739746094
-40.613174438477 -37.266918182373 370.2509765625
-39.671253204346 -36.14875793457 369.70263671875
-38.779407501221 -35.056179046631 369.03140258789
-37.896957397461 -33.965961456299 368.34466552734
-37.086589813232 -32.872802734375 367.57827758789
-36.315864562988 -31.815385818481 366.72537231445
-35.581954956055 -30.755039215088 365.8459777832
-35.087036132812 -29.656637191772 364.85522460938
-34.93726348877 -28.439533233643 363.88815307617
-34.865032196045 -27.178831100464 362.9719543457
-34.43713760376 -25.940145492554 362.12258911133
-34.00297164917 -24.630140304565 361.39157104492
-33.545986175537 -23.39917755127 360.54623413086
-33.038131713867 -22.28833770752 359.57330322266
-32.727619171143 -21.220283508301 358.48550415039
-33.233577728271 -20.095920562744 357.52722167969
-33.75855255127 -18.859191894531 356.73114013672
-34.248954772949 -17.534652709961 356.06939697266
-34.283046722412 -16.244131088257 355.19216918945
-34.078742980957 -15.124133110046 354.12344360352
-33.657489776611 -13.991250038147 353.13418579102
-33.163993835449 -12.873708724976 352.16226196289
-32.803100585938 -11.53786277771 351.43832397461
-32.420757293701 -10.11434841156 350.92153930664
-32.045761108398 -8.7077140808105 350.35549926758
