93.645301818848 17.932106018066 407.49813842773
103.44673919678 27.573211669922 414.76449584961
108.723777771 31.83927154541 409.22402954102
99.656707763672 33.056324005127 414.81286621094
93.951644897461 17.730735778809 408.01486206055
94.281776428223 17.606828689575 408.51806640625
94.695899963379 17.75640296936 408.97360229492
95.111656188965 17.944227218628 409.40924072266
95.530448913574 18.203788757324 409.80749511719
95.943450927734 18.513248443604 410.16943359375
96.350326538086 18.875341415405 410.49307250977
96.750106811523 19.264339447021 410.79187011719
97.145011901855 19.671785354614 411.07369995117
97.531410217285 20.102275848389 411.33111572266
97.914245605469 20.542432785034 411.57827758789
98.292495727539 20.992893218994 411.81350708008
98.669700622559 21.445711135864 412.04602050781
99.043418884277 21.905712127686 412.26986694336
99.416748046875 22.366514205933 412.49276733398
99.787208557129 22.832935333252 412.70861816406
100.1555480957 23.303014755249 412.91958618164
100.51216888428 23.793254852295 413.10363769531
100.87084197998 24.280132293701 413.29229736328
101.23505401611 24.757919311523 413.4934387207
101.60054779053 25.233436584473 413.69757080078
101.96794128418 25.705564498901 413.90615844727
102.33763122559 26.173374176025 414.12020874023
102.70960235596 26.636878967285 414.33972167969
103.07680511475 27.106441497803 414.54949951172
94.150413513184 17.76452255249 408.12213134766
94.751220703125 18.07822227478 408.57464599609
95.343757629395 18.635438919067 408.6867980957
95.923774719238 19.197965621948 408.83108520508
96.451957702637 19.821838378906 408.90872192383
96.996444702148 20.430170059204 408.99618530273
97.561897277832 21.016426086426 409.09994506836
98.112335205078 21.620225906372 409.18161010742
98.648078918457 22.238750457764 409.24978637695
99.187110900879 22.855113983154 409.30993652344
99.771644592285 23.430994033813 409.33984375
100.34290313721 24.020736694336 409.35018920898
100.91567230225 24.609079360962 409.34478759766
101.49723052979 25.188655853271 409.33374023438
102.07793426514 25.768489837646 409.30508422852
102.66341400146 26.343797683716 409.28323364258
103.25569152832 26.912437438965 409.27383422852
103.86375427246 27.464239120483 409.27734375
104.48152160645 28.0048828125 409.29476928711
105.10453796387 28.537591934204 409.34280395508
105.73677825928 29.060659408569 409.37307739258
106.36972808838 29.582738876343 409.40548706055
106.99477386475 30.110622406006 409.47552490234
107.59732818604 30.668222427368 409.46221923828
108.16056060791 31.253746032715 409.34313964844
93.914756774902 17.987752914429 408.15567016602
94.274513244629 18.139503479004 408.74938964844
94.604774475098 18.593559265137 409.1862487793
94.883308410645 19.172115325928 409.49569702148
95.163185119629 19.771110534668 409.76208496094
95.441917419434 20.386409759521 409.98986816406
95.720397949219 21.006231307983 410.2053527832
96.005310058594 21.617877960205 410.43533325195
96.288833618164 22.229019165039 410.66833496094
96.554679870605 22.842515945435 410.91543579102
96.798484802246 23.475442886353 411.13482666016
97.029914855957 24.117921829224 411.33929443359
97.238082885742 24.773284912109 411.52728271484
97.434349060059 25.43416595459 411.70858764648
97.618690490723 26.091117858887 411.91494750977
97.796600341797 26.739135742188 412.15270996094
97.980209350586 27.401573181152 412.3415222168
98.160682678223 28.061937332153 412.54019165039
98.326950073242 28.710409164429 412.78518676758
98.497833251953 29.355772018433 413.03518676758
98.671020507812 29.998891830444 413.28897094727
98.840126037598 30.590465545654 413.64898681641
99.027046203613 31.189613342285 413.9870300293
99.225143432617 31.795555114746 414.30599975586
99.440200805664 32.42501449585 414.56234741211
