62.044361114502 -5.4103484153748 270.2077331543
69.363105773926 1.5417047739029 274.63522338867
73.155197143555 -1.104080080986 277.23391723633
73.311470031738 2.0023109912872 271.4733581543
62.036506652832 -5.0292615890503 270.41885375977
62.110977172852 -4.6565656661987 270.63174438477
62.268196105957 -4.3065428733826 270.83834838867
62.47114944458 -3.9762237071991 271.03753662109
62.696922302246 -3.6580009460449 271.23178100586
62.944938659668 -3.353155374527 271.42028808594
63.205444335938 -3.0566146373749 271.60516357422
63.484504699707 -2.7735478878021 271.78396606445
63.782173156738 -2.5055267810822 271.95587158203
64.078491210938 -2.2363698482513 272.12829589844
64.39436340332 -1.9848299026489 272.29244995117
64.70858001709 -1.7317028045654 272.4573059082
65.018653869629 -1.4747083187103 272.62405395508
65.332138061523 -1.2208834886551 272.78924560547
65.657913208008 -0.97913718223572 272.94869995117
65.984680175781 -0.73843854665756 273.10766601562
66.315780639648 -0.5022377371788 273.26443481445
66.644538879395 -0.26359137892723 273.42242431641
66.978248596191 -0.030206434428692 273.5778503418
67.29564666748 0.2198793888092 273.74127197266
67.624610900879 0.45831874012947 273.8991394043
67.963874816895 0.6856005191803 274.05157470703
68.295234680176 0.9214928150177 274.20822143555
68.640197753906 1.1421947479248 274.35748291016
68.994689941406 1.351303935051 274.50100708008
62.280967712402 -5.1522798538208 270.61688232422
62.620124816895 -4.895902633667 270.94781494141
63.007846832275 -4.6990265846252 271.2663269043
63.398048400879 -4.5034995079041 271.58261108398
63.797012329102 -4.3041796684265 271.88528442383
64.199485778809 -4.0880856513977 272.1711730957
64.592231750488 -3.9155809879303 272.49752807617
64.98755645752 -3.7570064067841 272.8278503418
65.389709472656 -3.5982747077942 273.14971923828
65.801948547363 -3.4219472408295 273.44885253906
66.198295593262 -3.2425811290741 273.76696777344
66.629150390625 -3.0772979259491 274.04544067383
67.077911376953 -2.9076962471008 274.29116821289
67.513687133789 -2.7308831214905 274.55453491211
67.943840026855 -2.558180809021 274.82958984375
68.39559173584 -2.3863687515259 275.06817626953
68.856376647949 -2.2233848571777 275.29541015625
69.323844909668 -2.0870509147644 275.52655029297
69.803352355957 -1.961213350296 275.73812866211
70.291557312012 -1.8463886976242 275.935546875
70.753456115723 -1.6992745399475 276.17123413086
71.217903137207 -1.5522186756134 276.40182495117
71.708709716797 -1.4418731927872 276.59539794922
72.191741943359 -1.3226346969604 276.80276489258
72.671424865723 -1.2060188055038 277.01919555664
62.269737243652 -4.933623790741 270.21447753906
62.613529205322 -4.5363941192627 270.2580871582
63.018871307373 -4.1995401382446 270.29446411133
63.420726776123 -3.8591115474701 270.33605957031
63.822582244873 -3.518682718277 270.37762451172
64.225448608398 -3.1794373989105 270.41879272461
64.636543273926 -2.8497767448425 270.45663452148
65.047637939453 -2.5201168060303 270.49447631836
65.459449768066 -2.1913986206055 270.53247070312
65.87914276123 -1.8729486465454 270.57186889648
66.304496765137 -1.5624874830246 270.61318969727
66.746154785156 -1.278036236763 270.66891479492
67.196510314941 -1.0093871355057 270.73303222656
67.649795532227 -0.74662733078003 270.80065917969
68.110511779785 -0.49982252717018 270.87768554688
68.571304321289 -0.25312316417694 270.95458984375
69.034271240234 -0.0095437960699201 271.02822875977
69.506538391113 0.21985402703285 271.08685302734
69.985778808594 0.43772065639496 271.13122558594
70.464508056641 0.6566333770752 271.17596435547
70.939987182617 0.88201117515564 271.22320556641
71.418724060059 1.0987793207169 271.27731323242
71.898635864258 1.3123261928558 271.33377075195
72.383445739746 1.5101633071899 271.40396118164
72.867416381836 1.721196770668 271.42077636719
