62.452018737793 -8.6464014053345 274.1513671875
70.311111450195 3.7825388908386 275.53143310547
74.571647644043 2.2058584690094 279.27890014648
74.775810241699 2.6422805786133 272.10757446289
62.27730178833 -8.0843000411987 274.2014465332
62.251132965088 -7.4964842796326 274.25756835938
62.329765319824 -6.913191318512 274.31555175781
62.462482452393 -6.3397717475891 274.37387084961
62.641265869141 -5.7789206504822 274.43209838867
62.848678588867 -5.2280144691467 274.48999023438
63.0920753479 -4.691957950592 274.54727172852
63.36642074585 -4.1709666252136 274.60385131836
63.663791656494 -3.6626670360565 274.65972900391
63.977478027344 -3.1642084121704 274.71508789062
64.308868408203 -2.6772773265839 274.76965332031
64.662498474121 -2.2061049938202 274.82327270508
65.017799377441 -1.7361861467361 274.87683105469
65.379302978516 -1.2709845304489 274.93002319336
65.75399017334 -0.81626909971237 274.98251342773
66.150657653809 -0.38042190670967 275.03372192383
66.549346923828 0.053600009530783 275.08480834961
66.953186035156 0.48286125063896 275.13555908203
67.369163513184 0.90048164129257 275.18545532227
67.773818969727 1.3289943933487 275.23611450195
68.179168701172 1.7568546533585 275.28677368164
68.581977844238 2.1870810985565 275.33758544922
68.989059448242 2.6133086681366 275.38809204102
69.403877258301 3.0320675373077 275.43804931641
69.835479736328 3.4336655139923 275.48678588867
62.77046585083 -8.1782989501953 274.509765625
62.990299224854 -7.5502738952637 274.6360168457
63.265937805176 -6.9542355537415 274.79998779297
63.625514984131 -6.3907022476196 274.91101074219
63.998462677002 -5.8343820571899 275.01406860352
64.382247924805 -5.2869348526001 275.12451171875
64.780471801758 -4.7518248558044 275.2434387207
65.212524414062 -4.2447500228882 275.36755371094
65.656295776367 -3.7490072250366 275.49572753906
66.107360839844 -3.2695953845978 275.65667724609
66.560691833496 -2.7962200641632 275.8288269043
67.015998840332 -2.3260066509247 276.00436401367
67.473770141602 -1.8589768409729 276.18157958984
67.964538574219 -1.430414557457 276.36782836914
68.462989807129 -1.0119540691376 276.55642700195
68.983840942383 -0.62840980291367 276.75842285156
69.516891479492 -0.26634648442268 276.96813964844
70.05248260498 0.086573280394077 277.18667602539
70.595199584961 0.4091018140316 277.43295288086
71.140625 0.72428995370865 277.68252563477
71.703720092773 0.98457968235016 277.95526123047
72.268394470215 1.2334189414978 278.2353515625
72.837684631348 1.4900517463684 278.49853515625
73.404693603516 1.7466975450516 278.76657104492
73.977493286133 1.9867560863495 279.03765869141
62.600952148438 -8.0471830368042 273.90005493164
62.869804382324 -7.4342155456543 273.8874206543
63.19474029541 -6.8488941192627 273.8876953125
63.568862915039 -6.2936553955078 273.89706420898
63.958763122559 -5.7496275901794 273.91595458984
64.364349365234 -5.2175731658936 273.94351196289
64.786804199219 -4.6983418464661 273.96011352539
65.225364685059 -4.192394733429 273.96566772461
65.676780700684 -3.6979305744171 273.95718383789
66.142738342285 -3.2176969051361 273.93218994141
66.610511779785 -2.7393100261688 273.90576171875
67.085731506348 -2.2687151432037 273.87344360352
67.581245422363 -1.8202825784683 273.83172607422
68.081657409668 -1.3776352405548 273.78704833984
68.586799621582 -0.94397693872452 273.71539306641
69.095153808594 -0.51715743541718 273.62771606445
69.624687194824 -0.12876279652119 273.49691772461
70.160629272461 0.24685786664486 273.35540771484
70.712768554688 0.59641891717911 273.20944213867
71.278289794922 0.92253822088242 273.06045532227
71.851570129395 1.2288346290588 272.89953613281
72.435180664062 1.511229634285 272.73220825195
73.005264282227 1.8364021778107 272.59942626953
73.581970214844 2.1360971927643 272.43832397461
74.170639038086 2.3931524753571 272.24923706055
