61.537052154541 -20.061214447021 338.34063720703
45.495651245117 18.395896911621 336.95370483398
32.291778564453 4.9016156196594 322.94723510742
32.5373878479 5.2010321617126 343.36312866211
62.902122497559 -18.680530548096 338.67654418945
64.033836364746 -17.095600128174 338.97552490234
64.863418579102 -15.325252532959 339.22320556641
65.578338623047 -13.502956390381 339.45059204102
66.143280029297 -11.625600814819 339.65069580078
66.562507629395 -9.70778465271 339.82376098633
66.848991394043 -7.7636408805847 339.9716796875
66.957489013672 -5.7992219924927 340.08520507812
66.827308654785 -3.8338856697083 340.1513671875
66.621643066406 -1.874579668045 340.20223999023
66.235656738281 0.057957630604506 340.21600341797
65.631553649902 1.9335675239563 340.18377685547
64.923568725586 3.7719531059265 340.12915039062
64.077682495117 5.5499062538147 340.04440307617
63.08126449585 7.2460308074951 339.92578125
61.96097946167 8.8607006072998 339.77880859375
60.686134338379 10.352255821228 339.59533691406
59.3369140625 11.774516105652 339.39385986328
57.816848754883 13.00452041626 339.1494140625
56.287185668945 14.222329139709 338.90249633789
54.642768859863 15.272132873535 338.62487792969
52.915916442871 16.17258644104 338.3239440918
51.118770599365 16.914039611816 338.00158691406
49.263446807861 17.483329772949 337.65957641602
47.370357513428 17.898616790771 337.30291748047
62.017269134521 -18.435173034668 337.4690246582
62.764007568359 -16.62982749939 337.20867919922
63.0475730896 -14.710921287537 336.97821044922
63.140968322754 -12.7462682724 336.79864501953
63.249332427979 -10.797387123108 336.50082397461
62.990203857422 -8.8701286315918 336.33285522461
62.556182861328 -6.9626297950745 336.083984375
61.810150146484 -5.1698250770569 335.79885864258
60.740863800049 -3.5431797504425 335.56936645508
59.43367767334 -2.1797795295715 335.06561279297
57.700977325439 -1.5065783262253 334.55587768555
55.980396270752 -0.74657648801804 333.95120239258
54.241653442383 0.019062014296651 333.41061401367
52.513763427734 0.84057646989822 332.91976928711
50.708408355713 1.5503480434418 332.62756347656
48.955181121826 2.3095302581787 332.18133544922
47.469367980957 3.1024961471558 331.18096923828
45.785465240479 3.5524826049805 330.28930664062
43.981346130371 3.7698504924774 329.54010009766
42.116832733154 3.7835772037506 328.8916015625
40.341773986816 3.9522423744202 328.04852294922
38.739231109619 4.475133895874 327.02801513672
36.978397369385 4.8389844894409 326.23641967773
35.167026519775 4.7749032974243 325.63778686523
33.706298828125 4.8199100494385 324.31219482422
61.826747894287 -18.636804580688 339.38433837891
62.182495117188 -16.941984176636 339.88513183594
62.361209869385 -15.17919254303 340.21871948242
62.493270874023 -13.411984443665 340.5485534668
62.555770874023 -11.636636734009 340.84832763672
62.427448272705 -9.8614206314087 341.08306884766
62.042945861816 -8.1136541366577 341.3024597168
61.522972106934 -6.4206800460815 341.47186279297
60.517795562744 -4.9239544868469 341.46224975586
59.383182525635 -3.5548295974731 341.45965576172
57.901149749756 -2.5281932353973 341.4758605957
56.391345977783 -1.5508849620819 341.54779052734
54.833805084229 -0.65837621688843 341.71557617188
53.24584197998 0.18157050013542 341.84118652344
51.6100730896 0.93675094842911 341.89645385742
49.945224761963 1.6284494400024 341.88107299805
48.301959991455 2.3696916103363 341.85107421875
46.612182617188 2.9970810413361 341.83135986328
44.838199615479 3.2872846126556 341.798828125
43.057243347168 3.4985270500183 341.89953613281
41.283378601074 3.6757113933563 342.16680908203
39.484455108643 3.7952899932861 342.18197631836
37.786640167236 4.3194117546082 342.46282958984
36.040302276611 4.6662187576294 342.70626831055
34.28296661377 4.9296131134033 343.0026550293
