51.864757537842 -23.106670379639 336.02877807617
62.873729705811 -3.9300005435944 335.32049560547
52.44709777832 -2.1903822422028 331.05541992188
54.145523071289 -1.6145150661469 344.4733581543
52.761371612549 -23.189208984375 335.86929321289
53.60424041748 -22.848659515381 335.74523925781
54.411087036133 -22.426601409912 335.63244628906
55.180934906006 -21.938014984131 335.53015136719
55.90592956543 -21.383037567139 335.43969726562
56.575660705566 -20.760526657104 335.36291503906
57.20841217041 -20.099445343018 335.29483032227
57.82829284668 -19.426204681396 335.22982788086
58.366180419922 -18.684240341187 335.18313598633
58.877799987793 -17.923597335815 335.14215087891
59.360542297363 -17.144008636475 335.10729980469
59.812412261963 -16.345975875854 335.07885742188
60.184070587158 -15.507069587708 335.06683349609
60.554218292236 -14.667603492737 335.05511474609
60.832382202148 -13.793177604675 335.06134033203
61.092060089111 -12.913136482239 335.07107543945
61.30154800415 -12.020022392273 335.09033203125
61.414901733398 -11.110173225403 335.12716674805
61.551315307617 -10.20342540741 335.15979003906
61.787780761719 -9.3169031143188 335.17395019531
62.010246276855 -8.4268198013306 335.19076538086
62.268928527832 -7.5464658737183 335.20071411133
62.450942993164 -6.6474080085754 335.22509765625
62.612846374512 -5.7446088790894 335.25302124023
62.768623352051 -4.8407726287842 335.2822265625
51.70923614502 -22.63960647583 335.27841186523
51.880931854248 -22.011848449707 334.66067504883
52.228778839111 -21.333145141602 334.18786621094
52.655479431152 -20.653495788574 333.78634643555
53.193954467773 -20.007179260254 333.47430419922
53.570625305176 -19.217126846313 333.27600097656
53.958423614502 -18.433120727539 333.07513427734
54.370113372803 -17.665987014771 332.85763549805
54.659336090088 -16.838209152222 332.66683959961
54.828929901123 -15.9669713974 332.53439331055
54.969158172607 -15.082463264465 332.47625732422
55.105751037598 -14.196843147278 332.42712402344
55.241840362549 -13.311220169067 332.37673950195
55.28511428833 -12.41881942749 332.29251098633
55.234748840332 -11.530368804932 332.17645263672
55.070014953613 -10.656401634216 332.05697631836
54.66157913208 -9.8574438095093 332.04159545898
54.269737243652 -9.0509796142578 332.00369262695
53.933345794678 -8.2204132080078 331.95532226562
53.665050506592 -7.3657255172729 331.90231323242
53.473400115967 -6.4991827011108 331.76901245117
53.274211883545 -5.6353507041931 331.62933349609
53.050231933594 -4.7788972854614 331.48196411133
52.834228515625 -3.9187743663788 331.34439086914
52.626754760742 -3.0569808483124 331.20416259766
51.920043945312 -22.856822967529 336.96139526367
52.525562286377 -22.355241775513 337.54025268555
53.27685546875 -21.845739364624 337.90081787109
54.01651763916 -21.239984512329 338.09790039062
54.593097686768 -20.469858169556 338.27136230469
55.166900634766 -19.687734603882 338.38265991211
55.562240600586 -18.828414916992 338.62689208984
55.780910491943 -17.913171768188 338.89151000977
55.914035797119 -16.97296333313 339.12393188477
56.005844116211 -16.018463134766 339.31463623047
56.101554870605 -15.064708709717 339.50717163086
56.198612213135 -14.109734535217 339.69271850586
56.262962341309 -13.147333145142 339.85174560547
56.280548095703 -12.198970794678 340.08862304688
56.314281463623 -11.264485359192 340.3717956543
56.141269683838 -10.360223770142 340.70025634766
55.858345031738 -9.4910774230957 341.04724121094
55.574741363525 -8.6296062469482 341.41232299805
55.323554992676 -7.7583956718445 341.77734375
55.212108612061 -6.8368763923645 342.08435058594
55.117111206055 -5.9169716835022 342.40145874023
54.960597991943 -5.0123534202576 342.73767089844
54.801368713379 -4.1154804229736 343.09268188477
54.630805969238 -3.2671115398407 343.54766845703
54.389904022217 -2.4402117729187 344.01034545898
