72.243438720703 -0.50085610151291 267.55102539062
81.580490112305 3.1505241394043 272.89544677734
83.311538696289 -2.1508452892303 273.01226806641
83.892288208008 2.1171114444733 268.40176391602
72.334197998047 -0.16291174292564 267.85125732422
72.511360168457 0.14322359859943 268.14709472656
72.738739013672 0.42338517308235 268.43423461914
72.977500915527 0.69674533605576 268.71859741211
73.259857177734 0.94048273563385 268.98971557617
73.548614501953 1.179367184639 269.25839233398
73.859565734863 1.4000483751297 269.51770019531
74.184791564941 1.6078358888626 269.77005004883
74.52294921875 1.8031115531921 270.01528930664
74.880699157715 1.9773454666138 270.24829101562
75.247619628906 2.1408400535583 270.47473144531
75.624168395996 2.2922601699829 270.6936340332
76.011329650879 2.4291894435883 270.90338134766
76.409271240234 2.5499410629272 271.10260009766
76.817222595215 2.6540832519531 271.29064941406
77.226692199707 2.7555818557739 271.4768371582
77.644577026367 2.8410849571228 271.65203857422
78.068786621094 2.9131245613098 271.81784057617
78.496772766113 2.9764249324799 271.97738647461
78.927337646484 3.03333735466 272.13232421875
79.362243652344 3.0785610675812 272.27877807617
79.802024841309 3.1087527275085 272.41409301758
80.242919921875 3.1351089477539 272.54656982422
80.686813354492 3.150209903717 272.67053222656
81.130920410156 3.1643922328949 272.79382324219
72.428100585938 -0.56640338897705 268.00839233398
72.72575378418 -0.4405269920826 268.38977050781
73.089172363281 -0.36024215817451 268.72393798828
73.487571716309 -0.28310340642929 269.01647949219
73.871688842773 -0.17825347185135 269.31823730469
74.315055847168 -0.13201102614403 269.54534912109
74.770538330078 -0.097056746482849 269.74938964844
75.235061645508 -0.068926848471165 269.93304443359
75.690277099609 -0.027586271986365 270.13635253906
76.158142089844 -0.015931203961372 270.31298828125
76.630126953125 -0.050808370113373 270.47528076172
77.10075378418 -0.11010046303272 270.63436889648
77.570648193359 -0.19704392552376 270.78259277344
78.033515930176 -0.29687589406967 270.94418334961
78.485084533691 -0.41145390272141 271.12664794922
78.92936706543 -0.52661925554276 271.32586669922
79.379379272461 -0.6388972401619 271.51354980469
79.82666015625 -0.75366044044495 271.70614624023
80.256576538086 -0.88150125741959 271.92785644531
80.696403503418 -1.0332248210907 272.11190795898
81.144416809082 -1.1913228034973 272.26885986328
81.597595214844 -1.3435871601105 272.41641235352
82.012550354004 -1.5180850028992 272.63482666016
82.436790466309 -1.7056308984756 272.82235717773
82.875267028809 -1.9178911447525 272.93649291992
72.574043273926 -0.16034436225891 267.5390625
72.932052612305 0.11987203359604 267.6796875
73.319580078125 0.35631620883942 267.8225402832
73.729919433594 0.55252623558044 267.96252441406
74.160209655762 0.70339059829712 268.09912109375
74.58861541748 0.85394787788391 268.24151611328
75.03377532959 0.95400440692902 268.37704467773
75.486427307129 1.0296927690506 268.50311279297
75.94815826416 1.0653003454208 268.61312866211
76.412445068359 1.0847119092941 268.71621704102
76.879516601562 1.1008334159851 268.80651855469
77.348129272461 1.1280113458633 268.88500976562
77.817008972168 1.1972683668137 268.92883300781
78.288589477539 1.2568950653076 268.95379638672
78.761405944824 1.3103493452072 268.96551513672
79.231086730957 1.3858422040939 268.94885253906
79.700286865234 1.4639732837677 268.93106079102
80.17073059082 1.5352122783661 268.91802978516
80.642219543457 1.5915087461472 268.88494873047
81.108711242676 1.6701587438583 268.83245849609
81.580101013184 1.700231552124 268.77368164062
82.047386169434 1.7668455839157 268.71224975586
82.50853729248 1.8526394367218 268.63134765625
82.973434448242 1.9344582557678 268.57012939453
83.433296203613 2.0303058624268 268.49322509766
