61.901401519775 4.0750999450684 274.14505004883
66.132911682129 -7.1801714897156 270.56234741211
71.140365600586 -5.8725943565369 266.20913696289
70.813400268555 -8.8259897232056 275.03939819336
61.565784454346 3.7066733837128 274.04000854492
61.383644104004 3.2503135204315 273.90383911133
61.28396987915 2.7717752456665 273.75866699219
61.267421722412 2.284539937973 273.60870361328
61.296062469482 1.7980954647064 273.45785522461
61.344814300537 1.3133271932602 273.30703735352
61.451347351074 0.83752292394638 273.15737915039
61.602283477783 0.37304863333702 273.01013183594
61.765544891357 -0.087531045079231 272.86380004883
61.947952270508 -0.54135900735855 272.7190246582
62.152275085449 -0.9864559173584 272.57641601562
62.368495941162 -1.4263114929199 272.43508911133
62.590377807617 -1.8635569810867 272.29440307617
62.818992614746 -2.2975862026215 272.1545715332
63.065284729004 -2.7225985527039 272.01705932617
63.319927215576 -3.1430501937866 271.88076782227
63.579677581787 -3.5605919361115 271.74514770508
63.849323272705 -3.9723446369171 271.61117553711
64.130645751953 -4.3768329620361 271.47906494141
64.425102233887 -4.7726426124573 271.3493347168
64.726760864258 -5.1634373664856 271.2209777832
65.006484985352 -5.5689544677734 271.08862304688
65.266464233398 -5.986349105835 270.95306396484
65.585060119629 -6.3646259307861 270.82818603516
65.888038635254 -6.7544050216675 270.70004272461
61.89672088623 3.6585085391998 273.69073486328
61.961292266846 3.147759437561 273.35107421875
62.151920318604 2.6585533618927 273.02767944336
62.455600738525 2.211484670639 272.73007202148
62.819931030273 1.7782636880875 272.48394775391
63.184368133545 1.3455164432526 272.23718261719
63.551265716553 0.92349934577942 271.9758605957
63.919147491455 0.50634342432022 271.70822143555
64.28776550293 0.092667028307915 271.43637084961
64.661361694336 -0.29276221990585 271.13162231445
65.034942626953 -0.67761552333832 270.82620239258
65.407897949219 -1.0448664426804 270.49905395508
65.784980773926 -1.406534075737 270.17050170898
66.191886901855 -1.7515095472336 269.85998535156
66.599060058594 -2.0958290100098 269.5491027832
67.007530212402 -2.4367918968201 269.23623657227
67.415229797363 -2.778124332428 268.92279052734
67.810279846191 -3.1255204677582 268.59991455078
68.21070098877 -3.4707906246185 268.28140258789
68.622802734375 -3.8111684322357 267.97268676758
69.038330078125 -4.1475214958191 267.66415405273
69.455261230469 -4.4813852310181 267.35482788086
69.854148864746 -4.8290548324585 267.03701782227
70.279251098633 -5.17702293396 266.75561523438
70.709800720215 -5.5248064994812 266.48236083984
61.890716552734 3.4688286781311 274.26168823242
61.899147033691 2.8528180122375 274.22668457031
62.107048034668 2.2716364860535 274.20202636719
62.342796325684 1.7013765573502 274.17684936523
62.664554595947 1.1758052110672 274.13391113281
63.000324249268 0.65746939182281 274.11990356445
63.354011535645 0.15116405487061 274.10830688477
63.745769500732 -0.32637622952461 274.09878540039
64.133110046387 -0.80740809440613 274.11260986328
64.520515441895 -1.2883890867233 274.12658691406
64.912651062012 -1.7654098272324 274.1438293457
65.304626464844 -2.2424857616425 274.16293334961
65.686599731445 -2.7257459163666 274.20953369141
66.06861114502 -3.2089326381683 274.25646972656
66.454063415527 -3.6845862865448 274.33892822266
66.839767456055 -4.1593856811523 274.42504882812
67.220802307129 -4.637939453125 274.51116943359
67.595191955566 -5.121711730957 274.59729003906
67.981468200684 -5.5942616462708 274.69268798828
68.371040344238 -6.0653009414673 274.78198242188
68.761993408203 -6.5377593040466 274.85653686523
69.147331237793 -7.0173916816711 274.912109375
69.531707763672 -7.4981436729431 274.9645690918
69.910461425781 -7.9859480857849 274.97894287109
70.348693847656 -8.4207344055176 275.00149536133
