68.083862304688 -2.3265225887299 266.95367431641
80.137588500977 3.5086426734924 269.42282104492
80.955825805664 -0.42633789777756 272.12927246094
83.019874572754 -0.32464310526848 266.79537963867
68.22639465332 -1.8092859983444 266.99084472656
68.553619384766 -1.3872841596603 267.06253051758
68.939231872559 -1.0199398994446 267.14471435547
69.352233886719 -0.68488079309464 267.2317199707
69.783561706543 -0.37466856837273 267.32189941406
70.23274230957 -0.091863580048084 267.4150390625
70.689247131348 0.17854848504066 267.50942993164
71.153823852539 0.43433001637459 267.60516357422
71.624526977539 0.67828351259232 267.7018737793
72.101425170898 0.90947616100311 267.79956054688
72.582427978516 1.1317007541656 267.89791870117
73.069671630859 1.3394757509232 267.99719238281
73.56290435791 1.5321044921875 268.09741210938
74.0576171875 1.7207781076431 268.19787597656
74.552925109863 1.9078574180603 268.29837036133
75.049194335938 2.0922784805298 268.39904785156
75.549781799316 2.2642765045166 268.50033569336
76.053115844727 2.4277880191803 268.60205078125
76.556175231934 2.5921702384949 268.70373535156
77.063575744629 2.7422454357147 268.80596923828
77.574363708496 2.8800051212311 268.90863037109
78.077445983887 3.0443358421326 269.01025390625
78.586585998535 3.188205242157 269.11276245117
79.093818664551 3.3388822078705 269.21496582031
79.614624023438 3.430419921875 269.31881713867
68.441513061523 -2.1129057407379 267.31076049805
68.793823242188 -1.7530190944672 267.52862548828
69.27188873291 -1.568244934082 267.73040771484
69.77352142334 -1.4231041669846 267.90621948242
70.274307250977 -1.2753260135651 268.08218383789
70.770431518555 -1.1153391599655 268.26071166992
71.26734161377 -0.95662569999695 268.43801879883
71.778388977051 -0.82123219966888 268.59326171875
72.291114807129 -0.69006508588791 268.7463684082
72.810516357422 -0.59505712985992 268.90386962891
73.331199645996 -0.50877231359482 269.06213378906
73.854064941406 -0.43213951587677 269.21813964844
74.376670837402 -0.35659891366959 269.37536621094
74.88549041748 -0.28127318620682 269.57284545898
75.403167724609 -0.23505741357803 269.75579833984
75.925514221191 -0.20667903125286 269.92883300781
76.439781188965 -0.18557772040367 270.12551879883
76.953407287598 -0.1654337644577 270.32385253906
77.452758789062 -0.17723977565765 270.55645751953
77.95401763916 -0.18889097869396 270.78497314453
78.463516235352 -0.19631110131741 270.99462890625
78.973083496094 -0.20615349709988 271.20404052734
79.482719421387 -0.22086647152901 271.41296386719
79.987373352051 -0.27128222584724 271.62832641602
80.477867126465 -0.35911527276039 271.86349487305
68.584930419922 -2.0343589782715 266.83029174805
69.102813720703 -1.7482450008392 266.79010009766
69.649627685547 -1.5222231149673 266.7490234375
70.201118469238 -1.3042426109314 266.74014282227
70.768463134766 -1.1319514513016 266.75509643555
71.342468261719 -0.98550117015839 266.78372192383
71.90266418457 -0.79239636659622 266.80941772461
72.474403381348 -0.64013528823853 266.85003662109
73.056327819824 -0.54221558570862 266.90957641602
73.631797790527 -0.40369319915771 266.94766235352
74.208023071289 -0.26762396097183 266.98291015625
74.791893005371 -0.16875600814819 267.01629638672
75.379692077637 -0.089680552482605 267.02301025391
75.968482971191 -0.018062053248286 267.01983642578
76.558074951172 0.045571468770504 267.00811767578
77.148597717285 0.091589957475662 266.97918701172
77.737731933594 0.02457470074296 266.97445678711
78.325439453125 0.092404723167419 266.93200683594
78.914672851562 0.15276820957661 266.90127563477
79.50756072998 0.16879115998745 266.89935302734
80.098815917969 0.13002263009548 266.87249755859
80.689987182617 0.090020164847374 266.84539794922
81.279754638672 0.034076057374477 266.81616210938
81.867317199707 -0.046767611056566 266.81015014648
82.448036193848 -0.16735090315342 266.80389404297
