57.73934173584 2.6661016941071 271.06427001953
68.07958984375 -7.6547141075134 272.54067993164
74.085060119629 -2.3299205303192 266.9384765625
72.533790588379 -2.1763877868652 278.66970825195
57.665245056152 2.0675735473633 271.06814575195
57.739223480225 1.4693592786789 271.08993530273
57.885715484619 0.88503819704056 271.12030029297
58.083778381348 0.31646928191185 271.15658569336
58.323699951172 -0.23541535437107 271.19750976562
58.599922180176 -0.76972562074661 271.24252319336
58.918586730957 -1.2794368267059 271.29217529297
59.262119293213 -1.7724653482437 271.34439086914
59.634510040283 -2.2437226772308 271.39971923828
60.029705047607 -2.6957364082336 271.45739746094
60.434524536133 -3.1390192508698 271.51605224609
60.86376953125 -3.5583426952362 271.57717895508
61.305629730225 -3.9641742706299 271.63946533203
61.75813293457 -4.3579411506653 271.70278930664
62.225116729736 -4.734176158905 271.767578125
62.707778930664 -5.0898098945618 271.83377075195
63.199718475342 -5.432333946228 271.90081787109
63.709274291992 -5.7477207183838 271.96942138672
64.216514587402 -6.0668630599976 272.03784179688
64.737533569336 -6.3626890182495 272.107421875
65.270164489746 -6.6368188858032 272.17794799805
65.813117980957 -6.8896827697754 272.24926757812
66.374366760254 -7.0983891487122 272.32180786133
66.9287109375 -7.3249282836914 272.39395141602
67.501205444336 -7.5001358985901 272.46719360352
58.166538238525 2.2691698074341 270.70678710938
58.566806793213 1.7059247493744 270.69262695312
58.986415863037 1.1428464651108 270.69958496094
59.555786132812 0.75476998090744 270.53506469727
60.124759674072 0.34377813339233 270.40173339844
60.758358001709 0.033676084131002 270.30633544922
61.397029876709 -0.23777206242085 270.1496887207
62.03702545166 -0.47335869073868 269.9411315918
62.702781677246 -0.64564615488052 269.74743652344
63.380916595459 -0.797278881073 269.58264160156
64.030082702637 -0.99957185983658 269.37869262695
64.676109313965 -1.1958853006363 269.15020751953
65.322471618652 -1.3724035024643 268.9033203125
65.972984313965 -1.5380613803864 268.66320800781
66.642272949219 -1.6961027383804 268.47967529297
67.279792785645 -1.954974770546 268.2873840332
67.957054138184 -2.1297135353088 268.1569519043
68.644821166992 -2.2596755027771 268.02032470703
69.327415466309 -2.3594837188721 267.83450317383
70.016166687012 -2.4359385967255 267.6618347168
70.701972961426 -2.5340547561646 267.49346923828
71.384269714355 -2.6845552921295 267.36596679688
72.087341308594 -2.8073065280914 267.36129760742
72.789192199707 -2.7175395488739 267.26248168945
73.468902587891 -2.500216960907 267.23638916016
58.030975341797 2.4430313110352 271.58157348633
58.359107971191 1.8756158351898 271.78848266602
58.733577728271 1.3365563154221 272.00427246094
59.267681121826 0.95486235618591 272.21133422852
59.854965209961 0.64954018592834 272.42739868164
60.445831298828 0.36955073475838 272.66885375977
61.022338867188 0.13066481053829 272.97937011719
61.607906341553 -0.075584538280964 273.29531860352
62.199523925781 -0.2663631439209 273.61056518555
62.796195983887 -0.46190404891968 273.91320800781
63.397228240967 -0.67397660017014 274.19424438477
63.975254058838 -0.8580322265625 274.51815795898
64.498100280762 -0.95502823591232 274.96878051758
65.061920166016 -1.0791149139404 275.35278320312
65.656272888184 -1.2233928442001 275.68710327148
66.175994873047 -1.4608981609344 276.07836914062
66.76880645752 -1.6190557479858 276.39053344727
67.388298034668 -1.7475968599319 276.68264770508
68.025688171387 -1.8563992977142 276.92974853516
68.691772460938 -1.9205104112625 277.1155090332
69.323928833008 -1.9522042274475 277.40417480469
69.962646484375 -1.9792896509171 277.66317749023
70.60619354248 -2.1213715076447 277.88690185547
71.256523132324 -2.2212853431702 278.11297607422
71.895156860352 -2.1988365650177 278.3913269043
