65.735076904297 25.698724746704 332.18859863281
51.508739471436 1.1502920389175 334.89862060547
36.67406463623 5.3155741691589 344.16540527344
36.632293701172 3.493684053421 325.77191162109
66.218040466309 24.659231185913 332.27056884766
66.281410217285 23.51563835144 332.37484741211
66.187355041504 22.374492645264 332.48370361328
66.003929138184 21.244417190552 332.59420776367
65.733352661133 20.132051467896 332.70568847656
65.393089294434 19.039022445679 332.81750488281
64.98592376709 17.96907043457 332.92913818359
64.544189453125 16.912916183472 333.04061889648
64.055274963379 15.877705574036 333.15151977539
63.508724212646 14.871602058411 333.26150512695
62.959339141846 13.867091178894 333.37142944336
62.333194732666 12.908264160156 333.47937011719
61.688102722168 11.962014198303 333.58676147461
61.022796630859 11.029819488525 333.69348144531
60.300827026367 10.140486717224 333.79791259766
59.552230834961 9.2732944488525 333.90106201172
58.788867950439 8.4189882278442 334.00347900391
58.060085296631 7.5351891517639 334.10754394531
57.298782348633 6.679057598114 334.21008300781
56.528903961182 5.830578327179 334.3122253418
55.735469818115 5.0039229393005 334.41293334961
54.897037506104 4.2225942611694 334.51086425781
54.109638214111 3.3902304172516 334.61193847656
53.242942810059 2.6401147842407 334.70782470703
52.431022644043 1.8314595222473 334.80746459961
65.138404846191 24.715414047241 333.09396362305
64.28727722168 23.696846008301 333.71209716797
63.231914520264 22.820755004883 334.22741699219
62.159828186035 21.894222259521 334.60189819336
61.086402893066 20.954679489136 334.93817138672
60.019031524658 19.997753143311 335.24032592773
59.085628509521 18.94114112854 335.64068603516
58.102615356445 17.925401687622 336.02780151367
57.064723968506 16.957149505615 336.39303588867
56.010021209717 16.006126403809 336.75531005859
54.923542022705 15.088892936707 337.11001586914
53.757987976074 14.26547908783 337.4440612793
52.597988128662 13.44654750824 337.80718994141
51.443016052246 12.637745857239 338.20620727539
50.198654174805 11.972323417664 338.60232543945
48.943462371826 11.327541351318 338.99838256836
47.712162017822 10.660093307495 339.43002319336
46.535655975342 9.9471120834351 339.93563842773
45.339370727539 9.2554979324341 340.42422485352
44.125877380371 8.5851402282715 340.8996887207
42.899143218994 7.9863810539246 341.4333190918
41.691650390625 7.3603749275208 341.97940063477
40.488788604736 6.7244000434875 342.5241394043
39.222660064697 6.1445569992065 342.98107910156
37.947387695312 5.6959118843079 343.54724121094
65.010833740234 24.596363067627 331.58236694336
64.237785339355 23.388116836548 331.37628173828
63.089847564697 22.516132354736 331.18185424805
62.00581741333 21.558706283569 331.029296875
61.021659851074 20.491428375244 330.93441772461
60.043140411377 19.418895721436 330.8415222168
59.018611907959 18.391399383545 330.7375793457
57.935340881348 17.423332214355 330.6614074707
56.885875701904 16.424898147583 330.52810668945
55.887287139893 15.391511917114 330.30264282227
54.800800323486 14.440287590027 330.12554931641
53.728717803955 13.472859382629 329.94845581055
52.67106628418 12.490190505981 329.77038574219
51.525100708008 11.619373321533 329.55859375
50.326343536377 10.825364112854 329.33749389648
49.073791503906 10.122052192688 329.10736083984
47.853900909424 9.3869905471802 328.81048583984
46.66300201416 8.6278667449951 328.46099853516
45.469661712646 7.8629446029663 328.13320922852
44.250648498535 7.1430110931396 327.79806518555
43.007293701172 6.4750866889954 327.4450378418
41.758365631104 5.8146595954895 327.09765625
40.507343292236 5.1530184745789 326.76028442383
39.29447555542 4.3869075775146 326.51803588867
37.980220794678 3.8688583374023 326.17065429688
