72.900108337402 -31.036712646484 319.12432861328
74.383056640625 30.359622955322 335.03161621094
71.197944641113 31.852481842041 330.7912902832
71.061416625977 28.131971359253 337.38311767578
73.817100524902 -28.852066040039 319.75979614258
73.93440246582 -26.505241394043 320.37271118164
73.797134399414 -24.131700515747 320.97201538086
73.581268310547 -21.761190414429 321.56427001953
73.346298217773 -19.391901016235 322.15466308594
73.132026672363 -17.021203994751 322.7470703125
72.955795288086 -14.648219108582 323.34310913086
72.80638885498 -12.274013519287 323.94161987305
72.672607421875 -9.8992471694946 324.54156494141
72.54012298584 -7.5244245529175 325.1416015625
72.439735412598 -5.1489329338074 325.7444152832
72.355751037598 -2.7730259895325 326.3486328125
72.266716003418 -0.39742892980576 326.95233154297
72.259689331055 1.9784165620804 327.56274414062
72.313354492188 4.3525524139404 328.17755126953
72.40592956543 6.7247495651245 328.79501342773
72.516731262207 9.0958976745605 329.41363525391
72.619735717773 11.467510223389 330.03176879883
72.762008666992 13.835564613342 330.65213012695
72.993591308594 16.196144104004 331.27777099609
73.225166320801 18.55672454834 331.90341186523
73.456741333008 20.917303085327 332.52905273438
73.688323974609 23.277883529663 333.15469360352
73.919898986816 25.638463973999 333.78033447266
74.151481628418 27.999042510986 334.4059753418
73.305099487305 -28.628488540649 319.38400268555
73.087776184082 -26.207542419434 319.88653564453
72.870460510254 -23.786596298218 320.38903808594
72.653144836426 -21.365650177002 320.89157104492
72.558265686035 -18.933868408203 321.37951660156
72.463851928711 -16.502044677734 321.86743164062
72.369445800781 -14.07022190094 322.35534667969
72.275032043457 -11.638398170471 322.84326171875
72.180618286133 -9.2065753936768 323.33114624023
72.086212158203 -6.774751663208 323.8190612793
72.000419616699 -4.3470878601074 324.32666015625
71.953521728516 -1.9381818771362 324.92306518555
71.906616210938 0.47072407603264 325.51947021484
71.859718322754 2.8796300888062 326.11590576172
71.812812805176 5.2885360717773 326.71231079102
71.765907287598 7.6974420547485 327.30871582031
71.719009399414 10.10634803772 327.90512084961
71.672103881836 12.515254020691 328.50152587891
71.706741333008 14.94305229187 329.01272583008
71.764221191406 17.37614440918 329.50006103516
71.821701049805 19.809236526489 329.98739624023
71.879180908203 22.242328643799 330.47473144531
71.936660766602 24.67541885376 330.96206665039
71.994132995605 27.108510971069 331.44940185547
71.608306884766 29.512594223022 331.1994934082
72.882308959961 -28.917934417725 320.26202392578
72.659286499023 -26.624443054199 320.99697875977
72.436264038086 -24.330949783325 321.73196411133
72.213241577148 -22.0374584198 322.46691894531
71.915336608887 -19.705743789673 323.03317260742
71.609619140625 -17.370042800903 323.58187866211
71.303901672363 -15.034342765808 324.13055419922
71.193206787109 -12.701121330261 324.7561340332
71.093414306641 -10.368037223816 325.38604736328
70.993621826172 -8.0349540710449 326.01596069336
70.893829345703 -5.7018704414368 326.64584350586
70.834739685059 -3.3707065582275 327.28643798828
70.817512512207 -1.0415164232254 327.93804931641
70.800277709961 1.287673830986 328.58966064453
70.783042907715 3.6168639659882 329.24127197266
70.765815734863 5.946053981781 329.8928527832
70.770332336426 8.2756443023682 330.54272460938
70.807022094727 10.605825424194 331.18994140625
70.843711853027 12.936006546021 331.8371887207
70.880401611328 15.266187667847 332.48443603516
70.917083740234 17.596368789673 333.13168334961
70.953773498535 19.926549911499 333.77890014648
70.905784606934 22.159688949585 334.69116210938
70.829887390137 24.360857009888 335.69073486328
70.753997802734 26.56202507019 336.69027709961
