13.441603660583 19.597578048706 340.41229248047
44.3307762146 -15.474020957947 324.43014526367
43.529949188232 2.4272892475128 325.30834960938
43.499557495117 -3.8242087364197 338.55810546875
13.896911621094 17.663047790527 339.70376586914
14.567728996277 15.808533668518 339.01904296875
15.616449356079 14.094329833984 338.37609863281
16.751529693604 12.452980041504 337.69439697266
17.914373397827 10.83505153656 337.0002746582
19.189039230347 9.2688770294189 336.38970947266
20.45786857605 7.7421674728394 335.68014526367
21.719236373901 6.237681388855 334.90737915039
22.965997695923 4.7359051704407 334.10620117188
24.250093460083 3.3471701145172 333.18072509766
25.557653427124 2.0272576808929 332.18081665039
26.865215301514 0.70734542608261 331.18090820312
28.028165817261 -0.8599619269371 330.39172363281
29.1682472229 -2.4663920402527 329.63586425781
30.197340011597 -4.2126531600952 329.05892944336
31.294490814209 -5.7291684150696 328.14239501953
32.436595916748 -7.1138677597046 327.03335571289
33.57869720459 -8.4985666275024 325.92434692383
34.724948883057 -9.5477466583252 324.56680297852
35.882347106934 -10.245854377747 322.96051025391
37.257869720459 -11.697438240051 322.28778076172
38.701908111572 -13.221135139465 322.33944702148
40.039241790771 -14.672508239746 322.85308837891
41.197116851807 -15.998018264771 324.01654052734
42.632465362549 -16.586277008057 325.00491333008
14.538728713989 18.904176712036 339.71499633789
15.594612121582 18.154829025269 339.01870727539
16.569374084473 17.295433044434 338.32446289062
17.651218414307 16.485200881958 337.74328613281
18.757522583008 15.686199188232 337.18795776367
19.868455886841 14.890723228455 336.63848876953
21.103328704834 14.189683914185 336.24560546875
22.32155418396 13.486219406128 335.81799316406
23.440088272095 12.768233299255 335.18231201172
24.558620452881 12.050246238708 334.54663085938
25.6545753479 11.323246955872 333.88446044922
26.705327987671 10.578204154968 333.16925048828
27.80450630188 9.8581953048706 332.50717163086
28.951824188232 9.1630725860596 331.89791870117
30.099142074585 8.4679498672485 331.28866577148
31.264823913574 7.8031740188599 330.68103027344
32.441352844238 7.1563220024109 330.07434082031
33.77347946167 6.6459937095642 329.73654174805
35.038612365723 6.1042566299438 329.24465942383
36.285228729248 5.5386548042297 328.70379638672
37.506675720215 5.0107307434082 328.08798217773
38.728385925293 4.5794916152954 327.40963745117
40.027366638184 4.2047052383423 326.85018920898
41.218235015869 3.6542899608612 326.18502807617
42.454010009766 3.0365254878998 325.6803894043
14.208516120911 18.472904205322 340.61480712891
15.012744903564 17.226030349731 340.45169067383
16.000944137573 16.140085220337 340.26281738281
17.195470809937 15.279808998108 339.98745727539
18.385715484619 14.410292625427 339.72402954102
19.564208984375 13.515417098999 339.49349975586
20.686433792114 12.547088623047 339.28326416016
21.798854827881 11.565963745117 339.07659912109
22.935878753662 10.60032749176 338.94485473633
24.117664337158 9.7034950256348 338.79147338867
25.412208557129 8.9814825057983 338.57781982422
26.608669281006 8.112624168396 338.41445922852
27.698913574219 7.0927991867065 338.31604003906
28.72109413147 5.9987616539001 338.28820800781
29.944984436035 5.1543784141541 338.10955810547
31.159801483154 4.2909750938416 338.01010131836
32.358863830566 3.3945353031158 338.04815673828
33.584117889404 2.535640001297 338.06958007812
34.846904754639 1.7305527925491 338.06723022461
36.124599456787 0.95646548271179 338.08612060547
37.500183105469 0.38594862818718 338.24450683594
38.869876861572 -0.1957693696022 338.40841674805
40.194240570068 -0.86374300718307 338.61502075195
41.444416046143 -1.6672641038895 338.7190246582
42.510372161865 -2.7086701393127 338.67489624023
