67.493705749512 5.3479328155518 271.1731262207
76.553764343262 -4.7242298126221 273.42660522461
82.770729064941 -4.7651772499084 269.24368286133
81.73819732666 -2.6750349998474 277.96221923828
67.214515686035 4.868311882019 271.16720581055
67.22940826416 4.3132643699646 271.21420288086
67.364143371582 3.7762730121613 271.27883911133
67.587051391602 3.2708895206451 271.35504150391
67.868537902832 2.7966868877411 271.43801879883
68.187454223633 2.3475058078766 271.52493286133
68.529335021973 1.9160064458847 271.61413574219
68.890754699707 1.5011036396027 271.705078125
69.268730163574 1.1015405654907 271.79739379883
69.659713745117 0.71494197845459 271.89080810547
70.058731079102 0.33679586648941 271.98480224609
70.470344543457 -0.027388382703066 272.07965087891
70.883102416992 -0.39024606347084 272.17462158203
71.302001953125 -0.74589729309082 272.26992797852
71.723609924316 -1.0982834100723 272.36544799805
72.151023864746 -1.4435080289841 272.46130371094
72.580741882324 -1.7858206033707 272.55731201172
73.006896972656 -2.1326279640198 272.6530456543
73.434608459473 -2.4774718284607 272.74893188477
73.872291564941 -2.8094165325165 272.84539794922
74.311058044434 -3.1399087905884 272.94186401367
74.757377624512 -3.4600076675415 273.03875732422
75.200347900391 -3.784784078598 273.13543701172
75.649337768555 -4.1011033058167 273.232421875
76.097297668457 -4.4188952445984 273.32934570312
67.791534423828 4.8046913146973 270.86618041992
68.14981842041 4.1755337715149 270.85232543945
68.532936096191 3.5764906406403 270.75930786133
69.119560241699 3.1522407531738 270.74261474609
69.651634216309 2.6666388511658 270.689453125
70.229568481445 2.2451436519623 270.65911865234
70.868293762207 1.9039344787598 270.66192626953
71.504951477051 1.5597716569901 270.6487121582
72.138168334961 1.2107111215591 270.60882568359
72.778396606445 0.87719130516052 270.55993652344
73.435249328613 0.58053827285767 270.48959350586
74.080703735352 0.25962582230568 270.42333984375
74.719825744629 -0.074786081910133 270.35934448242
75.360420227051 -0.40732672810555 270.30160522461
76.005012512207 -0.73479902744293 270.26086425781
76.649612426758 -1.0622712373734 270.22012329102
77.256530761719 -1.4432886838913 270.13021850586
77.85001373291 -1.8432921171188 270.02233886719
78.497802734375 -2.1635007858276 269.97503662109
79.14559173584 -2.4837095737457 269.927734375
79.770141601562 -2.8443059921265 269.86422729492
80.390991210938 -3.210503578186 269.79592895508
80.993827819824 -3.5942966938019 269.67895507812
81.590316772461 -3.9833149909973 269.54827880859
82.180892944336 -4.3747897148132 269.39889526367
67.700775146484 4.9004201889038 271.63507080078
68.105308532715 4.3853778839111 271.85955810547
68.53882598877 3.9250943660736 272.14028930664
69.023086547852 3.5115976333618 272.40325927734
69.556579589844 3.1405920982361 272.64212036133
70.101219177246 2.784383058548 272.87487792969
70.693199157715 2.4909584522247 273.08169555664
71.285171508789 2.1975336074829 273.28851318359
71.879745483398 1.9271824359894 273.51760864258
72.474868774414 1.6617693901062 273.75149536133
73.063873291016 1.4031082391739 274.00674438477
73.649200439453 1.1484905481339 274.27484130859
74.235054016113 0.88612395524979 274.53411865234
74.819366455078 0.61958557367325 274.79248046875
75.389213562012 0.32689449191093 275.05499267578
75.960914611816 0.036370918154716 275.31582641602
76.537658691406 -0.24826377630234 275.57208251953
77.117698669434 -0.52927595376968 275.82434082031
77.71940612793 -0.78646898269653 276.05041503906
78.30500793457 -1.0560154914856 276.29965209961
78.863357543945 -1.3464725017548 276.58810424805
79.422210693359 -1.6375280618668 276.87493896484
79.997146606445 -1.9131488800049 277.14462280273
80.613830566406 -2.1234107017517 277.37750244141
81.199340820312 -2.3800566196442 277.64294433594
