64.597061157227 2.2682108879089 287.57690429688
77.897872924805 -3.7259862422943 288.96838378906
82.536399841309 0.36190915107727 283.95504760742
81.132308959961 -0.72582280635834 295.50915527344
64.677215576172 1.6886729001999 287.49160766602
64.951835632324 1.1657408475876 287.45159912109
65.316375732422 0.69937235116959 287.43765258789
65.74390411377 0.28962397575378 287.44494628906
66.20890045166 -0.076472379267216 287.46664428711
66.703926086426 -0.39981341362 287.50112915039
67.214813232422 -0.69649356603622 287.54312133789
67.741973876953 -0.96178150177002 287.59350585938
68.275787353516 -1.2126742601395 287.64761352539
68.811714172363 -1.4586690664291 287.70288085938
69.360275268555 -1.6729753017426 287.7658996582
69.912544250488 -1.8766734600067 287.83154296875
70.47444152832 -2.0493171215057 287.90420532227
71.025512695312 -2.2563862800598 287.96893310547
71.591026306152 -2.415429353714 288.04458618164
72.157081604004 -2.572274684906 288.12072753906
72.728958129883 -2.7030448913574 288.20245361328
73.30069732666 -2.8345375061035 288.28402709961
73.873405456543 -2.9610741138458 288.36660766602
74.44799041748 -3.0771758556366 288.45132446289
75.02774810791 -3.1558690071106 288.54348754883
75.601333618164 -3.2776463031769 288.62701416016
76.165771484375 -3.4408710002899 288.70178222656
76.743629455566 -3.5354609489441 288.79086303711
77.32438659668 -3.6036145687103 288.88491821289
65.18522644043 1.9777555465698 287.28894042969
65.720016479492 1.5081496238708 287.20574951172
66.386283874512 1.2873293161392 287.04418945312
67.064613342285 1.142582654953 286.84857177734
67.747848510742 1.0071552991867 286.66363525391
68.439056396484 0.88617545366287 286.49993896484
69.14281463623 0.79935067892075 286.37142944336
69.852073669434 0.72565692663193 286.26715087891
70.563858032227 0.65910488367081 286.17602539062
71.27320098877 0.58608490228653 286.07186889648
71.985481262207 0.53686660528183 285.97393798828
72.700218200684 0.50264799594879 285.88824462891
73.415992736816 0.47024577856064 285.81079101562
74.130172729492 0.43783396482468 285.71990966797
74.842788696289 0.40639871358871 285.61734008789
75.559394836426 0.40474063158035 285.54095458984
76.277030944824 0.41711363196373 285.47601318359
76.994834899902 0.44397294521332 285.41760253906
77.712471008301 0.4576909840107 285.35327148438
78.423324584961 0.4852491915226 285.23818969727
79.120048522949 0.51416271924973 285.0563659668
79.801895141602 0.50220358371735 284.82342529297
80.478790283203 0.41213530302048 284.5930480957
81.148414611816 0.32467916607857 284.34143066406
81.843338012695 0.35120016336441 284.15234375
65.034889221191 1.8480573892593 287.98181152344
65.503128051758 1.302824139595 288.10623168945
66.089599609375 0.99748128652573 288.41650390625
66.73844909668 0.89121443033218 288.73699951172
67.387588500977 0.75705164670944 289.04626464844
68.036666870117 0.6158532500267 289.35250854492
68.686943054199 0.46829989552498 289.65316772461
69.337997436523 0.31939056515694 289.95135498047
70.009574890137 0.22057861089706 290.22384643555
70.680282592773 0.12334249168634 290.4990234375
71.340324401855 0.024450562894344 290.79833984375
72.004196166992 -0.076566889882088 291.08831787109
72.673202514648 -0.18049442768097 291.36520385742
73.341201782227 -0.25691682100296 291.65322875977
74.019187927246 -0.28136193752289 291.92666625977
74.701019287109 -0.2852101624012 292.19143676758
75.38126373291 -0.28577315807343 292.46032714844
76.057319641113 -0.2391299456358 292.73559570312
76.726470947266 -0.32587245106697 293.01763916016
77.390762329102 -0.43589344620705 293.30337524414
78.043670654297 -0.54602819681168 293.61416625977
78.66690826416 -0.52009582519531 293.99572753906
79.250373840332 -0.67818105220795 294.40676879883
79.848770141602 -0.79191786050797 294.81170654297
80.496566772461 -0.77727079391479 295.1510925293
