85.594902038574 -9.2952289581299 313.5559387207
76.088508605957 3.4853990077972 319.98104858398
67.120666503906 -4.7993764877319 317.19482421875
75.045265197754 -5.2430467605591 329.50900268555
85.46809387207 -8.6446733474731 313.65365600586
85.219512939453 -8.0474624633789 313.82821655273
84.933906555176 -7.4745254516602 314.02600097656
84.633689880371 -6.9123649597168 314.23284912109
84.307922363281 -6.3709030151367 314.45562744141
83.980178833008 -5.8311333656311 314.67962646484
83.63501739502 -5.3070182800293 314.91436767578
83.281433105469 -4.7909646034241 315.15438842773
82.916786193848 -4.2859354019165 315.40121459961
82.568710327148 -3.7645831108093 315.63778686523
82.307060241699 -3.1754930019379 315.8205871582
81.906921386719 -2.7100389003754 316.08920288086
81.525291442871 -2.2230851650238 316.34646606445
81.120788574219 -1.7629618644714 316.61776733398
80.716522216797 -1.3025679588318 316.8889465332
80.285583496094 -0.87758076190948 317.17636108398
79.882308959961 -0.41592237353325 317.44686889648
79.481246948242 0.048424605280161 317.71606445312
79.053894042969 0.47845363616943 318.00131225586
78.658973693848 0.95016777515411 318.26672363281
78.222900390625 1.3677035570145 318.55725097656
77.831695556641 1.8437718153 318.82040405273
77.445129394531 2.3251705169678 319.08071899414
77.042259216309 2.7873125076294 319.35101318359
76.574630737305 3.1539053916931 319.66052246094
84.905654907227 -8.9815301895142 313.57406616211
84.248069763184 -8.6665439605713 313.77944946289
83.598098754883 -8.3202133178711 313.95663452148
82.951553344727 -7.9617605209351 314.12185668945
82.277458190918 -7.6537227630615 314.27844238281
81.595726013184 -7.361448764801 314.43215942383
80.913932800293 -7.0692491531372 314.58575439453
80.225746154785 -6.7853379249573 314.72576904297
79.534187316895 -6.5061721801758 314.85855102539
78.825904846191 -6.2744088172913 314.99429321289
78.113677978516 -6.0555167198181 315.13076782227
77.401397705078 -5.8367228507996 315.26715087891
76.675140380859 -5.6452674865723 315.36566162109
75.943428039551 -5.4667854309082 315.44659423828
75.21021270752 -5.3299870491028 315.57885742188
74.47966003418 -5.2412810325623 315.75839233398
73.748336791992 -5.195520401001 315.9504699707
73.009841918945 -5.1045169830322 316.09240722656
72.26212310791 -5.0210447311401 316.18051147461
71.520324707031 -4.9024786949158 316.27789306641
70.793724060059 -4.7420902252197 316.41983032227
70.07698059082 -4.5978608131409 316.61801147461
69.338371276855 -4.5462517738342 316.7780456543
68.593620300293 -4.5896525382996 316.9094543457
67.855857849121 -4.6957063674927 317.04461669922
85.278503417969 -9.0485181808472 314.21350097656
84.92350769043 -8.670166015625 314.78256225586
84.523933410645 -8.2885856628418 315.31924438477
84.11784362793 -7.9262948036194 315.86437988281
83.727851867676 -7.5772185325623 316.42953491211
83.329681396484 -7.265088558197 317.01028442383
83.020195007324 -6.8850026130676 317.603515625
82.650016784668 -6.6067643165588 318.21755981445
82.277633666992 -6.3422560691833 318.83782958984
81.931571960449 -6.0459394454956 319.45877075195
81.51806640625 -5.9060354232788 320.08938598633
81.083633422852 -5.8030486106873 320.7170715332
80.61727142334 -5.7335720062256 321.32583618164
80.193824768066 -5.6174602508545 321.95770263672
79.819396972656 -5.4526338577271 322.60983276367
79.37532043457 -5.3607974052429 323.22940063477
78.898529052734 -5.3124380111694 323.83233642578
78.429656982422 -5.2800688743591 324.44256591797
77.965148925781 -5.2147941589355 325.05322265625
77.500267028809 -5.1283946037292 325.66131591797
77.027275085449 -5.0139088630676 326.25814819336
76.573638916016 -4.9638080596924 326.87640380859
76.141693115234 -4.9800138473511 327.51351928711
75.708381652832 -5.033971786499 328.14788818359
75.366920471191 -5.0882096290588 328.8317565918
