47.091613769531 -57.130382537842 326.3688659668
66.821022033691 8.6563673019409 331.72430419922
42.556552886963 34.120071411133 317.74249267578
49.688480377197 26.25790977478 356.54806518555
49.49906539917 -56.063171386719 326.31573486328
51.448829650879 -54.162357330322 326.26193237305
53.004295349121 -51.953689575195 326.60485839844
54.292533874512 -49.547267913818 326.68328857422
55.354206085205 -47.034603118896 326.6188659668
56.295383453369 -44.479263305664 326.83181762695
57.168853759766 -41.910053253174 327.14840698242
58.022521972656 -39.33341217041 327.45202636719
58.748119354248 -36.708683013916 327.67184448242
59.47371673584 -34.083953857422 327.89166259766
60.197853088379 -31.45970916748 328.12161254883
60.920505523682 -28.835956573486 328.36184692383
61.643154144287 -26.212205886841 328.60208129883
62.310195922852 -23.57751083374 328.87796020508
62.960586547852 -20.939540863037 329.16452026367
63.610980987549 -18.301570892334 329.45104980469
64.205192565918 -15.65106010437 329.74194335938
64.780754089355 -12.996389389038 330.03427124023
65.338119506836 -10.337530136108 330.31579589844
65.716499328613 -7.6374959945679 330.49084472656
66.094886779785 -4.9374613761902 330.66592407227
66.33975982666 -2.2258975505829 330.8518371582
66.45979309082 0.49644646048546 331.04791259766
66.57984161377 3.2187283039093 331.24478149414
66.70043182373 5.9375476837158 331.48452758789
47.20874786377 -53.645561218262 325.21755981445
47.515888214111 -50.626815795898 323.14794921875
46.975673675537 -47.753849029541 320.87197875977
46.476398468018 -44.745323181152 319.49685668945
45.798427581787 -41.69705581665 318.1979675293
45.221336364746 -38.614162445068 316.49664306641
44.763061523438 -35.033950805664 315.67227172852
44.477458953857 -31.520572662354 314.49984741211
44.331699371338 -27.89217376709 313.73043823242
44.025127410889 -24.20715713501 313.47937011719
43.628406524658 -20.513917922974 313.4260559082
43.103904724121 -16.8463306427 313.3203125
42.891006469727 -13.155856132507 313.38861083984
42.815776824951 -9.4437208175659 313.51315307617
42.904861450195 -5.7379231452942 313.79748535156
43.07738494873 -2.0506646633148 314.22265625
43.508712768555 1.5975687503815 314.79370117188
43.874240875244 5.2449235916138 315.41369628906
43.964260101318 8.9139881134033 315.95129394531
43.874481201172 12.59802532196 316.42242431641
44.458435058594 16.239847183228 316.88916015625
44.6750831604 19.890815734863 317.5368347168
44.209510803223 23.521957397461 318.02047729492
43.658374786377 27.110015869141 318.53842163086
42.633193969727 30.488800048828 318.35803222656
47.528518676758 -54.368629455566 327.93844604492
48.144207000732 -51.420764923096 329.84045410156
48.128448486328 -49.019474029541 332.5071105957
48.212177276611 -46.708740234375 335.24569702148
48.317520141602 -44.206714630127 337.80966186523
48.462696075439 -41.527656555176 340.19448852539
48.518310546875 -38.606060028076 342.29360961914
48.924449920654 -35.646785736084 344.29336547852
49.037502288818 -32.511943817139 346.03469848633
49.243175506592 -29.172243118286 347.33602905273
49.28475189209 -25.722730636597 348.35153198242
49.311004638672 -22.238405227661 349.24783325195
49.494945526123 -18.732069015503 350.03137207031
49.642272949219 -15.226366996765 350.79418945312
49.694961547852 -11.695147514343 351.39901733398
50.123111724854 -8.168306350708 351.91189575195
50.117702484131 -4.5888996124268 352.25509643555
50.306716918945 -1.0342983007431 352.55117797852
50.583744049072 2.5157709121704 352.72116088867
51.013305664062 6.058976650238 352.94747924805
51.068836212158 9.5876016616821 352.99795532227
51.710178375244 12.983315467834 353.3037109375
51.754947662354 16.554265975952 353.17279052734
51.526782989502 20.091726303101 353.67425537109
51.06884765625 23.449010848999 354.77252197266
