77.940818786621 -7.5215859413147 327.75912475586
47.386684417725 3.2211599349976 317.28839111328
44.876289367676 -1.1099474430084 309.52691650391
40.640579223633 -1.8716493844986 321.02166748047
77.272094726562 -6.4099640846252 327.61276245117
76.17845916748 -5.7422604560852 327.26473999023
75.042579650879 -5.1655559539795 326.89221191406
73.881080627441 -4.6505398750305 326.50427246094
72.719192504883 -4.1369814872742 326.11599731445
71.545455932617 -3.6569075584412 325.72015380859
70.369819641113 -3.1825284957886 325.32302856445
69.195854187012 -2.7032606601715 324.92700195312
68.012435913086 -2.2535502910614 324.52462768555
66.822074890137 -1.8267540931702 324.1174621582
65.633163452148 -1.3951025009155 323.71133422852
64.439498901367 -0.97992157936096 323.30184936523
63.245761871338 -0.56582129001617 322.89224243164
62.040130615234 -0.19663460552692 322.4739074707
60.837745666504 0.18554048240185 322.05801391602
59.628513336182 0.5395575761795 321.63690185547
58.418251037598 0.88900482654572 321.21496582031
57.210430145264 1.2490146160126 320.794921875
55.997550964355 1.5866194963455 320.37088012695
54.780395507812 1.9037418365479 319.94326782227
53.558658599854 2.1969690322876 319.51171875
52.332286834717 2.4629328250885 319.0758972168
51.097393035889 2.6679894924164 318.63104248047
49.863838195801 2.8842313289642 318.18780517578
48.626594543457 3.0675506591797 317.73999023438
76.794136047363 -7.1742286682129 326.86962890625
75.536293029785 -6.9484300613403 326.11123657227
74.237457275391 -6.7446808815002 325.40762329102
72.957992553711 -6.4334568977356 324.70559692383
71.679756164551 -6.1119022369385 324.00619506836
70.404052734375 -5.769070148468 323.31210327148
69.115173339844 -5.4976000785828 322.61386108398
67.815635681152 -5.2838735580444 321.91226196289
66.523147583008 -5.04354429245 321.20721435547
65.242805480957 -4.7574191093445 320.49618530273
63.965763092041 -4.4678530693054 319.78070068359
62.698486328125 -4.168098449707 319.05209350586
61.432834625244 -3.8646519184113 318.32235717773
60.189563751221 -3.5102691650391 317.57708740234
58.947429656982 -3.1669070720673 316.82510375977
57.708168029785 -2.8512966632843 316.05612182617
56.461151123047 -2.5012211799622 315.31576538086
55.197578430176 -2.1954588890076 314.59280395508
53.887950897217 -2.1081969738007 313.88290405273
52.607097625732 -1.8771615028381 313.16262817383
51.273460388184 -1.6607640981674 312.55084228516
49.927787780762 -1.442928314209 311.95712280273
48.660316467285 -1.1001745462418 311.25234985352
47.407592773438 -0.75556457042694 310.52069091797
46.07600402832 -0.51736837625504 309.8987121582
76.492866516113 -7.1632556915283 327.69448852539
75.043563842773 -6.8493022918701 327.50357055664
73.598457336426 -6.5952949523926 327.21743774414
72.15894317627 -6.3380260467529 326.90679931641
70.728073120117 -6.0502328872681 326.58648681641
69.300590515137 -5.6864748001099 326.33059692383
67.869659423828 -5.3219952583313 326.09628295898
66.437461853027 -4.9572529792786 325.86981201172
64.972831726074 -4.7662019729614 325.64263916016
63.508140563965 -4.5800371170044 325.40762329102
62.049049377441 -4.3751640319824 325.15353393555
60.592399597168 -4.1628284454346 324.89190673828
59.140129089355 -3.9231700897217 324.63162231445
57.6901512146 -3.649870634079 324.39596557617
56.223907470703 -3.5356023311615 324.12658691406
54.761245727539 -3.362636089325 323.88452148438
53.305084228516 -3.0833652019501 323.69192504883
51.849674224854 -2.7888157367706 323.51745605469
50.378517150879 -2.6540939807892 323.30749511719
48.929569244385 -2.3716251850128 323.11920166016
47.499603271484 -1.9959902763367 322.90231323242
46.093410491943 -1.5721446275711 322.62677001953
44.647537231445 -1.3468855619431 322.39428710938
43.196243286133 -1.1419830322266 322.12838745117
41.871067047119 -1.2999824285507 321.64984130859
