20.439224243164 -4.9531669616699 -40.06844329834
6.4353365898132 -14.45925617218 -30.159986495972
6.5116324424744 -5.1980004310608 -30.555063247681
5.256977558136 -8.9350481033325 -37.330238342285
20.373756408691 -5.6361837387085 -39.665054321289
20.125003814697 -6.2585883140564 -39.235450744629
19.849073410034 -6.8681812286377 -38.804077148438
19.502977371216 -7.4396090507507 -38.371055603027
19.115566253662 -7.9847674369812 -37.939151763916
18.693273544312 -8.5053176879883 -37.509590148926
18.283643722534 -9.0350675582886 -37.07901763916
17.869861602783 -9.5618267059326 -36.64875793457
17.379348754883 -10.026721000671 -36.227931976318
16.863674163818 -10.468165397644 -35.811962127686
16.349098205566 -10.910662651062 -35.395751953125
15.804476737976 -11.32280921936 -34.986675262451
15.22829914093 -11.69972038269 -34.586948394775
14.635281562805 -12.056176185608 -34.193126678467
14.042895317078 -12.413423538208 -33.799072265625
13.431287765503 -12.745752334595 -33.412654876709
12.795357704163 -13.0435962677 -33.037544250488
12.13850402832 -13.308515548706 -32.673969268799
11.459554672241 -13.534442901611 -32.324954986572
10.782538414001 -13.763988494873 -31.974552154541
10.08572769165 -13.954126358032 -31.639698028564
9.3797178268433 -14.123845100403 -31.313243865967
8.6595907211304 -14.258641242981 -31.001678466797
7.9264507293701 -14.355788230896 -30.706903457642
7.1857724189758 -14.427441596985 -30.423906326294
20.339859008789 -4.7945489883423 -39.419429779053
20.028497695923 -4.7706751823425 -38.820251464844
19.685285568237 -4.9029412269592 -38.253261566162
19.242891311646 -5.03786277771 -37.76037979126
18.72737121582 -5.1265926361084 -37.33211517334
18.176700592041 -5.2098050117493 -36.94900894165
17.656248092651 -5.3781690597534 -36.551918029785
17.082191467285 -5.4908328056335 -36.212966918945
16.50691986084 -5.6087403297424 -35.878112792969
15.892845153809 -5.6912903785706 -35.607772827148
15.317085266113 -5.7994108200073 -35.270366668701
14.70702457428 -5.8915042877197 -34.993865966797
14.085328102112 -5.9697113037109 -34.739902496338
13.467612266541 -6.0358023643494 -34.473178863525
12.860767364502 -6.0630507469177 -34.176349639893
12.240802764893 -6.0825614929199 -33.907299041748
11.621162414551 -6.0953230857849 -33.637184143066
11.027231216431 -6.0860447883606 -33.314254760742
10.4330701828 -6.0638303756714 -32.992382049561
9.835036277771 -6.0340752601624 -32.678398132324
9.2239713668823 -5.9850625991821 -32.393264770508
8.6337919235229 -5.8754734992981 -32.082145690918
8.0729494094849 -5.7399296760559 -31.729749679565
7.5529761314392 -5.5741758346558 -31.330652236938
7.0326228141785 -5.4005055427551 -30.935438156128
19.944898605347 -5.3125805854797 -40.239135742188
19.406677246094 -5.6223134994507 -40.110286712646
19.001953125 -6.1088757514954 -40.047172546387
18.524049758911 -6.5179843902588 -39.953121185303
17.986406326294 -6.8433995246887 -39.860729217529
17.385601043701 -7.0379180908203 -39.781108856201
16.801300048828 -7.2611536979675 -39.679695129395
16.230791091919 -7.3537921905518 -39.412906646729
15.668639183044 -7.4598035812378 -39.137691497803
15.085502624512 -7.6532330513 -38.971649169922
14.500905990601 -7.8053178787231 -38.770767211914
13.914664268494 -7.9291009902954 -38.556453704834
13.327520370483 -7.9944467544556 -38.319618225098
12.723762512207 -8.0658254623413 -38.130958557129
12.116455078125 -8.1591997146606 -37.964763641357
11.509608268738 -8.2142601013184 -37.780754089355
10.896536827087 -8.3019771575928 -37.633419036865
10.276439666748 -8.3740091323853 -37.50891494751
9.6531629562378 -8.4701404571533 -37.426261901855
9.052716255188 -8.6792936325073 -37.411827087402
8.4208793640137 -8.7374639511108 -37.360252380371
7.7912583351135 -8.7786178588867 -37.275608062744
7.1578893661499 -8.8122262954712 -37.221397399902
6.5232400894165 -8.8610324859619 -37.232757568359
5.8906326293945 -8.921817779541 -37.270195007324
