67.479515075684 2.7601566314697 269.52499389648
83.240051269531 -1.4238169193268 271.01440429688
86.64045715332 3.8618583679199 265.78302001953
84.91960144043 3.6309499740601 276.60064697266
67.494132995605 2.0981404781342 269.51080322266
67.856651306152 1.5412169694901 269.53414916992
68.351432800293 1.0978037118912 269.57354736328
68.910705566406 0.73996716737747 269.62142944336
69.512664794922 0.46082070469856 269.6755065918
70.141418457031 0.24951605498791 269.73388671875
70.780532836914 0.072597309947014 269.79412841797
71.427055358887 -0.07445665448904 269.85577392578
72.077941894531 -0.20034408569336 269.91842651367
72.730567932129 -0.3166923224926 269.9814453125
73.384254455566 -0.42673921585083 270.04467773438
74.039154052734 -0.5291560292244 270.10827636719
74.694564819336 -0.62815338373184 270.17199707031
75.352409362793 -0.70889461040497 270.23638916016
76.0107421875 -0.78542071580887 270.30093383789
76.668617248535 -0.86593037843704 270.36535644531
77.327163696289 -0.94056934118271 270.42993164062
77.986618041992 -1.0063787698746 270.49481201172
78.645080566406 -1.0812244415283 270.55941772461
79.284278869629 -1.2579284906387 270.61962890625
79.942962646484 -1.1914837360382 270.68762207031
80.604393005371 -1.2317343950272 270.75332641602
81.266044616699 -1.2680245637894 270.81915283203
81.927337646484 -1.3104848861694 270.88479614258
82.589584350586 -1.2957303524017 270.9518737793
68.0322265625 2.3119013309479 269.23828125
68.68098449707 1.9208372831345 269.16247558594
69.416152954102 2.0172202587128 268.9616394043
70.154693603516 2.0095567703247 268.74942016602
70.897636413574 2.0167245864868 268.55313110352
71.637710571289 2.0430643558502 268.34796142578
72.385353088379 2.0809609889984 268.17434692383
73.136299133301 2.1188626289368 268.0158996582
73.875732421875 2.1410322189331 267.80795288086
74.621765136719 2.1920521259308 267.630859375
75.371223449707 2.2634744644165 267.47674560547
76.123847961426 2.3204321861267 267.33242797852
76.875709533691 2.4106023311615 267.20162963867
77.625610351562 2.5294539928436 267.0830078125
78.378204345703 2.6380605697632 266.97189331055
79.135673522949 2.7255742549896 266.87637329102
79.893142700195 2.8132655620575 266.7809753418
80.650428771973 2.9131033420563 266.69671630859
81.409049987793 3.0092709064484 266.62072753906
82.172813415527 3.0530691146851 266.54815673828
82.929931640625 3.1559236049652 266.46621704102
83.678581237793 3.3047337532043 266.37716674805
84.426132202148 3.4471712112427 266.27029418945
85.169815063477 3.5757358074188 266.12554931641
85.907325744629 3.7152721881866 265.96072387695
67.940811157227 2.3643827438354 269.93862915039
68.573104858398 2.0406501293182 270.11645507812
69.221946716309 2.0833270549774 270.46499633789
69.902084350586 2.1302208900452 270.74716186523
70.558074951172 2.1510009765625 271.08453369141
71.221160888672 2.161915063858 271.408203125
71.897964477539 2.1640133857727 271.70236206055
72.576965332031 2.1650893688202 271.99142456055
73.253479003906 2.1768414974213 272.28567504883
73.912010192871 2.2543594837189 272.60943603516
74.593460083008 2.3114218711853 272.88684082031
75.284049987793 2.3591620922089 273.142578125
75.967658996582 2.4169244766235 273.41445922852
76.640594482422 2.4889304637909 273.7087097168
77.315994262695 2.5644774436951 273.99630737305
77.99821472168 2.6503646373749 274.26428222656
78.680557250977 2.7362544536591 274.53189086914
79.370498657227 2.8223860263824 274.77914428711
80.073257446289 2.9088504314423 274.98712158203
80.776863098145 3.0009117126465 275.18975830078
81.482643127441 3.1109595298767 275.37515258789
82.184638977051 3.2169959545135 275.57653808594
82.877914428711 3.3143675327301 275.80993652344
83.555870056152 3.3971326351166 276.08941650391
84.235763549805 3.4932293891907 276.35980224609
