94.648223876953 5.538622379303 442.01760864258
89.842338562012 -6.3589038848877 441.28698730469
86.720100402832 -7.79962682724 435.09524536133
94.998550415039 -11.753235816956 439.28274536133
94.346069335938 5.3037924766541 442.35797119141
94.054244995117 4.9571599960327 442.59655761719
93.791313171387 4.5383219718933 442.73129272461
93.53515625 4.1098308563232 442.84716796875
93.301536560059 3.6574938297272 442.90649414062
93.084831237793 3.1935029029846 442.92810058594
92.876029968262 2.7254953384399 442.93313598633
92.687522888184 2.250156879425 442.89797973633
92.499229431152 1.7747631072998 442.86242675781
92.316711425781 1.2980626821518 442.81594848633
92.143852233887 0.81981962919235 442.75177001953
91.9609375 0.34319993853569 442.70599365234
91.788673400879 -0.13512025773525 442.64077758789
91.628684997559 -0.61426788568497 442.55395507812
91.464126586914 -1.0932276248932 442.47506713867
91.319320678711 -1.5718680620193 442.36260986328
91.164733886719 -2.0510203838348 442.26651000977
91.01985168457 -2.5296597480774 442.15414428711
90.863578796387 -3.0088346004486 442.06094360352
90.721611022949 -3.4872217178345 441.94384765625
90.570976257324 -3.9662356376648 441.84103393555
90.41716003418 -4.4453678131104 441.74359130859
90.27222442627 -4.9240221977234 441.63134765625
90.117805480957 -5.4031748771667 441.53497314453
89.980766296387 -5.8809356689453 441.4098815918
94.123992919922 5.1405181884766 442.02645874023
93.77872467041 4.5935702323914 441.90518188477
93.433280944824 4.122326374054 441.59820556641
93.048942565918 3.6660387516022 441.31576538086
92.702865600586 3.1952233314514 441.00866699219
92.383178710938 2.703848361969 440.70513916016
92.046585083008 2.2116746902466 440.42178344727
91.715339660645 1.7140691280365 440.14169311523
91.402877807617 1.2081413269043 439.85494995117
91.096199035645 0.698910176754 439.56784057617
90.785354614258 0.18708561360836 439.29016113281
90.522277832031 -0.34802356362343 439.00686645508
90.248191833496 -0.87712895870209 438.72274780273
89.95922088623 -1.3977370262146 438.43765258789
89.686012268066 -1.9234182834625 438.14642333984
89.430740356445 -2.4557282924652 437.85098266602
89.15943145752 -2.9828767776489 437.56066894531
88.923301696777 -3.5252802371979 437.26763916016
88.675300598145 -4.0629630088806 436.97576904297
88.414833068848 -4.6023225784302 436.69818115234
88.147590637207 -5.1441426277161 436.43203735352
87.870407104492 -5.6852259635925 436.17471313477
87.603385925293 -6.2291359901428 435.91265869141
87.342903137207 -6.7742257118225 435.64654541016
87.032012939453 -7.2872848510742 435.37097167969
94.562522888184 4.9093599319458 442.25762939453
94.528823852539 4.2313642501831 442.27255249023
94.593391418457 3.5605597496033 442.18893432617
94.647644042969 2.8911793231964 442.08834838867
94.701110839844 2.21959400177 442.00317382812
94.75025177002 1.5468550920486 441.9248046875
94.792938232422 0.87549096345901 441.83215332031
94.82154083252 0.20524123311043 441.72686767578
94.823867797852 -0.46667796373367 441.6286315918
94.846244812012 -1.1400446891785 441.54370117188
94.861778259277 -1.8076869249344 441.42065429688
94.849899291992 -2.4758851528168 441.30020141602
94.850761413574 -3.1430468559265 441.17358398438
94.866798400879 -3.8083779811859 441.03863525391
94.878730773926 -4.468403339386 440.87936401367
94.889167785645 -5.1265811920166 440.71255493164
94.894218444824 -5.7856874465942 440.54916381836
94.893272399902 -6.4458074569702 440.38986206055
94.887901306152 -7.1087732315063 440.24295043945
94.877960205078 -7.7744174003601 440.10894775391
94.877174377441 -8.4358043670654 439.95498657227
94.878540039062 -9.0960569381714 439.79623413086
94.86181640625 -9.7626447677612 439.66772460938
94.865661621094 -10.426223754883 439.52355957031
94.906127929688 -11.085802078247 439.36715698242
