92.609176635742 -22.531894683838 326.43148803711
54.226943969727 17.386920928955 332.64059448242
36.601497650146 10.978959083557 314.19345092773
34.075210571289 4.1102914810181 340.64367675781
94.052001953125 -20.679229736328 327.15576171875
95.109481811523 -18.588285446167 327.89599609375
95.698165893555 -16.316877365112 328.62435913086
95.702827453613 -13.95440196991 329.29971313477
95.269683837891 -11.614256858826 329.9094543457
94.41096496582 -9.3723020553589 330.43365478516
93.272506713867 -7.2443614006042 330.88739013672
91.687362670898 -5.3947830200195 331.20120239258
89.791923522949 -3.842276096344 331.38821411133
87.778457641602 -2.443238735199 331.51538085938
85.498062133789 -1.5547251701355 331.46069335938
83.093132019043 -1.0862879753113 331.26916503906
80.834953308105 -0.15803968906403 331.22888183594
78.632835388184 0.93296295404434 331.24258422852
76.538597106934 2.216094493866 331.32577514648
74.446090698242 3.5022263526917 331.41006469727
72.404823303223 4.8660526275635 331.5234375
70.308822631836 6.1466164588928 331.60565185547
68.254981994629 7.4920663833618 331.71209716797
66.180221557617 8.8059244155884 331.80670166016
64.114540100098 10.133639335632 331.90649414062
62.108573913574 11.547280311584 332.03887939453
60.117446899414 12.981015205383 332.17904663086
58.107204437256 14.388721466064 332.30914306641
56.185523986816 15.910701751709 332.48391723633
92.692893981934 -20.018779754639 325.23348999023
92.658569335938 -17.233129501343 325.09140014648
91.859893798828 -14.580862998962 324.88320922852
89.936378479004 -12.636984825134 324.3264465332
87.725791931152 -10.982106208801 323.92651367188
85.729858398438 -9.0342826843262 323.84573364258
83.446342468262 -7.4722757339478 323.47540283203
80.955215454102 -6.2640895843506 323.10791015625
78.439361572266 -5.1123704910278 322.73086547852
75.923080444336 -3.9100332260132 322.58712768555
73.512786865234 -2.4998619556427 322.54049682617
71.152954101562 -1.0099152326584 322.43634033203
68.815254211426 0.4932553768158 322.16705322266
66.336357116699 1.7790015935898 322.1252746582
63.929126739502 3.1858551502228 321.96286010742
61.55054473877 4.6234369277954 321.68692016602
59.193855285645 6.0704350471497 321.29669189453
56.868785858154 7.4995064735413 320.70428466797
54.361530303955 8.6053028106689 320.16436767578
51.846817016602 9.6560525894165 319.55389404297
49.274196624756 10.609818458557 319.03179931641
46.721549987793 11.514898300171 318.34963989258
44.01774597168 11.915919303894 317.77639770508
41.331493377686 11.909112930298 317.01327514648
38.93673324585 11.471898078918 315.64410400391
91.973808288574 -20.814100265503 328.49658203125
92.091369628906 -18.575201034546 330.10287475586
91.104690551758 -16.412897109985 331.49816894531
89.216079711914 -14.714323997498 332.57565307617
86.866409301758 -13.524170875549 333.40579223633
84.594848632812 -12.024081230164 333.87353515625
82.201156616211 -10.655039787292 334.02404785156
79.637405395508 -9.6735868453979 334.32507324219
76.992294311523 -9.0522537231445 334.81024169922
74.491333007812 -7.9018769264221 335.03567504883
72.144546508789 -6.4452300071716 335.11413574219
69.769233703613 -5.0449662208557 335.29116821289
67.321090698242 -3.7665452957153 335.33929443359
64.879241943359 -2.544900894165 335.76388549805
62.49889755249 -1.2449221611023 336.29312133789
60.128204345703 0.055428929626942 336.86279296875
57.702777862549 1.2382239103317 337.45742797852
55.253467559814 2.2965652942657 338.17559814453
52.712200164795 3.1806819438934 338.80502319336
50.146385192871 4.0654802322388 339.32443237305
47.581840515137 4.9791564941406 339.79315185547
44.862628936768 5.3858261108398 340.06900024414
42.130310058594 5.7923860549927 340.12078857422
39.37525177002 5.5923933982849 340.18560791016
36.739418029785 4.8334679603577 340.52072143555
