101.93946075439 -11.022280693054 437.79751586914
94.066513061523 2.2269167900085 440.48165893555
89.223175048828 1.2033737897873 442.2568359375
94.608024597168 3.215000629425 445.15057373047
101.87957000732 -10.466966629028 437.53912353516
101.70125579834 -9.8862352371216 437.427734375
101.48147583008 -9.3110618591309 437.37670898438
101.24070739746 -8.7422943115234 437.35848999023
100.98639678955 -8.1791553497314 437.36227416992
100.72061157227 -7.6218271255493 437.38537597656
100.44203186035 -7.0721216201782 437.43072509766
100.15752410889 -6.5264539718628 437.48669433594
99.864616394043 -5.987105846405 437.55810546875
99.558517456055 -5.4590444564819 437.65451049805
99.247077941895 -4.9362454414368 437.76153564453
98.923301696777 -4.4267644882202 437.89358520508
98.595886230469 -3.9217083454132 438.0334777832
98.269165039062 -3.4157688617706 438.17175292969
97.939323425293 -2.9137630462646 438.31674194336
97.602157592773 -2.4216206073761 438.47784423828
97.26252746582 -1.9330317974091 438.64450073242
96.915641784668 -1.45574426651 438.82809448242
96.568984985352 -0.97808647155762 439.01116943359
96.219688415527 -0.50484985113144 439.20059204102
95.863800048828 -0.043437678366899 439.40621948242
95.507453918457 0.41706693172455 439.61309814453
95.154121398926 0.88322919607162 439.81231689453
94.793586730957 1.3353834152222 440.03009033203
94.430053710938 1.7811501026154 440.255859375
101.45359802246 -10.495787620544 437.74429321289
101.06224822998 -9.8989877700806 437.68276977539
100.65703582764 -9.3060636520386 437.7008972168
100.26515960693 -8.7201957702637 437.82028198242
99.880416870117 -8.1296815872192 437.9411315918
99.496360778809 -7.5234642028809 437.96701049805
99.080551147461 -6.9563980102539 438.11410522461
98.65535736084 -6.4219512939453 438.33004760742
98.215156555176 -5.9065976142883 438.56753540039
97.769149780273 -5.390613079071 438.79306030273
97.309608459473 -4.8887357711792 439.02035522461
96.814353942871 -4.4186229705811 439.24337768555
96.307411193848 -3.9629402160645 439.47021484375
95.801330566406 -3.4948828220367 439.67233276367
95.299278259277 -3.0197730064392 439.86782836914
94.795860290527 -2.5446858406067 440.05914306641
94.268463134766 -2.0985500812531 440.25637817383
93.732391357422 -1.6641677618027 440.45593261719
93.187522888184 -1.2417221069336 440.65780639648
92.642349243164 -0.84079533815384 440.89556884766
92.096900939941 -0.45967289805412 441.16632080078
91.53547668457 -0.10360318422318 441.43811035156
90.969940185547 0.24900083243847 441.70559692383
90.409507751465 0.6432728767395 441.92135620117
89.845855712891 1.006515622139 442.17681884766
101.74361419678 -10.358105659485 437.85559082031
101.54580688477 -9.6941318511963 437.90850830078
101.33507537842 -9.0355768203735 437.95755004883
100.99580383301 -8.4518175125122 438.1217956543
100.65505981445 -7.8695206642151 438.28811645508
100.31134796143 -7.2901659011841 438.45861816406
100.02780914307 -6.674268245697 438.60961914062
99.712455749512 -6.0950403213501 438.80514526367
99.326484680176 -5.5931749343872 439.0915222168
98.979461669922 -5.0627355575562 439.37023925781
98.689430236816 -4.4903535842896 439.63671875
98.425003051758 -3.8976452350616 439.88497924805
98.12671661377 -3.3541209697723 440.19076538086
97.803970336914 -2.8461236953735 440.5380859375
97.490463256836 -2.3369994163513 440.89205932617
97.18083190918 -1.827401638031 441.24884033203
96.884582519531 -1.3175857067108 441.61642456055
96.601333618164 -0.80194008350372 441.98596191406
96.331085205078 -0.27857202291489 442.35461425781
96.080268859863 0.2528945505619 442.72525024414
95.815765380859 0.7697177529335 443.1044921875
95.499076843262 1.2405953407288 443.50555419922
95.352546691895 1.7622748613358 443.91693115234
95.22380065918 2.3077757358551 444.31643676758
94.961578369141 2.8072855472565 444.71282958984
