61.340175628662 -2.6602458953857 273.19653320312
71.081634521484 0.77779632806778 278.11682128906
69.906433105469 -3.5479192733765 278.68371582031
71.747688293457 -1.5719929933548 273.58990478516
61.537410736084 -2.3297278881073 273.43063354492
61.82727432251 -2.0701379776001 273.65808105469
62.13256072998 -1.8260905742645 273.8825378418
62.454460144043 -1.6003671884537 274.10293579102
62.794868469238 -1.3973799943924 274.31756591797
63.146514892578 -1.2096992731094 274.52795410156
63.504302978516 -1.0309249162674 274.73574829102
63.868179321289 -0.86143589019775 274.9407043457
64.240676879883 -0.70593309402466 275.14123535156
64.618621826172 -0.5598771572113 275.33862304688
64.999305725098 -0.41877949237823 275.53439331055
65.380439758301 -0.27854770421982 275.72985839844
65.775268554688 -0.16562248766422 275.91561889648
66.15975189209 -0.031691335141659 276.10894775391
66.553466796875 0.083631500601768 276.29559326172
66.950492858887 0.19163401424885 276.47958374023
67.352020263672 0.2891540825367 276.65960693359
67.751174926758 0.39231273531914 276.84176635742
68.157356262207 0.47808343172073 277.01727294922
68.55509185791 0.58451771736145 277.20065307617
68.966262817383 0.65639108419418 277.37063598633
69.378547668457 0.72512471675873 277.53930664062
69.799362182617 0.76484566926956 277.69573974609
70.222457885742 0.7951375246048 277.84811401367
70.649551391602 0.80598849058151 277.99169921875
61.515361785889 -2.7132439613342 273.54696655273
61.822185516357 -2.7156977653503 273.79873657227
62.167064666748 -2.7054715156555 273.99856567383
62.511833190918 -2.6919031143188 274.19766235352
62.850872039795 -2.6547939777374 274.40405273438
63.197078704834 -2.6357083320618 274.60073852539
63.549831390381 -2.6347813606262 274.78646850586
63.904167175293 -2.6511771678925 274.96835327148
64.251472473145 -2.6851875782013 275.16101074219
64.598892211914 -2.7432072162628 275.34780883789
64.944534301758 -2.8151597976685 275.53314208984
65.287239074707 -2.8862540721893 275.72412109375
65.629058837891 -2.9676713943481 275.91259765625
65.972465515137 -3.038697719574 276.10198974609
66.31324005127 -3.0746428966522 276.30560302734
66.646347045898 -3.0826466083527 276.52453613281
66.989166259766 -3.0836021900177 276.72817993164
67.33024597168 -3.0900099277496 276.9345703125
67.664054870605 -3.1123330593109 277.15151977539
67.993728637695 -3.1447737216949 277.37344360352
68.319076538086 -3.1963987350464 277.59805297852
68.639961242676 -3.2844874858856 277.81716918945
68.931671142578 -3.4769451618195 278.00897216797
69.252716064453 -3.56627202034 278.22729492188
69.579582214355 -3.5570952892303 278.45550537109
61.698509216309 -2.4907267093658 273.09005737305
62.061466217041 -2.3272874355316 273.20208740234
62.45043182373 -2.233603477478 273.30816650391
62.841381072998 -2.1375913619995 273.40441894531
63.233982086182 -2.0492486953735 273.50106811523
63.635116577148 -1.9866937398911 273.5813293457
64.040428161621 -1.959012389183 273.66052246094
64.444862365723 -1.9125115871429 273.73471069336
64.847511291504 -1.8295676708221 273.78106689453
65.260055541992 -1.8110437393188 273.80847167969
65.673316955566 -1.8239231109619 273.82791137695
66.086654663086 -1.8313137292862 273.84280395508
66.49479675293 -1.7626305818558 273.84857177734
66.902893066406 -1.6951023340225 273.86306762695
67.309814453125 -1.6301960945129 273.90182495117
67.709060668945 -1.5292234420776 273.94348144531
68.106513977051 -1.4206713438034 273.98272705078
68.514724731445 -1.3554133176804 274.00350952148
68.92529296875 -1.3040624856949 274.01446533203
69.33814239502 -1.2747237682343 274.01000976562
69.751762390137 -1.2593863010406 274.01379394531
70.161010742188 -1.3003634214401 273.96823120117
70.552551269531 -1.3924552202225 273.87063598633
70.956092834473 -1.4461282491684 273.79583740234
71.354881286621 -1.5059409141541 273.70245361328
