61.097068786621 5.3301553726196 273.73992919922
66.842239379883 -4.043848991394 273.62557983398
71.619781494141 0.63454556465149 270.724609375
69.870933532715 0.068259790539742 277.94995117188
61.002792358398 4.9088382720947 273.69012451172
61.065372467041 4.4785022735596 273.65942382812
61.148746490479 4.0515027046204 273.63165283203
61.250984191895 3.628436088562 273.60656738281
61.358741760254 3.207008600235 273.58236694336
61.535247802734 2.8086156845093 273.56893920898
61.729877471924 2.4186420440674 273.55859375
61.921787261963 2.0273530483246 273.54772949219
62.131591796875 1.6452692747116 273.54000854492
62.348114013672 1.2669613361359 273.53341674805
62.588146209717 0.90303659439087 273.53112792969
62.840229034424 0.54746234416962 273.53112792969
63.136066436768 0.22735111415386 273.53982543945
63.425247192383 -0.098787315189838 273.5471496582
63.736194610596 -0.40410792827606 273.55908203125
64.065483093262 -0.68929296731949 273.57522583008
64.360824584961 -1.0098547935486 273.58383178711
64.641174316406 -1.343683719635 273.58929443359
64.917259216309 -1.6810574531555 273.59399414062
65.186828613281 -2.0236811637878 273.5973815918
65.464782714844 -2.3595118522644 273.60238647461
65.759407043457 -2.6807494163513 273.61087036133
66.057891845703 -2.9982087612152 273.62017822266
66.317001342773 -3.3488161563873 273.62149047852
66.565505981445 -3.707026720047 273.62078857422
61.319206237793 5.1486206054688 273.35305786133
61.581329345703 4.848726272583 273.10821533203
61.876949310303 4.5079689025879 272.94299316406
62.19299697876 4.1709265708923 272.80700683594
62.572937011719 3.8838222026825 272.75003051758
62.961483001709 3.6041510105133 272.69750976562
63.350597381592 3.324569940567 272.64920043945
63.747295379639 3.0543522834778 272.61245727539
64.163032531738 2.814683675766 272.58782958984
64.605247497559 2.624014377594 272.57971191406
65.015525817871 2.3897569179535 272.48947143555
65.435348510742 2.1718759536743 272.40026855469
65.869674682617 1.9884461164474 272.30578613281
66.306213378906 1.8233788013458 272.18939208984
66.726470947266 1.6451810598373 272.03695678711
67.138236999512 1.4981707334518 271.8349609375
67.607894897461 1.4203402996063 271.83963012695
68.081146240234 1.3343900442123 271.85870361328
68.552307128906 1.2353458404541 271.87161254883
69.013679504395 1.1087098121643 271.81631469727
69.439414978027 1.0097734928131 271.63900756836
69.845153808594 0.92645823955536 271.39321899414
70.302879333496 0.85798323154449 271.26510620117
70.755264282227 0.78771132230759 271.12088012695
71.187522888184 0.71112841367722 270.92272949219
61.153755187988 5.0964303016663 274.13403320312
61.451141357422 4.8355689048767 274.23602294922
61.719188690186 4.5497436523438 274.3505859375
61.78218460083 4.2305107116699 274.67126464844
62.089179992676 3.9078719615936 274.77996826172
62.498287200928 3.6954071521759 274.75454711914
62.840389251709 3.4077610969543 274.84094238281
63.171649932861 3.1118810176849 274.96603393555
63.514404296875 2.8322508335114 275.09381103516
63.920669555664 2.6226079463959 275.15826416016
64.287269592285 2.3750331401825 275.27239990234
64.630630493164 2.1065835952759 275.42208862305
65.00959777832 1.8776516914368 275.55294799805
65.382019042969 1.6610022783279 275.71783447266
65.755714416504 1.4527298212051 275.89019775391
66.161247253418 1.3040150403976 276.05325317383
66.521179199219 1.1236654520035 276.27713012695
66.900260925293 0.98108929395676 276.49676513672
67.252807617188 0.80725705623627 276.73739624023
67.668121337891 0.70267367362976 276.78897094727
68.117584228516 0.63496547937393 276.75646972656
68.527854919434 0.51126879453659 276.92831420898
68.832572937012 0.38580450415611 277.20986938477
69.04222869873 0.26117494702339 277.59127807617
69.456581115723 0.16471737623215 277.77059936523
