133.45613098145 -4.2702951431274 331.31317138672
118.97039031982 -20.839975357056 330.52563476562
113.26856231689 -14.191795349121 340.59375
110.46280670166 -11.476981163025 325.0329284668
133.98316955566 -5.0251932144165 331.09524536133
134.05827331543 -5.9545435905457 330.91494750977
134.03656005859 -6.8889298439026 330.74859619141
133.84588623047 -7.8090891838074 330.61071777344
133.61781311035 -8.7217645645142 330.47998046875
133.37298583984 -9.6304740905762 330.35247802734
133.05392456055 -10.517735481262 330.24026489258
132.60292053223 -11.349575996399 330.15835571289
132.1304473877 -12.169892311096 330.08184814453
131.59902954102 -12.954706192017 330.02084350586
131.02783203125 -13.711874961853 329.97091674805
130.4242401123 -14.44386100769 329.93054199219
129.72161865234 -15.082880020142 329.92224121094
129.04196166992 -15.746131896973 329.90606689453
128.34432983398 -16.390567779541 329.89599609375
127.60549163818 -16.987390518188 329.90097045898
126.75731658936 -17.411376953125 329.95404052734
125.93949890137 -17.892835617065 329.99200439453
125.05907440186 -18.241474151611 330.06372070312
124.22666168213 -18.696529388428 330.10876464844
123.34581756592 -19.043859481812 330.18078613281
122.47453308105 -19.416130065918 330.24676513672
121.57722473145 -19.715961456299 330.32998657227
120.68456268311 -20.030416488647 330.40979003906
119.8338394165 -20.449131011963 330.46417236328
133.20698547363 -4.918740272522 332.01065063477
132.83703613281 -5.7728443145752 332.34155273438
132.35890197754 -6.6017050743103 332.58773803711
131.79290771484 -7.3784847259521 332.81625366211
131.13111877441 -8.0686874389648 333.06481933594
130.38580322266 -8.6787643432617 333.2854309082
129.58819580078 -9.2272539138794 333.48458862305
128.78932189941 -9.7739629745483 333.68353271484
127.98117828369 -10.306397438049 333.88265991211
127.13103485107 -10.743877410889 334.13244628906
126.26188659668 -11.125873565674 334.40682983398
125.39804077148 -11.535625457764 334.65689086914
124.52375793457 -11.908563613892 334.92498779297
123.6184463501 -12.092447280884 335.2760925293
122.72229766846 -12.290851593018 335.64245605469
121.83344268799 -12.499894142151 336.02047729492
120.94829559326 -12.698127746582 336.41268920898
120.07695007324 -12.861047744751 336.84957885742
119.20919036865 -13.003610610962 337.30047607422
118.35242462158 -13.096024513245 337.78430175781
117.49742126465 -13.188846588135 338.27114868164
116.66167449951 -13.286415100098 338.78942871094
115.81183624268 -13.495836257935 339.2483215332
114.97576141357 -13.764198303223 339.70178222656
114.15046691895 -14.012678146362 340.18530273438
132.95806884766 -4.5018010139465 330.48736572266
132.2663269043 -5.067446231842 330.03894042969
131.72035217285 -5.833459854126 329.68942260742
131.08483886719 -6.509042263031 329.30560302734
130.36950683594 -7.1416792869568 328.99746704102
129.56056213379 -7.6788001060486 328.74383544922
128.69148254395 -8.1590061187744 328.59393310547
127.79611206055 -8.6035900115967 328.49716186523
126.88819885254 -9.0160293579102 328.37832641602
125.96392059326 -9.3792514801025 328.22805786133
125.03096008301 -9.7201490402222 328.07931518555
124.08602905273 -10.027477264404 327.93283081055
123.13264465332 -10.306239128113 327.78561401367
122.15775299072 -10.495998382568 327.63665771484
121.17309570312 -10.623722076416 327.48532104492
120.18452453613 -10.714996337891 327.33285522461
119.19634246826 -10.804883956909 327.177734375
118.21699523926 -10.863748550415 326.96276855469
117.24273681641 -10.909370422363 326.72283935547
116.27368927002 -10.941190719604 326.46060180664
115.30488586426 -10.969714164734 326.19720458984
114.3249130249 -11.019477844238 325.98275756836
113.35186004639 -11.046800613403 325.73526000977
112.38453674316 -11.101866722107 325.47064208984
111.42192077637 -11.248067855835 325.22409057617
