59.165798187256 -0.39747485518456 272.95318603516
72.360534667969 2.2812416553497 276.68606567383
73.559860229492 -2.2322690486908 277.92208862305
74.680297851562 0.063141368329525 273.04476928711
59.446418762207 0.01400248426944 273.19192504883
59.840442657471 0.33388245105743 273.41119384766
60.289012908936 0.58829510211945 273.61157226562
60.746166229248 0.83006590604782 273.80786132812
61.22590637207 1.0350708961487 273.99200439453
61.712272644043 1.2278832197189 274.17184448242
62.208198547363 1.4014066457748 274.34494018555
62.718784332275 1.5412998199463 274.50561523438
63.234130859375 1.6685514450073 274.66156005859
63.753391265869 1.7845202684402 274.81326293945
64.277381896973 1.8856860399246 274.95919799805
64.804351806641 1.9766070842743 275.10107421875
65.333961486816 2.0577640533447 275.2389831543
65.866195678711 2.1281850337982 275.37265014648
66.399711608887 2.1929814815521 275.50402832031
66.935592651367 2.2464792728424 275.63073730469
67.474975585938 2.2800631523132 275.74923706055
68.014892578125 2.3100752830505 275.8662109375
68.55615234375 2.3303306102753 275.97903442383
69.096839904785 2.3548810482025 276.09371948242
69.639183044434 2.3657824993134 276.20254516602
70.18172454834 2.3747072219849 276.310546875
70.726432800293 2.3520753383636 276.40475463867
71.270874023438 2.3360674381256 276.50186157227
71.815811157227 2.3042693138123 276.59204101562
59.603900909424 -0.43998920917511 273.37176513672
60.035064697266 -0.24930769205093 273.74307250977
60.584613800049 -0.18784716725349 273.9739074707
61.164909362793 -0.17483396828175 274.15036010742
61.74877166748 -0.15887826681137 274.31530761719
62.326946258545 -0.11105849593878 274.49526977539
62.914619445801 -0.08546794205904 274.64379882812
63.507354736328 -0.075701609253883 274.77581787109
64.097877502441 -0.090702444314957 274.91732788086
64.687339782715 -0.09750884026289 275.06356811523
65.276275634766 -0.10170741379261 275.21179199219
65.867095947266 -0.15839213132858 275.34094238281
66.439392089844 -0.23487237095833 275.52908325195
67.001457214355 -0.3335539996624 275.73583984375
67.557075500488 -0.44687667489052 275.95358276367
68.118721008301 -0.55048453807831 276.16000366211
68.683753967285 -0.64752852916718 276.36047363281
69.231597900391 -0.74121201038361 276.60552978516
69.784996032715 -0.83773756027222 276.83520507812
70.351524353027 -0.94098055362701 277.02844238281
70.918045043945 -1.0457761287689 277.22073364258
71.484436035156 -1.1774003505707 277.39633178711
72.046524047852 -1.328577041626 277.56823730469
72.602233886719 -1.5086512565613 277.73458862305
73.081047058105 -1.870460152626 277.82833862305
59.659690856934 -0.07641426473856 272.82720947266
60.249114990234 0.077304005622864 272.89605712891
60.824214935303 0.27637794613838 272.96771240234
61.421306610107 0.37927860021591 273.04675292969
62.023742675781 0.4521843791008 273.13204956055
62.626411437988 0.49896436929703 273.23397827148
63.229843139648 0.54032319784164 273.3332824707
63.835037231445 0.56920725107193 273.42654418945
64.441757202148 0.58621191978455 273.51052856445
65.050735473633 0.58559745550156 273.58074951172
65.661018371582 0.57869863510132 273.63604736328
66.272468566895 0.56623840332031 273.67813110352
66.884559631348 0.56986027956009 273.69439697266
67.497245788574 0.5883617401123 273.68682861328
68.109046936035 0.60069686174393 273.65042114258
68.720962524414 0.61823439598083 273.61947631836
69.333045959473 0.64340615272522 273.59692382812
69.945236206055 0.65681499242783 273.56954956055
70.557746887207 0.66946041584015 273.55282592773
71.170272827148 0.68809169530869 273.54180908203
71.781982421875 0.70416784286499 273.51263427734
72.390045166016 0.63194185495377 273.48370361328
72.998954772949 0.57334095239639 273.44467163086
73.601348876953 0.49871695041656 273.36346435547
74.168350219727 0.34297707676888 273.23287963867
