57.294395446777 14.805222511292 266.78942871094
61.254428863525 4.3561911582947 267.7121887207
63.456081390381 4.9121356010437 264.73333740234
65.220565795898 4.4166331291199 270.5241394043
57.157371520996 14.453265190125 266.99645996094
57.076030731201 14.023357391357 267.09045410156
57.057842254639 13.582410812378 267.17196655273
57.095691680908 13.136271476746 267.20422363281
57.167594909668 12.693803787231 267.22735595703
57.301895141602 12.269322395325 267.29281616211
57.436195373535 11.844841957092 267.35824584961
57.587104797363 11.423234939575 267.40274047852
57.721706390381 11.000608444214 267.35577392578
57.872783660889 10.586359024048 267.35330200195
58.050464630127 10.182465553284 267.44116210938
58.275253295898 9.8067417144775 267.54510498047
58.455348968506 9.3997650146484 267.53897094727
58.639869689941 8.9939861297607 267.5403137207
58.859764099121 8.6081085205078 267.61041259766
59.090740203857 8.2228546142578 267.63751220703
59.321716308594 7.837601184845 267.66458129883
59.5517578125 7.4516167640686 267.68884277344
59.784206390381 7.0683093070984 267.72155761719
60.026515960693 6.6948432922363 267.78720092773
60.266868591309 6.3204655647278 267.85482788086
60.489654541016 5.9338479042053 267.89916992188
60.689334869385 5.530689239502 267.90859985352
60.90852355957 5.1399946212769 267.95123291016
61.0891456604 4.7482933998108 267.85861206055
57.526561737061 14.47171497345 266.76019287109
57.701362609863 14.074331283569 266.73965454102
57.809074401855 13.691487312317 266.50228881836
57.942333221436 13.278319358826 266.36053466797
58.094753265381 12.849872589111 266.27490234375
58.298011779785 12.437247276306 266.22073364258
58.511775970459 12.030636787415 266.16693115234
58.767364501953 11.647961616516 266.11456298828
59.02294921875 11.265287399292 266.06219482422
59.268699645996 10.877281188965 266.00256347656
59.515655517578 10.490038871765 265.94314575195
59.775932312012 10.11094379425 265.88790893555
60.033428192139 9.7306976318359 265.82827758789
60.285301208496 9.3481178283691 265.75970458984
60.549713134766 8.9735431671143 265.69485473633
60.808513641357 8.5980262756348 265.61837768555
61.043807983398 8.2137546539307 265.51123046875
61.289024353027 7.8384480476379 265.39529418945
61.539714813232 7.4662933349609 265.28131103516
61.803672790527 7.0954504013062 265.19580078125
62.07103729248 6.728235244751 265.10583496094
62.34451675415 6.3675241470337 265.00784301758
62.630599975586 6.0090308189392 264.94381713867
62.914836883545 5.6500482559204 264.87448120117
63.193027496338 5.2872972488403 264.80087280273
57.5517578125 14.43128490448 267.06503295898
57.73917388916 14.019748687744 267.2060546875
58.054058074951 13.644463539124 267.27557373047
58.271976470947 13.210141181946 267.48663330078
58.537090301514 12.784953117371 267.66098022461
58.807796478271 12.349655151367 267.79962158203
59.08854675293 11.920943260193 267.93890380859
59.346271514893 11.48468208313 268.0973815918
59.617267608643 11.054144859314 268.24890136719
59.908470153809 10.631419181824 268.38287353516
60.211994171143 10.214977264404 268.50634765625
60.479187011719 9.791298866272 268.68276977539
60.800006866455 9.3874311447144 268.80151367188
61.136142730713 8.9892959594727 268.9040222168
61.472843170166 8.6021213531494 269.04095458984
61.809532165527 8.2153034210205 269.17889404297
62.142642974854 7.828839302063 269.32531738281
62.462371826172 7.4424786567688 269.5
62.807430267334 7.0572919845581 269.61346435547
63.170776367188 6.6793651580811 269.69729614258
63.52709197998 6.3006720542908 269.79568481445
63.839611053467 5.9010472297668 269.95269775391
64.161811828613 5.5066108703613 270.10116577148
64.512954711914 5.1276741027832 270.22415161133
64.900115966797 4.7811231613159 270.3268737793
