76.814125061035 -10.962464332581 334.71548461914
71.244155883789 15.360754966736 343.76287841797
57.20240020752 12.530594825745 332.14169311523
60.240531921387 6.4857821464539 351.51913452148
77.638877868652 -10.116662025452 335.015625
78.279273986816 -9.1481418609619 335.3564453125
78.819305419922 -8.1174058914185 335.71783447266
79.315055847168 -7.0669250488281 336.0856628418
79.678131103516 -5.9682741165161 336.46884155273
79.94075012207 -4.8457074165344 336.859375
80.128295898438 -3.708801984787 337.25415039062
80.25358581543 -2.5635035037994 337.65124511719
80.293380737305 -1.4122378826141 338.04959106445
80.25838470459 -0.26134747266769 338.44714355469
80.158393859863 0.88621461391449 338.84292602539
79.994781494141 2.0278811454773 339.23602294922
79.73966217041 3.1551048755646 339.62326049805
79.522346496582 4.2891054153442 340.01324462891
79.221405029297 5.4005770683289 340.39468383789
78.770606994629 6.4718737602234 340.76077270508
78.251640319824 7.5157318115234 341.11676025391
77.655120849609 8.5211753845215 341.45874023438
77.007873535156 9.4985370635986 341.79049682617
76.314476013184 10.44731426239 342.11193847656
75.549102783203 11.346067428589 342.41549682617
74.717720031738 12.190021514893 342.69940185547
73.836654663086 12.987080574036 342.96664428711
72.905914306641 13.732124328613 343.21548461914
71.910186767578 14.399382591248 343.4367980957
76.76741027832 -9.9165773391724 334.18225097656
76.575424194336 -8.7216558456421 334.37698364258
75.78564453125 -7.7322382926941 334.61499023438
75.218376159668 -6.6285462379456 334.84335327148
75.099960327148 -5.3690528869629 334.98803710938
74.81672668457 -4.1397218704224 334.76412963867
74.418128967285 -2.9322590827942 334.61599731445
73.755638122559 -1.8591125011444 334.52935791016
72.864974975586 -0.96092313528061 334.29248046875
71.9619140625 -0.072725288569927 334.0751953125
71.028678894043 0.80995321273804 333.97882080078
70.182472229004 1.7743703126907 333.91857910156
69.3896484375 2.7889258861542 333.88052368164
68.635345458984 3.7982540130615 333.62869262695
67.759056091309 4.7154850959778 333.6223449707
66.671211242676 5.3934106826782 333.75024414062
65.590751647949 6.0816926956177 333.86767578125
64.630714416504 6.9389181137085 333.81451416016
63.670673370361 7.7961440086365 333.76135253906
62.710632324219 8.6533699035645 333.70816040039
61.750595092773 9.5105953216553 333.6549987793
60.810832977295 10.383828163147 333.55117797852
59.889133453369 11.271317481995 333.40228271484
58.967433929443 12.158806800842 333.25338745117
57.907367706299 12.520357131958 332.68023681641
76.592651367188 -10.359708786011 335.68942260742
76.871429443359 -9.3368291854858 336.24639892578
76.656761169434 -8.4563493728638 336.90335083008
76.151168823242 -7.6009979248047 337.56747436523
75.924827575684 -6.6472721099854 338.27191162109
75.615386962891 -5.7009811401367 338.94110107422
74.963340759277 -4.9654784202576 339.64303588867
74.300445556641 -4.2438139915466 340.34881591797
73.620544433594 -3.5438358783722 341.06060791016
72.893852233887 -2.8874623775482 341.76034545898
72.058906555176 -2.3251669406891 342.42779541016
71.323486328125 -1.7115234136581 343.15490722656
70.590522766113 -1.0496006011963 343.8473815918
69.826293945312 -0.38981971144676 344.51028442383
69.016052246094 0.22408571839333 345.16070556641
68.288619995117 0.85467559099197 345.88879394531
67.472496032715 1.4370546340942 346.53237915039
66.484893798828 1.946974158287 346.92782592773
65.61213684082 2.5271139144897 347.52703857422
64.778289794922 3.1813139915466 348.10632324219
63.944438934326 3.8355138301849 348.68560791016
63.134353637695 4.5066499710083 349.27709960938
62.380111694336 5.2175841331482 349.89721679688
61.72998046875 5.947509765625 350.60214233398
60.95707321167 6.4782528877258 351.23434448242
