77.565940856934 2.1913101673126 336.4651184082
42.114116668701 -16.293071746826 326.73257446289
37.209846496582 -11.55966091156 349.88818359375
38.710205078125 3.3662581443787 334.58654785156
77.36882019043 1.059045791626 335.23394775391
76.667373657227 -0.043660718947649 334.19873046875
75.767051696777 -1.1131538152695 333.26550292969
74.759788513184 -2.1503014564514 332.40362548828
73.679718017578 -3.1596188545227 331.59698486328
72.503509521484 -4.1235871315002 330.87313842773
71.284507751465 -5.0635094642639 330.19052124023
70.003128051758 -5.9627900123596 329.57443237305
68.676170349121 -6.8315305709839 329.00790405273
67.365966796875 -7.7127089500427 328.42178344727
65.966087341309 -8.5200519561768 327.94891357422
64.499557495117 -9.2557563781738 327.5793762207
62.979522705078 -9.9225225448608 327.30587768555
61.421520233154 -10.53161907196 327.11053466797
59.853862762451 -11.122884750366 326.93869018555
58.26643371582 -11.672468185425 326.82083129883
56.655815124512 -12.157064437866 326.78475952148
55.029605865479 -12.594579696655 326.80752563477
53.399559020996 -13.014482498169 326.85168457031
51.753803253174 -13.330843925476 327.01922607422
50.136615753174 -13.78654384613 327.01831054688
48.524421691895 -14.269129753113 326.95330810547
46.909442901611 -14.740442276001 326.8733215332
45.294467926025 -15.211755752563 326.79333496094
43.679492950439 -15.683069229126 326.71334838867
77.086578369141 0.64758563041687 337.09893798828
75.977752685547 -0.76764190196991 337.19293212891
74.655715942383 -2.0232176780701 337.02947998047
73.258796691895 -3.1926128864288 336.99719238281
71.784957885742 -4.2734813690186 337.09967041016
70.264801025391 -5.1801218986511 337.40875244141
68.669151306152 -5.8027510643005 338.05465698242
67.073501586914 -6.4253807067871 338.70059204102
65.427520751953 -7.0674195289612 339.16613769531
63.763427734375 -7.7164425849915 339.56683349609
62.07735824585 -8.2841510772705 339.97909545898
60.34298324585 -8.6731328964233 340.41683959961
58.608604431152 -9.0621147155762 340.85455322266
56.857429504395 -9.3546657562256 341.28536987305
55.083274841309 -9.5153436660767 341.70672607422
53.30912399292 -9.6760225296021 342.12808227539
51.621368408203 -9.9934148788452 342.72366333008
49.998695373535 -10.428854942322 343.45050048828
48.396308898926 -10.825389862061 344.23745727539
46.81876373291 -11.17427444458 345.09805297852
45.209186553955 -11.407611846924 345.92343139648
43.549293518066 -11.459494590759 346.69354248047
41.889400482178 -11.511377334595 347.46362304688
40.229507446289 -11.56326007843 348.23370361328
38.569618225098 -11.615142822266 349.00381469727
76.944320678711 2.7342810630798 335.20703125
75.796890258789 2.7844240665436 334.01950073242
74.568969726562 2.457127571106 333.00372314453
73.303779602051 1.9550405740738 332.06747436523
71.901824951172 1.5827767848969 331.31219482422
70.390037536621 1.3147673606873 330.70227050781
68.76123046875 1.2974388599396 330.45751953125
67.119155883789 1.335094332695 330.29010009766
65.47306060791 1.4063756465912 330.16915893555
63.826797485352 1.4322731494904 330.04635620117
62.18025970459 1.3830006122589 329.92056274414
60.533718109131 1.3337279558182 329.79476928711
58.893482208252 1.3415961265564 329.90161132812
57.256259918213 1.3768134117126 330.11981201172
55.619037628174 1.4120306968689 330.33801269531
53.983024597168 1.4099428653717 330.56539916992
52.347919464111 1.3800774812698 330.79965209961
50.712810516357 1.3502122163773 331.0339050293
49.08056640625 1.3337298631668 331.27972412109
47.487739562988 1.5015013217926 331.68481445312
45.894908905029 1.6692727804184 332.08990478516
44.302082061768 1.8370443582535 332.49499511719
42.75057220459 2.1596038341522 332.94161987305
41.227188110352 2.5875329971313 333.41650390625
39.703804016113 3.0154623985291 333.89138793945
