62.052383422852 5.7479300498962 273.49960327148
64.466773986816 -6.099262714386 273.60037231445
69.293937683105 -4.3631663322449 270.07540893555
67.853622436523 -4.3282051086426 278.21115112305
61.773250579834 5.363612651825 273.45809936523
61.646659851074 4.9040637016296 273.43435668945
61.610542297363 4.4279866218567 273.42175292969
61.620887756348 3.9504973888397 273.41488647461
61.654315948486 3.47403216362 273.41098022461
61.711406707764 2.9998013973236 273.41006469727
61.7825050354 2.5274677276611 273.41088867188
61.844833374023 2.0539507865906 273.41064453125
61.964122772217 1.5914850234985 273.41775512695
62.06965637207 1.1256632804871 273.42300415039
62.18550491333 0.66231697797775 273.42962646484
62.304668426514 0.19981893897057 273.43673706055
62.430736541748 -0.26083198189735 273.44467163086
62.551517486572 -0.72290724515915 273.45193481445
62.679054260254 -1.1831500530243 273.46005249023
62.803089141846 -1.6443562507629 273.46774291992
62.927341461182 -2.1055028438568 273.47546386719
63.069198608398 -2.5614938735962 273.48550415039
63.238079071045 -3.0080852508545 273.49905395508
63.378189086914 -3.4646189212799 273.5087890625
63.481433868408 -3.9309570789337 273.51379394531
63.65185546875 -4.3768882751465 273.52755737305
63.841796875 -4.814845085144 273.54391479492
64.018928527832 -5.2581996917725 273.55856323242
64.265991210938 -5.6662216186523 273.58261108398
62.329051971436 5.36225938797 273.32647705078
62.615734100342 4.9782776832581 273.16638183594
62.897972106934 4.5866160392761 273.0182800293
63.153564453125 4.2026624679565 272.81213378906
63.390556335449 3.8119518756866 272.59661865234
63.617530822754 3.4170300960541 272.37805175781
63.825260162354 3.0140166282654 272.15509033203
64.023742675781 2.6068654060364 271.93130493164
64.202835083008 2.1908612251282 271.70761108398
64.416007995605 1.7721636295319 271.52200317383
64.655700683594 1.3544243574142 271.36935424805
64.908164978027 0.93792164325714 271.23519897461
65.179656982422 0.52251440286636 271.14147949219
65.483123779297 0.1510841101408 270.98272705078
65.783004760742 -0.2337629199028 270.85202026367
66.067497253418 -0.6447828412056 270.7834777832
66.394668579102 -0.97007441520691 270.57751464844
66.71248626709 -1.3104869127274 270.38171386719
67.017250061035 -1.6798760890961 270.22088623047
67.321067810059 -2.0700447559357 270.11813354492
67.632537841797 -2.4678239822388 270.11285400391
67.94490814209 -2.8637053966522 270.08163452148
68.263076782227 -3.2559881210327 270.06979370117
68.587898254395 -3.6415576934814 270.10290527344
68.933639526367 -4.0099802017212 270.10229492188
62.100646972656 5.4089245796204 273.8215637207
62.322639465332 5.0123372077942 274.00817871094
62.549945831299 4.604558467865 274.1650390625
62.745811462402 4.1982913017273 274.36242675781
62.907070159912 3.7897963523865 274.58654785156
63.057689666748 3.3831920623779 274.82138061523
63.212657928467 2.9738550186157 275.04681396484
63.367938995361 2.5536644458771 275.24917602539
63.473819732666 2.1340510845184 275.48529052734
63.593372344971 1.70541203022 275.69720458984
63.747253417969 1.2737257480621 275.87496948242
63.961723327637 0.84945517778397 276.00598144531
64.177574157715 0.43021890521049 276.14959716797
64.402069091797 0.02811280079186 276.3249206543
64.664962768555 -0.34164839982986 276.51705932617
64.93579864502 -0.68079781532288 276.74951171875
65.223281860352 -1.050000667572 276.9030456543
65.43514251709 -1.4617980718613 277.07208251953
65.684471130371 -1.841203212738 277.26342773438
65.99853515625 -2.1656444072723 277.46081542969
66.252944946289 -2.5514771938324 277.63265991211
66.553756713867 -2.9181380271912 277.76773071289
66.872093200684 -3.267963886261 277.9072265625
67.193382263184 -3.6183197498322 278.03820800781
67.539176940918 -3.9556303024292 278.13708496094
