112.08461761475 -10.869737625122 350.13851928711
90.859710693359 -37.501914978027 349.62210083008
80.999290466309 -22.571590423584 355.45394897461
83.836387634277 -23.734029769897 340.83142089844
113.08036804199 -11.854842185974 350.40365600586
113.5853729248 -13.168204307556 350.62591552734
113.64594268799 -14.582998275757 350.78814697266
113.34219360352 -15.972137451172 350.88952636719
112.77473449707 -17.277948379517 350.93975830078
111.85257720947 -18.364673614502 350.90972900391
110.79879760742 -19.322494506836 350.84475708008
109.6566696167 -20.170745849609 350.75387573242
108.45099639893 -20.923170089722 350.64254760742
107.28347015381 -21.73514175415 350.54373168945
106.15879821777 -22.606914520264 350.45819091797
105.05965423584 -23.511379241943 350.38027954102
103.99552154541 -24.457557678223 350.31243896484
102.93557739258 -25.408504486084 350.24575805664
101.90969848633 -26.396699905396 350.18856811523
100.92108154297 -27.422685623169 350.14135742188
99.913032531738 -28.429315567017 350.08901977539
98.952758789062 -29.482194900513 350.04925537109
97.954307556152 -30.49847984314 349.99945068359
96.939376831055 -31.498086929321 349.94522094727
95.892097473145 -32.463195800781 349.88208007812
94.874549865723 -33.460102081299 349.82717895508
93.86791229248 -34.468189239502 349.77517700195
92.88410949707 -35.498844146729 349.72927856445
91.90015411377 -36.529300689697 349.6833190918
111.64463806152 -10.851500511169 351.48159790039
111.14190673828 -11.247771263123 352.70111083984
110.60606384277 -11.86273765564 353.85543823242
109.55340576172 -12.500564575195 354.4010925293
108.35081481934 -13.145023345947 354.77017211914
107.14823150635 -13.789483070374 355.13928222656
105.91047668457 -14.375374794006 355.46829223633
104.59310150146 -14.828702926636 355.70660400391
103.27573394775 -15.282031059265 355.94491577148
101.94193267822 -15.692567825317 356.10317993164
100.55956268311 -15.976570129395 356.02474975586
99.177185058594 -16.260572433472 355.94631958008
97.794815063477 -16.544574737549 355.86785888672
96.412437438965 -16.828577041626 355.78942871094
95.031295776367 -17.116910934448 355.71133422852
93.709411621094 -17.613569259644 355.65032958984
92.38752746582 -18.110227584839 355.58929443359
91.065643310547 -18.606885910034 355.52825927734
89.743766784668 -19.103544235229 355.46725463867
88.421882629395 -19.600202560425 355.40621948242
87.099998474121 -20.09686088562 355.34518432617
85.778114318848 -20.593519210815 355.2841796875
84.456230163574 -21.090177536011 355.22314453125
83.134346008301 -21.586835861206 355.16213989258
81.812469482422 -22.083494186401 355.10110473633
111.88222503662 -11.176729202271 348.81207275391
111.65656280518 -11.82608795166 347.65673828125
111.41709899902 -12.678688049316 346.60296630859
110.77200317383 -13.478820800781 345.78823852539
109.81147766113 -14.238151550293 345.15936279297
108.85095214844 -14.997483253479 344.53048706055
107.61779785156 -15.494456291199 344.2578125
106.33145904541 -15.940246582031 344.05465698242
105.04511260986 -16.386035919189 343.85147094727
103.76792907715 -16.814226150513 343.57083129883
102.49269866943 -17.238647460938 343.27362060547
101.21746826172 -17.663070678711 342.97640991211
99.942245483398 -18.087493896484 342.67919921875
98.667015075684 -18.511917114258 342.38198852539
97.391784667969 -18.936340332031 342.08477783203
96.116554260254 -19.360763549805 341.78756713867
94.841323852539 -19.785186767578 341.49035644531
93.555061340332 -20.214929580688 341.29263305664
92.250755310059 -20.653371810913 341.2575378418
90.94645690918 -21.091815948486 341.22244262695
89.642150878906 -21.530258178711 341.18734741211
88.337844848633 -21.968702316284 341.15225219727
87.033538818359 -22.407144546509 341.11715698242
85.729232788086 -22.845588684082 341.08206176758
84.424926757812 -23.284030914307 341.04696655273
