76.62474822998 -12.326050758362 331.09387207031
71.293830871582 20.581789016724 339.73822021484
62.944869995117 12.736472129822 328.77850341797
61.54080581665 7.8597402572632 345.88327026367
77.872581481934 -11.478981971741 331.38580322266
78.774719238281 -10.292695045471 331.75228881836
79.628318786621 -9.0713605880737 332.12582397461
80.415168762207 -7.8083534240723 332.50729370117
81.169235229492 -6.526524066925 332.89218139648
81.887969970703 -5.2255868911743 333.2805480957
82.334625244141 -3.8134918212891 333.68533325195
82.661270141602 -2.3688843250275 334.09289550781
82.866775512695 -0.90208220481873 334.50039672852
82.926795959473 0.57874709367752 334.90444946289
82.870300292969 2.061206817627 335.30307006836
82.688591003418 3.5358257293701 335.69326782227
82.388595581055 4.9937596321106 336.07305908203
82.004905700684 6.4342679977417 336.44390869141
81.551177978516 7.8564586639404 336.80630493164
81.019561767578 9.2540998458862 337.15814208984
80.375030517578 10.607844352722 337.4924621582
79.665573120117 11.931552886963 337.81539916992
78.907791137695 13.230454444885 338.12915039062
78.002853393555 14.439248085022 338.41107177734
76.86572265625 15.449124336243 338.62756347656
75.792976379395 16.522808074951 338.86456298828
74.626251220703 17.500217437744 339.07077026367
73.653312683105 18.659090042114 339.33581542969
72.43888092041 19.580297470093 339.5244140625
76.659126281738 -11.277923583984 330.4814453125
76.798408508301 -10.076361656189 330.35116577148
76.860908508301 -8.8666687011719 330.47232055664
76.901077270508 -7.6573572158813 330.60607910156
76.89045715332 -6.4469718933105 330.73574829102
76.745567321777 -5.2427496910095 330.83966064453
76.564163208008 -4.042875289917 330.93630981445
76.349166870117 -2.8450198173523 330.9641418457
76.066474914551 -1.6620794534683 330.91491699219
75.603378295898 -0.55030083656311 330.74215698242
74.533157348633 -0.15146559476852 330.37881469727
73.367660522461 -0.029468411579728 330.07568359375
72.289100646973 0.49844607710838 329.88592529297
71.30549621582 1.2012478113174 329.7744140625
70.505714416504 2.116295337677 329.70462036133
69.755874633789 3.0684425830841 329.6399230957
69.288635253906 4.1897878646851 329.56475830078
68.900215148926 5.3403906822205 329.47994995117
68.491233825684 6.4811925888062 329.3840637207
67.855285644531 7.5129823684692 329.27209472656
67.175338745117 8.5068855285645 329.09411621094
66.470069885254 9.4759340286255 328.88150024414
65.703926086426 10.408648490906 328.7233581543
64.921867370605 11.329251289368 328.58102416992
63.934871673584 12.035294532776 328.67749023438
76.626647949219 -11.762755393982 332.21966552734
76.791236877441 -10.780048370361 332.99380493164
76.886581420898 -9.6763772964478 333.59811401367
76.845039367676 -8.4915943145752 334.03143310547
76.78963470459 -7.3446717262268 334.5556640625
76.670669555664 -6.2214093208313 335.11911010742
76.437995910645 -5.1347899436951 335.71774291992
76.138336181641 -4.0701184272766 336.32595825195
75.891487121582 -3.029021024704 336.99554443359
75.091659545898 -2.4016516208649 337.71401977539
73.933876037598 -2.8013808727264 337.99575805664
72.730682373047 -2.5580418109894 338.23754882812
71.796981811523 -1.8774809837341 338.7451171875
70.848190307617 -1.1586153507233 339.16461181641
69.957412719727 -0.38507175445557 339.61053466797
69.248039245605 0.4739203453064 340.19027709961
68.944709777832 1.441237449646 340.94155883789
68.530937194824 2.4265987873077 341.61276245117
68.022232055664 3.3898253440857 342.25018310547
67.426734924316 4.3197321891785 342.85809326172
66.595329284668 5.057963848114 343.45562744141
65.735008239746 5.766459941864 344.04763793945
64.767219543457 6.3805704116821 344.57601928711
63.724723815918 6.9332084655762 345.02432250977
62.637130737305 7.4306964874268 345.42794799805
