60.022113800049 -4.9132628440857 270.85342407227
68.560691833496 1.2049063444138 272.13766479492
71.373970031738 -0.85580629110336 275.89660644531
72.03288269043 -1.3762682676315 270.07635498047
60.15620803833 -4.5217123031616 270.91638183594
60.332328796387 -4.150806427002 270.96304321289
60.585250854492 -3.8176293373108 270.97982788086
60.838172912598 -3.4844522476196 270.99664306641
61.091091156006 -3.151275396347 271.01345825195
61.397876739502 -2.8725779056549 271.05041503906
61.722709655762 -2.6121344566345 271.09414672852
62.047538757324 -2.3516907691956 271.13787841797
62.372371673584 -2.0912470817566 271.18161010742
62.697200775146 -1.8308033943176 271.22534179688
63.022636413574 -1.5713665485382 271.26934814453
63.392990112305 -1.3868663311005 271.33303833008
63.763343811035 -1.2023661136627 271.39672851562
64.133697509766 -1.017865896225 271.46041870117
64.504051208496 -0.83336561918259 271.52410888672
64.874404907227 -0.6488653421402 271.58779907227
65.244758605957 -0.46436509490013 271.65148925781
65.615112304688 -0.27986484766006 271.71517944336
65.985443115234 -0.094827249646187 271.77731323242
66.355712890625 0.09244079887867 271.83291625977
66.725982666016 0.27970886230469 271.88851928711
67.096244812012 0.46697691082954 271.94409179688
67.466514587402 0.6542449593544 271.99969482422
67.836784362793 0.84151297807693 272.05529785156
68.207046508789 1.0287810564041 272.11090087891
60.35871887207 -4.538628578186 270.99029541016
60.695323944092 -4.1639947891235 271.12716674805
61.052474975586 -3.8076467514038 271.25302124023
61.456596374512 -3.4931008815765 271.35369873047
61.860717773438 -3.1785547733307 271.4543762207
62.299510955811 -2.9297409057617 271.57769775391
62.75394821167 -2.7105777263641 271.71130371094
63.208381652832 -2.4914147853851 271.84487915039
63.662815093994 -2.2722516059875 271.97845458984
64.117248535156 -2.05308842659 272.1120300293
64.579093933105 -1.8951498270035 272.29110717773
65.043556213379 -1.7588410377502 272.48626708984
65.508010864258 -1.6225323677063 272.68142700195
65.972473144531 -1.4862235784531 272.87655639648
66.436935424805 -1.3499149084091 273.07171630859
66.88550567627 -1.2601515054703 273.32022094727
67.329971313477 -1.1824122667313 273.58251953125
67.774436950684 -1.1046731472015 273.84481811523
68.218894958496 -1.0269339084625 274.10708618164
68.663360595703 -0.94919466972351 274.36938476562
69.107734680176 -0.88080555200577 274.63262939453
69.551162719727 -0.91215974092484 274.90609741211
69.994583129883 -0.9435139298439 275.17953491211
70.446846008301 -0.94370698928833 275.43557739258
70.914123535156 -0.89096254110336 275.66195678711
60.351089477539 -4.5371494293213 270.80416870117
60.696201324463 -4.1789565086365 270.76736450195
61.114749908447 -3.9023015499115 270.787109375
61.533302307129 -3.6256470680237 270.80688476562
61.951850891113 -3.3489923477173 270.82666015625
62.370399475098 -3.0723376274109 270.84643554688
62.825874328613 -2.8628034591675 270.86422729492
63.284065246582 -2.6582074165344 270.88189697266
63.742256164551 -2.4536116123199 270.89956665039
64.20044708252 -2.2490158081055 270.91723632812
64.670417785645 -2.0806715488434 270.9186706543
65.160270690918 -1.9735324382782 270.89266967773
65.650123596191 -1.8663934469223 270.86666870117
66.139984130859 -1.7592544555664 270.84066772461
66.629837036133 -1.6521154642105 270.81466674805
67.119689941406 -1.5449763536453 270.78866577148
67.613021850586 -1.4854145050049 270.73596191406
68.109153747559 -1.4642376899719 270.66171264648
68.605285644531 -1.4430607557297 270.58746337891
69.101425170898 -1.4218838214874 270.51321411133
69.597557067871 -1.4007068872452 270.43896484375
70.093696594238 -1.3795299530029 270.36471557617
70.589828491211 -1.3583530187607 270.29046630859
71.085968017578 -1.3371760845184 270.21621704102
71.582099914551 -1.3159992694855 270.14196777344
