66.269233703613 -3.7488458156586 264.90823364258
81.706832885742 2.564475774765 265.89892578125
83.031120300293 1.089608669281 267.24127197266
83.133506774902 1.4689899682999 264.29574584961
66.728866577148 -3.2978115081787 264.96533203125
67.246337890625 -2.9138162136078 265.01666259766
67.795013427734 -2.5752229690552 265.06387329102
68.361953735352 -2.2677419185638 265.10821533203
68.942123413086 -1.9856415987015 265.1501159668
69.533042907715 -1.7265043258667 265.18988037109
70.132499694824 -1.4873895645142 265.22769165039
70.735801696777 -1.2580010890961 265.26461791992
71.341636657715 -1.0352728366852 265.30087280273
71.94800567627 -0.81399601697922 265.33694458008
72.557235717773 -0.60057824850082 265.37225341797
73.162666320801 -0.37679639458656 265.40863037109
73.772323608398 -0.16457483172417 265.44387817383
74.380500793457 0.051768612116575 265.47952270508
74.991676330566 0.25962817668915 265.51434326172
75.599853515625 0.47597050666809 265.54995727539
76.209754943848 0.68748098611832 265.58511352539
76.821281433105 0.89432835578918 265.61981201172
77.435432434082 1.0933912992477 265.65377807617
78.051528930664 1.2864226102829 265.68716430664
78.664138793945 1.4901065826416 265.72152709961
79.276481628418 1.6945593357086 265.75601196289
79.89094543457 1.8926645517349 265.78982543945
80.498611450195 2.1104147434235 265.82562255859
81.106575012207 2.3273532390594 265.86126708984
66.870170593262 -3.5780696868896 265.17553710938
67.499168395996 -3.3638119697571 265.31909179688
68.131828308105 -3.1507353782654 265.44723510742
68.773910522461 -2.938499212265 265.51672363281
69.419044494629 -2.7278428077698 265.55630493164
70.062759399414 -2.5203502178192 265.62506103516
70.698471069336 -2.2895534038544 265.69396972656
71.343650817871 -2.0832271575928 265.75170898438
71.991477966309 -1.883318901062 265.80184936523
72.638557434082 -1.6804698705673 265.84976196289
73.282409667969 -1.4672445058823 265.89611816406
73.931060791016 -1.2719014883041 265.953125
74.581031799316 -1.0812809467316 266.01110839844
75.23161315918 -0.89354979991913 266.07165527344
75.882499694824 -0.70979070663452 266.14044189453
76.535446166992 -0.52848887443542 266.19476318359
77.190155029297 -0.35365331172943 266.2490234375
77.847442626953 -0.18985287845135 266.30648803711
78.504600524902 -0.031788866966963 266.37942504883
79.16576385498 0.11622595787048 266.43524169922
79.822120666504 0.26921120285988 266.52438354492
80.484687805176 0.40488201379776 266.59323120117
81.130035400391 0.55683362483978 266.74356079102
81.779884338379 0.70949274301529 266.87219238281
82.414932250977 0.88359075784683 267.04119873047
66.896125793457 -3.5481224060059 264.73327636719
67.534896850586 -3.3124649524689 264.70428466797
68.174850463867 -3.0981273651123 264.60995483398
68.800765991211 -2.831342458725 264.57015991211
69.43675994873 -2.5865695476532 264.55859375
70.080741882324 -2.3635394573212 264.56930541992
70.727020263672 -2.1484014987946 264.59393310547
71.374214172363 -1.9359630346298 264.61813354492
72.02205657959 -1.7249226570129 264.6360168457
72.670631408691 -1.5154045820236 264.6357421875
73.324668884277 -1.3250197172165 264.6594543457
73.976539611816 -1.1261277198792 264.66799926758
74.627243041992 -0.9233769774437 264.67495727539
75.276023864746 -0.71486246585846 264.68798828125
75.92903137207 -0.51967239379883 264.69494628906
76.586647033691 -0.34089335799217 264.70706176758
77.24520111084 -0.16663618385792 264.72958374023
77.902290344238 0.01448030397296 264.7311706543
78.563331604004 0.180489346385 264.7262878418
79.220779418945 0.35534009337425 264.68435668945
79.877334594727 0.53337174654007 264.64181518555
80.532760620117 0.71233725547791 264.58746337891
81.189407348633 0.88653004169464 264.53228759766
81.845527648926 1.0607082843781 264.47116088867
82.495719909668 1.2527147531509 264.40072631836
