61.183807373047 -6.1999506950378 282.10049438477
68.306816101074 8.9416160583496 280.06121826172
74.818031311035 5.7256579399109 288.9372253418
77.179618835449 2.6398983001709 277.96740722656
61.043704986572 -5.5818066596985 281.89920043945
61.085708618164 -4.9371180534363 281.74075317383
61.190418243408 -4.2953882217407 281.60025024414
61.331615447998 -3.6582951545715 281.47103881836
61.498649597168 -3.0258412361145 281.35009765625
61.702663421631 -2.4020404815674 281.24157714844
61.912384033203 -1.7797919511795 281.1350402832
62.138484954834 -1.1623432636261 281.03424072266
62.385604858398 -0.5517949461937 280.94104003906
62.640110015869 0.056107472628355 280.85049438477
62.939151763916 0.64577484130859 280.7770690918
63.195690155029 1.2529399394989 280.68731689453
63.496974945068 1.841565489769 280.61471557617
63.81485748291 2.4221894741058 280.54873657227
64.124092102051 3.0070669651031 280.47933959961
64.464302062988 3.5758857727051 280.42263793945
64.75611114502 4.1687998771667 280.34628295898
65.091331481934 4.7403688430786 280.28747558594
65.430076599121 5.3100147247314 280.2301940918
65.778945922852 5.8739323616028 280.17715454102
66.151786804199 6.4231986999512 280.13452148438
66.528274536133 6.9701042175293 280.09353637695
66.937187194824 7.4941506385803 280.06741333008
67.36506652832 8.0032291412354 280.0505065918
67.819473266602 8.4890508651733 280.04696655273
61.547855377197 -5.604567527771 282.45449829102
61.893840789795 -4.9048924446106 282.53912353516
62.307357788086 -4.2469019889832 282.64944458008
62.79430770874 -3.6482999324799 282.79498291016
63.302635192871 -3.0753240585327 282.96829223633
63.810115814209 -2.5028290748596 283.14562988281
64.31413269043 -1.9318172931671 283.33706665039
64.806465148926 -1.3534008264542 283.53610229492
65.249229431152 -0.74679040908813 283.76571655273
65.697326660156 -0.14473795890808 283.99673461914
66.190017700195 0.41668981313705 284.23910522461
66.711822509766 0.94769328832626 284.48910522461
67.245040893555 1.4659482240677 284.74142456055
67.725296020508 2.0539186000824 284.94235229492
68.189758300781 2.6577887535095 285.13296508789
68.610244750977 3.2993059158325 285.30120849609
69.141487121582 3.8564305305481 285.45654296875
69.715965270996 4.3475484848022 285.66586303711
70.348014831543 4.5935893058777 286.06164550781
70.940574645996 4.8184599876404 286.52508544922
71.457458496094 5.0041031837463 287.08624267578
72.0615234375 5.1764006614685 287.55749511719
72.714424133301 5.3383355140686 287.96243286133
73.436645507812 5.483304977417 288.2346496582
74.14176940918 5.6201610565186 288.55215454102
61.720531463623 -5.8634128570557 281.68072509766
62.137977600098 -5.2409000396729 281.50973510742
62.63521194458 -4.6876215934753 281.3147277832
63.186817169189 -4.1698622703552 281.17489624023
63.753391265869 -3.6677558422089 281.03787231445
64.336219787598 -3.1844727993011 280.90173339844
64.90153503418 -2.6980485916138 280.71276855469
65.45775604248 -2.2121207714081 280.4973449707
66.017211914062 -1.7321209907532 280.27700805664
66.579559326172 -1.2568402290344 280.05392456055
67.160217285156 -0.8131548166275 279.81332397461
67.777931213379 -0.39739313721657 279.61965942383
68.399620056152 0.020991066470742 279.44537353516
69.010459899902 0.4596232175827 279.28289794922
69.583076477051 0.9479712843895 279.12322998047
70.102813720703 1.486990571022 278.94683837891
70.620231628418 2.0314872264862 278.78033447266
71.188270568848 2.5315136909485 278.64242553711
71.93480682373 2.6747288703918 278.55136108398
72.684509277344 2.6830415725708 278.37973022461
73.415794372559 2.7526381015778 278.15124511719
74.159729003906 2.7464535236359 277.95553588867
74.917083740234 2.7864589691162 277.8268737793
75.683288574219 2.7415084838867 277.77792358398
76.441299438477 2.6119101047516 277.76010131836
