61.389457702637 -6.4255571365356 275.18112182617
61.730194091797 15.696689605713 277.37051391602
70.542572021484 18.788377761841 282.87921142578
67.410385131836 18.517841339111 269.94879150391
60.90580368042 -5.7214274406433 275.35650634766
60.603530883789 -4.9166898727417 275.50335693359
60.410465240479 -4.0757641792297 275.63061523438
60.294773101807 -3.2186312675476 275.74298095703
60.23072052002 -2.3548176288605 275.8450012207
60.216934204102 -1.4875566959381 275.93661499023
60.22766494751 -0.6197252869606 276.02307128906
60.264080047607 0.24793611466885 276.10406494141
60.319248199463 1.1149874925613 276.1809387207
60.383884429932 1.9815686941147 276.25567626953
60.463539123535 2.847172498703 276.32717895508
60.555782318115 3.7117533683777 276.39590454102
60.65389251709 4.5757908821106 276.46328735352
60.762004852295 5.4388074874878 276.52844238281
60.872631072998 6.3015494346619 276.59301757812
60.988700866699 7.1636648178101 276.65637207031
61.11088180542 8.0250358581543 276.71835327148
61.236248016357 8.8860006332397 276.77960205078
61.373935699463 9.7452754974365 276.83807373047
61.506546020508 10.605271339417 276.89764404297
61.65157699585 11.463451385498 276.95440673828
61.78507232666 12.32331943512 277.01382446289
61.934329986572 13.180817604065 277.0696105957
62.051559448242 14.042795181274 277.13269042969
62.021194458008 14.887345314026 277.22555541992
61.53657913208 -5.7141833305359 275.89953613281
61.703266143799 -4.7854385375977 276.42291259766
62.032409667969 -3.7768471240997 276.66729736328
62.361553192139 -2.7682559490204 276.91171264648
62.690696716309 -1.7596646547318 277.15612792969
63.019840240479 -0.75107336044312 277.40054321289
63.346851348877 0.2536173760891 277.66250610352
63.671566009521 1.254089474678 277.94348144531
63.996276855469 2.254561662674 278.22445678711
64.320983886719 3.2550337314606 278.50543212891
64.645698547363 4.2555055618286 278.78637695312
65.021392822266 5.2427744865417 279.04699707031
65.422088623047 6.2235713005066 279.29760742188
65.822784423828 7.2043676376343 279.54821777344
66.223472595215 8.1851644515991 279.79885864258
66.624168395996 9.165961265564 280.04946899414
67.024856567383 10.146757125854 280.3000793457
67.425552368164 11.127553939819 280.55068969727
67.826248168945 12.108350753784 280.80133056641
68.226936340332 13.089147567749 281.05194091797
68.628837585449 14.048212051392 281.37185668945
69.031120300293 15.000495910645 281.71340942383
69.433395385742 15.952779769897 282.0549621582
69.835678100586 16.90506362915 282.39651489258
70.193214416504 17.890851974487 282.68334960938
61.358932495117 -5.6097798347473 274.67721557617
61.513759613037 -4.6286191940308 274.45053100586
61.668586730957 -3.6474587917328 274.22384643555
61.892196655273 -2.665666103363 274.07125854492
62.121437072754 -1.6838219165802 273.92474365234
62.350673675537 -0.70197772979736 273.77822875977
62.579914093018 0.2798664867878 273.63171386719
62.815139770508 1.26067507267 273.48837280273
63.072422027588 2.2376689910889 273.35675048828
63.329704284668 3.2146627902985 273.22512817383
63.586990356445 4.1916565895081 273.09350585938
63.844272613525 5.1686501502991 272.96188354492
64.10181427002 6.1380066871643 272.78646850586
64.359527587891 7.1024079322815 272.58264160156
64.617233276367 8.0668087005615 272.37878417969
64.874946594238 9.0312099456787 272.17495727539
65.132652282715 9.9956111907959 271.97109985352
65.390365600586 10.960012435913 271.76727294922
65.645172119141 11.921392440796 271.54663085938
65.898239135742 12.880957603455 271.31591796875
66.151298522949 13.840522766113 271.08520507812
66.404357910156 14.800086975098 270.8544921875
66.657424926758 15.759652137756 270.62377929688
66.919418334961 16.715600967407 270.38858032227
67.200492858887 17.663824081421 270.14379882812
