59.815849304199 8.0541009902954 271.7239074707
68.262680053711 -4.5771217346191 268.7180480957
74.379203796387 -0.012619529850781 265.26901245117
73.168357849121 -2.744558095932 274.69958496094
59.467514038086 7.5539450645447 271.51895141602
59.317428588867 6.9644837379456 271.31015014648
59.315395355225 6.3521957397461 271.11270141602
59.370662689209 5.7402334213257 270.92251586914
59.544261932373 5.1445283889771 270.75250244141
59.749938964844 4.5572295188904 270.58917236328
59.980556488037 3.9776887893677 270.43154907227
60.243003845215 3.4097723960876 270.28158569336
60.535331726074 2.8545477390289 270.13955688477
60.853424072266 2.31183552742 270.00479125977
61.210880279541 1.7911956310272 269.88201904297
61.581939697266 1.2791019678116 269.76376342773
61.960498809814 0.77194112539291 269.64804077148
62.35795211792 0.27794775366783 269.53894042969
62.780044555664 -0.19718509912491 269.43893432617
63.213966369629 -0.66252654790878 269.34365844727
63.670001983643 -1.1080878973007 269.2575378418
64.137809753418 -1.542268037796 269.17657470703
64.619049072266 -1.9626475572586 269.10171508789
65.115814208984 -2.3658764362335 269.03433227539
65.630645751953 -2.7473013401031 268.97625732422
66.144096374512 -3.1304843425751 268.91748046875
66.665893554688 -3.5028884410858 268.86312866211
67.193672180176 -3.867262840271 268.81219482422
67.725288391113 -4.2263174057007 268.76342773438
60.090599060059 7.6435651779175 271.21960449219
60.304958343506 7.0241231918335 270.96417236328
60.831329345703 6.6620597839355 270.65576171875
61.366893768311 6.2657260894775 270.41217041016
61.862518310547 5.8148484230042 270.18029785156
62.432807922363 5.4386458396912 269.98846435547
62.974529266357 5.0306172370911 269.77935791016
63.506130218506 4.6121344566345 269.56533813477
64.067916870117 4.2241821289062 269.37161254883
64.618774414062 3.8125715255737 269.19604492188
65.17259979248 3.4087274074554 269.01248168945
65.742889404297 3.0493538379669 268.79052734375
66.331268310547 2.7153031826019 268.57623291016
66.922630310059 2.3875651359558 268.36059570312
67.519775390625 2.0921230316162 268.11602783203
68.123725891113 1.8112597465515 267.87097167969
68.735023498535 1.5477329492569 267.62490844727
69.345085144043 1.3058069944382 267.35473632812
69.954345703125 1.07250893116 267.07534790039
70.566627502441 0.82294356822968 266.81741333008
71.179298400879 0.56900429725647 266.56491088867
71.766632080078 0.33781951665878 266.24044799805
72.379898071289 0.14943206310272 265.93698120117
73.013565063477 0.0008759533520788 265.65405273438
73.693336486816 -0.020997930318117 265.45126342773
59.980167388916 7.4111375808716 271.91323852539
60.167003631592 6.750461101532 271.85568237305
60.686443328857 6.3105406761169 271.96966552734
61.224685668945 5.8833980560303 272.03433227539
61.728023529053 5.4126510620117 272.07202148438
62.23303604126 4.9436564445496 272.10916137695
62.738834381104 4.4755139350891 272.14624023438
63.26070022583 4.0252733230591 272.18246459961
63.785545349121 3.5785019397736 272.21856689453
64.31957244873 3.1428265571594 272.25561523438
64.859497070312 2.7145488262177 272.29339599609
65.394691467285 2.2806732654572 272.33432006836
65.894844055176 1.8091453313828 272.39657592773
66.395462036133 1.338282585144 272.46008300781
66.912384033203 0.89483672380447 272.57189941406
67.444030761719 0.47869810461998 272.71524047852
67.992362976074 0.099840365350246 272.89456176758
68.547004699707 -0.27459049224854 273.06350708008
69.102233886719 -0.64127051830292 273.24691772461
69.656394958496 -0.99007654190063 273.4651184082
70.222305297852 -1.3330122232437 273.66134643555
70.799011230469 -1.6766822338104 273.8215637207
71.383804321289 -2.0242745876312 273.93795776367
71.979866027832 -2.2835628986359 274.17001342773
72.574111938477 -2.5140616893768 274.43478393555
