11.033965110779 12.058588027954 -14.588655471802
11.144807815552 -1.5745215415955 -11.422868728638
18.564830780029 1.6248730421066 -17.265369415283
17.469720840454 3.7176752090454 -5.7336082458496
10.666103363037 11.611257553101 -14.545774459839
10.356561660767 11.123777389526 -14.484051704407
10.073108673096 10.621677398682 -14.414664268494
9.8174953460693 10.10594367981 -14.337558746338
9.5651979446411 9.5887107849121 -14.259566307068
9.347225189209 9.0574865341187 -14.172703742981
9.1464700698853 8.5202102661133 -14.08162021637
8.9846668243408 7.9715299606323 -13.981505393982
8.8551893234253 7.4156260490417 -13.874417304993
8.7722311019897 6.8527355194092 -13.758080482483
8.7220287322998 6.2872428894043 -13.635763168335
8.6910171508789 5.7210960388184 -13.510145187378
8.7159671783447 5.1566829681396 -13.375738143921
8.7339057922363 4.5917463302612 -13.242357254028
8.7876272201538 4.0303111076355 -13.103917121887
8.8565492630005 3.471034526825 -12.963474273682
8.9957361221313 2.9271218776703 -12.815042495728
9.1099758148193 2.3767154216766 -12.669212341309
9.271746635437 1.839670419693 -12.518658638
9.4548025131226 1.3100039958954 -12.366316795349
9.6849594116211 0.80001497268677 -12.210783958435
9.9394025802612 0.30206587910652 -12.054041862488
10.231196403503 -0.17455194890499 -11.896092414856
10.543175697327 -0.63811296224594 -11.737843513489
10.887799263 -1.0779800415039 -11.579705238342
11.242748260498 11.657522201538 -14.907199859619
11.292929649353 11.127458572388 -15.055452346802
11.323830604553 10.589561462402 -15.180459976196
11.357305526733 10.051161766052 -15.302605628967
11.412865638733 9.5115985870361 -15.410724639893
11.477142333984 8.9772796630859 -15.538307189941
11.649168968201 8.4746675491333 -15.691220283508
11.916434288025 8.0130205154419 -15.837066650391
11.967805862427 7.482729434967 -15.984412193298
12.4219789505 7.2359428405762 -16.169635772705
12.913316726685 7.2237091064453 -16.423124313354
13.424519538879 7.2176084518433 -16.63055229187
13.913414001465 6.9978790283203 -16.762510299683
14.356678009033 6.6698045730591 -16.803916931152
14.784342765808 6.3194918632507 -16.815101623535
15.171795845032 5.9252557754517 -16.834362030029
15.555069923401 5.5271377563477 -16.855676651001
15.924335479736 5.1198463439941 -16.916221618652
16.288162231445 4.7098288536072 -16.989887237549
16.643283843994 4.2917079925537 -17.060302734375
16.973644256592 3.8523225784302 -17.120983123779
17.31113243103 3.4142169952393 -17.124568939209
17.652412414551 2.9848463535309 -17.05345916748
17.97904586792 2.5386869907379 -17.05216217041
18.271938323975 2.0817799568176 -17.158763885498
11.310072898865 11.930859565735 -14.089553833008
11.186919212341 11.500164031982 -13.716938972473
11.137950897217 11.035117149353 -13.366256713867
11.103210449219 10.577222824097 -13.00464630127
11.096035957336 10.107921600342 -12.656497001648
11.208395004272 9.6776876449585 -12.277141571045
11.386656761169 9.300609588623 -11.867645263672
11.400495529175 8.9238586425781 -11.421093940735
11.528656005859 8.4763441085815 -11.068039894104
11.991087913513 8.4632987976074 -10.710773468018
12.492244720459 8.6575593948364 -10.483797073364
13.003764152527 8.6653299331665 -10.203866004944
13.483596801758 8.4904308319092 -9.9210586547852
13.928100585938 8.2055864334106 -9.6709518432617
14.347401618958 7.8577709197998 -9.4613409042358
14.693049430847 7.5221576690674 -9.1309061050415
14.990962982178 7.2012248039246 -8.7437753677368
15.305972099304 6.8752975463867 -8.3747482299805
15.624543190002 6.5396852493286 -8.0178117752075
15.895366668701 6.1757192611694 -7.6493515968323
16.179466247559 5.7835955619812 -7.3224902153015
16.482061386108 5.34428358078 -7.0839028358459
16.723140716553 4.9013538360596 -6.7884273529053
16.964179992676 4.4861907958984 -6.4550123214722
17.216951370239 4.1019330024719 -6.0943102836609
