83.987861633301 -57.943988800049 347.09973144531
51.110462188721 8.642767906189 326.47491455078
42.458114624023 -0.14953406155109 348.25845336914
61.255615234375 9.1199102401733 349.14315795898
84.231552124023 -58.181339263916 343.93524169922
83.745223999023 -56.994651794434 341.01797485352
82.881286621094 -55.10062789917 338.60806274414
81.683662414551 -52.610584259033 337.02133178711
80.305549621582 -49.830333709717 336.29742431641
78.879524230957 -46.990077972412 336.02282714844
77.445579528809 -44.144275665283 335.87924194336
76.005554199219 -41.297657012939 335.88012695312
74.566146850586 -38.450859069824 335.86318969727
73.138916015625 -35.609477996826 335.60534667969
71.725677490234 -32.782333374023 335.17330932617
70.314651489258 -29.957796096802 334.71826171875
68.929702758789 -27.16700553894 334.03277587891
67.571617126465 -24.41505241394 333.1623840332
66.277206420898 -21.76268196106 331.95184326172
64.932197570801 -19.03048324585 331.00247192383
63.67964553833 -16.446977615356 329.61193847656
62.4296875 -13.867830276489 328.21151733398
61.064971923828 -11.106002807617 327.38299560547
59.659091949463 -8.287618637085 326.87600708008
58.237041473389 -5.4510130882263 326.54684448242
56.794193267822 -2.609386920929 326.68511962891
55.368949890137 0.15278550982475 327.40155029297
53.929058074951 2.9994173049927 327.39920043945
52.507984161377 5.83500623703 327.05828857422
81.090042114258 -58.534896850586 346.88250732422
78.283271789551 -58.298248291016 345.95669555664
75.581146240234 -57.264019012451 345.30673217773
72.928894042969 -56.034809112549 344.80883789062
70.690132141113 -54.093849182129 344.82092285156
69.035255432129 -51.688285827637 345.33831787109
67.401245117188 -49.233905792236 345.65377807617
65.871162414551 -46.718254089355 346.00598144531
64.371482849121 -44.18518447876 346.36349487305
63.076286315918 -41.537322998047 346.68737792969
61.926849365234 -38.822811126709 347.00967407227
60.606666564941 -36.190784454346 347.36074829102
59.201454162598 -33.587882995605 347.57037353516
57.992176055908 -30.890130996704 347.80114746094
56.838676452637 -28.185342788696 348.18463134766
55.8424949646 -25.425140380859 348.61157226562
54.881740570068 -22.62986946106 348.84942626953
53.722385406494 -19.922994613647 349.19781494141
52.524806976318 -17.229833602905 349.52392578125
51.280811309814 -14.558747291565 349.8576965332
49.876838684082 -11.992089271545 350.34051513672
48.143039703369 -9.6296825408936 350.78973388672
46.068714141846 -7.5143537521362 350.86477661133
44.441783905029 -5.0435528755188 350.69808959961
43.862033843994 -2.3186540603638 349.70809936523
86.167121887207 -56.00220489502 346.92279052734
87.456481933594 -53.435306549072 346.36959838867
88.274711608887 -50.675876617432 345.84490966797
88.87035369873 -47.832748413086 345.50704956055
88.600120544434 -44.921524047852 345.55450439453
87.511543273926 -42.234424591064 345.94732666016
86.433013916016 -39.534801483154 346.27694702148
85.312065124512 -36.849853515625 346.58413696289
84.163604736328 -34.170604705811 346.83419799805
82.941345214844 -31.523780822754 347.07971191406
81.534439086914 -28.973672866821 347.35787963867
80.157806396484 -26.403978347778 347.60568237305
78.829238891602 -23.811878204346 347.88095092773
77.396141052246 -21.275785446167 348.15325927734
75.883422851562 -18.789026260376 348.44891357422
74.364967346191 -16.308879852295 348.76989746094
72.916656494141 -13.795117378235 349.14810180664
71.571929931641 -11.21378326416 349.44418334961
70.193069458008 -8.6614055633545 349.82321166992
68.789070129395 -6.1139488220215 350.13772583008
67.684577941895 -3.4119398593903 350.32247924805
66.728607177734 -0.66077774763107 350.59786987305
65.909362792969 2.1420834064484 350.7746887207
64.836875915527 4.8629822731018 350.8161315918
63.04076385498 6.8811006546021 349.73788452148
