61.736301422119 -5.320143699646 271.81430053711
69.383407592773 3.5816268920898 272.75595092773
73.046287536621 0.50534480810165 276.91293334961
73.212066650391 0.63842189311981 269.31652832031
61.615634918213 -4.8617267608643 271.7900390625
61.614051818848 -4.3872227668762 271.78240966797
61.727909088135 -3.9262380599976 271.7912902832
61.90625 -3.4863374233246 271.80960083008
62.126049041748 -3.0659041404724 271.83407592773
62.37975692749 -2.665333032608 271.86367797852
62.655216217041 -2.2796430587769 271.89657592773
62.945446014404 -1.9051412343979 271.93173217773
63.239528656006 -1.5337162017822 271.9674987793
63.543544769287 -1.1705304384232 272.00479125977
63.855571746826 -0.81433469057083 272.04333496094
64.176582336426 -0.4663752913475 272.08325195312
64.509971618652 -0.13049145042896 272.12512207031
64.849304199219 0.19926834106445 272.16793823242
65.19548034668 0.52169233560562 272.21182250977
65.546058654785 0.83923417329788 272.25640869141
65.903518676758 1.1488219499588 272.30212402344
66.27123260498 1.4459396600723 272.34939575195
66.642066955566 1.7390269041061 272.39724731445
67.02904510498 2.0100004673004 272.44769287109
67.406288146973 2.2946281433105 272.49664306641
67.795066833496 2.5629541873932 272.54736328125
68.177749633789 2.8400771617889 272.59710693359
68.57543182373 3.094735622406 272.64932250977
68.969207763672 3.3554937839508 272.70092773438
61.897556304932 -4.9495959281921 272.1589050293
62.112636566162 -4.4723224639893 272.2428894043
62.546981811523 -4.1970796585083 272.41677856445
62.941120147705 -3.8722958564758 272.60269165039
63.349281311035 -3.558257818222 272.7763671875
63.772174835205 -3.2551763057709 272.93350219727
64.207778930664 -2.9639627933502 273.07791137695
64.650772094727 -2.6870574951172 273.22799682617
65.097114562988 -2.4161655902863 273.37911987305
65.549812316895 -2.1568720340729 273.53112792969
66.021606445312 -1.9328566789627 273.6813659668
66.486511230469 -1.7183511257172 273.86380004883
66.946189880371 -1.5011987686157 274.05599975586
67.41185760498 -1.3063839673996 274.25750732422
67.890296936035 -1.1229183673859 274.43878173828
68.373306274414 -0.93612450361252 274.60363769531
68.854072570801 -0.76937049627304 274.79470825195
69.335647583008 -0.60642033815384 274.98693847656
69.810859680176 -0.42427778244019 275.17752075195
70.288970947266 -0.28583008050919 275.39581298828
70.750526428223 -0.13472343981266 275.63983154297
71.194488525391 0.044921558350325 275.89682006836
71.618858337402 0.22598770260811 276.18402099609
72.070991516113 0.34104162454605 276.46282958984
72.551788330078 0.42504027485847 276.70205688477
61.994102478027 -4.9587430953979 271.5466003418
62.186946868896 -4.4857783317566 271.48321533203
62.635425567627 -4.2321553230286 271.40872192383
63.052639007568 -3.9247252941132 271.35665893555
63.470687866211 -3.6200506687164 271.29580688477
63.890853881836 -3.31844830513 271.23529052734
64.329544067383 -3.0385460853577 271.21447753906
64.77547454834 -2.7746090888977 271.16180419922
65.219863891602 -2.5087749958038 271.10580444336
65.665634155273 -2.2422747612 271.06655883789
66.12419128418 -1.9972331523895 271.03558349609
66.591361999512 -1.7692112922668 271.00357055664
67.0634765625 -1.5571669340134 270.94528198242
67.535614013672 -1.3583421707153 270.8512878418
67.998031616211 -1.1371684074402 270.75897216797
68.472480773926 -0.9324791431427 270.69345092773
68.950698852539 -0.73720282316208 270.62661743164
69.436882019043 -0.56036823987961 270.56661987305
69.912437438965 -0.38774806261063 270.44274902344
70.390243530273 -0.21977886557579 270.32113647461
70.870086669922 -0.059535350650549 270.19720458984
71.349342346191 0.08981940895319 270.05828857422
71.818412780762 0.24785289168358 269.89611816406
72.284454345703 0.40492308139801 269.72457885742
72.738494873047 0.51348775625229 269.49371337891
