66.840339660645 2.5542666912079 269.61477661133
78.031921386719 -3.1579415798187 272.45532226562
85.051338195801 -1.0735969543457 267.85433959961
82.497291564941 -0.15873378515244 278.38684082031
66.805839538574 2.0433428287506 269.66204833984
67.024299621582 1.5853645801544 269.75421142578
67.367477416992 1.2142935991287 269.86212158203
67.750854492188 0.88586837053299 269.97348022461
68.151908874512 0.57989537715912 270.08602905273
68.581604003906 0.31597834825516 270.19982910156
69.023582458496 0.073268078267574 270.31378173828
69.477279663086 -0.14680549502373 270.427734375
69.938026428223 -0.3518453836441 270.54147338867
70.405220031738 -0.54190415143967 270.65493774414
70.874450683594 -0.72697734832764 270.76824951172
71.342086791992 -0.91595870256424 270.88162231445
71.816879272461 -1.0864652395248 270.99450683594
72.299507141113 -1.2340323925018 271.10656738281
72.77530670166 -1.4016740322113 271.21936035156
73.264343261719 -1.5270708799362 271.33029174805
73.72721862793 -1.7272261381149 271.44396972656
74.207557678223 -1.8818868398666 271.55630493164
74.690727233887 -2.0277743339539 271.6682434082
75.169410705566 -2.1873757839203 271.78076171875
75.648696899414 -2.3451707363129 271.89324951172
76.134452819824 -2.4820053577423 272.00476074219
76.59464263916 -2.6882095336914 272.11853027344
77.069664001465 -2.8581480979919 272.23138427734
77.542610168457 -3.0336940288544 272.34442138672
67.429000854492 2.1136612892151 269.51498413086
68.01766204834 1.6730558872223 269.41519165039
68.744415283203 1.5504707098007 269.33721923828
69.472686767578 1.4313707351685 269.25946044922
70.200965881348 1.3122708797455 269.18173217773
70.929237365723 1.1931709051132 269.10397338867
71.657508850098 1.0740710496902 269.02621459961
72.384895324707 0.93968224525452 268.96832275391
73.112144470215 0.80279958248138 268.91363525391
73.839385986328 0.66591686010361 268.85897827148
74.566627502441 0.52903419733047 268.80429077148
75.293876647949 0.39215150475502 268.74963378906
76.021118164062 0.25526881217957 268.69494628906
76.74836730957 0.11838611215353 268.64028930664
77.475608825684 -0.018496576696634 268.58560180664
78.202850341797 -0.1553792655468 268.53094482422
78.930099487305 -0.29226195812225 268.47625732422
79.657341003418 -0.42914465069771 268.4216003418
80.384590148926 -0.56602734327316 268.36694335938
81.116569519043 -0.62593656778336 268.27066040039
81.849761962891 -0.66625136137009 268.16381835938
82.582954406738 -0.70656615495682 268.05697631836
83.316146850586 -0.74688100814819 267.95013427734
84.049339294434 -0.78719580173492 267.84329223633
84.748001098633 -1.0354338884354 267.85140991211
67.225250244141 2.0834271907806 269.99291992188
67.610168457031 1.6125875711441 270.37103271484
68.161926269531 1.3970011472702 270.74392700195
68.754722595215 1.2441818714142 271.1155090332
69.363418579102 1.1500704288483 271.47912597656
69.977424621582 1.075544834137 271.84005737305
70.591423034668 1.0010191202164 272.20098876953
71.205429077148 0.92649358510971 272.56195068359
71.819427490234 0.85196799039841 272.92288208008
72.433433532715 0.77744233608246 273.28384399414
73.047439575195 0.70291674137115 273.64477539062
73.661437988281 0.62839114665985 274.00570678711
74.275444030762 0.55386555194855 274.36666870117
74.893089294434 0.49926793575287 274.72409057617
75.515953063965 0.47320747375488 275.07650756836
76.138824462891 0.4471470117569 275.42892456055
76.761688232422 0.42108654975891 275.78131103516
77.384552001953 0.39502608776093 276.13372802734
78.007423400879 0.36896559596062 276.48614501953
78.647407531738 0.32237365841866 276.79949951172
79.30948638916 0.24929629266262 277.06246948242
79.971557617188 0.17621891200542 277.32540893555
80.633636474609 0.10314153879881 277.58837890625
81.295715332031 0.030064167454839 277.85134887695
81.957786560059 -0.043013207614422 278.11428833008
