69.197998046875 6.0605463981628 273.30603027344
77.904357910156 -2.3524150848389 272.39840698242
81.672294616699 -1.1874644756317 270.30322265625
80.59260559082 -1.6462378501892 275.30126953125
69.26488494873 5.596736907959 273.23089599609
69.442939758301 5.1616110801697 273.16741943359
69.691650390625 4.7608122825623 273.11407470703
69.974502563477 4.3824381828308 273.0666809082
70.278854370117 4.020610332489 273.02334594727
70.60311126709 3.6760005950928 272.98422241211
70.938522338867 3.3419394493103 272.9475402832
71.281944274902 3.0159206390381 272.91271972656
71.624298095703 2.6888077259064 272.8776550293
71.974540710449 2.3699533939362 272.84454345703
72.333335876465 2.0605251789093 272.8134765625
72.695472717285 1.7549383640289 272.78332519531
73.063438415527 1.4562398195267 272.75466918945
73.434829711914 1.1617221832275 272.72695922852
73.815628051758 0.87922734022141 272.70184326172
74.194190979004 0.5938047170639 272.67608642578
74.575622558594 0.31214681267738 272.65118408203
74.952377319336 0.024384262040257 272.62490844727
75.333251953125 -0.25800755620003 272.59982299805
75.711616516113 -0.5436879992485 272.57400512695
76.082107543945 -0.83931362628937 272.54608154297
76.438423156738 -1.1515290737152 272.51443481445
76.797462463379 -1.4606786966324 272.48342895508
77.16162109375 -1.7639062404633 272.45379638672
77.524803161621 -2.0682828426361 272.42391967773
69.561485290527 5.7086000442505 273.03402709961
69.95930480957 5.3296070098877 272.86645507812
70.405532836914 4.9823207855225 272.76522827148
70.857116699219 4.6395592689514 272.67266845703
71.316390991211 4.3032298088074 272.595703125
71.775688171387 3.9669272899628 272.51876831055
72.269515991211 3.6770334243774 272.47323608398
72.767478942871 3.3936543464661 272.43194580078
73.265686035156 3.1110687255859 272.38827514648
73.764533996582 2.8309361934662 272.33676147461
74.259757995605 2.5475437641144 272.27029418945
74.751617431641 2.2615296840668 272.19125366211
75.23690032959 1.9702961444855 272.09298706055
75.711654663086 1.6722429990768 271.9674987793
76.152099609375 1.3798662424088 271.74276733398
76.62198638916 1.1043376922607 271.56039428711
77.139854431152 0.86789435148239 271.48370361328
77.642532348633 0.63193619251251 271.33666992188
78.160995483398 0.40326619148254 271.24243164062
78.677047729492 0.15664307773113 271.18914794922
79.141464233398 -0.16736488044262 271.09265136719
79.649154663086 -0.41444635391235 270.98690795898
80.155143737793 -0.66648185253143 270.88479614258
80.659828186035 -0.91762900352478 270.7744140625
81.166061401367 -1.0525467395782 270.53881835938
69.475173950195 5.6440291404724 273.50317382812
69.907241821289 5.3219537734985 273.52978515625
70.317504882812 4.9871511459351 273.63259887695
70.743232727051 4.6551508903503 273.6389465332
71.180770874023 4.3389668464661 273.64907836914
71.625312805176 4.0328025817871 273.66189575195
72.063873291016 3.7184219360352 273.68072509766
72.499420166016 3.4001462459564 273.70266723633
72.95280456543 3.1070182323456 273.70935058594
73.407989501953 2.8170773983002 273.71524047852
73.82706451416 2.4827330112457 273.77908325195
74.230010986328 2.1342568397522 273.86553955078
74.684478759766 1.848072052002 273.92083740234
75.15258026123 1.5831280946732 273.96713256836
75.603256225586 1.2981981039047 274.05215454102
76.053504943848 1.0129400491714 274.13812255859
76.487419128418 0.71494019031525 274.25817871094
76.907768249512 0.40880283713341 274.40347290039
77.34220123291 0.1207601800561 274.54418945312
77.792007446289 -0.14805182814598 274.67425537109
78.26195526123 -0.38911315798759 274.78634643555
78.730102539062 -0.63248896598816 274.90097045898
79.196746826172 -0.87769782543182 275.01776123047
79.661201477051 -1.124129652977 275.14053344727
80.126953125 -1.383274435997 275.22680664062
