62.799648284912 2.5429816246033 273.24029541016
66.401756286621 -5.1832213401794 275.16925048828
69.047966003418 -4.2464380264282 272.59024047852
68.121780395508 -3.2869544029236 277.95455932617
62.711338043213 2.2111468315125 273.27825927734
62.704113006592 1.8698766231537 273.33276367188
62.744552612305 1.5322219133377 273.39547729492
62.804615020752 1.1980596780777 273.4612121582
62.871940612793 0.86553126573563 273.52807617188
62.959754943848 0.53838843107224 273.59780883789
63.055328369141 0.21365447342396 273.66857910156
63.159515380859 -0.10817360877991 273.74044799805
63.275001525879 -0.42578628659248 273.8137512207
63.40230178833 -0.73853933811188 273.88842773438
63.53736114502 -1.0478245019913 273.96389770508
63.678218841553 -1.3543239831924 274.04006958008
63.835029602051 -1.652578830719 274.11785888672
64.000305175781 -1.9460347890854 274.19635009766
64.174507141113 -2.2340703010559 274.27563476562
64.357040405273 -2.5167245864868 274.35552978516
64.547927856445 -2.7936184406281 274.43606567383
64.747543334961 -3.0641229152679 274.51718139648
64.951194763184 -3.3315281867981 274.59854125977
65.155410766602 -3.5984880924225 274.67993164062
65.364181518555 -3.8618369102478 274.76153564453
65.581253051758 -4.1182537078857 274.84353637695
65.78662109375 -4.3843059539795 274.92501831055
65.994163513184 -4.6486439704895 275.00653076172
66.196640014648 -4.9169549942017 275.08782958984
62.879211425781 2.1931619644165 273.14236450195
62.988166809082 1.8371765613556 273.14514160156
63.100936889648 1.4836955070496 273.17568969727
63.242805480957 1.1423968076706 273.21969604492
63.427433013916 0.82544809579849 273.28356933594
63.611087799072 0.50633931159973 273.33895874023
63.794731140137 0.18670818209648 273.39117431641
64.000968933105 -0.11879720538855 273.44323730469
64.247611999512 -0.39299863576889 273.49429321289
64.494369506836 -0.66714757680893 273.544921875
64.751266479492 -0.93622732162476 273.55987548828
65.012214660645 -1.2017886638641 273.55706787109
65.273170471191 -1.4673463106155 273.55432128906
65.534126281738 -1.7329076528549 273.55151367188
65.81689453125 -1.9734777212143 273.52334594727
66.09944152832 -2.2141554355621 273.49392700195
66.354721069336 -2.4561207294464 273.3720703125
66.666557312012 -2.6514673233032 273.31619262695
66.978904724121 -2.8362171649933 273.23297119141
67.27619934082 -3.0247867107391 273.11181640625
67.594589233398 -3.1979167461395 273.02648925781
67.919990539551 -3.354553937912 272.93588256836
68.212623596191 -3.5577139854431 272.82769775391
68.486045837402 -3.7782731056213 272.70434570312
68.765869140625 -4.0041809082031 272.60794067383
62.857971191406 2.2272627353668 273.41589355469
62.993000030518 1.9156619310379 273.55230712891
63.14868927002 1.612074971199 273.68475341797
63.304210662842 1.3090063333511 273.81854248047
63.459243774414 1.0074863433838 273.95635986328
63.652515411377 0.71452677249908 274.06002807617
63.844825744629 0.42329561710358 274.1701965332
64.023803710938 0.13276372849941 274.3024597168
64.210494995117 -0.15155850350857 274.43756103516
64.410140991211 -0.42480683326721 274.5768737793
64.626159667969 -0.68448585271835 274.71774291992
64.846740722656 -0.93487483263016 274.86801147461
65.061721801758 -1.1744239330292 275.04217529297
65.268455505371 -1.4006388187408 275.24221801758
65.478096008301 -1.6149690151215 275.45208740234
65.71460723877 -1.8079833984375 275.65390014648
65.952461242676 -1.9932490587234 275.86135864258
66.191864013672 -2.1552393436432 276.08578491211
66.436157226562 -2.3067238330841 276.31228637695
66.68603515625 -2.4458868503571 276.54061889648
66.928115844727 -2.5834362506866 276.77813720703
67.159034729004 -2.7067887783051 277.03381347656
67.385185241699 -2.8302567005157 277.29373168945
67.651809692383 -2.9807422161102 277.49374389648
67.871185302734 -3.108393907547 277.75704956055
