62.214427947998 4.1774802207947 281.51861572266
70.651596069336 -2.562611579895 280.26031494141
75.476547241211 -0.92729836702347 279.52172851562
74.614944458008 -2.1262412071228 283.40386962891
62.012252807617 3.8191080093384 281.33721923828
62.026763916016 3.4010887145996 281.16967773438
62.138763427734 2.9901659488678 281.02215576172
62.307231903076 2.5936162471771 280.89038085938
62.563262939453 2.2365782260895 280.79019165039
62.868988037109 1.9144651889801 280.71292114258
63.205299377441 1.62038230896 280.65243530273
63.562164306641 1.3491622209549 280.60482788086
63.943759918213 1.1109310388565 280.57501220703
64.336296081543 0.89013189077377 280.55422973633
64.730430603027 0.6720694899559 280.53482055664
65.120613098145 0.44736695289612 280.51202392578
65.522605895996 0.24359577894211 280.49981689453
65.928703308105 0.04792371019721 280.49166870117
66.333702087402 -0.14995735883713 280.48245239258
66.731300354004 -0.36186736822128 280.46612548828
67.136528015137 -0.55930608510971 280.45709228516
67.543014526367 -0.75418955087662 280.44931030273
67.94214630127 -0.96332347393036 280.43441772461
68.344100952148 -1.1671824455261 280.42218017578
68.741500854492 -1.3794720172882 280.40570068359
69.136108398438 -1.5967190265656 280.38671875
69.529937744141 -1.8153038024902 280.36706542969
69.905044555664 -2.063004732132 280.3323059082
70.286560058594 -2.3013670444489 280.30239868164
62.532600402832 3.8632214069366 281.17437744141
62.793891906738 3.3995125293732 280.9914855957
63.283802032471 3.127393245697 280.9231262207
63.825309753418 2.9664113521576 280.89764404297
64.367919921875 2.8070616722107 280.89663696289
64.910682678223 2.6483805179596 280.90405273438
65.453582763672 2.4899752140045 280.90548706055
65.996589660645 2.3319776058197 280.9040222168
66.541305541992 2.1800956726074 280.89846801758
67.088996887207 2.0397789478302 280.88519287109
67.636322021484 1.8982849121094 280.87130737305
68.174224853516 1.7263017892838 280.84112548828
68.71223449707 1.5548123121262 280.81042480469
69.255416870117 1.4035489559174 280.76693725586
69.792686462402 1.2362769842148 280.71142578125
70.307594299316 1.01857817173 280.6259765625
70.822509765625 0.80087751150131 280.54052734375
71.337554931641 0.58350831270218 280.45510864258
71.860076904297 0.38503396511078 280.36920166016
72.395935058594 0.22631660103798 280.28271484375
72.921737670898 0.037749417126179 280.19454956055
73.429550170898 -0.19419576227665 280.10424804688
73.938346862793 -0.41777959465981 279.99954223633
74.449890136719 -0.62775081396103 279.88101196289
74.965698242188 -0.80451780557632 279.73098754883
62.395172119141 3.6488604545593 281.54388427734
62.568431854248 3.1346547603607 281.41860961914
63.06759262085 2.882915019989 281.43826293945
63.595375061035 2.7013289928436 281.47695922852
64.131843566895 2.5489320755005 281.52172851562
64.674583435059 2.4226050376892 281.57189941406
65.213485717773 2.2834253311157 281.62887573242
65.744186401367 2.1204640865326 281.69845581055
66.27311706543 1.9528815746307 281.77047729492
66.79345703125 1.7646448612213 281.85327148438
67.31379699707 1.576410651207 281.93606567383
67.825172424316 1.3624366521835 282.01190185547
68.334091186523 1.1421403884888 282.08618164062
68.843566894531 0.92340058088303 282.16119384766
69.341209411621 0.6916446685791 282.26919555664
69.839111328125 0.4618948996067 282.38034057617
70.348899841309 0.24878028035164 282.46820068359
70.849174499512 0.015923025086522 282.56060791016
71.343589782715 -0.22788265347481 282.65625
71.77954864502 -0.55113279819489 282.79116821289
72.235710144043 -0.86378765106201 282.87548828125
72.701103210449 -1.1657184362411 282.94815063477
73.216789245605 -1.3441408872604 283.06909179688
73.675827026367 -1.6606975793839 283.10046386719
74.133712768555 -1.9761066436768 283.1611328125
