71.164276123047 -6.590208530426 267.48165893555
75.324066162109 5.7605381011963 267.03610229492
79.78702545166 2.7532026767731 270.9319152832
80.23265838623 2.5386023521423 263.26733398438
71.052436828613 -6.0969495773315 267.45587158203
71.106086730957 -5.5932507514954 267.43435668945
71.202270507812 -5.0958290100098 267.4143371582
71.310623168945 -4.6008977890015 267.39486694336
71.440582275391 -4.1111598014832 267.37619018555
71.580070495605 -3.6240372657776 267.35787963867
71.724990844727 -3.1384952068329 267.33984375
71.875267028809 -2.6545739173889 267.32202148438
72.037132263184 -2.1743848323822 267.30471801758
72.199340820312 -1.6943172216415 267.2873840332
72.378120422363 -1.2201384305954 267.27087402344
72.558486938477 -0.74655932188034 267.25439453125
72.738357543945 -0.27279433608055 267.23785400391
72.92000579834 0.2002978771925 267.2214050293
73.097663879395 0.67489266395569 267.2048034668
73.269973754883 1.1514497995377 267.18798828125
73.439743041992 1.6289130449295 267.17102050781
73.612686157227 2.105242729187 267.15420532227
73.781288146973 2.5831151008606 267.13717651367
73.948036193848 3.0616374015808 267.12005615234
74.127792358398 3.5354478359222 267.10354614258
74.322303771973 4.0034146308899 267.08770751953
74.534278869629 4.4637656211853 267.07272338867
74.768028259277 4.9134840965271 267.05889892578
75.032089233398 5.346152305603 267.04669189453
71.384246826172 -6.2346348762512 267.77795410156
71.627174377441 -5.7991671562195 267.90127563477
71.909210205078 -5.38889503479 268.02767944336
72.191856384277 -4.9673309326172 268.10717773438
72.477340698242 -4.5475559234619 268.18603515625
72.769226074219 -4.1320452690125 268.26385498047
73.079643249512 -3.7338325977325 268.35842895508
73.414741516113 -3.3627245426178 268.47637939453
73.754096984863 -2.9972410202026 268.59957885742
74.100440979004 -2.6418178081512 268.73236083984
74.443534851074 -2.2947030067444 268.89276123047
74.786567687988 -1.9475679397583 269.05322265625
75.129745483398 -1.5923280715942 269.19448852539
75.472610473633 -1.2308031320572 269.31967163086
75.814544677734 -0.86972284317017 269.44857788086
76.147834777832 -0.51318430900574 269.60897827148
76.478828430176 -0.15480762720108 269.76995849609
76.77237701416 0.23119649291039 269.93954467773
77.066101074219 0.61719942092896 270.10870361328
77.392822265625 1.0029715299606 270.20016479492
77.722236633301 1.3880531787872 270.2844543457
78.106941223145 1.7108842134476 270.39266967773
78.505706787109 2.003289937973 270.5319519043
78.917869567871 2.2523982524872 270.71081542969
79.357513427734 2.4924223423004 270.82495117188
71.320976257324 -6.1587867736816 267.22283935547
71.734451293945 -5.8596024513245 267.08682250977
72.014083862305 -5.4452848434448 266.91146850586
72.297309875488 -5.0161943435669 266.78344726562
72.590484619141 -4.5990433692932 266.63983154297
72.916397094727 -4.1928586959839 266.54220581055
73.25341796875 -3.794554233551 266.45007324219
73.600639343262 -3.4115476608276 266.33401489258
73.952987670898 -3.0389642715454 266.2008972168
74.31517791748 -2.6927695274353 266.02856445312
74.672370910645 -2.3507022857666 265.83843994141
75.023796081543 -2.0134446620941 265.6298828125
75.377410888672 -1.6726257801056 265.43103027344
75.732536315918 -1.3290553092957 265.23977661133
76.062370300293 -0.9725958108902 265.02789306641
76.39476776123 -0.6022989153862 264.84585571289
76.735511779785 -0.21734531223774 264.71765136719
77.088897705078 0.17152166366577 264.64962768555
77.400215148926 0.56541031599045 264.48065185547
77.765625 0.93488991260529 264.37768554688
78.136207580566 1.3013417720795 264.28216552734
78.522804260254 1.6146550178528 264.10079956055
78.939186096191 1.8505650758743 263.87387084961
79.367324829102 2.0677392482758 263.64965820312
79.809013366699 2.3146865367889 263.49310302734
