64.172637939453 3.9819390773773 272.65795898438
65.963424682617 -9.7653474807739 268.07946777344
71.236114501953 -10.655011177063 264.31137084961
70.459274291992 -12.450530052185 271.53201293945
63.707298278809 3.642201423645 272.48001098633
63.348682403564 3.2154622077942 272.28518676758
63.075553894043 2.719936132431 272.07720947266
62.880191802979 2.1895883083344 271.86697387695
62.720634460449 1.6483668088913 271.6575012207
62.596206665039 1.0964766740799 271.44876098633
62.531242370605 0.53327506780624 271.24359130859
62.496459960938 -0.032784689217806 271.04122924805
62.498317718506 -0.60207664966583 270.84237670898
62.562122344971 -1.1702809333801 270.65185546875
62.652378082275 -1.7360398769379 270.4655456543
62.77592086792 -2.2979168891907 270.28482055664
62.957466125488 -2.8469688892365 270.11596679688
63.184127807617 -3.3801081180573 269.95837402344
63.48722076416 -3.8830239772797 269.82110595703
63.797130584717 -4.3823313713074 269.68597412109
64.088706970215 -4.8896431922913 269.54568481445
64.319625854492 -5.423978805542 269.38824462891
64.543525695801 -5.9607605934143 269.22903442383
64.762992858887 -6.4990587234497 269.06875610352
64.975677490234 -7.0395932197571 268.90682983398
65.180969238281 -7.5824227333069 268.7431640625
65.377868652344 -8.1277389526367 268.57751464844
65.573051452637 -8.6736087799072 268.41149902344
65.768241882324 -9.2194776535034 268.24548339844
64.14599609375 3.5804049968719 272.05038452148
64.144668579102 2.950826883316 271.72305297852
64.18920135498 2.2769796848297 271.45428466797
64.302200317383 1.6092947721481 271.18499755859
64.510482788086 0.96692752838135 270.92700195312
64.801116943359 0.34644058346748 270.67877197266
65.080848693848 -0.24290089309216 270.36010742188
65.315910339355 -0.82234883308411 269.98760986328
65.519287109375 -1.410639166832 269.60861206055
65.743606567383 -1.9955158233643 269.23818969727
66.026901245117 -2.5707762241364 268.89193725586
66.310188293457 -3.1460363864899 268.54565429688
66.607322692871 -3.7335925102234 268.23352050781
66.905914306641 -4.3224415779114 267.92501831055
67.224571228027 -4.9108686447144 267.63827514648
67.568115234375 -5.4987721443176 267.37860107422
67.911659240723 -6.0866751670837 267.11892700195
68.276435852051 -6.6494240760803 266.83508300781
68.650993347168 -7.2005968093872 266.54010009766
69.028053283691 -7.743269443512 266.23550415039
69.42919921875 -8.2043762207031 265.8385925293
69.787612915039 -8.7467985153198 265.51736450195
70.130317687988 -9.3191347122192 265.22396850586
70.498825073242 -9.866904258728 264.91723632812
70.887832641602 -10.395166397095 264.59991455078
64.186279296875 3.4592108726501 273.18270874023
64.010269165039 2.8078894615173 273.18124389648
63.84740447998 2.1069083213806 273.01443481445
63.788040161133 1.4029568433762 272.83489990234
64.011131286621 0.72328561544418 272.64233398438
64.239524841309 0.044842045754194 272.45248413086
64.511611938477 -0.62350261211395 272.2848815918
64.78369140625 -1.2918472290039 272.11727905273
65.031028747559 -1.9830415248871 272.04418945312
65.272560119629 -2.6820800304413 272.01489257812
65.655754089355 -3.3160889148712 272.01620483398
66.038948059082 -3.9500975608826 272.01754760742
66.422142028809 -4.5841059684753 272.01889038086
66.71159362793 -5.2580490112305 271.96737670898
66.942893981934 -5.9567613601685 271.88311767578
67.179779052734 -6.6529502868652 271.79498291016
67.443305969238 -7.3370876312256 271.68859863281
67.706825256348 -8.0212249755859 271.58221435547
67.990608215332 -8.6971235275269 271.49185180664
68.364395141602 -9.3364315032959 271.47250366211
68.738189697266 -9.9757385253906 271.45318603516
69.104850769043 -10.619369506836 271.44854736328
69.469566345215 -11.264187812805 271.4479675293
69.855560302734 -11.893900871277 271.42590332031
70.293525695801 -12.486735343933 271.35147094727
