102.35523986816 3.5745594501495 331.56365966797
67.755844116211 -10.205096244812 331.16006469727
57.086109161377 -3.8145799636841 338.75048828125
59.408641815186 -2.8883497714996 327.04818725586
102.11585235596 2.2684605121613 331.37799072266
100.94789886475 1.3844677209854 331.30114746094
99.686080932617 0.63491827249527 331.24911499023
98.385437011719 -0.047359105199575 331.20916748047
97.076995849609 -0.71433317661285 331.17184448242
95.744598388672 -1.3323574066162 331.14306640625
94.386428833008 -1.8918439149857 331.12445068359
93.008895874023 -2.4027986526489 331.11410522461
91.626510620117 -2.8994562625885 331.10610961914
90.221504211426 -3.3291399478912 331.10934448242
88.808822631836 -3.7326502799988 331.11688232422
87.387474060059 -4.1046457290649 331.1296081543
85.967781066895 -4.4828023910522 331.14135742188
84.55290222168 -4.8783965110779 331.15020751953
83.129135131836 -5.2397956848145 331.16461181641
81.726264953613 -5.6765193939209 331.16668701172
80.321624755859 -6.1072397232056 331.16976928711
78.90544128418 -6.4982814788818 331.17932128906
77.501945495605 -6.9329657554626 331.18173217773
76.095855712891 -7.3588447570801 331.18557739258
74.708145141602 -7.8414988517761 331.17999267578
73.31135559082 -8.2972984313965 331.17886352539
71.913719177246 -8.7505025863647 331.17819213867
70.532791137695 -9.2521877288818 331.16934204102
69.163352966309 -9.7843828201294 331.15536499023
100.73826599121 2.9436502456665 332.07223510742
99.082702636719 2.3682570457458 332.47708129883
97.337951660156 1.9211773872375 332.64227294922
95.593208312988 1.4740977287292 332.80743408203
93.848457336426 1.0270180702209 332.97259521484
92.095291137695 0.61795502901077 333.12573242188
90.307083129883 0.36695855855942 333.22885131836
88.518882751465 0.11596208810806 333.33193969727
86.730674743652 -0.13503439724445 333.43505859375
84.942474365234 -0.38603088259697 333.53817749023
83.154273986816 -0.637027323246 333.64126586914
81.36890411377 -0.89372843503952 333.77243041992
79.585800170898 -1.1549936532974 333.9260559082
77.802703857422 -1.4162590503693 334.07965087891
76.019599914551 -1.6775243282318 334.23324584961
74.23649597168 -1.9387896060944 334.38687133789
72.460403442383 -2.1970014572144 334.583984375
70.724662780762 -2.4376084804535 335.03189086914
68.988929748535 -2.6782157421112 335.47982788086
67.253196716309 -2.9188230037689 335.92776489258
65.517463684082 -3.1594302654266 336.37567138672
63.781730651855 -3.4000375270844 336.82360839844
62.045997619629 -3.6406447887421 337.27154541016
60.314720153809 -3.7288675308228 337.77502441406
58.585594177246 -3.7435607910156 338.30532836914
100.7438659668 3.6284935474396 331.09567260742
99.063117980957 3.3314354419708 331.0078125
97.382369995117 3.0343775749207 330.91998291016
95.713973999023 2.6869084835052 330.81015014648
94.063262939453 2.2673070430756 330.66891479492
92.412544250488 1.8477054834366 330.52764892578
90.761825561523 1.4281039237976 330.38641357422
89.104393005371 1.0315957069397 330.2734375
87.428398132324 0.69887155294418 330.23849487305
85.752403259277 0.36614736914635 330.20358276367
84.076416015625 0.033423196524382 330.16864013672
82.400421142578 -0.299300968647 330.13369750977
80.724426269531 -0.63202512264252 330.09878540039
79.039840698242 -0.9068700671196 330.02841186523
77.350555419922 -1.1500649452209 329.93865966797
75.661270141602 -1.3932597637177 329.8489074707
73.974052429199 -1.6208184957504 329.71481323242
72.290954589844 -1.8172478675842 329.49243164062
70.607849121094 -2.0136773586273 329.27001953125
68.924751281738 -2.2101068496704 329.04760742188
67.241645812988 -2.4065363407135 328.82522583008
65.558547973633 -2.602965593338 328.6028137207
63.896503448486 -2.7960278987885 328.26907348633
62.250576019287 -2.986513376236 327.85012817383
60.624317169189 -3.0783662796021 327.36001586914
