56.745357513428 -2.9136490821838 278.43521118164
67.645973205566 5.7939834594727 269.8786315918
71.54362487793 2.7101480960846 271.03720092773
67.87873840332 2.83420586586 265.30270385742
56.792144775391 -2.2662951946259 278.40032958984
57.029788970947 -1.6891199350357 278.21493530273
57.33536529541 -1.1660903692245 277.97589111328
57.679008483887 -0.6827906370163 277.70678710938
58.05277633667 -0.23718160390854 277.41384887695
58.450923919678 0.17280089855194 277.10159301758
58.866966247559 0.55291700363159 276.77514648438
59.293128967285 0.91442602872849 276.4407043457
59.724658966064 1.2653818130493 276.10195922852
60.167194366455 1.5934067964554 275.75451660156
60.608367919922 1.9244121313095 275.40817260742
61.057807922363 2.2368218898773 275.05523681641
61.503147125244 2.5584764480591 274.70556640625
61.967876434326 2.8321371078491 274.34048461914
62.433090209961 3.1044094562531 273.97497558594
62.889739990234 3.3993029594421 273.61630249023
63.358547210693 3.6614799499512 273.24798583984
63.827602386475 3.922847032547 272.87945556641
64.290771484375 4.2007188796997 272.51556396484
64.77214050293 4.4226579666138 272.13723754883
65.236259460449 4.6980009078979 271.77264404297
65.718086242676 4.9182806015015 271.39395141602
66.206527709961 5.1134181022644 271.00994873047
66.687004089355 5.3385491371155 270.63232421875
67.161178588867 5.5844030380249 270.25970458984
57.105220794678 -2.3637790679932 278.24130249023
57.582950592041 -1.9860657453537 278.11276245117
58.22830581665 -1.8615167140961 278.01733398438
58.767204284668 -1.6071128845215 277.67922973633
59.306102752686 -1.3527091741562 277.3410949707
59.845001220703 -1.0983053445816 277.00299072266
60.398136138916 -0.88311094045639 276.66149902344
60.956047058105 -0.68106573820114 276.31890869141
61.513957977295 -0.47902047634125 275.97631835938
62.071868896484 -0.27697524428368 275.63369750977
62.629779815674 -0.074930004775524 275.29110717773
63.213668823242 0.11139692366123 274.98568725586
63.803634643555 0.29404526948929 274.68896484375
64.393600463867 0.47669363021851 274.39224243164
64.98356628418 0.65934199094772 274.09555053711
65.574043273926 0.84389311075211 273.8010559082
66.165092468262 1.0305277109146 273.50900268555
66.756134033203 1.2171621322632 273.21694946289
67.347175598145 1.403796672821 272.92489624023
67.93822479248 1.5904312133789 272.63284301758
68.529266357422 1.7770657539368 272.34078979492
69.128067016602 1.9689872264862 272.06964111328
69.734962463379 2.1664259433746 271.82034301758
70.341850280762 2.3638646602631 271.5710144043
70.948745727539 2.5613036155701 271.32168579102
56.87670135498 -2.3349890708923 278.04354858398
57.241096496582 -1.9399614334106 277.58749389648
57.640960693359 -1.6001471281052 277.1100769043
58.067768096924 -1.3210802078247 276.61599731445
58.53299331665 -1.0979439020157 276.12683105469
58.998218536377 -0.87480753660202 275.6376953125
59.463447570801 -0.65167117118835 275.14855957031
59.957290649414 -0.46585196256638 274.67208862305
60.451961517334 -0.28111463785172 274.1960144043
60.938220977783 -0.094278521835804 273.71282958984
61.379844665527 0.10368920862675 273.19198608398
61.821517944336 0.29834988713264 272.67007446289
62.263763427734 0.45564129948616 272.13607788086
62.706005096436 0.61293268203735 271.60205078125
63.148246765137 0.77022403478622 271.06805419922
63.591327667236 0.93730193376541 270.53802490234
64.036979675293 1.1344484090805 270.02032470703
64.482635498047 1.3315949440002 269.50262451172
64.928291320801 1.52874147892 268.98492431641
65.35538482666 1.7373024225235 268.45623779297
65.780693054199 1.9469610452652 267.9264831543
66.206001281738 2.1566197872162 267.39672851562
66.631309509277 2.3662786483765 266.86697387695
67.058319091797 2.5706176757812 266.33673095703
67.499870300293 2.729300737381 265.80258178711
