56.152458190918 16.636016845703 337.52770996094
79.778358459473 -11.993060112 346.39801025391
66.52766418457 -1.9764440059662 353.35656738281
65.276428222656 -9.0638093948364 335.20401000977
57.843925476074 16.917552947998 337.47640991211
59.542858123779 16.704248428345 337.57095336914
61.23653793335 16.452770233154 337.67657470703
62.909992218018 16.100381851196 337.81158447266
64.530868530273 15.570892333984 337.99774169922
66.144508361816 15.021126747131 338.18975830078
67.68408203125 14.303647994995 338.42971801758
69.175010681152 13.49766254425 338.69485473633
70.610015869141 12.603547096252 338.98486328125
71.961212158203 11.596811294556 339.30651855469
73.2255859375 10.491305351257 339.65563964844
74.392990112305 9.2915821075439 340.03067016602
75.477600097656 8.022253036499 340.42465209961
76.52668762207 6.725606918335 340.82595825195
77.441612243652 5.3383679389954 341.25155639648
78.260925292969 3.8967702388763 341.69128417969
78.989501953125 2.4106805324554 342.14242553711
79.607315063477 0.8786553144455 342.60501098633
80.043426513672 -0.71056234836578 343.08108520508
80.330459594727 -2.3314809799194 343.56372070312
80.538696289062 -3.9639132022858 344.04815673828
80.730949401855 -5.5982203483582 344.53295898438
80.824546813965 -7.2409238815308 345.01840209961
80.783935546875 -8.8862838745117 345.50207519531
80.543014526367 -10.516753196716 345.97763061523
56.062255859375 16.543615341187 338.62155151367
56.999439239502 16.213144302368 339.18298339844
57.917938232422 15.800368309021 339.7204284668
58.816905975342 15.322050094604 340.236328125
59.699657440186 14.816201210022 340.75396728516
60.576084136963 14.300218582153 341.27197265625
61.349105834961 13.63197517395 341.78088378906
62.11376953125 12.953291893005 342.28860473633
62.733249664307 12.323489189148 343.01123046875
63.461093902588 11.742928504944 343.67150878906
64.252304077148 11.16784286499 344.25991821289
64.470802307129 10.241106987 344.88824462891
64.084838867188 9.2931442260742 345.39105224609
63.423259735107 8.6178369522095 346.02703857422
63.236236572266 7.7131910324097 346.69082641602
63.457370758057 6.81134557724 347.35446166992
63.629234313965 5.8547792434692 347.95303344727
63.727058410645 4.889340877533 348.55416870117
63.80655670166 3.9012975692749 349.11975097656
63.816749572754 2.9689371585846 349.77752685547
63.997444152832 2.0756857395172 350.46459960938
64.288192749023 1.1730107069016 351.09994506836
64.533653259277 0.27307060360909 351.7561340332
65.064010620117 -0.53060865402222 352.36865234375
65.773216247559 -1.2655076980591 352.87857055664
57.07740020752 16.092901229858 337.11734008789
57.951282501221 15.365018844604 336.95300292969
58.819458007812 14.621435165405 336.83575439453
59.638339996338 13.817265510559 336.78164672852
60.456493377686 13.04270362854 336.55575561523
61.222194671631 12.199675559998 336.40240478516
61.996620178223 11.370778083801 336.21893310547
62.778984069824 10.565956115723 335.97463989258
63.333885192871 9.5816164016724 335.76565551758
63.86988067627 8.5795450210571 335.59524536133
64.488388061523 7.6435718536377 335.34643554688
64.718925476074 6.5600171089172 335.07781982422
64.16902923584 5.5521640777588 335.12487792969
63.610290527344 4.5571899414062 335.10366821289
63.863506317139 3.4446802139282 334.97161865234
64.019416809082 2.3073420524597 335.02017211914
64.142509460449 1.1660635471344 334.97622680664
64.10474395752 0.017911996692419 335.00299072266
64.024719238281 -1.1253913640976 335.06460571289
64.256469726562 -2.250771522522 335.04699707031
64.453475952148 -3.3827114105225 335.02682495117
64.619300842285 -4.5195918083191 335.0055847168
64.76496887207 -5.6585712432861 335.05068969727
64.910820007324 -6.7972865104675 335.10150146484
65.079696655273 -7.9328618049622 335.15124511719
