68.057136535645 -0.51774322986603 267.15927124023
78.633140563965 2.8976328372955 265.56680297852
79.862861633301 2.503317117691 269.72332763672
79.17943572998 -1.0718065500259 266.1452331543
68.308586120605 -0.22905801236629 266.94354248047
68.62565612793 0.020524112507701 266.76959228516
68.982841491699 0.23538981378078 266.63049316406
69.363929748535 0.42299342155457 266.51779174805
69.75806427002 0.5923238992691 266.42239379883
70.165573120117 0.7390900850296 266.34802246094
70.577613830566 0.87686902284622 266.28192138672
70.993469238281 1.00637114048 266.22344970703
71.411720275879 1.1302555799484 266.17004394531
71.832420349121 1.2479910850525 266.12225341797
72.25316619873 1.365574836731 266.07458496094
72.676086425781 1.4772666692734 266.0322265625
73.101768493652 1.5807354450226 265.99728393555
73.529502868652 1.6773941516876 265.96841430664
73.95622253418 1.7774869203568 265.93649291992
74.384185791016 1.8733385801315 265.90832519531
74.804244995117 1.9818431138992 265.83831787109
75.22566986084 2.0902366638184 265.77764892578
75.648567199707 2.1985130310059 265.72702026367
76.070693969727 2.3073399066925 265.67141723633
76.497253417969 2.3969013690948 265.61605834961
76.923393249512 2.4931609630585 265.57754516602
77.348136901855 2.6050443649292 265.56787109375
77.776351928711 2.7025620937347 265.55255126953
78.203575134277 2.8051016330719 265.5622253418
68.510223388672 -0.38225957751274 267.25885009766
68.928550720215 -0.14076901972294 267.25772094727
69.39510345459 -0.030308306217194 267.32586669922
69.863792419434 0.089076794683933 267.35211181641
70.328430175781 0.22002838551998 267.39184570312
70.793075561523 0.34862548112869 267.4384765625
71.262496948242 0.4603296816349 267.48065185547
71.727531433105 0.58616483211517 267.5302734375
72.201698303223 0.67428696155548 267.57461547852
72.666496276855 0.79532182216644 267.63732910156
73.132759094238 0.90832185745239 267.70404052734
73.600227355957 1.0128498077393 267.77581787109
74.060302734375 1.1299775838852 267.87182617188
74.512657165527 1.2517831325531 267.99496459961
74.962524414062 1.3740112781525 268.12649536133
75.414161682129 1.4821064472198 268.26416015625
75.872344970703 1.5864605903625 268.38165283203
76.333450317383 1.6887205839157 268.48907470703
76.796600341797 1.7663506269455 268.60775756836
77.264656066895 1.8625272512436 268.68704223633
77.732124328613 1.9833890199661 268.72183227539
78.164642333984 2.0279252529144 268.9352722168
78.603988647461 2.1041855812073 269.12445068359
79.033592224121 2.2043144702911 269.32452392578
79.449256896973 2.3334746360779 269.53701782227
68.439476013184 -0.611692070961 266.96487426758
68.824882507324 -0.51673316955566 266.77935791016
69.245193481445 -0.42714303731918 266.69653320312
69.683441162109 -0.42019909620285 266.6711730957
70.120834350586 -0.39192324876785 266.64520263672
70.556396484375 -0.36017265915871 266.60290527344
70.983474731445 -0.31156125664711 266.51443481445
71.418746948242 -0.29928961396217 266.45932006836
71.857048034668 -0.28339383006096 266.44204711914
72.292198181152 -0.27481284737587 266.38394165039
72.727851867676 -0.26877579092979 266.32983398438
73.165885925293 -0.2650417983532 266.29995727539
73.604469299316 -0.2750598192215 266.28176879883
74.042091369629 -0.29536038637161 266.25228881836
74.478645324707 -0.3242005109787 266.21591186523
74.91527557373 -0.37048798799515 266.21380615234
75.351470947266 -0.4204857647419 266.21978759766
75.788528442383 -0.46175909042358 266.22817993164
76.225967407227 -0.49961718916893 266.22546386719
76.66332244873 -0.53190988302231 266.20358276367
77.101203918457 -0.56293445825577 266.19390869141
77.538093566895 -0.59733688831329 266.16668701172
77.974044799805 -0.63744109869003 266.13290405273
78.408683776855 -0.69696950912476 266.11422729492
78.83521270752 -0.80030661821365 266.12777709961
