61.715847015381 1.9144670963287 265.6364440918
68.550437927246 -1.3867313861847 274.28094482422
67.215606689453 2.5311284065247 275.18789672852
64.642227172852 -2.3865561485291 274.66909790039
62.094482421875 1.7344478368759 265.79229736328
62.419185638428 1.5788955688477 266.05841064453
62.761245727539 1.415398478508 266.29650878906
63.071922302246 1.2662882804871 266.5823059082
63.348476409912 1.1329257488251 266.90817260742
63.631965637207 0.99635183811188 267.22665405273
63.911888122559 0.86142915487289 267.54898071289
64.187522888184 0.72848188877106 267.87579345703
64.458305358887 0.59778755903244 268.20755004883
64.727554321289 0.46779987215996 268.54080200195
64.996948242188 0.33774825930595 268.87393188477
65.26252746582 0.2094594091177 269.21078491211
65.524864196777 0.082673154771328 269.55072021484
65.782524108887 -0.041943226009607 269.89501953125
66.03239440918 -0.16294023394585 270.24630737305
66.280975341797 -0.28335109353065 270.59866333008
66.519905090332 -0.39927306771278 270.95913696289
66.753662109375 -0.51279300451279 271.32373046875
67.002769470215 -0.63344150781631 271.67562866211
67.237884521484 -0.74758857488632 272.03915405273
67.467933654785 -0.85938286781311 272.40664672852
67.716659545898 -0.97985565662384 272.75888061523
67.956275939941 -1.0960999727249 273.11877441406
68.199127197266 -1.2138447761536 273.47601318359
68.383682250977 -1.3044499158859 273.87365722656
61.996536254883 2.0498125553131 265.93316650391
62.269371032715 1.9945373535156 266.26303100586
62.52033996582 1.9508308172226 266.61141967773
62.788162231445 1.9110757112503 266.94750976562
62.996238708496 1.8594768047333 267.32086181641
63.193748474121 1.8107076883316 267.70153808594
63.401161193848 1.7781419754028 268.07849121094
63.611919403076 1.7638343572617 268.4548034668
63.820732116699 1.7613787651062 268.83251953125
63.995506286621 1.7422118186951 269.22467041016
64.13256072998 1.7031384706497 269.63204956055
64.281044006348 1.7083652019501 270.03244018555
64.467208862305 1.8173851966858 270.4030456543
64.661277770996 1.9573426246643 270.75918579102
64.843284606934 2.0346496105194 271.14282226562
65.025993347168 2.1196031570435 271.52453613281
65.207664489746 2.1995525360107 271.90783691406
65.394790649414 2.2757666110992 272.28921508789
65.59056854248 2.3245747089386 272.67077636719
65.796722412109 2.4006407260895 273.04196166992
66.001266479492 2.4542257785797 273.41754150391
66.212684631348 2.4874119758606 273.79217529297
66.436500549316 2.5149097442627 274.16018676758
66.664726257324 2.531375169754 274.52618408203
66.927886962891 2.5355668067932 274.86618041992
61.79381942749 1.594106554985 265.87240600586
62.014575958252 1.5005830526352 266.20141601562
62.160789489746 1.2634818553925 266.49829101562
62.345596313477 1.1407190561295 266.83987426758
62.517395019531 1.0114560127258 267.18579101562
62.671360015869 0.89589250087738 267.5446472168
62.829769134521 0.76580017805099 267.89651489258
62.974021911621 0.64341974258423 268.25708007812
63.113338470459 0.5046660900116 268.61361694336
63.238216400146 0.37581664323807 268.97900390625
63.340259552002 0.24038079380989 269.34902954102
63.430358886719 0.094463534653187 269.71844482422
63.512390136719 -0.062178071588278 270.08526611328
63.58154296875 -0.25137406587601 270.43807983398
63.637256622314 -0.4584327340126 270.78424072266
63.690013885498 -0.65766447782516 271.13540649414
63.767116546631 -0.84177851676941 271.49044799805
63.822780609131 -1.0187534093857 271.85260009766
63.875778198242 -1.1970506906509 272.21459960938
63.947120666504 -1.3834354877472 272.56958007812
64.018508911133 -1.5549306869507 272.93206787109
64.111602783203 -1.7304826974869 273.28735351562
64.215141296387 -1.9062093496323 273.63980102539
64.339637756348 -2.075394153595 273.98876953125
64.49340057373 -2.2273597717285 274.33215332031
