66.920112609863 -0.03164741769433 268.61331176758
75.986991882324 0.14124880731106 273.70111083984
80.208595275879 -5.8492755889893 272.9704284668
81.103271484375 2.0419590473175 269.23391723633
66.814605712891 0.14193771779537 268.98217773438
66.962600708008 0.26648333668709 269.36199951172
67.192100524902 0.36041614413261 269.70907592773
67.475166320801 0.42871645092964 270.02127075195
67.780799865723 0.48422935605049 270.31393432617
68.119483947754 0.5183522105217 270.57141113281
68.481781005859 0.53429484367371 270.79675292969
68.852188110352 0.54314208030701 271.00894165039
69.227951049805 0.54695707559586 271.21160888672
69.610931396484 0.54349786043167 271.40032958984
69.998153686523 0.5354740023613 271.58004760742
70.389999389648 0.52211534976959 271.74911499023
70.779594421387 0.51137417554855 271.92340087891
71.176483154297 0.49164882302284 272.07958984375
71.574806213379 0.47000887989998 272.23184204102
71.972885131836 0.44870036840439 272.38473510742
72.374870300293 0.42182475328445 272.52615356445
72.774574279785 0.39826968312263 272.67440795898
73.178123474121 0.36900389194489 272.81076049805
73.578628540039 0.34430429339409 272.95666503906
73.983139038086 0.31345328688622 273.08966064453
74.373443603516 0.30149900913239 273.26141357422
74.79133605957 0.23604322969913 273.31686401367
75.160400390625 0.24575378000736 273.53048706055
75.578941345215 0.17808090150356 273.58090209961
67.299217224121 -0.11995734274387 269.05621337891
67.740966796875 -0.28553137183189 269.40936279297
68.212265014648 -0.51020950078964 269.68301391602
68.724166870117 -0.72647178173065 269.88073730469
69.239852905273 -0.9592028260231 270.04769897461
69.762001037598 -1.1892855167389 270.19732666016
70.286766052246 -1.4240086078644 270.32968139648
70.806091308594 -1.6704734563828 270.46203613281
71.316329956055 -1.9339960813522 270.59652709961
71.847747802734 -2.16623711586 270.70425415039
72.372299194336 -2.3968567848206 270.84439086914
72.893333435059 -2.6272799968719 270.99664306641
73.421684265137 -2.8779971599579 271.07376098633
73.955894470215 -3.1094074249268 271.16870117188
74.49609375 -3.3144025802612 271.28759765625
75.038009643555 -3.5243105888367 271.38848876953
75.557167053223 -3.7665579319 271.52911376953
76.079360961914 -4.003164768219 271.66793823242
76.620582580566 -4.210750579834 271.77713012695
77.140129089355 -4.4610357284546 271.90127563477
77.64754486084 -4.7253351211548 272.04498291016
78.152549743652 -4.977433681488 272.21633911133
78.659194946289 -5.1926493644714 272.4284362793
79.168273925781 -5.4038395881653 272.63873291016
79.684844970703 -5.6224474906921 272.82135009766
67.332649230957 0.28514748811722 268.82757568359
67.67121887207 0.4948014318943 269.21801757812
68.230018615723 0.56875318288803 269.23574829102
68.782752990723 0.65665566921234 269.30599975586
69.341491699219 0.7279514670372 269.33825683594
69.899154663086 0.80785953998566 269.36721801758
70.461036682129 0.8581228852272 269.36871337891
71.023048400879 0.89539730548859 269.34155273438
71.578460693359 0.99441421031952 269.34555053711
72.135635375977 1.0826466083527 269.33642578125
72.690612792969 1.1839118003845 269.32995605469
73.248870849609 1.2642155885696 269.31793212891
73.810729980469 1.3086177110672 269.29220581055
74.372566223145 1.3549634218216 269.26995849609
74.934387207031 1.4063704013824 269.26766967773
75.493850708008 1.4764647483826 269.28704833984
76.055557250977 1.5293064117432 269.28533935547
76.617294311523 1.5776588916779 269.26495361328
77.179046630859 1.6299226284027 269.26889038086
77.740608215332 1.6813088655472 269.25119018555
78.299026489258 1.7610433101654 269.23992919922
78.855964660645 1.8511666059494 269.23803710938
79.416877746582 1.9097934961319 269.22207641602
79.9775390625 1.9722131490707 269.21304321289
80.539840698242 2.0183520317078 269.21630859375
