67.235481262207 -5.8287491798401 273.32385253906
72.486785888672 6.4109807014465 275.17770385742
76.253227233887 5.2604775428772 278.36505126953
78.376121520996 7.4130997657776 270.79235839844
66.895149230957 -5.4213733673096 273.37747192383
66.799827575684 -4.8933057785034 273.45245361328
66.768989562988 -4.3578996658325 273.52944946289
66.806213378906 -3.8231773376465 273.607421875
66.912246704102 -3.2973778247833 273.68518066406
67.058631896973 -2.7810523509979 273.76226806641
67.216850280762 -2.2682023048401 273.83895874023
67.395233154297 -1.7619134187698 273.91500854492
67.591690063477 -1.2622483968735 273.99044799805
67.805221557617 -0.76960104703903 274.06509399414
68.051223754883 -0.29197692871094 274.13806152344
68.303291320801 0.18251578509808 274.21069335938
68.56990814209 0.64907068014145 274.28237915039
68.864524841309 1.0988593101501 274.35208129883
69.155784606934 1.5507881641388 274.42205810547
69.449447631836 2.0011765956879 274.4919128418
69.751350402832 2.4462060928345 274.56100463867
70.05403137207 2.8907032012939 274.63009643555
70.356895446777 3.3350865840912 274.69915771484
70.665603637695 3.7754950523376 274.76770019531
70.98796081543 4.2061986923218 274.83511352539
71.300888061523 4.6436629295349 274.90335083008
71.642349243164 5.0596828460693 274.96887207031
71.970306396484 5.4862236976624 275.03576660156
72.308151245117 5.9047451019287 275.10165405273
67.323760986328 -5.2500228881836 273.46795654297
67.301780700684 -4.6757426261902 273.64810180664
67.515251159668 -4.1686501502991 273.82797241211
67.837928771973 -3.6918232440948 274.0068359375
68.175300598145 -3.2246959209442 274.18252563477
68.539756774902 -2.7754454612732 274.35229492188
68.90421295166 -2.3261952400208 274.52209472656
69.268669128418 -1.8769447803497 274.69186401367
69.633125305176 -1.4276943206787 274.86166381836
69.997581481934 -0.97844398021698 275.03143310547
70.362030029297 -0.5291935801506 275.20123291016
70.737480163574 -0.093789175152779 275.38116455078
71.127754211426 0.32293552160263 275.57482910156
71.518028259277 0.73966020345688 275.76852416992
71.908302307129 1.1563849449158 275.9621887207
72.29857635498 1.57310962677 276.15585327148
72.684928894043 1.9914419651031 276.35382080078
73.069564819336 2.4104783535004 276.55368041992
73.454193115234 2.829514503479 276.75354003906
73.838829040527 3.2485508918762 276.95343017578
74.223457336426 3.6675872802734 277.15328979492
74.608093261719 4.0866236686707 277.35314941406
75.038566589355 4.4419507980347 277.57272338867
75.494972229004 4.7612471580505 277.8034362793
75.951377868652 5.0805435180664 278.03411865234
67.239990234375 -5.1142802238464 273.12112426758
67.290451049805 -4.3638596534729 273.15997314453
67.650382995605 -3.7292375564575 273.14685058594
68.106346130371 -3.1305477619171 273.11755371094
68.562309265137 -2.5318582057953 273.08828735352
69.018272399902 -1.9331684112549 273.05899047852
69.469207763672 -1.3357560634613 272.97750854492
69.919586181641 -0.73848474025726 272.89025878906
70.369964599609 -0.14121340215206 272.8030090332
70.820350646973 0.45605793595314 272.71575927734
71.270729064941 1.0533292293549 272.62850952148
71.72110748291 1.6506006717682 272.54125976562
72.229598999023 2.1936972141266 272.43173217773
72.752349853516 2.7235012054443 272.31671142578
73.275100708008 3.2533051967621 272.20169067383
73.7978515625 3.7831091880798 272.08666992188
74.320602416992 4.312912940979 271.9716796875
74.863258361816 4.7998790740967 271.83285522461
75.521926879883 5.0372233390808 271.55532836914
76.180587768555 5.2745671272278 271.27780151367
76.839248657227 5.5119113922119 271.0002746582
77.497909545898 5.7492551803589 270.72274780273
78.156578063965 5.986599445343 270.44522094727
78.815238952637 6.22394323349 270.16772460938
78.643516540527 6.799063205719 270.44790649414
