53.146167755127 17.298492431641 406.08377075195
90.650283813477 -11.856691360474 331.8193359375
95.955612182617 -15.188919067383 326.92007446289
92.185638427734 -15.964373588562 325.5510559082
54.583717346191 16.632764816284 403.09707641602
56.020355224609 15.329445838928 400.31011962891
57.45698928833 14.026126861572 397.52319335938
58.895683288574 12.76291847229 394.71920776367
60.335689544678 11.523407936096 391.90502929688
61.774284362793 10.256011962891 389.10260009766
63.212600708008 8.9830951690674 386.30252075195
64.650718688965 7.7065172195435 383.50396728516
66.090110778809 6.4551558494568 380.69482421875
67.530471801758 5.2235798835754 377.87734985352
68.971153259277 3.9988622665405 375.05703735352
70.412567138672 2.7909204959869 372.22988891602
71.853218078613 1.5655941963196 369.40985107422
73.294425964355 0.35490724444389 366.58401489258
74.738037109375 -0.79591172933578 363.73425292969
76.181671142578 -1.9465833902359 360.88442993164
77.626075744629 -3.0725305080414 358.02523803711
79.071304321289 -4.1701083183289 355.15539550781
80.517417907715 -5.2315540313721 352.27239990234
81.964431762695 -6.238124370575 349.3703918457
83.41185760498 -7.2059731483459 346.45547485352
84.85954284668 -8.1361169815063 343.52822875977
86.307228088379 -9.0662603378296 340.60101318359
87.754913330078 -9.9964036941528 337.67379760742
89.202598571777 -10.92654800415 334.74655151367
55.033424377441 15.421636581421 403.52584838867
56.711589813232 13.891157150269 400.61569213867
58.262847900391 12.497999191284 397.56930541992
59.799247741699 11.12438583374 394.50653076172
61.376152038574 9.7711391448975 391.45532226562
62.836162567139 8.2804670333862 388.41000366211
64.431350708008 6.9023032188416 385.37951660156
65.987953186035 5.5100059509277 382.33544921875
67.539916992188 4.1387581825256 379.27951049805
69.041915893555 2.736613035202 376.2126159668
70.604637145996 1.3875041007996 373.15228271484
72.167213439941 0.064737766981125 370.08041381836
73.789321899414 -1.2097548246384 367.01898193359
75.397018432617 -2.4817283153534 363.9489440918
76.949584960938 -3.7819347381592 360.86239624023
78.47582244873 -5.0796780586243 357.76171875
80.123123168945 -6.2425293922424 354.66946411133
81.691619873047 -7.438581943512 351.54904174805
83.338760375977 -8.5088863372803 348.42346191406
84.89786529541 -9.7297172546387 345.30795288086
86.663635253906 -10.659170150757 342.2021484375
88.422203063965 -11.638356208801 339.10757446289
90.217559814453 -12.59813785553 336.02807617188
92.083213806152 -13.469858169556 332.96420288086
93.948928833008 -14.321451187134 329.89471435547
54.295116424561 15.419933319092 403.13442993164
55.681243896484 13.859587669373 400.10269165039
57.257099151611 12.445902824402 397.09170532227
58.869293212891 11.046986579895 394.09310913086
60.414588928223 9.6637420654297 391.05230712891
61.953216552734 8.2416458129883 388.0260925293
63.563690185547 6.7910871505737 385.05120849609
65.038223266602 5.454391002655 381.95495605469
66.559074401855 4.0689964294434 378.90283203125
68.133903503418 2.709832906723 375.86633300781
69.673522949219 1.363939166069 372.8059387207
71.21263885498 0.025684796273708 369.74197387695
72.800773620605 -1.293564915657 366.69479370117
74.36181640625 -2.5529897212982 363.60858154297
75.939933776855 -3.8647089004517 360.55297851562
77.506134033203 -5.0907468795776 357.45593261719
79.134429931641 -6.3527307510376 354.40573120117
80.710372924805 -7.5543661117554 351.30407714844
82.255798339844 -8.7085666656494 348.1692199707
83.788528442383 -9.8343687057495 345.01788330078
85.320434570312 -10.957405090332 341.86511230469
86.73819732666 -11.945025444031 338.61514282227
88.164733886719 -12.938645362854 335.37084960938
89.647193908691 -13.967835426331 332.16290283203
91.015449523926 -14.958870887756 328.89282226562
