67.586456298828 3.5827074050903 271.28662109375
78.672668457031 -4.0863900184631 268.78997802734
81.327857971191 1.1560668945312 267.76434326172
78.151176452637 -3.0710816383362 274.04479980469
67.519958496094 3.1298735141754 270.96932983398
67.655113220215 2.6653366088867 270.69177246094
67.894874572754 2.2217276096344 270.45272827148
68.189338684082 1.7981531620026 270.23999023438
68.535263061523 1.4005378484726 270.05661010742
68.92357635498 1.030748128891 269.90179443359
69.332550048828 0.67733174562454 269.76272583008
69.760726928711 0.34111461043358 269.6396484375
70.198097229004 0.013952260836959 269.52474975586
70.643135070801 -0.30518838763237 269.41702270508
71.101791381836 -0.60894453525543 269.32275390625
71.569755554199 -0.9011977314949 269.23834228516
72.046829223633 -1.1812222003937 269.16415405273
72.53491973877 -1.4450454711914 269.10339355469
73.029998779297 -1.697573184967 269.05184936523
73.524642944336 -1.9508148431778 268.99966430664
74.024490356445 -2.195033788681 268.95477294922
74.542640686035 -2.4018795490265 268.93902587891
75.047248840332 -2.6373796463013 268.90106201172
75.560897827148 -2.8545002937317 268.87750244141
76.073554992676 -3.0737504959106 268.85220336914
76.589111328125 -3.2866270542145 268.83187866211
77.106880187988 -3.4944307804108 268.81539916992
77.628700256348 -3.6922917366028 268.80654907227
78.146881103516 -3.8990921974182 268.79086303711
68.006912231445 3.5174741744995 270.91696166992
68.382011413574 3.129852771759 270.75177001953
68.879150390625 2.9780774116516 270.53030395508
69.357223510742 2.7760281562805 270.30697631836
69.849975585938 2.5811178684235 270.11096191406
70.368759155273 2.4147069454193 269.96166992188
70.917572021484 2.302708864212 269.88735961914
71.462577819824 2.1890103816986 269.79098510742
72.003471374512 2.0738866329193 269.67517089844
72.530899047852 1.9501707553864 269.51467895508
73.045860290527 1.824319601059 269.31964111328
73.598442077637 1.7581571340561 269.22198486328
74.151039123535 1.6921043395996 269.12435913086
74.704399108887 1.6362683773041 269.02471923828
75.257286071777 1.5820530653 268.9216003418
75.807456970215 1.5333003997803 268.8024597168
76.35994720459 1.4744086265564 268.69976806641
76.914428710938 1.4026510715485 268.61840820312
77.45580291748 1.3875349760056 268.45736694336
77.989967346191 1.3897527456284 268.27322387695
78.538284301758 1.3777581453323 268.13739013672
79.091690063477 1.3529726266861 268.02612304688
79.650146484375 1.3073154687881 267.95330810547
80.209213256836 1.2580796480179 267.88787841797
80.768531799316 1.2070732116699 267.82611083984
67.788963317871 3.147087097168 271.43991088867
68.038970947266 2.7278475761414 271.31161499023
68.413543701172 2.3908326625824 271.28024291992
68.836547851562 2.1204013824463 271.33493041992
69.235015869141 1.8123397827148 271.37252807617
69.641235351562 1.515522480011 271.41690063477
70.057746887207 1.2341157197952 271.46612548828
70.483764648438 0.96835452318192 271.52053833008
70.917907714844 0.7210288643837 271.59436035156
71.353034973145 0.47844767570496 271.67742919922
71.766479492188 0.20518492162228 271.77478027344
72.17936706543 -0.068732537329197 271.87271118164
72.608581542969 -0.31962138414383 271.96170043945
73.026336669922 -0.57937872409821 272.07614135742
73.434043884277 -0.84522485733032 272.21102905273
73.856300354004 -1.0953607559204 272.33029174805
74.272506713867 -1.3312556743622 272.4921875
74.684616088867 -1.5596539974213 272.6741027832
75.109230041504 -1.7772204875946 272.83981323242
75.539199829102 -1.9842183589935 273.00524902344
75.976264953613 -2.1440954208374 273.20141601562
76.421142578125 -2.3166856765747 273.36688232422
76.876434326172 -2.5192308425903 273.44897460938
77.317474365234 -2.7124402523041 273.6012878418
77.734321594238 -2.8917620182037 273.82305908203
