-13.696752548218 -15.312798500061 -25.972663879395
2.4099044799805 -1.7597870826721 -21.637100219727
-7.3226451873779 3.7186689376831 -25.876110076904
-7.3002343177795 -2.106386423111 -14.91517829895
-12.8048620224 -15.592775344849 -26.152484893799
-11.85825252533 -15.639933586121 -26.24146270752
-10.908524513245 -15.620304107666 -26.303461074829
-9.9602336883545 -15.547202110291 -26.343561172485
-9.0201349258423 -15.397674560547 -26.351909637451
-8.0885810852051 -15.20198059082 -26.340826034546
-7.1776480674744 -14.929140090942 -26.296783447266
-6.2896943092346 -14.593516349792 -26.225467681885
-5.4214863777161 -14.213797569275 -26.13472366333
-4.596818447113 -13.755279541016 -26.00866317749
-3.7954301834106 -13.261532783508 -25.866527557373
-3.0352199077606 -12.713542938232 -25.699258804321
-2.3196432590485 -12.115481376648 -25.508296966553
-1.6393188238144 -11.482829093933 -25.300645828247
-0.99961453676224 -10.81475353241 -25.07555770874
-0.41182136535645 -10.107172012329 -24.830551147461
0.12436507642269 -9.3657302856445 -24.567943572998
0.58578252792358 -8.5833301544189 -24.283132553101
1.0081481933594 -7.7828521728516 -23.988084793091
1.3735496997833 -6.9597301483154 -23.679605484009
1.692550778389 -6.1211585998535 -23.36141204834
1.9298641681671 -5.2614488601685 -23.02858543396
2.0852198600769 -4.3877573013306 -22.684022903442
2.2337481975555 -3.513206243515 -22.338605880737
2.2402586936951 -2.6315507888794 -21.979825973511
-13.209950447083 -14.857616424561 -26.518877029419
-12.495590209961 -14.438953399658 -26.766813278198
-11.75634765625 -14.016903877258 -26.917556762695
-10.999778747559 -13.611705780029 -27.021375656128
-10.247032165527 -13.214816093445 -27.172346115112
-9.5908498764038 -12.662108421326 -27.278635025024
-8.9611692428589 -12.073860168457 -27.347499847412
-8.4162139892578 -11.403115272522 -27.370506286621
-7.8820462226868 -10.723361968994 -27.367372512817
-7.746075630188 -9.8846197128296 -27.267192840576
-7.9756336212158 -9.0622282028198 -27.131853103638
-8.1673641204834 -8.2301845550537 -27.007822036743
-8.1819658279419 -7.3780093193054 -26.866678237915
-8.1018199920654 -6.5225992202759 -26.77077293396
-8.0476121902466 -5.6672101020813 -26.658586502075
-8.0375881195068 -4.8134694099426 -26.522886276245
-8.0438632965088 -3.9598639011383 -26.386100769043
-8.0340194702148 -3.1045432090759 -26.261737823486
-7.9656085968018 -2.2472224235535 -26.173828125
-7.8989753723145 -1.3889690637589 -26.09407043457
-7.8435344696045 -0.52893221378326 -26.029714584351
-7.8978514671326 0.33373385667801 -26.02028465271
-7.8749732971191 1.1968669891357 -25.977937698364
-7.7902989387512 2.0544254779816 -25.911088943481
-7.557870388031 2.8869299888611 -25.89312171936
-13.123304367065 -15.354326248169 -25.42599105835
-12.389073371887 -15.243444442749 -25.14121055603
-11.669473648071 -15.008900642395 -24.895984649658
-10.965534210205 -14.753377914429 -24.627355575562
-10.276219367981 -14.487814903259 -24.332403182983
-9.6602935791016 -14.10533618927 -24.004913330078
-9.0993976593018 -13.716727256775 -23.595819473267
-8.5234804153442 -13.289100646973 -23.251644134521
-8.0289239883423 -12.82096862793 -22.840255737305
-7.7740445137024 -12.235626220703 -22.374988555908
-7.8883724212646 -11.577500343323 -21.943195343018
-7.9353609085083 -10.939426422119 -21.470584869385
-7.9490070343018 -10.259161949158 -21.058853149414
-7.8509640693665 -9.5877056121826 -20.643749237061
-7.7157878875732 -8.9562902450562 -20.179033279419
-7.5987782478333 -8.3476734161377 -19.681531906128
-7.6169037818909 -7.6432099342346 -19.312431335449
-7.6023960113525 -6.976514339447 -18.87866973877
-7.5526041984558 -6.3519058227539 -18.388566970825
-7.4097456932068 -5.7520456314087 -17.885824203491
-7.2426805496216 -5.160346031189 -17.380908966064
-7.1430497169495 -4.5580430030823 -16.870714187622
-7.0787243843079 -3.9519982337952 -16.359270095825
-7.0073118209839 -3.3451843261719 -15.849682807922
-7.0601439476013 -2.7225692272186 -15.357532501221
