61.063743591309 1.0509917736053 281.31655883789
69.70979309082 -2.0996921062469 280.64340209961
73.703117370605 0.0071026235818863 277.81616210938
73.589752197266 0.063755668699741 283.21127319336
61.228248596191 0.72649025917053 281.29885864258
61.475101470947 0.45939901471138 281.2763671875
61.74337387085 0.21403937041759 281.25277709961
62.049667358398 0.018261164426804 281.22732543945
62.363975524902 -0.1643284112215 281.20159912109
62.682952880859 -0.33858987689018 281.17565917969
63.0129737854 -0.49085915088654 281.14938354492
63.349514007568 -0.62809699773788 281.12298583984
63.6897315979 -0.75592589378357 281.0964050293
64.032600402832 -0.87636470794678 281.06973266602
64.383338928223 -0.97156757116318 281.04306030273
64.733985900879 -1.067085981369 281.01638793945
65.089515686035 -1.1424561738968 280.98968505859
65.444007873535 -1.2225313186646 280.96295166016
65.799957275391 -1.2958996295929 280.93630981445
66.157157897949 -1.3629174232483 280.90966796875
66.515037536621 -1.4262082576752 280.88305664062
66.873001098633 -1.4889953136444 280.8564453125
67.227447509766 -1.5692940950394 280.82974243164
67.581008911133 -1.6533374786377 280.8030090332
67.928329467773 -1.7603043317795 280.7763671875
68.282859802246 -1.8402004241943 280.74969482422
68.63924407959 -1.9113240242004 280.72302246094
68.989395141602 -2.0086557865143 280.6962890625
69.351341247559 -2.0397403240204 280.67001342773
61.48881149292 0.87071943283081 281.09060668945
61.946361541748 0.66020977497101 280.98553466797
62.416450500488 0.47445493936539 280.88955688477
62.8903465271 0.31090235710144 280.77398681641
63.377792358398 0.18489037454128 280.66806030273
63.855113983154 0.044986374676228 280.5368347168
64.349533081055 -0.038953963667154 280.421875
64.846290588379 -0.094131954014301 280.2998046875
65.338081359863 -0.1611470580101 280.16424560547
65.830177307129 -0.21665117144585 280.02462768555
66.322265625 -0.26400449872017 279.88214111328
66.812232971191 -0.27390828728676 279.72543334961
67.298843383789 -0.2912637591362 279.55920410156
67.781547546387 -0.3213766515255 279.38369750977
68.270217895508 -0.33589825034142 279.22329711914
68.761650085449 -0.35064640641212 279.07165527344
69.254661560059 -0.36834099888802 278.9255065918
69.74787902832 -0.38683471083641 278.78018188477
70.241348266602 -0.40313103795052 278.6354675293
70.737335205078 -0.41641101241112 278.49926757812
71.239738464355 -0.43460959196091 278.3899230957
71.740112304688 -0.37729427218437 278.28469848633
72.235771179199 -0.30449852347374 278.16744995117
72.722068786621 -0.20814922451973 278.02978515625
73.204627990723 -0.096164211630821 277.89077758789
61.507942199707 0.87388229370117 281.45681762695
61.963012695312 0.66972631216049 281.47103881836
62.426708221436 0.48559108376503 281.47534179688
62.90185546875 0.33533996343613 281.49722290039
63.393661499023 0.2523689866066 281.5119934082
63.883934020996 0.16703905165195 281.54852294922
64.372749328613 0.08062456548214 281.59924316406
64.862731933594 0.0064181466586888 281.65756225586
65.353019714355 -0.063107274472713 281.71899414062
65.84171295166 -0.13078534603119 281.79370117188
66.32886505127 -0.19667702913284 281.87933349609
66.816505432129 -0.25007751584053 281.97058105469
67.304084777832 -0.27874603867531 282.07272338867
67.79224395752 -0.30203953385353 282.17346191406
68.282257080078 -0.3016100525856 282.26763916016
68.773918151855 -0.31121605634689 282.35229492188
69.266258239746 -0.32626777887344 282.43203735352
69.75350189209 -0.35358673334122 282.5361328125
70.240196228027 -0.38546460866928 282.64151000977
70.723182678223 -0.44643738865852 282.75103759766
71.211082458496 -0.49898779392242 282.84149169922
71.709465026855 -0.48027324676514 282.85665893555
72.195114135742 -0.37231522798538 282.89495849609
72.669784545898 -0.24321563541889 282.97866821289
73.136108398438 -0.10597215592861 283.09130859375
