61.544868469238 -1.8499430418015 273.79510498047
71.433029174805 -6.6458716392517 275.01107788086
74.589096069336 -3.7631089687347 272.70028686523
74.192245483398 -3.7629170417786 278.36752319336
61.601097106934 -2.2900829315186 273.82818603516
61.764343261719 -2.692334651947 273.86874389648
62.01171875 -3.0554716587067 273.91455078125
62.345516204834 -3.3455374240875 273.96371459961
62.702526092529 -3.605571269989 274.01312255859
63.071628570557 -3.8487184047699 274.06256103516
63.451930999756 -4.0743556022644 274.11193847656
63.850337982178 -4.2655940055847 274.16082763672
64.255630493164 -4.4423513412476 274.20941162109
64.666038513184 -4.6073060035706 274.25772094727
65.077697753906 -4.7691464424133 274.3059387207
65.493110656738 -4.9208006858826 274.35385131836
65.912078857422 -5.0628399848938 274.40151977539
66.329406738281 -5.2095756530762 274.44931030273
66.746452331543 -5.3571033477783 274.49710083008
67.163818359375 -5.5036945343018 274.54489135742
67.583801269531 -5.6427345275879 274.59243774414
68.010871887207 -5.7574453353882 274.63909912109
68.439811706543 -5.8660516738892 274.685546875
68.866096496582 -5.9846377372742 274.73239135742
69.294891357422 -6.0938973426819 274.77886962891
69.725936889648 -6.1936702728271 274.82495117188
70.159889221191 -6.2807712554932 274.87054443359
70.593391418457 -6.3700242042542 274.91616821289
71.015846252441 -6.4987306594849 274.96325683594
61.993804931641 -2.1237995624542 273.794921875
62.442737579346 -2.3976559638977 273.79476928711
62.780879974365 -2.6648998260498 273.51770019531
63.194789886475 -2.8632018566132 273.36672973633
63.704135894775 -2.9920039176941 273.38946533203
64.213485717773 -3.1208062171936 273.41220092773
64.72282409668 -3.2496085166931 273.43493652344
65.23804473877 -3.3472104072571 273.43920898438
65.759986877441 -3.4091234207153 273.42230224609
66.281929016113 -3.4710364341736 273.40542602539
66.803871154785 -3.5329494476318 273.38851928711
67.325805664062 -3.5948624610901 273.37161254883
67.847747802734 -3.6567754745483 273.35473632812
68.369689941406 -3.7186884880066 273.33782958984
68.891624450684 -3.7806017398834 273.32095336914
69.413566589355 -3.8425147533417 273.30404663086
69.935508728027 -3.9044277667999 273.28713989258
70.46070098877 -3.9132194519043 273.27200317383
70.986358642578 -3.9145119190216 273.25708007812
71.512016296387 -3.9158043861389 273.24215698242
72.037673950195 -3.9170968532562 273.22723388672
72.563331604004 -3.9183893203735 273.21231079102
73.075965881348 -3.8892464637756 273.11767578125
73.581703186035 -3.8439977169037 272.98086547852
74.087440490723 -3.7987489700317 272.8440246582
61.942993164062 -2.1316976547241 274.01321411133
62.372936248779 -2.3955078125 274.17730712891
62.833408355713 -2.6420998573303 274.28961181641
63.301593780518 -2.8690168857574 274.40484619141
63.795013427734 -3.0315659046173 274.52963256836
64.288436889648 -3.1941149234772 274.65438842773
64.791564941406 -3.2718484401703 274.81585693359
65.294921875 -3.3475513458252 274.97817993164
65.798286437988 -3.4232540130615 275.14053344727
66.301643371582 -3.4989569187164 275.30285644531
66.80500793457 -3.5746595859528 275.46520996094
67.308364868164 -3.6503624916077 275.62753295898
67.811721801758 -3.7260653972626 275.78985595703
68.315086364746 -3.8017680644989 275.95220947266
68.81844329834 -3.8774709701538 276.1145324707
69.315719604492 -3.9125881195068 276.30407714844
69.810455322266 -3.9307878017426 276.50497436523
70.305191040039 -3.9489872455597 276.70590209961
70.799926757812 -3.9671869277954 276.90679931641
71.294662475586 -3.9853863716125 277.1076965332
71.789390563965 -4.0035858154297 277.30859375
72.282791137695 -3.9876265525818 277.51016235352
72.77490234375 -3.9388213157654 277.71243286133
73.26700592041 -3.8900158405304 277.91467285156
73.759117126465 -3.841210603714 278.1169128418
