68.293746948242 1.754451751709 268.72348022461
82.411895751953 -2.8363134860992 267.5
84.245231628418 -1.521531701088 266.86975097656
83.778518676758 -2.3016686439514 269.0334777832
68.784843444824 1.4691379070282 268.64059448242
69.303001403809 1.2315274477005 268.5735168457
69.830451965332 1.0134562253952 268.51290893555
70.370475769043 0.82567530870438 268.46221923828
70.917808532715 0.65854287147522 268.4182434082
71.471778869629 0.51288741827011 268.38128662109
72.026992797852 0.37166458368301 268.34579467773
72.581321716309 0.22727325558662 268.30923461914
73.135459899902 0.082198865711689 268.27249145508
73.688896179199 -0.065304569900036 268.23495483398
74.237579345703 -0.22830502688885 268.19235229492
74.787704467773 -0.38682049512863 268.15118408203
75.335266113281 -0.55333709716797 268.10748291016
75.882789611816 -0.71997183561325 268.06369018555
76.429931640625 -0.88773483037949 268.01950073242
76.975563049316 -1.0599881410599 267.97387695312
77.521347045898 -1.2317824363708 267.92840576172
78.066818237305 -1.4045120477676 267.88259887695
78.612236022949 -1.5773706436157 267.83679199219
79.154357910156 -1.7595286369324 267.78793334961
79.698913574219 -1.9348655939102 267.74130249023
80.24356842041 -2.1099503040314 267.69476318359
80.791007995605 -2.2768177986145 267.65084838867
81.33659362793 -2.4491965770721 267.6051940918
81.878723144531 -2.6313467025757 267.5563659668
68.514663696289 1.9379115104675 268.75216674805
69.147659301758 1.8372688293457 268.64212036133
69.78116607666 1.7246404886246 268.54666137695
70.417251586914 1.6158920526505 268.4638671875
71.047981262207 1.4898425340652 268.36889648438
71.674491882324 1.3471252918243 268.26754760742
72.30493927002 1.2090929746628 268.18576049805
72.937004089355 1.0717612504959 268.11566162109
73.568412780762 0.9300132393837 268.04843139648
74.199356079102 0.78543943166733 267.98291015625
74.829307556152 0.63665533065796 267.91751098633
75.457237243652 0.47928437590599 267.85247802734
76.085868835449 0.32394254207611 267.78961181641
76.71688079834 0.17546126246452 267.73428344727
77.348976135254 0.030410779640079 267.68228149414
77.980018615723 -0.1155541241169 267.62243652344
78.607200622559 -0.26471689343452 267.53475952148
79.233589172363 -0.41662558913231 267.44647216797
79.855361938477 -0.58635067939758 267.35903930664
80.482818603516 -0.75222164392471 267.32528686523
81.111633300781 -0.90537685155869 267.38070678711
81.74275970459 -1.0330699682236 267.28958129883
82.364601135254 -1.138699054718 267.13125610352
83.002655029297 -1.2486293315887 267.06790161133
83.631317138672 -1.4157804250717 267.05645751953
68.528747558594 1.7831164598465 268.96765136719
69.125946044922 1.575488448143 269.02682495117
69.728744506836 1.3817718029022 269.07684326172
70.337036132812 1.2035495042801 269.11419677734
70.953201293945 1.0517625808716 269.13479614258
71.570610046387 0.90357422828674 269.14315795898
72.185386657715 0.7440767288208 269.14511108398
72.802726745605 0.59495955705643 269.14047241211
73.421516418457 0.45194646716118 269.13229370117
74.03742980957 0.29744192957878 269.1242980957
74.64990234375 0.12965945899487 269.11370849609
75.264633178711 -0.028693489730358 269.09350585938
75.881004333496 -0.17612960934639 269.05520629883
76.496650695801 -0.31323757767677 268.98168945312
77.110527038574 -0.45041304826736 268.89904785156
77.720245361328 -0.6225214600563 268.88806152344
78.318405151367 -0.82696324586868 268.94708251953
78.924880981445 -1.0142933130264 268.96374511719
79.536018371582 -1.1864987611771 268.94714355469
80.14949798584 -1.3498857021332 268.92819213867
80.76481628418 -1.5060434341431 268.90908813477
81.377128601074 -1.6748104095459 268.9130859375
81.988662719727 -1.8444292545319 268.91854858398
82.604034423828 -1.9502826929092 268.80282592773
83.221054077148 -2.0961339473724 268.80895996094
