58.895847320557 5.7898378372192 273.4040222168
63.326969146729 -3.8542468547821 271.56155395508
65.602226257324 0.85042697191238 269.46142578125
64.774108886719 -0.48807317018509 275.58352661133
58.956859588623 5.3821864128113 273.31253051758
58.99889755249 4.9727001190186 273.21859741211
59.048896789551 4.5639386177063 273.12567138672
59.158622741699 4.1649975776672 273.04153442383
59.267246246338 3.7657988071442 272.95718383789
59.385368347168 3.3689646720886 272.87445068359
59.507926940918 2.9733247756958 272.79244995117
59.639957427979 2.5803914070129 272.7121887207
59.773807525635 2.1880133152008 272.63220214844
59.921718597412 1.8001773357391 272.55487060547
60.086250305176 1.41845703125 272.4807434082
60.250122070312 1.0364742279053 272.4065246582
60.42306137085 0.65815150737762 272.33413696289
60.60120010376 0.28203988075256 272.26287841797
60.785457611084 -0.091355703771114 272.19290161133
60.983013153076 -0.45845234394073 272.12591552734
61.176837921143 -0.82736492156982 272.05801391602
61.376575469971 -1.1933652162552 271.99151611328
61.585273742676 -1.5547055006027 271.92706298828
61.793548583984 -1.9162694215775 271.86251831055
61.995178222656 -2.2813065052032 271.79644775391
62.216564178467 -2.635561466217 271.73510742188
62.452663421631 -2.9808218479156 271.67742919922
62.701107025146 -3.3178699016571 271.62313842773
62.959949493408 -3.6474695205688 271.57177734375
59.180389404297 5.6570634841919 273.26962280273
59.423049926758 5.4393348693848 273.10153198242
59.637084960938 5.1743788719177 272.96011352539
59.881065368652 4.9531173706055 272.79318237305
60.143562316895 4.7302565574646 272.66134643555
60.4045753479 4.5034985542297 272.53231811523
60.654838562012 4.2705502510071 272.3928527832
60.903297424316 4.0417551994324 272.24392700195
61.150341033936 3.8162157535553 272.08758544922
61.412979125977 3.6039264202118 271.93896484375
61.682876586914 3.3977947235107 271.79403686523
61.969570159912 3.2046411037445 271.66424560547
62.243968963623 3.0015215873718 271.52685546875
62.481906890869 2.7688467502594 271.36688232422
62.732173919678 2.5903463363647 271.16821289062
62.995769500732 2.4560680389404 270.9489440918
63.278343200684 2.3614420890808 270.73175048828
63.6106300354 2.2693994045258 270.59963989258
63.912200927734 2.111750125885 270.48040771484
64.193481445312 1.9058194160461 270.38256835938
64.549819946289 1.8364228010178 270.31509399414
64.88362121582 1.7174109220505 270.22354125977
65.158615112305 1.5029565095901 270.15570068359
65.337379455566 1.2473845481873 270.02505493164
65.469802856445 1.0489057302475 269.74322509766
59.078510284424 5.6018719673157 273.58963012695
59.294132232666 5.3480777740479 273.6819152832
59.478416442871 5.0472192764282 273.68884277344
59.696350097656 4.7726702690125 273.68899536133
59.939979553223 4.5188245773315 273.68942260742
60.136474609375 4.2352895736694 273.76373291016
60.338088989258 3.9557602405548 273.83889770508
60.550792694092 3.684903383255 273.91583251953
60.780220031738 3.4213979244232 273.95684814453
61.017581939697 3.1613805294037 273.98083496094
61.263294219971 2.9231781959534 274.06265258789
61.500373840332 2.6855821609497 274.16732788086
61.702571868896 2.4362187385559 274.31381225586
61.917617797852 2.2065367698669 274.4714050293
62.140930175781 1.991631269455 274.63946533203
62.344547271729 1.7547640800476 274.80364990234
62.582046508789 1.5112054347992 274.87905883789
62.824741363525 1.2775152921677 274.97045898438
63.062469482422 1.0602571964264 275.11444091797
63.315166473389 0.86030197143555 275.25827026367
63.583354949951 0.65453571081161 275.32800292969
63.870769500732 0.4505709707737 275.32995605469
64.177322387695 0.2759924530983 275.33847045898
64.465797424316 0.075154513120651 275.36199951172
64.661468505859 -0.18317243456841 275.44613647461
