117.39057922363 -29.026025772095 302.93505859375
49.624420166016 -29.494934082031 310.25497436523
34.840023040771 -19.186586380005 295.54858398438
38.500225067139 -42.891788482666 300.17343139648
115.1413269043 -28.862787246704 304.27621459961
112.55052947998 -28.848510742188 304.75384521484
109.93787384033 -28.857107162476 305.09426879883
107.32354736328 -28.868003845215 305.42086791992
104.70014953613 -28.892686843872 305.6640625
102.07646179199 -28.917970657349 305.90368652344
99.448348999023 -28.952440261841 306.08758544922
96.82054901123 -28.986219406128 306.2756652832
94.19002532959 -29.027307510376 306.41918945312
91.559669494629 -29.067916870117 306.56573486328
88.928283691406 -29.11191368103 306.69155883789
86.29663848877 -29.1569480896 306.81109619141
83.66667175293 -29.196340560913 306.96496582031
81.036224365234 -29.237205505371 307.10992431641
78.40567779541 -29.27837562561 307.25305175781
75.775108337402 -29.319635391235 307.39556884766
73.146530151367 -29.355272293091 307.57229614258
70.518051147461 -29.390661239624 307.75054931641
67.889465332031 -29.42632484436 307.92718505859
65.263694763184 -29.45560836792 308.14254760742
62.642227172852 -29.476964950562 308.4059753418
60.022445678711 -29.495594024658 308.68585205078
57.401775360107 -29.515640258789 308.95718383789
54.78551864624 -29.529058456421 309.2685546875
52.168579101562 -29.543828964233 309.57174682617
114.52814483643 -28.418079376221 302.26104736328
111.3064956665 -28.194633483887 302.02340698242
108.10585021973 -28.35758972168 301.58352661133
104.8918762207 -28.301094055176 301.23614501953
101.66383361816 -28.058084487915 300.98907470703
98.43041229248 -27.911638259888 300.73217773438
95.196151733398 -27.794372558594 300.4755859375
91.959480285645 -27.761791229248 300.21997070312
88.728988647461 -27.734066009521 299.89926147461
85.502517700195 -27.709491729736 299.53631591797
82.270378112793 -27.510665893555 299.31256103516
79.042327880859 -27.282176971436 299.056640625
75.822708129883 -27.039310455322 298.71377563477
72.596817016602 -26.808734893799 298.43737792969
69.36206817627 -26.595500946045 298.25466918945
66.19075012207 -25.927251815796 298.37176513672
63.025043487549 -25.221235275269 298.51889038086
59.867652893066 -24.514804840088 298.79147338867
56.680095672607 -23.931842803955 298.88720703125
53.47159576416 -23.434591293335 298.86016845703
50.340236663818 -22.627395629883 298.60845947266
47.220268249512 -21.814682006836 298.23965454102
44.100566864014 -21.055330276489 297.75662231445
40.948543548584 -20.685441970825 297.08227539062
37.859493255615 -20.078636169434 296.34201049805
114.43984222412 -29.934492111206 302.97784423828
111.34510803223 -30.297147750854 303.083984375
108.32034301758 -30.578855514526 302.50942993164
105.29776763916 -30.880443572998 301.93383789062
102.20853424072 -31.229391098022 301.69885253906
99.119766235352 -31.602502822876 301.48715209961
96.033737182617 -31.925365447998 301.18951416016
92.942092895508 -32.199733734131 300.90246582031
89.842491149902 -32.49662399292 300.73397827148
86.744163513184 -32.749153137207 300.48101806641
83.641525268555 -33.051559448242 300.3908996582
80.553077697754 -33.481868743896 300.39013671875
77.466255187988 -33.923789978027 300.34771728516
74.378700256348 -34.359489440918 300.28128051758
71.290771484375 -34.789615631104 300.20922851562
68.205307006836 -35.218631744385 300.06231689453
65.132041931152 -35.745258331299 299.99108886719
62.082141876221 -36.393497467041 299.9250793457
59.053108215332 -37.037109375 299.55783081055
56.009254455566 -37.689445495605 299.40969848633
52.953880310059 -38.314785003662 299.41232299805
49.951633453369 -39.077075958252 299.68627929688
47.003986358643 -39.992835998535 300.125
44.046161651611 -40.708904266357 300.12936401367
41.114280700684 -41.257019042969 299.70269775391
