64.458770751953 0.9683096408844 265.67269897461
71.790100097656 3.4862968921661 277.15145874023
67.368194580078 -0.037911910563707 278.50677490234
74.8095703125 -1.1723207235336 274.7844543457
64.662612915039 1.4318110942841 265.90179443359
64.903549194336 1.8290524482727 266.20693969727
65.158576965332 2.1902229785919 266.54364013672
65.436767578125 2.466215133667 266.93786621094
65.722099304199 2.7003271579742 267.35348510742
66.01155090332 2.9009373188019 267.78353881836
66.303489685059 3.0727505683899 268.22424316406
66.596977233887 3.2162582874298 268.67395019531
66.891036987305 3.3399896621704 269.12915039062
67.185264587402 3.4421014785767 269.5895690918
67.479446411133 3.5387568473816 270.05117797852
67.772888183594 3.6045687198639 270.51867675781
68.066291809082 3.6688752174377 270.98638916016
68.358474731445 3.7097184658051 271.45748901367
68.651313781738 3.7620010375977 271.92706298828
68.942817687988 3.7926349639893 272.39935302734
69.233619689941 3.8141074180603 272.87258911133
69.523361206055 3.8235795497894 273.34689331055
69.811004638672 3.8125052452087 273.82241821289
70.099830627441 3.8127381801605 274.29733276367
70.385116577148 3.782163143158 274.7734375
70.669860839844 3.7475614547729 275.24957275391
70.952430725098 3.6976161003113 275.72561645508
71.232116699219 3.6295413970947 276.20114135742
71.513748168945 3.5733947753906 276.67709350586
64.451652526855 1.0823026895523 266.17666625977
64.685699462891 1.2827463150024 266.59408569336
64.918380737305 1.3874228000641 267.04083251953
65.063819885254 1.3226699829102 267.53186035156
65.221397399902 1.4096238613129 268.01867675781
65.387809753418 1.4729516506195 268.50610351562
65.550476074219 1.5007572174072 268.99813842773
65.705070495605 1.4947073459625 269.4934387207
65.834365844727 1.457300901413 269.99472045898
65.955375671387 1.4019742012024 270.4963684082
66.067527770996 1.3249611854553 270.99719238281
66.166618347168 1.2817013263702 271.50479125977
66.240509033203 1.2218576669693 272.01501464844
66.335372924805 1.1517530679703 272.52041625977
66.46696472168 1.0998665094376 273.01974487305
66.599983215332 1.0840893983841 273.52111816406
66.695167541504 1.0415450334549 274.02954101562
66.77970123291 0.97306174039841 274.53707885742
66.86644744873 0.89172250032425 275.04220581055
66.901435852051 0.79103207588196 275.5500793457
66.974739074707 0.64805096387863 276.04364013672
67.056182861328 0.52973049879074 276.54238891602
67.139869689941 0.44489234685898 277.04754638672
67.230476379395 0.31131356954575 277.54086303711
67.317596435547 0.16045834124088 278.02978515625
64.950805664062 1.0275466442108 265.88836669922
65.294044494629 1.2310484647751 266.2594909668
65.672904968262 1.279354095459 266.64926147461
66.064514160156 1.2291983366013 267.02734375
66.435203552246 1.1652984619141 267.42407226562
66.824287414551 1.1169846057892 267.8049621582
67.234367370605 1.0878976583481 268.16534423828
67.626556396484 1.0567630529404 268.54498291016
68.009613037109 1.0373046398163 268.93438720703
68.394302368164 0.96404391527176 269.31573486328
68.791030883789 0.84914481639862 269.67398071289
69.187614440918 0.72245395183563 270.02807617188
69.612335205078 0.64617967605591 270.36383056641
70.033721923828 0.57780337333679 270.70541381836
70.4384765625 0.50921893119812 271.06652832031
70.847038269043 0.45248293876648 271.42532348633
71.241683959961 0.35716047883034 271.79150390625
71.640205383301 0.22965070605278 272.14340209961
72.043594360352 0.079256005585194 272.48043823242
72.426643371582 -0.09924353659153 272.82733154297
72.827598571777 -0.24922661483288 273.16741943359
73.228179931641 -0.34966826438904 273.52569580078
73.638290405273 -0.50534123182297 273.85189819336
74.03401184082 -0.73936659097672 274.14782714844
74.409057617188 -0.95697039365768 274.48086547852
