72.630546569824 -7.6046710014343 266.98461914062
78.472702026367 6.0617780685425 267.32418823242
81.466499328613 2.4718799591064 271.38671875
84.339965820312 3.0200293064117 266.03955078125
72.552955627441 -7.0335321426392 266.92309570312
72.567604064941 -6.4554491043091 266.88275146484
72.631729125977 -5.8802018165588 266.85424804688
72.798179626465 -5.3249173164368 266.85137939453
72.98851776123 -4.777373790741 266.85470581055
73.208114624023 -4.2409868240356 266.86575317383
73.439651489258 -3.7097263336182 266.87997436523
73.689460754395 -3.1869661808014 266.89916992188
73.952766418457 -2.6710188388824 266.92202758789
74.211936950684 -2.1529293060303 266.94375610352
74.472900390625 -1.6357699632645 266.96600341797
74.750679016113 -1.1276669502258 266.99285888672
75.043060302734 -0.62806195020676 267.02389526367
75.317611694336 -0.11815778911114 267.04983520508
75.56965637207 0.40350976586342 267.0696105957
75.835258483887 0.91824626922607 267.09310913086
76.082191467285 1.4424026012421 267.11151123047
76.330528259277 1.9658817052841 267.13031005859
76.563812255859 2.4963703155518 267.14501953125
76.799827575684 3.0256276130676 267.16052246094
77.035217285156 3.5551693439484 267.17578125
77.288070678711 4.0764360427856 267.19577026367
77.555389404297 4.5902609825134 267.21978759766
77.841896057129 5.0933632850647 267.24908447266
78.135917663574 5.5919809341431 267.28051757812
72.842109680176 -7.1838526725769 267.2607421875
72.963073730469 -6.6686725616455 267.41806030273
73.192657470703 -6.1747446060181 267.50708007812
73.516464233398 -5.7342824935913 267.60870361328
73.844291687012 -5.2957887649536 267.70523071289
74.183662414551 -4.862114906311 267.78155517578
74.528015136719 -4.4333090782166 267.85787963867
74.859474182129 -4.0068383216858 267.98992919922
75.197761535645 -3.5859858989716 268.12020874023
75.572212219238 -3.1864528656006 268.21661376953
75.955039978027 -2.7928745746613 268.30450439453
76.334480285645 -2.4037244319916 268.412109375
76.696144104004 -2.037802696228 268.62301635742
77.055503845215 -1.6716418266296 268.83734130859
77.406105041504 -1.2950767278671 269.04818725586
77.751655578613 -0.91334438323975 269.25805664062
78.093482971191 -0.5341888666153 269.47830200195
78.426078796387 -0.16158287227154 269.72268676758
78.76261138916 0.21188536286354 269.95663452148
79.153106689453 0.5971964597702 270.04733276367
79.544975280762 0.98234701156616 270.13265991211
79.937034606934 1.3637971878052 270.2239074707
80.335067749023 1.6197328567505 270.51571655273
80.715972900391 1.8559470176697 270.84448242188
81.091529846191 2.1621234416962 271.11721801758
72.991874694824 -7.1616082191467 266.79342651367
73.237464904785 -6.5928874015808 266.73770141602
73.561988830566 -6.0731272697449 266.6328125
73.962440490723 -5.5938191413879 266.60385131836
74.375549316406 -5.124231338501 266.60900878906
74.783874511719 -4.6510925292969 266.63470458984
75.179389953613 -4.1671452522278 266.66122436523
75.573539733887 -3.6818137168884 266.67471313477
75.971733093262 -3.1997399330139 266.65969848633
76.395889282227 -2.7404305934906 266.65222167969
76.851455688477 -2.3118050098419 266.65347290039
77.319953918457 -1.897553563118 266.64050292969
77.793243408203 -1.4947865009308 266.58932495117
78.256042480469 -1.1072398424149 266.4319152832
78.750663757324 -0.72570449113846 266.39846801758
79.245796203613 -0.34460556507111 266.37094116211
79.732536315918 0.042047917842865 266.30068969727
80.218788146973 0.4305654168129 266.23782348633
80.704429626465 0.82085072994232 266.18637084961
81.187767028809 1.210830450058 266.26049804688
81.698799133301 1.5698882341385 266.23773193359
82.221054077148 1.8587447404861 266.05029296875
82.749671936035 2.1764628887177 265.94555664062
83.276565551758 2.5118730068207 265.9108581543
83.832153320312 2.7617824077606 265.78112792969
