90.116317749023 4.2346768379211 409.29513549805
101.27696228027 -5.1798052787781 416.41488647461
113.52823638916 -4.2407593727112 410.53155517578
112.60717773438 2.1137795448303 419.68118286133
90.108947753906 3.6777215003967 409.63931274414
90.238090515137 3.1383383274078 409.98834228516
90.406677246094 2.6089060306549 410.33581542969
90.614952087402 2.0917789936066 410.68017578125
90.875991821289 1.5947885513306 411.01821899414
91.180358886719 1.1177525520325 411.34881591797
91.50032043457 0.64898109436035 411.67611694336
91.882881164551 0.21752528846264 411.98754882812
92.25178527832 -0.22278888523579 412.30291748047
92.667640686035 -0.63040626049042 412.60339355469
93.124809265137 -1.0041465759277 412.88763427734
93.609161376953 -1.3521838188171 413.15911865234
94.127464294434 -1.663533449173 413.41180419922
94.679878234863 -1.9312031269073 413.64135742188
95.240455627441 -2.1870586872101 413.86450195312
95.808937072754 -2.4308178424835 414.08108520508
96.359565734863 -2.7009749412537 414.31198120117
96.909103393555 -2.972692489624 414.5436706543
97.444641113281 -3.2630362510681 414.78536987305
97.975151062012 -3.559741973877 415.03036499023
98.500045776367 -3.8633348941803 415.27899169922
99.044403076172 -4.1421151161194 415.51449584961
99.604263305664 -4.3990497589111 415.73822021484
100.16431427002 -4.6556506156921 415.96182250977
100.72234344482 -4.9152431488037 416.18704223633
90.651496887207 3.498724937439 408.96688842773
91.470947265625 2.9201271533966 409.10971069336
92.258918762207 2.3456201553345 409.41610717773
93.04793548584 1.7733607292175 409.75152587891
93.857955932617 1.2228845357895 410.01190185547
94.792594909668 0.828449010849 410.19146728516
95.723281860352 0.38622897863388 410.24945068359
96.658981323242 -0.051813486963511 410.24914550781
97.58829498291 -0.5031812787056 410.24212646484
98.53254699707 -0.92074829339981 410.23602294922
99.49243927002 -1.302741765976 410.23046875
100.47218322754 -1.6291949748993 410.19976806641
101.46466064453 -1.9134755134583 410.16775512695
102.44942474365 -2.2245714664459 410.16577148438
103.43549346924 -2.5263104438782 410.19262695312
104.43585968018 -2.7343904972076 410.30572509766
105.28574371338 -2.7019712924957 410.89227294922
106.00951385498 -2.8778076171875 410.99761962891
106.51579284668 -3.4127824306488 410.27313232422
107.51490020752 -3.6484596729279 410.33843994141
108.52816009521 -3.7831249237061 410.45697021484
109.55087280273 -3.8467960357666 410.5856628418
110.57451629639 -3.9040656089783 410.69262695312
111.54513549805 -3.8821747303009 410.98745727539
112.53942871094 -4.0602169036865 410.77044677734
90.630401611328 4.2647190093994 410.09759521484
91.388328552246 3.8859214782715 410.60211181641
92.040702819824 3.4515795707703 411.20108032227
92.870468139648 3.1301848888397 411.6198425293
93.690826416016 2.813414812088 412.06607055664
94.528007507324 2.5871713161469 412.52505493164
95.389022827148 2.4689562320709 412.99133300781
96.230621337891 2.372015953064 413.49661254883
97.082046508789 2.2859344482422 413.98635864258
97.950897216797 2.2191247940063 414.44854736328
98.844123840332 2.1254165172577 414.85494995117
99.736297607422 2.0429320335388 415.26672363281
100.61867523193 1.9802007675171 415.70166015625
101.45056915283 1.9889005422592 416.23162841797
102.35569000244 1.916624546051 416.59802246094
103.2769317627 1.8626835346222 416.9407043457
104.1868057251 1.8589775562286 417.32162475586
105.10950469971 1.7941007614136 417.64233398438
106.0541229248 1.6418977975845 417.86685180664
106.98394775391 1.6490285396576 418.19604492188
107.91840362549 1.6989585161209 418.50570678711
108.85617828369 1.7731961011887 418.80200195312
109.81123352051 1.756365776062 419.04809570312
110.77869415283 1.7276899814606 419.22991943359
111.7398147583 1.746720790863 419.38803100586
