38.237453460693 -39.020729064941 319.04754638672
54.617660522461 -26.110576629639 322.61291503906
47.555477142334 -23.077379226685 313.91680908203
43.95728302002 -24.374448776245 327.82095336914
39.110660552979 -39.249240875244 319.21194458008
40.006282806396 -39.345737457275 319.38446044922
40.905532836914 -39.396991729736 319.55892944336
41.805801391602 -39.38671875 319.73526000977
42.704051971436 -39.32829284668 319.91262817383
43.595447540283 -39.203910827637 320.09045410156
44.466526031494 -38.977191925049 320.26718139648
45.322696685791 -38.698036193848 320.44250488281
46.155586242676 -38.354206085205 320.61505126953
46.968353271484 -37.964027404785 320.78494262695
47.744400024414 -37.503326416016 320.94961547852
48.464214324951 -36.956424713135 321.1057434082
49.158302307129 -36.376037597656 321.25775146484
49.809223175049 -35.745986938477 321.40270996094
50.444625854492 -35.099670410156 321.54507446289
51.016353607178 -34.394359588623 321.67663574219
51.5671043396 -33.671840667725 321.80459594727
52.083812713623 -32.923606872559 321.92657470703
52.548427581787 -32.140594482422 322.03936767578
52.931385040283 -31.312711715698 322.13748168945
53.31827545166 -30.486703872681 322.23626708984
53.631881713867 -29.628763198853 322.32162475586
53.921802520752 -28.762094497681 322.4026184082
54.125961303711 -27.870004653931 322.46752929688
54.328594207764 -26.97755241394 322.53216552734
38.63215637207 -38.75562286377 318.41079711914
39.235504150391 -38.423957824707 318.05041503906
39.890811920166 -38.069492340088 317.77719116211
40.559322357178 -37.696170806885 317.56448364258
41.219989776611 -37.315914154053 317.33999633789
41.836112976074 -36.889781951904 317.0947265625
42.348026275635 -36.355842590332 316.80429077148
42.789421081543 -35.735355377197 316.59136962891
43.189727783203 -35.069362640381 316.42776489258
43.553070068359 -34.384368896484 316.27841186523
43.590419769287 -33.629508972168 316.03283691406
43.653095245361 -32.865146636963 315.83251953125
43.745090484619 -32.089790344238 315.68463134766
43.907157897949 -31.348672866821 315.46377563477
44.152061462402 -30.642518997192 315.21282958984
44.595867156982 -30.005073547363 315.04486083984
45.057441711426 -29.437635421753 314.7419128418
45.463104248047 -28.798210144043 314.50979614258
45.76439666748 -28.074676513672 314.43835449219
46.001388549805 -27.324098587036 314.34484863281
46.185920715332 -26.56383895874 314.25073242188
46.239685058594 -25.773210525513 314.26443481445
46.324089050293 -24.987619400024 314.17935180664
46.582046508789 -24.247444152832 314.19091796875
47.001651763916 -23.604322433472 314.13388061523
38.273372650146 -38.888805389404 319.75173950195
38.700046539307 -38.696147918701 320.32467651367
39.135585784912 -38.36304473877 320.81036376953
39.574848175049 -37.971282958984 321.25817871094
40.018661499023 -37.514331817627 321.63452148438
40.462478637695 -37.05738067627 322.01083374023
40.726726531982 -36.612003326416 322.53570556641
41.031017303467 -36.056770324707 322.89410400391
41.355285644531 -35.52466583252 323.28393554688
41.640975952148 -35.001667022705 323.69561767578
41.6135597229 -34.286022186279 323.88137817383
41.622478485107 -33.587032318115 324.11373901367
41.677173614502 -32.909030914307 324.40481567383
41.801277160645 -32.248157501221 324.70614624023
41.984596252441 -31.601902008057 325.01620483398
42.167915344238 -30.955646514893 325.32629394531
42.388137817383 -30.368509292603 325.71127319336
42.631427764893 -29.783908843994 326.0901184082
42.876514434814 -29.171977996826 326.42608642578
43.099880218506 -28.550268173218 326.75769042969
43.285449981689 -27.911546707153 327.0817565918
43.430778503418 -27.223438262939 327.29641723633
43.559246063232 -26.5146484375 327.46527099609
43.700912475586 -25.814735412598 327.65719604492
43.836723327637 -25.103273391724 327.77993774414
