68.605743408203 -2.267040014267 267.31451416016
82.37141418457 7.3917026519775 271.39755249023
87.157936096191 1.6401633024216 282.27239990234
93.032127380371 1.4788150787354 266.01849365234
68.475044250488 -1.5802156925201 267.20727539062
68.760475158691 -0.92384195327759 267.25180053711
69.098152160645 -0.29474914073944 267.31747436523
69.498321533203 0.29337060451508 267.40908813477
69.929016113281 0.85721790790558 267.51382446289
70.389541625977 1.3943923711777 267.63159179688
70.852478027344 1.9292483329773 267.75042724609
71.317848205566 2.4615471363068 267.8703918457
71.825569152832 2.9486353397369 268.00946044922
72.36572265625 3.3945808410645 268.16381835938
72.920860290527 3.8190715312958 268.32537841797
73.462158203125 4.2634401321411 268.48025512695
74.026092529297 4.6744351387024 268.64611816406
74.609382629395 5.0530776977539 268.82183837891
75.207778930664 5.4033303260803 269.00546264648
75.817802429199 5.7293767929077 269.19537353516
76.436317443848 6.0360550880432 269.39001464844
77.051895141602 6.3493695259094 269.58306884766
77.695541381836 6.5864462852478 269.79284667969
78.348030090332 6.7918753623962 270.00857543945
79.010482788086 6.9524912834167 270.23181152344
79.679611206055 7.0714964866638 270.46118164062
80.350158691406 7.179349899292 270.69192504883
81.022354125977 7.2713513374329 270.92471313477
81.696907043457 7.3311929702759 271.16116333008
69.234977722168 -1.8545297384262 267.8935546875
69.899215698242 -1.31462931633 268.30410766602
70.671020507812 -1.1798601150513 268.83560180664
71.389945983887 -0.77993839979172 269.30950927734
72.108711242676 -0.38183155655861 269.78506469727
72.824005126953 -0.026859439909458 270.2985534668
73.536720275879 0.2965866625309 270.83584594727
74.247085571289 0.56777131557465 271.40423583984
74.988174438477 0.77469980716705 271.96041870117
75.738723754883 0.95767050981522 272.51226806641
76.476676940918 1.1064186096191 273.09078979492
77.208274841309 1.2397661209106 273.68103027344
77.934471130371 1.3823707103729 274.27575683594
78.655502319336 1.531583070755 274.87490844727
79.404838562012 1.5501104593277 275.45748901367
80.093704223633 1.6226977109909 276.10678100586
80.743423461914 1.7251809835434 276.79135131836
81.44361114502 1.7435336112976 277.43225097656
82.109153747559 1.7125028371811 278.10861206055
82.704208374023 1.7129368782043 278.84841918945
83.309730529785 1.7735095024109 279.57708740234
84.010841369629 1.9043942689896 280.20373535156
84.764877319336 1.9554501771927 280.7783203125
85.549903869629 1.8994171619415 281.3092956543
86.315719604492 1.7230715751648 281.8420715332
69.452270507812 -1.8772130012512 267.05712890625
70.289245605469 -1.4120320081711 267.18295288086
71.24292755127 -1.2710472345352 267.26510620117
72.147964477539 -0.9315339922905 267.32141113281
73.039154052734 -0.55519413948059 267.36083984375
73.942741394043 -0.20840704441071 267.33142089844
74.847373962402 0.13501673936844 267.30209350586
75.789352416992 0.35784381628036 267.27697753906
76.734588623047 0.56620955467224 267.25253295898
77.693092346191 0.70237118005753 267.23614501953
78.657646179199 0.78693121671677 267.2272644043
79.622840881348 0.86326414346695 267.24063110352
80.587966918945 0.94023740291595 267.23425292969
81.545051574707 1.02041888237 267.11114501953
82.501678466797 1.1029971837997 266.98608398438
83.456192016602 1.1957173347473 266.85235595703
84.413635253906 1.1824136972427 266.70837402344
85.369575500488 1.135556101799 266.56146240234
86.314926147461 1.0887835025787 266.35717773438
87.28084564209 1.0718148946762 266.29217529297
88.248405456543 1.0895099639893 266.25900268555
89.210823059082 1.120366692543 266.15701293945
90.178382873535 1.0871158838272 266.13928222656
91.145973205566 1.0627509355545 266.15896606445
92.089050292969 1.270782828331 266.08871459961
