62.527568817139 7.7437167167664 281.25207519531
68.920097351074 -2.0476152896881 283.13946533203
74.988014221191 -1.3092091083527 276.60876464844
73.42610168457 -0.17340993881226 290.75018310547
62.414306640625 7.2820954322815 281.26919555664
62.423583984375 6.8079090118408 281.30853271484
62.453479766846 6.3351287841797 281.3512878418
62.57511138916 5.8786520957947 281.40872192383
62.732315063477 5.4338536262512 281.4714050293
62.895732879639 4.9914512634277 281.53491210938
63.090682983398 4.5626583099365 281.60284423828
63.300128936768 4.1410799026489 281.67276000977
63.525482177734 3.7281274795532 281.74465942383
63.765621185303 3.3239324092865 281.81845092773
64.021331787109 2.9297616481781 281.89413452148
64.291763305664 2.545886516571 281.97158813477
64.570426940918 2.1681368350983 282.04992675781
64.857574462891 1.7970094680786 282.12927246094
65.162933349609 1.4411346912384 282.21051025391
65.478271484375 1.0943106412888 282.29275512695
65.793319702148 0.74722748994827 282.375
66.119400024414 0.41073650121689 282.4582824707
66.44921875 0.07801678031683 282.54196166992
66.74836730957 -0.28322631120682 282.62255859375
67.070983886719 -0.62311637401581 282.70556640625
67.408149719238 -0.94823914766312 282.78985595703
67.766296386719 -1.2495881319046 282.87591552734
68.145240783691 -1.523857831955 282.96350097656
68.528137207031 -1.7925223112106 283.05123901367
62.886569976807 7.2594208717346 281.02777099609
63.134929656982 6.6636891365051 281.01596069336
63.509166717529 6.1381387710571 281.04644775391
63.948642730713 5.665816783905 281.00521850586
64.353424072266 5.1638479232788 280.966796875
64.839508056641 4.7381277084351 280.94219970703
65.327613830566 4.3158130645752 280.90463256836
65.811714172363 3.8954350948334 280.82168579102
66.330497741699 3.5189743041992 280.73672485352
66.833045959473 3.1275670528412 280.62564086914
67.323585510254 2.7257571220398 280.49960327148
67.849594116211 2.3760578632355 280.36135864258
68.38207244873 2.0478265285492 280.19757080078
68.918869018555 1.7387434244156 280.01202392578
69.460952758789 1.4530984163284 279.80606079102
70.011688232422 1.2406117916107 279.54211425781
70.563049316406 1.0306762456894 279.27749633789
71.122688293457 0.85728561878204 279.00387573242
71.687538146973 0.70174247026443 278.73025512695
72.246887207031 0.54949587583542 278.44378662109
72.776298522949 0.37392237782478 278.11666870117
73.29711151123 0.19044032692909 277.78018188477
73.746810913086 -0.076462239027023 277.39984130859
74.151344299316 -0.41967761516571 277.03018188477
74.59114074707 -0.84647083282471 276.82431030273
62.756931304932 7.2722120285034 281.65118408203
62.962661743164 6.6688213348389 281.82727050781
63.315082550049 6.1382660865784 282.00845336914
63.713970184326 5.6674103736877 282.25006103516
64.133666992188 5.2088508605957 282.47988891602
64.561073303223 4.7608981132507 282.71499633789
65.027496337891 4.3869924545288 283.00115966797
65.494514465332 4.0162014961243 283.29010009766
65.969108581543 3.687673330307 283.61578369141
66.44367980957 3.3572280406952 283.93951416016
66.917930603027 3.0138800144196 284.25006103516
67.392570495605 2.6798477172852 284.56982421875
67.866806030273 2.3931167125702 284.93325805664
68.33780670166 2.1308014392853 285.31854248047
68.798767089844 1.9243123531342 285.74740600586
69.274459838867 1.8033277988434 286.19271850586
69.743705749512 1.7026208639145 286.64978027344
70.195655822754 1.60913169384 287.1252746582
70.649421691895 1.606671333313 287.60815429688
71.06566619873 1.5033808946609 288.11340332031
71.453727722168 1.3468537330627 288.62734985352
71.825798034668 1.1579457521439 289.14218139648
72.172203063965 0.87691795825958 289.63235473633
72.547882080078 0.54758244752884 290.06771850586
72.982833862305 0.18442310392857 290.41149902344
