63.453102111816 -0.94056725502014 264.05590820312
64.774925231934 -1.3650326728821 275.57650756836
67.968368530273 -4.9332022666931 276.20129394531
68.999038696289 1.5521742105484 276.57809448242
63.187217712402 -0.91980314254761 264.42465209961
63.075466156006 -0.91798454523087 264.86688232422
63.009231567383 -0.9214586019516 265.31820678711
62.972560882568 -0.92830896377563 265.77288818359
62.960624694824 -0.93794691562653 266.22885131836
62.955760955811 -0.94837522506714 266.68490600586
62.973968505859 -0.9613670706749 267.14056396484
63.003135681152 -0.97556519508362 267.59564208984
63.039379119873 -0.99053663015366 268.05014038086
63.105670928955 -1.0087752342224 268.50115966797
63.166481018066 -1.0264228582382 268.95297241211
63.234451293945 -1.0448396205902 269.40371704102
63.299926757812 -1.0629897117615 269.85485839844
63.384704589844 -1.0832127332687 270.30267333984
63.463787078857 -1.1028264760971 270.75155639648
63.55443572998 -1.1236724853516 271.19818115234
63.644691467285 -1.1444803476334 271.64492797852
63.750865936279 -1.1669729948044 272.08804321289
63.855239868164 -1.1892764568329 272.53161621094
63.978652954102 -1.2135814428329 272.97012329102
64.066032409668 -1.2340816259384 273.41741943359
64.174263000488 -1.2567908763885 273.86004638672
64.300415039062 -1.2813841104507 274.29779052734
64.43856048584 -1.3072218894958 274.73184204102
64.583290100098 -1.3337405920029 275.16366577148
63.543518066406 -1.2178559303284 264.49157714844
63.684642791748 -1.3894325494766 264.96710205078
63.819087982178 -1.5123450756073 265.45947265625
63.938125610352 -1.6383911371231 265.95501708984
64.061180114746 -1.7678772211075 266.44866943359
64.195594787598 -1.9008724689484 266.93841552734
64.333061218262 -2.0276987552643 267.42892456055
64.491386413574 -2.1422729492188 267.91607666016
64.627914428711 -2.3045172691345 268.39630126953
64.78125 -2.4894716739655 268.86303710938
64.92293548584 -2.6433725357056 269.34451293945
65.060707092285 -2.8195650577545 269.81942749023
65.226020812988 -2.9612691402435 270.29711914062
65.391273498535 -3.1139345169067 270.77145385742
65.557029724121 -3.2849905490875 271.23928833008
65.736526489258 -3.4451498985291 271.70590209961
65.918853759766 -3.6295900344849 272.16226196289
66.147369384766 -3.7688736915588 272.61389160156
66.348754882812 -3.942711353302 273.06646728516
66.557952880859 -4.1382837295532 273.50643920898
66.780876159668 -4.3057069778442 273.95129394531
66.99488067627 -4.4603624343872 274.40505981445
67.224792480469 -4.6057929992676 274.85406494141
67.46044921875 -4.747142791748 275.30136108398
67.714416503906 -4.8401746749878 275.75131225586
63.593456268311 -0.68505907058716 264.50564575195
63.715007781982 -0.60345804691315 265.02514648438
63.862518310547 -0.54652941226959 265.54132080078
64.004753112793 -0.47557672858238 266.05725097656
64.162078857422 -0.40772169828415 266.56912231445
64.341873168945 -0.32378944754601 267.07113647461
64.548484802246 -0.24765531718731 267.56402587891
64.749542236328 -0.1496659964323 268.05535888672
64.943626403809 -0.031115856021643 268.54498291016
65.136962890625 0.09193516522646 269.03375244141
65.333236694336 0.19336529076099 269.52630615234
65.533264160156 0.32401555776596 270.01040649414
65.751663208008 0.44005861878395 270.49029541016
65.959854125977 0.56517124176025 270.97241210938
66.159446716309 0.68740612268448 271.45892333984
66.369148254395 0.79347151517868 271.94491577148
66.605842590332 0.88514018058777 272.42132568359
66.835083007812 1.0201072692871 272.89108276367
67.082000732422 1.1447166204453 273.35470581055
67.34627532959 1.2447944879532 273.81463623047
67.612846374512 1.2832703590393 274.28253173828
67.881172180176 1.3313448429108 274.74844360352
68.155723571777 1.4387418031693 275.20065307617
68.435241699219 1.490025639534 275.65969848633
68.715705871582 1.5339180231094 276.11889648438
