68.955589294434 6.6293969154358 266.45974731445
77.812438964844 -6.6203656196594 268.37628173828
81.748878479004 -4.2511949539185 266.10263061523
80.65087890625 -4.1674928665161 271.55102539062
68.883171081543 5.9980359077454 266.4567565918
68.886108398438 5.3629837036133 266.46823120117
69.03589630127 4.7466406822205 266.50738525391
69.225685119629 4.1419706344604 266.55392456055
69.479400634766 3.5622453689575 266.61224365234
69.760139465332 2.9956574440002 266.6755065918
70.073059082031 2.4468712806702 266.74459838867
70.412666320801 1.9148259162903 266.81851196289
70.755111694336 1.3846827745438 266.89291381836
71.120460510254 0.87064576148987 266.9714050293
71.489051818848 0.35902637243271 267.05047607422
71.871063232422 -0.14226290583611 267.13198852539
72.268814086914 -0.63069695234299 267.21621704102
72.663635253906 -1.1216017007828 267.29989624023
73.061912536621 -1.6095844507217 267.38424682617
73.468086242676 -2.0907733440399 267.4700012207
73.884323120117 -2.5629625320435 267.55746459961
74.307037353516 -3.0291590690613 267.64605712891
74.726226806641 -3.4986217021942 267.7341003418
75.140357971191 -3.9727299213409 267.82119750977
75.56990814209 -4.4323978424072 267.91098022461
75.991584777832 -4.8995389938354 267.99951171875
76.421005249023 -5.3593349456787 268.08926391602
76.85026550293 -5.8192796707153 268.17904663086
77.302093505859 -6.2562317848206 268.27270507812
69.37580871582 6.1763978004456 266.22290039062
69.710243225098 5.608832359314 266.14321899414
70.022567749023 5.0234451293945 266.14227294922
70.390853881836 4.474995136261 266.20767211914
70.74439239502 3.9225311279297 266.3098449707
71.078712463379 3.3669631481171 266.44985961914
71.498664855957 2.85688829422 266.50296020508
71.992149353027 2.4149153232574 266.46481323242
72.457626342773 1.9429029226303 266.50079345703
72.916801452637 1.4663987159729 266.55401611328
73.397735595703 1.0123744010925 266.61154174805
73.894622802734 0.57356750965118 266.64682006836
74.409561157227 0.15451028943062 266.64904785156
74.931465148926 -0.25567117333412 266.63711547852
75.459510803223 -0.65736675262451 266.61437988281
76.013305664062 -1.0232931375504 266.60049438477
76.572334289551 -1.3811911344528 266.58975219727
77.111991882324 -1.767040014267 266.61560058594
77.659164428711 -2.1422696113586 266.62283325195
78.244033813477 -2.4367880821228 266.51342773438
78.832664489746 -2.7200801372528 266.39492797852
79.42463684082 -2.9918868541718 266.26782226562
79.971336364746 -3.3684320449829 266.26016235352
80.556449890137 -3.6767318248749 266.20211791992
81.155113220215 -3.9560413360596 266.13604736328
69.327125549316 6.239342212677 266.82934570312
69.576156616211 5.6765427589417 267.05810546875
69.855346679688 5.1072406768799 267.22848510742
70.143623352051 4.5281748771667 267.33395385742
70.571258544922 4.036274433136 267.41442871094
70.987480163574 3.5399739742279 267.52294921875
71.395645141602 3.0423686504364 267.65347290039
71.840797424316 2.572990655899 267.76678466797
72.306594848633 2.121532201767 267.86968994141
72.773696899414 1.6719281673431 267.97409057617
73.267936706543 1.2603771686554 268.10720825195
73.766044616699 0.85793924331665 268.25311279297
74.255867004395 0.44644287228584 268.40182495117
74.75023651123 0.037916582077742 268.54348754883
75.246650695801 -0.36540654301643 268.69253540039
75.751335144043 -0.74421006441116 268.87466430664
76.254920959473 -1.1222661733627 269.06063842773
76.728988647461 -1.4799274206161 269.34115600586
77.203277587891 -1.8375021219254 269.62145996094
77.688171386719 -2.19029545784 269.8893737793
78.173545837402 -2.5423367023468 270.15734863281
78.643737792969 -2.8760430812836 270.47189331055
79.11402130127 -3.2097001075745 270.78631591797
79.598770141602 -3.535135269165 271.08709716797
80.111129760742 -3.8553478717804 271.34460449219
