67.275146484375 5.1967868804932 271.78778076172
77.334030151367 -3.028085231781 273.71459960938
80.575691223145 -1.0349143743515 271.4248046875
79.640296936035 -1.2376185655594 277.28063964844
67.286643981934 4.6752581596375 271.77682495117
67.441131591797 4.1772117614746 271.796875
67.66919708252 3.7093608379364 271.83331298828
67.975440979004 3.290360212326 271.88766479492
68.324478149414 2.9077684879303 271.95205688477
68.694511413574 2.5463497638702 272.02136230469
69.081420898438 2.2039296627045 272.09484863281
69.484481811523 1.8816137313843 272.17221069336
69.901748657227 1.578805565834 272.25317382812
70.314552307129 1.2696999311447 272.33297729492
70.744247436523 0.98569816350937 272.4169921875
71.170547485352 0.69639021158218 272.50018310547
71.607872009277 0.42490282654762 272.58615112305
72.045028686523 0.15314000844955 272.67211914062
72.485252380371 -0.11338898539543 272.75885009766
72.929473876953 -0.37285169959068 272.84658813477
73.37427520752 -0.63127112388611 272.93447875977
73.824180603027 -0.88020408153534 273.02374267578
74.269172668457 -1.1382788419724 273.11169433594
74.719825744629 -1.3858143091202 273.20108032227
75.159652709961 -1.6530119180679 273.28775024414
75.601066589355 -1.9174765348434 273.3747253418
76.032783508301 -2.198216676712 273.45932006836
76.475402832031 -2.4605314731598 273.54669189453
76.916053771973 -2.7262907028198 273.63354492188
67.674942016602 4.7875146865845 271.78881835938
67.972442626953 4.3116774559021 271.71871948242
68.482528686523 4.0502619743347 271.71765136719
68.997230529785 3.7995622158051 271.74673461914
69.51277923584 3.5497410297394 271.76721191406
70.027000427246 3.297137260437 271.78622436523
70.540878295898 3.0461239814758 271.82534790039
71.050987243652 2.7894816398621 271.87545776367
71.552925109863 2.516125202179 271.91851806641
72.072761535645 2.2785472869873 271.96212768555
72.598815917969 2.0517275333405 271.98324584961
73.123138427734 1.8205587863922 271.99932861328
73.652900695801 1.6018114089966 272.00955200195
74.189140319824 1.3992017507553 272.01220703125
74.719566345215 1.1817919015884 272.01257324219
75.248947143555 0.9619135260582 272.01037597656
75.77906036377 0.74589830636978 271.97994995117
76.314331054688 0.54548639059067 271.93600463867
76.853515625 0.35861071944237 271.88201904297
77.408027648926 0.21871976554394 271.84246826172
77.960334777832 0.071777269244194 271.79888916016
78.490249633789 -0.13295966386795 271.72213745117
79.016014099121 -0.35096529126167 271.65393066406
79.530700683594 -0.59813451766968 271.60290527344
80.053199768066 -0.81652534008026 271.51385498047
67.583374023438 4.770854473114 272.03887939453
67.929565429688 4.3362336158752 272.18853759766
68.405464172363 4.0729069709778 272.40069580078
68.877052307129 3.7977707386017 272.607421875
69.361572265625 3.5365474224091 272.80117797852
69.864952087402 3.2819278240204 272.95166015625
70.367477416992 3.0215587615967 273.09490966797
70.86270904541 2.7504982948303 273.24374389648
71.362289428711 2.4902727603912 273.39712524414
71.869438171387 2.2518446445465 273.56036376953
72.382698059082 2.044264793396 273.74554443359
72.884269714355 1.810639500618 273.931640625
73.37784576416 1.5573135614395 274.11178588867
73.891586303711 1.3687438964844 274.31243896484
74.366889953613 1.0787807703018 274.48806762695
74.843284606934 0.80447292327881 274.6842956543
75.328140258789 0.56854182481766 274.90817260742
75.81559753418 0.34623992443085 275.14019775391
76.305572509766 0.13980831205845 275.38122558594
76.799621582031 -0.02984032779932 275.64202880859
77.288459777832 -0.21223792433739 275.9040222168
77.773460388184 -0.40439128875732 276.16610717773
78.278045654297 -0.57751941680908 276.40325927734
78.754150390625 -0.78768748044968 276.66784667969
79.202590942383 -1.0113388299942 276.96743774414
