120.38695526123 -9.590479850769 310.96835327148
102.66913604736 -22.179746627808 325.85430908203
99.328002929688 -7.2385497093201 323.76522827148
97.545051574707 -17.053569793701 312.29760742188
120.48174285889 -10.444215774536 311.63989257812
120.42554473877 -11.280841827393 312.33679199219
120.21215820312 -12.081593513489 313.04541015625
119.94887542725 -12.866930007935 313.75448608398
119.65575408936 -13.642107963562 314.46304321289
119.30476379395 -14.395379066467 315.16885375977
118.84924316406 -15.101574897766 315.86352539062
118.28023529053 -15.744199752808 316.53594970703
117.70208740234 -16.381004333496 317.20599365234
116.98199462891 -16.913436889648 317.82800292969
116.25616455078 -17.441017150879 318.44744873047
115.57018280029 -18.001384735107 319.08325195312
114.6897277832 -18.367574691772 319.61145019531
113.83503723145 -18.765760421753 320.15896606445
112.93310546875 -19.103855133057 320.66986083984
112.06067657471 -19.480535507202 321.20449829102
111.09159851074 -19.71265411377 321.646484375
110.11949920654 -19.939678192139 322.08508300781
109.14443206787 -20.161138534546 322.51989746094
108.17305755615 -20.389549255371 322.95938110352
107.30227661133 -20.768096923828 323.49517822266
106.46604156494 -21.187482833862 324.05523681641
105.60617828369 -21.579582214355 324.59909057617
104.69298553467 -21.901851654053 325.10000610352
103.69878387451 -22.084754943848 325.50836181641
119.95718383789 -8.9436101913452 311.59841918945
119.73807525635 -9.0550289154053 312.58969116211
119.30759429932 -9.2717838287354 313.49032592773
118.68915557861 -9.4944019317627 314.27410888672
118.03668212891 -9.7057609558105 315.03305053711
117.40034484863 -9.9318571090698 315.80065917969
116.64990234375 -10.093792915344 316.47573852539
115.79983520508 -10.187366485596 317.03689575195
114.97440338135 -10.337621688843 317.62213134766
114.15046691895 -10.470439910889 318.21286010742
113.27304077148 -10.458745956421 318.73822021484
112.34622192383 -10.419603347778 319.16925048828
111.3974609375 -10.412446975708 319.55111694336
110.44934844971 -10.287231445312 319.91415405273
109.50174713135 -10.114731788635 320.25869750977
108.55348968506 -9.9105281829834 320.58352661133
107.60498046875 -9.7521963119507 320.93148803711
106.76068878174 -9.592963218689 321.48614501953
105.8596496582 -9.3691473007202 321.91540527344
104.95546722412 -9.0664148330688 322.28582763672
104.05645751953 -8.7238826751709 322.6335144043
103.15738677979 -8.3812246322632 322.98095703125
102.2532119751 -8.0283966064453 323.30389404297
101.29888916016 -7.7285485267639 323.51766967773
100.31344604492 -7.4835481643677 323.64144897461
119.71725463867 -10.266642570496 310.72045898438
119.18180084229 -11.090834617615 310.68646240234
118.61173248291 -11.864252090454 310.89709472656
117.97827911377 -12.519422531128 311.26739501953
117.27910614014 -13.187883377075 311.44647216797
116.4887008667 -13.727815628052 311.67388916016
115.67323303223 -14.196568489075 311.96264648438
114.83710479736 -14.631006240845 312.24578857422
113.95769500732 -15.008981704712 312.47314453125
113.03239440918 -15.293320655823 312.64886474609
112.07405853271 -15.484111785889 312.76419067383
111.1263885498 -15.722668647766 312.87884521484
110.17411804199 -15.945279121399 312.98727416992
109.21544647217 -16.143419265747 313.0859375
108.23955535889 -16.260478973389 313.130859375
107.25943756104 -16.345108032227 313.11331176758
106.2859954834 -16.478549957275 313.06100463867
105.31764984131 -16.642456054688 313.0012512207
104.35092163086 -16.819135665894 312.95272827148
103.38528442383 -17.005996704102 312.92520141602
102.41062164307 -17.130418777466 312.87338256836
101.43560791016 -17.232215881348 312.78903198242
100.45756530762 -17.279224395752 312.69232177734
99.480949401855 -17.224451065063 312.58581542969
98.513084411621 -17.090604782104 312.46987915039
