67.700347900391 -12.370588302612 283.0798034668
65.057640075684 1.8580032587051 283.98281860352
69.618072509766 4.0353927612305 287.98992919922
70.37467956543 5.7145180702209 280.94171142578
67.001243591309 -12.280644416809 283.08474731445
66.34268951416 -12.059339523315 283.09338378906
65.714393615723 -11.740008354187 283.1047668457
65.133911132812 -11.349947929382 283.11770629883
64.603157043457 -10.886331558228 283.13232421875
64.111763000488 -10.386842727661 283.15383911133
63.694538116455 -9.8197565078735 283.18844604492
63.318695068359 -9.2278270721436 283.21875
63.018646240234 -8.590389251709 283.24114990234
62.947315216064 -7.9030756950378 283.28131103516
62.949672698975 -7.1996932029724 283.32717895508
63.01273727417 -6.5025615692139 283.36520385742
63.1630859375 -5.8144183158875 283.3918762207
63.316635131836 -5.1271586418152 283.42077636719
63.49422454834 -4.4465255737305 283.46612548828
63.671817779541 -3.7658922672272 283.51150512695
63.296031951904 -3.321257352829 283.48760986328
62.984237670898 -2.8013844490051 283.49700927734
62.93395614624 -2.1230080127716 283.55889892578
62.715030670166 -1.5903370380402 283.56744384766
62.962989807129 -0.94150108098984 283.6731262207
63.410690307617 -0.39921736717224 283.72161865234
63.858390808105 0.14306637644768 283.77011108398
64.28955078125 0.69552850723267 283.84484863281
64.712425231934 1.2524672746658 283.93218994141
67.270843505859 -11.965657234192 283.51263427734
66.710670471191 -11.511333465576 283.66070556641
66.152694702148 -11.0490026474 283.78582763672
65.708831787109 -10.47031879425 283.88204956055
65.37767791748 -9.8150405883789 283.93356323242
65.137275695801 -9.1215734481812 283.98483276367
65.016426086426 -8.3989152908325 284.05426025391
64.978538513184 -7.6750745773315 284.18057250977
65.067115783691 -6.9534115791321 284.29638671875
65.201301574707 -6.238320350647 284.40643310547
65.428604125977 -5.5591831207275 284.57748413086
65.664367675781 -4.8843288421631 284.75390625
65.921867370605 -4.2202081680298 284.93954467773
66.250785827637 -3.5976917743683 285.15505981445
66.57950592041 -2.9754889011383 285.37167358398
66.902389526367 -2.3626446723938 285.62130737305
67.222007751465 -1.7530169487 285.88265991211
67.504379272461 -1.1291806697845 286.1533203125
67.78532409668 -0.50114679336548 286.41549682617
68.094200134277 0.12992888689041 286.63571166992
68.400032043457 0.7659832239151 286.84561157227
68.702964782715 1.4058434963226 287.04791259766
68.96167755127 2.0501902103424 287.29293823242
69.204559326172 2.6971080303192 287.5471496582
69.38346862793 3.3607196807861 287.81121826172
67.224632263184 -11.954031944275 282.62252807617
66.604339599609 -11.500093460083 282.47436523438
66.028160095215 -10.974401473999 282.43783569336
65.709022521973 -10.262691497803 282.50527954102
65.488975524902 -9.5148010253906 282.57824707031
65.35075378418 -8.7459573745728 282.63391113281
65.258682250977 -7.9691696166992 282.66180419922
65.278663635254 -7.1872320175171 282.62435913086
65.372077941895 -6.4110980033875 282.58526611328
65.592651367188 -5.66086769104 282.54351806641
65.874526977539 -4.932285785675 282.48837280273
66.200965881348 -4.2235813140869 282.42169189453
66.560722351074 -3.5373570919037 282.30725097656
66.925727844238 -2.8551940917969 282.18542480469
67.302345275879 -2.1815683841705 282.05194091797
67.678421020508 -1.5067310333252 281.92315673828
68.052856445312 -0.82873427867889 281.80679321289
68.420845031738 -0.14849674701691 281.68341064453
68.748878479004 0.54341799020767 281.51885986328
69.067932128906 1.2423901557922 281.36700439453
69.372711181641 1.9515664577484 281.23443603516
69.631408691406 2.6802649497986 281.11019897461
69.824775695801 3.4342570304871 281.02355957031
69.985649108887 4.1997594833374 280.98413085938
70.146713256836 4.9652185440063 280.94482421875
