57.579238891602 7.1458797454834 268.91497802734
60.727054595947 -2.9341275691986 273.36544799805
63.143810272217 -1.5573040246964 268.98007202148
64.285598754883 0.96061027050018 274.98101806641
57.395515441895 6.7877149581909 269.10955810547
57.380378723145 6.3847432136536 269.30487060547
57.400108337402 5.9802327156067 269.49661254883
57.448993682861 5.5763635635376 269.68444824219
57.52271270752 5.1744322776794 269.86831665039
57.614196777344 4.7746586799622 270.04888916016
57.724460601807 4.3779740333557 270.22576904297
57.849239349365 3.984176158905 270.3994140625
57.979675292969 3.5916516780853 270.57174682617
58.134014129639 3.2052736282349 270.73812866211
58.270755767822 2.8142423629761 270.90899658203
58.423683166504 2.427476644516 271.07583618164
58.573947906494 2.0399334430695 271.24325561523
58.734100341797 1.6552766561508 271.40817260742
58.888874053955 1.2690435647964 271.5744934082
59.058368682861 0.88730901479721 271.73684692383
59.240203857422 0.50978094339371 271.89562988281
59.421928405762 0.1322363615036 272.05447387695
59.595123291016 -0.24828653037548 272.21575927734
59.76033782959 -0.63137751817703 272.37930297852
59.898010253906 -1.0221872329712 272.54992675781
60.031108856201 -1.4141191244125 272.72161865234
60.184814453125 -1.8006689548492 272.88821411133
60.354972839355 -2.1821806430817 273.05038452148
60.536777496338 -2.559730052948 273.20916748047
57.700042724609 6.7785601615906 268.81857299805
57.885429382324 6.4254941940308 268.85845947266
58.100254058838 6.0875029563904 268.87457275391
58.297630310059 5.7422614097595 268.92565917969
58.501369476318 5.4010195732117 268.97866821289
58.708980560303 5.0620918273926 269.03091430664
58.924423217773 4.7245106697083 269.05038452148
59.139011383057 4.3859362602234 269.05426025391
59.333202362061 4.0362567901611 269.02633666992
59.53133392334 3.6889069080353 268.99710083008
59.733081817627 3.343770980835 268.96655273438
59.950542449951 3.0089900493622 268.92926025391
60.181495666504 2.6840867996216 268.88607788086
60.411396026611 2.3577797412872 268.84826660156
60.637866973877 2.0276234149933 268.82650756836
60.864334106445 1.6974673271179 268.80474853516
61.06644821167 1.3523334264755 268.77655029297
61.26237487793 1.0037791728973 268.74676513672
61.458255767822 0.65519934892654 268.71697998047
61.682769775391 0.32311671972275 268.72265625
61.910346984863 -0.0068516177125275 268.73229980469
62.140647888184 -0.33469176292419 268.74798583984
62.381237030029 -0.6528782248497 268.7880859375
62.626056671143 -0.96763873100281 268.82995605469
62.882183074951 -1.2729259729385 268.87414550781
57.744831085205 7.0060014724731 269.2825012207
57.963516235352 6.7562646865845 269.55038452148
58.201496124268 6.4847683906555 269.77774047852
58.454288482666 6.2022571563721 269.97354125977
58.687728881836 5.9230661392212 270.19625854492
58.906784057617 5.6506175994873 270.44085693359
59.171703338623 5.3943881988525 270.65576171875
59.450569152832 5.1547574996948 270.87222290039
59.728851318359 4.9242753982544 271.09912109375
59.980251312256 4.7140350341797 271.37225341797
60.262153625488 4.5085740089417 271.61785888672
60.551139831543 4.3044476509094 271.85632324219
60.854251861572 4.1068634986877 272.08242797852
61.165233612061 3.9132821559906 272.30120849609
61.48131942749 3.7097239494324 272.5029296875
61.802165985107 3.4949798583984 272.68450927734
62.119983673096 3.2768325805664 272.86740112305
62.411323547363 3.036609172821 273.06588745117
62.695713043213 2.792270898819 273.26953125
62.921627044678 2.5232694149017 273.51110839844
63.144424438477 2.2529563903809 273.75469970703
63.358112335205 1.9801824092865 274.00366210938
63.565368652344 1.7074948549271 274.2580871582
63.773059844971 1.4400571584702 274.51766967773
63.98165512085 1.1934144496918 274.79632568359
