67.804504394531 2.3275513648987 325.53820800781
34.046127319336 -27.241407394409 318.6799621582
25.349231719971 -24.609970092773 329.40444946289
24.424325942993 -19.507755279541 311.93630981445
69.010543823242 0.74800163507462 324.81652832031
70.17170715332 -0.84869056940079 324.09387207031
70.354103088379 -2.8192722797394 323.34963989258
70.500999450684 -4.788703918457 322.61004638672
70.009536743164 -6.737446308136 321.9533996582
69.459426879883 -8.664288520813 321.31170654297
68.297584533691 -10.362696647644 320.82604980469
67.06510925293 -12.001217842102 320.37069702148
65.392097473145 -13.266279220581 320.10424804688
63.683723449707 -14.474544525146 319.86285400391
61.742427825928 -15.30869102478 319.7861328125
59.787754058838 -16.08998298645 319.73040771484
57.691753387451 -16.312755584717 319.89614868164
55.597621917725 -16.54859161377 320.05688476562
53.53630065918 -17.013301849365 320.12982177734
51.479843139648 -17.495586395264 320.19573974609
49.478923797607 -18.178546905518 320.18154907227
47.57494354248 -18.964338302612 320.1181640625
46.639614105225 -20.777605056763 319.56359863281
45.704280853271 -22.590869903564 319.00903320312
43.912246704102 -23.53014755249 318.87615966797
41.928985595703 -24.260023117065 318.84268188477
39.907276153564 -24.878795623779 318.85440063477
37.893989562988 -25.517044067383 318.79666137695
35.971611022949 -26.37174987793 318.64379882812
68.323272705078 0.30675280094147 326.03353881836
68.578872680664 -1.8147850036621 325.8561706543
68.121887207031 -3.8999788761139 325.62231445312
67.326232910156 -5.8797483444214 325.41458129883
65.904853820801 -7.4889469146729 325.47833251953
64.46947479248 -9.0819177627563 325.35394287109
62.85404586792 -10.482152938843 325.18313598633
60.853809356689 -11.221490859985 324.97802734375
58.723205566406 -11.395325660706 325.18801879883
56.607002258301 -11.719411849976 325.36386108398
54.484848022461 -11.943196296692 325.60321044922
52.427715301514 -12.470000267029 325.92715454102
50.336650848389 -12.896238327026 326.17001342773
48.314277648926 -13.528571128845 326.52328491211
46.322353363037 -14.248349189758 326.88232421875
44.328430175781 -14.994137763977 327.17022705078
42.312992095947 -15.690949440002 327.42947387695
40.32946395874 -16.47638130188 327.68145751953
38.379985809326 -17.337472915649 327.95156860352
36.436573028564 -18.224969863892 328.17611694336
34.493717193604 -19.108104705811 328.42144775391
32.602981567383 -20.103776931763 328.64199829102
30.757476806641 -21.177055358887 328.88101196289
28.93824005127 -22.270309448242 329.21282958984
27.125286102295 -23.401737213135 329.43170166016
68.12467956543 0.75543147325516 324.11532592773
68.383659362793 -1.1307858228683 323.13583374023
67.635215759277 -2.953104019165 322.28500366211
66.819496154785 -4.6951990127563 321.33880615234
65.425361633301 -6.1804656982422 320.66375732422
64.059982299805 -7.7020044326782 320.013671875
62.422439575195 -9.0252199172974 319.62072753906
60.393985748291 -9.7147426605225 319.56768798828
58.251319885254 -9.7917776107788 319.64501953125
56.120380401611 -9.9901437759399 319.48657226562
53.988380432129 -10.167092323303 319.31927490234
51.878410339355 -10.447725296021 319.04611206055
49.77564239502 -10.743857383728 318.73666381836
47.698783874512 -11.107753753662 318.33731079102
45.640865325928 -11.54801940918 317.91723632812
43.577911376953 -12.004242897034 317.54144287109
41.556720733643 -12.552868843079 317.07333374023
39.530094146729 -13.120029449463 316.65338134766
37.527145385742 -13.795607566833 316.28314208984
35.54012298584 -14.459638595581 315.81820678711
33.549739837646 -15.136581420898 315.3876953125
31.610252380371 -15.804845809937 314.75750732422
29.715211868286 -16.536085128784 314.0651550293
27.904113769531 -17.411418914795 313.31750488281
26.134912490845 -18.422143936157 312.64392089844
