130.73617553711 3.3945453166962 666.04815673828
171.8214263916 -10.815340995789 645.28344726562
173.83096313477 -6.5555877685547 639.39916992188
178.58891296387 -8.1205415725708 648.37316894531
132.09448242188 2.4126691818237 665.26159667969
133.6633605957 1.8274592161179 664.46032714844
135.2474822998 1.2828871011734 663.66040039062
136.81294250488 0.68882644176483 662.85888671875
138.38444519043 0.11025455594063 662.05786132812
139.95413208008 -0.47291368246078 661.25659179688
141.52630615234 -1.0497217178345 660.45556640625
143.09342956543 -1.639489531517 659.65417480469
144.6707611084 -2.2025709152222 658.853515625
146.24102783203 -2.784321308136 658.05242919922
147.8311920166 -3.3119723796844 657.25305175781
149.40319824219 -3.8891608715057 656.45202636719
150.98849487305 -4.4305572509766 655.65222167969
152.59606933594 -4.9066705703735 654.85528564453
154.18821716309 -5.4286513328552 654.05621337891
155.78366088867 -5.9412732124329 653.25756835938
157.38554382324 -6.4347543716431 652.45977783203
158.98115539551 -6.9467868804932 651.6611328125
160.58334350586 -7.4393997192383 650.86340332031
162.17816162109 -7.9537582397461 650.06463623047
163.78964233398 -8.4177770614624 649.26849365234
165.39213562012 -8.9094161987305 648.47082519531
167.00036621094 -9.3834400177002 647.67401123047
168.6110534668 -9.8499269485474 646.87768554688
170.2066192627 -10.362079620361 646.07904052734
132.30520629883 3.1074965000153 664.84375
134.06420898438 2.7096300125122 663.98071289062
135.75489807129 2.2560284137726 663.0146484375
137.48844909668 1.8489691019058 662.10546875
139.21772766113 1.3987562656403 661.20855712891
140.92237854004 0.95499557256699 660.26263427734
142.6340637207 0.5096492767334 659.33020019531
144.33882141113 0.054499540477991 658.38989257812
146.04086303711 -0.39078435301781 657.44000244141
147.74304199219 -0.8365872502327 656.49053955078
149.44311523438 -1.3152120113373 655.55340576172
151.14973449707 -1.7692272663116 654.61590576172
152.86416625977 -2.2016558647156 653.68249511719
154.59545898438 -2.6301000118256 652.77880859375
156.32783508301 -3.0011944770813 651.85217285156
158.03955078125 -3.3992192745209 650.89862060547
159.73782348633 -3.8118035793304 649.92742919922
161.44364929199 -4.1757841110229 648.95007324219
163.15678405762 -4.5039391517639 647.97277832031
164.86390686035 -4.8409719467163 646.98809814453
166.56230163574 -5.1459174156189 645.97808837891
168.21733093262 -5.4655141830444 644.90277099609
169.82136535645 -5.7499423027039 643.74359130859
171.30603027344 -6.0069966316223 642.42932128906
172.6927947998 -6.3463244438171 641.02960205078
132.60034179688 2.8514096736908 665.48931884766
134.45820617676 2.4572923183441 664.79968261719
136.25796508789 2.0185043811798 663.99279785156
138.06163024902 1.5630571842194 663.2041015625
139.86921691895 1.1120239496231 662.421875
141.66523742676 0.64173185825348 661.62445068359
143.45924377441 0.12491078674793 660.85174560547
145.25761413574 -0.38476091623306 660.08447265625
147.06199645996 -0.78087848424911 659.26593017578
148.85774230957 -1.2328631877899 658.45739746094
150.65214538574 -1.6996222734451 657.654296875
152.44172668457 -2.1777358055115 656.84716796875
154.21281433105 -2.6618385314941 656.00360107422
156.03045654297 -3.0571563243866 655.21453857422
157.85299682617 -3.4484531879425 654.43481445312
159.68859863281 -3.8373646736145 653.68518066406
161.5265045166 -4.2440090179443 652.95068359375
163.36991882324 -4.6491370201111 652.22924804688
165.21827697754 -5.0528464317322 651.51983642578
167.09004211426 -5.483181476593 650.89208984375
168.96505737305 -5.8948998451233 650.26165771484
170.83976745605 -6.2972269058228 649.62420654297
172.73188781738 -6.7423009872437 649.07244873047
174.67163085938 -7.2100133895874 648.75421142578
176.62426757812 -7.6688709259033 648.51055908203
