150.12593078613 13.085465431213 644.78283691406
152.58959960938 -3.7460694313049 640.92218017578
154.65948486328 -4.3374795913696 647.57269287109
147.84075927734 -2.6792907714844 644.37670898438
150.36022949219 12.940853118896 644.14221191406
150.53663635254 12.40553855896 643.73992919922
150.69543457031 11.819869041443 643.39727783203
150.83874511719 11.204070091248 643.10443115234
150.97348022461 10.573731422424 642.83874511719
151.10243225098 9.9348125457764 642.59124755859
151.22621154785 9.2888994216919 642.35974121094
151.34091186523 8.6324186325073 642.15612792969
151.44668579102 7.9661383628845 641.97979736328
151.55014038086 7.2977170944214 641.81042480469
151.64831542969 6.6247882843018 641.65698242188
151.73649597168 5.9442057609558 641.53356933594
151.82106018066 5.2613201141357 641.42077636719
151.9008026123 4.5756387710571 641.32232666016
151.96998596191 3.8851869106293 641.25469970703
152.03639221191 3.1936144828796 641.1953125
152.10311889648 2.5021498203278 641.13500976562
152.16720581055 1.8098388910294 641.08245849609
152.22550964355 1.1160119771957 641.04663085938
152.27304077148 0.42080226540565 641.04168701172
152.31495666504 -0.27498796582222 641.05291748047
152.36486816406 -0.97034257650375 641.04125976562
152.4217376709 -1.6643921136856 641.00958251953
152.48890686035 -2.3555688858032 640.94799804688
152.54005432129 -3.0507867336273 640.93280029297
150.66528320312 12.723135948181 644.98162841797
150.9766998291 12.076144218445 644.94567871094
151.2399597168 11.406464576721 644.91589355469
151.43441772461 10.715076446533 644.91235351562
151.58023071289 10.009873390198 644.91278076172
151.6654510498 9.2975721359253 644.90600585938
151.72137451172 8.5830593109131 644.90203857422
151.87661743164 7.8802018165588 644.91357421875
152.0248260498 7.1786136627197 644.98126220703
152.17303466797 6.4770255088806 645.04895019531
152.28100585938 5.7691173553467 645.11737060547
152.35731506348 5.0562338829041 645.18627929688
152.45416259766 4.34836769104 645.26983642578
152.59257507324 3.6506464481354 645.38299560547
152.73097229004 2.9529254436493 645.49615478516
152.92822265625 2.2664971351624 645.57482910156
153.11837768555 1.5877573490143 645.70520019531
153.32002258301 0.9185693860054 645.83447265625
153.4623260498 0.24068841338158 645.95532226562
153.54370117188 -0.44712296128273 646.14221191406
153.82881164551 -1.0861539840698 646.31286621094
154.06776428223 -1.7186257839203 646.54284667969
154.23561096191 -2.3409912586212 646.86419677734
154.37774658203 -3.0051286220551 647.10302734375
154.51861572266 -3.6713042259216 647.337890625
149.8518371582 12.669979095459 644.62902832031
149.68148803711 12.125334739685 644.35656738281
149.55290222168 11.525283813477 644.20489501953
149.50175476074 10.896332740784 644.12298583984
149.47676086426 10.2620677948 644.08367919922
149.45643615723 9.626859664917 644.05206298828
149.4347076416 8.9925031661987 644.00799560547
149.41218566895 8.3586311340332 643.95697021484
149.38189697266 7.7265758514404 643.89172363281
149.34767150879 7.0959186553955 643.81994628906
149.36650085449 6.4608702659607 643.85546875
149.36923217773 5.8262233734131 643.89343261719
149.33029174805 5.1926145553589 643.93737792969
149.29136657715 4.5590057373047 643.98132324219
149.25242614746 3.9253971576691 644.02520751953
149.20477294922 3.2925651073456 644.06866455078
149.12620544434 2.6624872684479 644.1103515625
149.04763793945 2.0324094295502 644.15197753906
148.95672607422 1.4047998189926 644.19506835938
148.79716491699 0.79091686010361 644.24603271484
148.62945556641 0.18008059263229 644.26336669922
148.43898010254 -0.42225116491318 644.18707275391
148.35551452637 -1.0118131637573 644.27740478516
148.22334289551 -1.5452817678452 644.32946777344
147.9592590332 -2.0707809925079 644.23327636719
