87.481742858887 -4.5228805541992 397.64959716797
66.660911560059 -12.609776496887 393.89413452148
57.397472381592 -10.584961891174 403.10888671875
58.07360458374 -5.3075156211853 391.68353271484
87.085594177246 -5.2350687980652 397.26245117188
86.655944824219 -5.9282245635986 396.8874206543
86.05590057373 -6.5245604515076 396.57382202148
85.409309387207 -7.0747632980347 396.28811645508
84.65641784668 -7.5196218490601 396.0661315918
83.883499145508 -7.935133934021 395.86154174805
83.083671569824 -8.3112077713013 395.68023681641
82.279441833496 -8.6798152923584 395.50338745117
81.471565246582 -9.0422401428223 395.33016967773
80.641357421875 -9.3609189987183 395.18255615234
79.800720214844 -9.6591444015503 395.04690551758
78.950630187988 -9.935097694397 394.92425537109
78.09831237793 -10.205774307251 394.80465698242
77.22728729248 -10.423027992249 394.71600341797
76.354957580566 -10.636517524719 394.62951660156
75.48112487793 -10.844972610474 394.54592895508
74.606971740723 -11.052296638489 394.46298217773
73.731346130371 -11.254528045654 394.38299560547
72.852714538574 -11.444895744324 394.3098449707
71.967414855957 -11.608885765076 394.25186157227
71.082733154297 -11.77562046051 394.19229125977
70.198867797852 -11.945905685425 394.13067626953
69.312019348145 -12.102228164673 394.07705688477
68.4248046875 -12.256470680237 394.0270690918
67.546913146973 -12.452854156494 393.96044921875
86.615661621094 -5.3838515281677 397.75741577148
85.580780029297 -6.0401935577393 397.72393798828
84.463973999023 -6.5434694290161 397.77200317383
83.318145751953 -6.9708552360535 397.85800170898
82.124740600586 -7.2182469367981 397.99008178711
80.921440124512 -7.400580406189 398.13772583008
79.718116760254 -7.5828094482422 398.28536987305
78.514801025391 -7.7650375366211 398.43304443359
77.311485290527 -7.947265625 398.58068847656
76.118942260742 -8.1825456619263 398.74017333984
74.932052612305 -8.4417028427124 398.90484619141
73.745254516602 -8.7012023925781 399.06964111328
72.558456420898 -8.9607009887695 399.23440551758
71.381652832031 -9.2345485687256 399.44195556641
70.210838317871 -9.5159006118774 399.67218017578
69.040176391602 -9.7974367141724 399.90298461914
67.867530822754 -10.069876670837 400.13464355469
66.690551757812 -10.320989608765 400.36834716797
65.51342010498 -10.571389198303 400.60214233398
64.3369140625 -10.763941764832 400.88760375977
63.164276123047 -10.908769607544 401.21438598633
62.039218902588 -11.048807144165 401.67990112305
60.928882598877 -10.992504119873 402.19537353516
59.771842956543 -10.888851165771 402.58654785156
58.580947875977 -10.710247039795 402.81463623047
86.486534118652 -4.8007040023804 397.10601806641
85.423835754395 -5.0457034111023 396.68920898438
84.330833435059 -5.2707285881042 396.34591674805
83.237838745117 -5.4957556724548 396.0026550293
82.114776611328 -5.656313419342 395.72686767578
80.969947814941 -5.7526559829712 395.51901245117
79.825119018555 -5.8489985466003 395.31115722656
78.680282592773 -5.9453415870667 395.10333251953
77.535453796387 -6.0416851043701 394.8955078125
76.376388549805 -6.1096887588501 394.77288818359
75.216186523438 -6.174608707428 394.65954589844
74.055992126465 -6.2395148277283 394.54620361328
72.899063110352 -6.2773118019104 394.39392089844
71.750862121582 -6.2735900878906 394.18246459961
70.608474731445 -6.2708282470703 393.94152832031
69.470344543457 -6.2689075469971 393.68121337891
68.323143005371 -6.2319903373718 393.46752929688
67.170555114746 -6.1656904220581 393.29364013672
66.020309448242 -6.1407389640808 393.09518432617
64.870918273926 -6.1257982254028 392.89074707031
63.721530914307 -6.1109852790833 392.6862487793
62.597679138184 -5.9364666938782 392.42327880859
61.496047973633 -5.6816778182983 392.13256835938
60.392108917236 -5.43190574646 391.84609985352
59.226665496826 -5.4521374702454 391.79397583008
