89.166679382324 -0.98365688323975 348.82028198242
61.318138122559 -0.5780633687973 350.88497924805
58.855499267578 -6.5720119476318 346.42861938477
59.563777923584 -5.6143436431885 356.29724121094
88.715888977051 -0.034431856125593 348.87145996094
87.690475463867 0.35019636154175 348.95449829102
86.594635009766 0.46682998538017 349.03765869141
85.497566223145 0.56354808807373 349.12048339844
84.395568847656 0.56292796134949 349.20190429688
83.294540405273 0.60430556535721 349.28399658203
82.192726135254 0.58036035299301 349.36489868164
81.091621398926 0.62646645307541 349.44708251953
79.98966217041 0.639672935009 349.52877807617
78.887718200684 0.61730551719666 349.60974121094
77.785591125488 0.62012529373169 349.69122314453
76.683853149414 0.6443812251091 349.77304077148
75.582015991211 0.6172588467598 349.85391235352
74.480041503906 0.61568266153336 349.93530273438
73.379943847656 0.54684156179428 350.01522827148
72.278282165527 0.51200711727142 350.09594726562
71.176597595215 0.47882255911827 350.17672729492
70.076385498047 0.4114745259285 350.25671386719
68.976570129395 0.33784344792366 350.33654785156
67.877433776855 0.25450366735458 350.41616821289
66.780319213867 0.14733877778053 350.49517822266
65.683135986328 0.040947005152702 350.57421875
64.589500427246 -0.097763173282146 350.65240478516
63.498203277588 -0.25406539440155 350.73007202148
62.41268157959 -0.44680199027061 350.80661010742
88.057250976562 -1.2731287479401 348.47964477539
86.929779052734 -1.5417734384537 348.18426513672
85.744590759277 -1.6941134929657 348.13217163086
84.55933380127 -1.8462125062943 348.08047485352
83.371406555176 -1.9828869104385 348.05233764648
82.182250976562 -2.1106567382812 348.03771972656
80.993087768555 -2.2384068965912 348.0231628418
79.803939819336 -2.366272687912 348.00802612305
78.616767883301 -2.5019640922546 347.95474243164
77.429901123047 -2.6386604309082 347.89724731445
76.244728088379 -2.7864239215851 347.83270263672
75.067726135254 -2.9781048297882 347.74014282227
73.890922546387 -3.1707618236542 347.64712524414
72.722038269043 -3.3993837833405 347.53729248047
71.557678222656 -3.6459548473358 347.41848754883
70.395454406738 -3.8902156352997 347.27633666992
69.235054016113 -4.1326322555542 347.11712646484
68.072196960449 -4.3772497177124 346.98089599609
66.908256530762 -4.6236209869385 346.85763549805
65.74520111084 -4.8907670974731 346.77667236328
64.566520690918 -5.08793592453 346.72747802734
63.385578155518 -5.2277736663818 346.59954833984
62.206165313721 -5.3905310630798 346.48498535156
61.040016174316 -5.6554145812988 346.46389770508
59.88452911377 -5.963029384613 346.43472290039
88.185928344727 -1.1767357587814 349.4719543457
87.031639099121 -1.3231446743011 349.73626708984
85.868217468262 -1.4639815092087 349.96084594727
84.704788208008 -1.6048101186752 350.18539428711
83.539321899414 -1.7435312271118 350.40042114258
82.36612701416 -1.8733021020889 350.57534790039
81.192947387695 -2.0030856132507 350.75030517578
80.023101806641 -2.13791680336 350.94290161133
78.860092163086 -2.2819130420685 351.16760253906
77.698295593262 -2.4290466308594 351.396484375
76.544204711914 -2.5947902202606 351.65029907227
75.390113830566 -2.7605330944061 351.90408325195
74.249214172363 -2.9560136795044 352.19381713867
73.11100769043 -3.157032251358 352.49029541016
71.977294921875 -3.3752250671387 352.79177856445
70.851837158203 -3.6055173873901 353.11444091797
69.744621276855 -3.8356375694275 353.49514770508
68.625541687012 -4.0302786827087 353.8606262207
67.509918212891 -4.2330479621887 354.23220825195
66.390029907227 -4.3893671035767 354.61331176758
65.255233764648 -4.6132822036743 354.90634155273
64.112571716309 -4.7991166114807 355.19546508789
62.966037750244 -4.9046216011047 355.50869750977
61.816761016846 -5.0119404792786 355.81112670898
60.675750732422 -5.2459163665771 356.07009887695
