73.206771850586 -8.7613639831543 415.13290405273
91.359161376953 -17.179573059082 417.00952148438
101.44194030762 -10.667477607727 411.15405273438
100.3166885376 -10.404347419739 423.68542480469
73.238899230957 -9.5587959289551 415.22714233398
73.704933166504 -10.214818954468 415.32641601562
74.208740234375 -10.842132568359 415.42428588867
74.782104492188 -11.40754699707 415.51831054688
75.402481079102 -11.921253204346 415.60870361328
76.082740783691 -12.354466438293 415.69271850586
76.764953613281 -12.784607887268 415.77645874023
77.46297454834 -13.1891040802 415.85800170898
78.164199829102 -13.587973594666 415.93905639648
78.884841918945 -13.951434135437 416.01693725586
79.611343383789 -14.302160263062 416.09371948242
80.377433776855 -14.559061050415 416.16149902344
81.136878967285 -14.834538459778 416.23104858398
81.897041320801 -15.108090400696 416.30044555664
82.657508850098 -15.380054473877 416.36965942383
83.447608947754 -15.552480697632 416.42883300781
84.219299316406 -15.792294502258 416.49490356445
84.997314453125 -16.011545181274 416.5588684082
85.784523010254 -16.196317672729 416.61926269531
86.578216552734 -16.352012634277 416.67669677734
87.378761291504 -16.46940612793 416.72994995117
88.177780151367 -16.596313476562 416.78427124023
88.969230651855 -16.762638092041 416.8427734375
89.767669677734 -16.892999649048 416.8974609375
90.558898925781 -17.06033706665 416.9560546875
74.178031921387 -9.2066345214844 415.09628295898
75.19603729248 -9.6488027572632 415.02474975586
76.10620880127 -10.183746337891 414.79235839844
77.199256896973 -10.441079139709 414.73739624023
78.292861938477 -10.692150115967 414.66729736328
79.393089294434 -10.908133506775 414.59124755859
80.499069213867 -11.094186782837 414.51260375977
81.615997314453 -11.205474853516 414.46875
82.736343383789 -11.293402671814 414.43576049805
83.85782623291 -11.337962150574 414.3720703125
84.979400634766 -11.379179000854 414.30599975586
86.091819763184 -11.463189125061 414.16830444336
87.20426940918 -11.526753425598 414.0212097168
88.31763458252 -11.558672904968 413.86831665039
89.415229797363 -11.598172187805 413.63287353516
90.513343811035 -11.621737480164 413.39855957031
91.624694824219 -11.601803779602 413.22979736328
92.735122680664 -11.581687927246 413.05514526367
93.844917297363 -11.561448097229 412.87640380859
94.956504821777 -11.487488746643 412.72674560547
96.066787719727 -11.404867172241 412.57260131836
97.162460327148 -11.306262016296 412.34072875977
98.254852294922 -11.1871509552 412.10552978516
99.338577270508 -11.013967514038 411.86154174805
100.39714813232 -10.84073638916 411.53140258789
74.158805847168 -9.1472854614258 415.44262695312
75.124984741211 -9.6713171005249 415.63809204102
76.144134521484 -10.018997192383 415.93606567383
77.141967773438 -10.380039215088 416.28909301758
78.226051330566 -10.567440986633 416.48428344727
79.314453125 -10.725704193115 416.68353271484
80.405479431152 -10.835891723633 416.90307617188
81.473129272461 -11.023077011108 417.17471313477
82.535751342773 -11.22679901123 417.45755004883
83.597877502441 -11.402857780457 417.75863647461
84.659576416016 -11.55570602417 418.07501220703
85.73804473877 -11.556118965149 418.35797119141
86.821632385254 -11.509902000427 418.63064575195
87.889228820801 -11.4958152771 418.95999145508
88.948760986328 -11.497916221619 419.31784057617
90.008750915527 -11.495021820068 419.67404174805
91.072105407715 -11.455153465271 420.01806640625
92.135459899902 -11.415284156799 420.36212158203
93.198463439941 -11.375514030457 420.70718383789
94.248458862305 -11.339463233948 421.09042358398
95.298461914062 -11.303413391113 421.47366333008
96.342590332031 -11.236477851868 421.86831665039
97.385437011719 -11.162795066833 422.26544189453
98.380012512207 -10.920424461365 422.69915771484
99.350784301758 -10.627083778381 423.16763305664
