62.337219238281 -1.5906745195389 282.15765380859
72.818466186523 4.600245475769 280.73101806641
77.893165588379 3.3419799804688 283.45184326172
77.645156860352 3.6205551624298 277.4778137207
62.425918579102 -1.1069011688232 282.10382080078
62.638240814209 -0.66436588764191 282.04425048828
62.90461730957 -0.25215068459511 281.98333740234
63.201232910156 0.13892267644405 281.92205810547
63.537818908691 0.49582651257515 281.86093139648
63.895622253418 0.8319463133812 281.80017089844
64.279922485352 1.1371684074402 281.74032592773
64.686622619629 1.4122930765152 281.68161010742
65.113479614258 1.6551387310028 281.62438964844
65.561058044434 1.8572880029678 281.56948852539
66.026008605957 2.016608953476 281.51736450195
66.503242492676 2.1357946395874 281.46813964844
66.988090515137 2.2211763858795 281.42156982422
67.478088378906 2.2686388492584 281.37829589844
67.968208312988 2.3137681484222 281.33526611328
68.454277038574 2.3936343193054 281.28912353516
68.932807922363 2.5047430992126 281.24060058594
69.389953613281 2.6826107501984 281.18728637695
69.820182800293 2.9194846153259 281.13037109375
70.241256713867 3.1717028617859 281.07272338867
70.681869506836 3.3893570899963 281.0168762207
71.111404418945 3.6280183792114 280.95989990234
71.552108764648 3.845605134964 280.90405273438
71.97575378418 4.0945715904236 280.84649658203
72.397109985352 4.3474082946777 280.78875732422
62.7744140625 -1.3570955991745 282.54962158203
63.311679840088 -1.0074315071106 282.55630493164
63.866500854492 -0.69068044424057 282.50155639648
64.440010070801 -0.41478833556175 282.4235534668
65.03636932373 -0.18695467710495 282.36346435547
65.637084960938 0.03709627315402 282.35330200195
66.227699279785 0.28466257452965 282.38269042969
66.843200683594 0.46296671032906 282.40835571289
67.452156066895 0.66269767284393 282.43270874023
68.055366516113 0.87919598817825 282.45458984375
68.671447753906 1.0574153661728 282.45233154297
69.288635253906 1.2310886383057 282.4411315918
69.905723571777 1.3950630426407 282.38278198242
70.528701782227 1.5462058782578 282.40093994141
71.145111083984 1.7150156497955 282.45397949219
71.75074005127 1.9097534418106 282.53524780273
72.347671508789 2.1274979114532 282.62210083008
72.955177307129 2.322945356369 282.68588256836
73.565055847168 2.5125486850739 282.74429321289
74.181457519531 2.6780841350555 282.8073425293
74.801116943359 2.8299007415771 282.87286376953
75.423011779785 2.9729955196381 282.93692016602
76.044281005859 3.1138024330139 283.01116943359
76.658149719238 3.2536993026733 283.13323974609
77.274482727051 3.3487441539764 283.28298950195
62.793315887451 -1.4182854890823 281.72500610352
63.329456329346 -1.0689675807953 281.56750488281
63.877449035645 -0.73738437891006 281.41302490234
64.452415466309 -0.43768262863159 281.29766845703
65.058082580566 -0.18253128230572 281.25018310547
65.664016723633 0.059852749109268 281.16015625
66.264038085938 0.28411448001862 281.00537109375
66.86873626709 0.49079057574272 280.84494018555
67.49333190918 0.66248464584351 280.72369384766
68.118804931641 0.83124959468842 280.60284423828
68.745765686035 0.99513256549835 280.48306274414
69.367073059082 1.1819480657578 280.36755371094
69.977027893066 1.394336938858 280.23764038086
70.557250976562 1.6358066797256 280.0393371582
71.144470214844 1.8751494884491 279.85995483398
71.738464355469 2.1122546195984 279.70138549805
72.307655334473 2.3681259155273 279.48962402344
72.881637573242 2.6187219619751 279.28494262695
73.491592407227 2.8249793052673 279.14456176758
74.110084533691 3.0067970752716 279.00784301758
74.725936889648 3.1745753288269 278.84396362305
75.325859069824 3.3501927852631 278.63528442383
75.924942016602 3.5209877490997 278.42031860352
76.521308898926 3.628604888916 278.1614074707
77.099830627441 3.6507513523102 277.84661865234
