143.34896850586 12.649486541748 646.61572265625
148.11038208008 -7.3972105979919 639.46478271484
150.15888977051 -4.6834435462952 650.03411865234
140.41720581055 -6.1030235290527 647.21051025391
143.61749267578 12.486211776733 645.79473876953
143.87054443359 11.863204956055 645.22357177734
144.11763000488 11.208960533142 644.68560791016
144.35914611816 10.529527664185 644.17724609375
144.59017944336 9.8108520507812 643.72058105469
144.81498718262 9.0725612640381 643.29296875
145.03619384766 8.3238754272461 642.88189697266
145.24676513672 7.5483093261719 642.51776123047
145.46070861816 6.7807421684265 642.13891601562
145.6695098877 6.0012021064758 641.78228759766
145.86885070801 5.2022390365601 641.46545410156
146.0640411377 4.3956909179688 641.16571044922
146.25746154785 3.5861206054688 640.873046875
146.44508361816 2.7670550346375 640.60400390625
146.62812805176 1.9412578344345 640.35302734375
146.80624389648 1.1088235378265 640.12109375
146.98237609863 0.27385780215263 639.89691162109
147.15209960938 -0.56864631175995 639.697265625
147.31872558594 -1.4144002199173 639.50915527344
147.48094177246 -2.2645783424377 639.337890625
147.63505554199 -3.1217069625854 639.19635009766
147.78326416016 -3.9831578731537 639.07635498047
147.92015075684 -4.8511199951172 638.99670410156
148.03935241699 -5.7251329421997 638.978515625
148.11712646484 -6.595908164978 639.09643554688
144.01538085938 12.236399650574 646.70849609375
144.4461517334 11.58447933197 646.58648681641
144.77987670898 10.8764295578 646.47320556641
145.1149597168 10.160297393799 646.45068359375
145.42506408691 9.4326610565186 646.44714355469
145.72434997559 8.7005081176758 646.45159912109
145.99899291992 7.9596133232117 646.48736572266
146.26853942871 7.2171769142151 646.52947998047
146.54547119141 6.4772300720215 646.56732177734
146.82330322266 5.7375903129578 646.60443115234
147.05426025391 4.9813294410706 646.62335205078
147.28497314453 4.2249841690063 646.64215087891
147.51612854004 3.4687569141388 646.62457275391
147.7610168457 2.7170875072479 646.59887695312
148.02363586426 1.9718263149261 646.56353759766
148.29306030273 1.2282655239105 646.55084228516
148.51202392578 0.46824568510056 646.55249023438
148.67658996582 -0.30528301000595 646.56488037109
148.9582824707 -1.0441541671753 646.56085205078
149.25749206543 -1.7715009450912 646.64410400391
149.51449584961 -2.4871270656586 646.86145019531
149.54219055176 -3.0323510169983 647.43139648438
149.63369750977 -3.4618351459503 648.08923339844
149.71229553223 -3.9490990638733 648.70733642578
149.91523742676 -4.3358473777771 649.36669921875
142.96055603027 12.030138015747 646.30981445312
142.83618164062 11.304321289062 646.01824951172
142.83999633789 10.540379524231 645.80780029297
142.82011413574 9.760199546814 645.67028808594
142.75 8.985203742981 645.52038574219
142.64874267578 8.2207174301147 645.33813476562
142.55503845215 7.4378724098206 645.25823974609
142.4603729248 6.6519012451172 645.22192382812
142.36558532715 5.8655662536621 645.19519042969
142.36117553711 5.0745854377747 645.14660644531
142.39260864258 4.2854266166687 645.08129882812
142.41395568848 3.4974434375763 644.99969482422
142.39363098145 2.7109093666077 644.90502929688
142.36856079102 1.9246882200241 644.80877685547
142.3777923584 1.1337039470673 644.76147460938
142.39868164062 0.34209495782852 644.73083496094
142.42890930176 -0.44972595572472 644.71960449219
142.42279052734 -1.240006685257 644.66162109375
142.38716125488 -2.0256412029266 644.56420898438
142.30247497559 -2.8061058521271 644.45623779297
142.12281799316 -3.5001306533813 644.78430175781
141.84942626953 -4.1020498275757 645.22119140625
141.52337646484 -4.6380944252014 645.70526123047
141.19010925293 -5.1097588539124 646.24786376953
140.78860473633 -5.6067595481873 646.71673583984
