90.05216217041 -9.8973798751831 402.11303710938
106.7243270874 11.21365070343 403.29760742188
110.80513763428 11.720876693726 407.92797851562
109.83033752441 9.4364814758301 401.65341186523
90.077629089355 -8.8500356674194 401.96142578125
90.367393493652 -7.834801197052 401.88400268555
90.690216064453 -6.8288764953613 401.8166809082
91.129814147949 -5.8663268089294 401.78656005859
91.643905639648 -4.9409418106079 401.78161621094
92.197593688965 -4.0387201309204 401.79052734375
92.790733337402 -3.1621885299683 401.81369018555
93.40648651123 -2.3016571998596 401.84524536133
94.051208496094 -1.463095664978 401.88772583008
94.728393554688 -0.65127545595169 401.94271850586
95.420951843262 0.14702698588371 402.00381469727
96.119453430176 0.93995499610901 402.06726074219
96.840126037598 1.7119921445847 402.13970947266
97.573463439941 2.4714920520782 402.21740722656
98.319801330566 3.2176430225372 402.30047607422
99.064155578613 3.9658522605896 402.38278198242
99.822074890137 4.69966173172 402.47076416016
100.59120941162 5.4211053848267 402.56356811523
101.3607635498 6.1420769691467 402.65655517578
102.13673400879 6.8557744026184 402.75225830078
102.91710662842 7.5643820762634 402.85000610352
103.68140411377 8.2912073135376 402.94073486328
104.43083190918 9.0341053009033 403.0251159668
105.2053604126 9.7494468688965 403.12023925781
105.96288299561 10.483682632446 403.20809936523
90.321067810059 -8.7798452377319 402.44345092773
90.793006896973 -7.6794514656067 402.48654174805
91.378784179688 -6.639612197876 402.59313964844
92.061408996582 -5.6603765487671 402.70028686523
92.734687805176 -4.6745510101318 402.80584716797
93.442237854004 -3.7134084701538 402.91461181641
94.192893981934 -2.7858636379242 403.02658081055
94.94229888916 -1.8576414585114 403.140625
95.741111755371 -0.97311872243881 403.26644897461
96.566932678223 -0.11518970876932 403.4016418457
97.424659729004 0.70785123109818 403.55410766602
98.302154541016 1.5095827579498 403.70755004883
99.208152770996 2.2785758972168 403.86282348633
100.07983398438 3.0824556350708 404.03692626953
100.94239807129 3.8946917057037 404.21701049805
101.86183929443 4.6351280212402 404.42364501953
102.76518249512 5.3833723068237 404.66955566406
103.66014099121 6.1363945007324 404.93103027344
104.54247283936 6.8956527709961 405.21615600586
105.42042541504 7.6279916763306 405.57565307617
106.27658843994 8.385425567627 405.93569946289
107.12478637695 9.1547374725342 406.28936767578
108.01232910156 9.8838787078857 406.63137817383
108.91687011719 10.581244468689 406.99444580078
109.85818481445 11.184741020203 407.42578125
90.449089050293 -8.985107421875 401.69171142578
90.920310974121 -8.0209522247314 401.55517578125
91.457321166992 -7.0831718444824 401.50506591797
92.080879211426 -6.1999478340149 401.46240234375
92.711753845215 -5.3226294517517 401.40997314453
93.395950317383 -4.4845070838928 401.41967773438
94.107322692871 -3.6699688434601 401.45324707031
94.849685668945 -2.8828268051147 401.45803833008
95.6044921875 -2.1076812744141 401.47009277344
96.369285583496 -1.3427644968033 401.49664306641
97.140327453613 -0.58576458692551 401.55291748047
97.915336608887 0.16567552089691 401.6262512207
98.720565795898 0.88320159912109 401.71273803711
99.541595458984 1.5836342573166 401.79040527344
100.37366485596 2.2729229927063 401.84765625
101.2068862915 2.9602792263031 401.91073608398
102.04837036133 3.6320357322693 402.01718139648
102.90135192871 4.2957882881165 402.06802368164
103.75854492188 4.9554395675659 402.09582519531
104.63674926758 5.5873918533325 402.08438110352
105.52127838135 6.2100944519043 402.06024169922
106.41234588623 6.8219742774963 402.0119934082
107.30855560303 7.4243330955505 401.94332885742
108.20932769775 8.0180397033691 401.86093139648
109.02484893799 8.7216720581055 401.75811767578
