52.591121673584 -44.003841400146 328.43978881836
49.783878326416 -3.8826422691345 345.33679199219
28.060785293579 -10.15299987793 327.02853393555
29.817344665527 -20.635196685791 356.57119750977
54.311618804932 -43.086540222168 328.59237670898
55.81595993042 -41.873611450195 328.89511108398
57.206768035889 -40.547401428223 329.25933837891
58.449028015137 -39.100067138672 329.69296264648
59.584190368652 -37.580425262451 330.17037963867
60.515270233154 -35.950397491455 330.71994018555
61.251316070557 -34.242874145508 331.32702636719
61.836894989014 -32.491527557373 331.97189331055
62.230640411377 -30.702373504639 332.65740966797
62.506336212158 -28.899450302124 333.36413574219
62.586196899414 -27.088737487793 334.09967041016
62.503086090088 -25.285678863525 334.85339355469
62.21374130249 -23.510629653931 335.62252807617
61.762836456299 -21.772300720215 336.3977355957
61.132228851318 -20.090856552124 337.17309570312
60.372913360596 -18.461313247681 337.94384765625
59.484558105469 -16.894105911255 338.70587158203
58.416507720947 -15.432963371277 339.44766235352
57.322208404541 -13.989422798157 340.18576049805
56.441173553467 -12.418345451355 340.94836425781
55.518123626709 -10.869753837585 341.70727539062
54.503032684326 -9.374810218811 342.45608520508
53.420501708984 -7.9232869148254 343.19583129883
52.304599761963 -6.4946331977844 343.93054199219
51.187877655029 -5.0665745735168 344.66516113281
53.020034790039 -42.529182434082 327.69757080078
53.839744567871 -40.861484527588 327.82467651367
54.552013397217 -39.152736663818 328.10556030273
55.104053497314 -37.388526916504 328.36694335938
55.534648895264 -35.620010375977 328.76928710938
55.737384796143 -33.93851852417 329.17828369141
55.081611633301 -32.342514038086 329.67468261719
54.01000213623 -30.878313064575 330.02606201172
52.655055999756 -29.604875564575 330.08850097656
51.191982269287 -28.43677520752 330.12997436523
49.737857818604 -27.262722015381 330.24780273438
48.305618286133 -26.062448501587 330.33740234375
46.948680877686 -24.771934509277 330.32925415039
45.591747283936 -23.481420516968 330.32107543945
44.248542785645 -22.188480377197 330.23593139648
42.958312988281 -20.886182785034 329.85369873047
41.580116271973 -19.664014816284 329.59399414062
40.062587738037 -18.568759918213 329.52844238281
38.545059204102 -17.473505020142 329.46286010742
37.040771484375 -16.361022949219 329.38500976562
35.541080474854 -15.242558479309 329.30291748047
34.042537689209 -14.155807495117 329.10327148438
32.547100067139 -13.15510559082 328.58459472656
31.05166053772 -12.154403686523 328.06588745117
29.556222915649 -11.153701782227 327.54721069336
53.084182739258 -42.975681304932 329.7024230957
53.913547515869 -41.636405944824 330.74655151367
54.74291229248 -40.297130584717 331.79067993164
55.439971923828 -38.892387390137 332.83999633789
55.838581085205 -37.36926651001 333.85900878906
55.87149810791 -35.789463043213 334.85083007812
55.340885162354 -34.276775360107 335.85180664062
54.304954528809 -33.087982177734 336.86309814453
53.018997192383 -32.143028259277 337.81460571289
51.435615539551 -31.541944503784 338.65325927734
50.114673614502 -30.702844619751 339.68756103516
48.878490447998 -29.786874771118 340.78509521484
47.692962646484 -28.940492630005 341.98614501953
46.52799987793 -28.122360229492 343.2292175293
45.246803283691 -27.398080825806 344.4130859375
43.916210174561 -26.751001358032 345.58749389648
42.564487457275 -26.146596908569 346.76190185547
41.212760925293 -25.542194366455 347.93630981445
39.808410644531 -24.88966178894 349.01885986328
38.396842956543 -24.230527877808 350.08877563477
36.971885681152 -23.607511520386 351.16171264648
35.530128479004 -23.029809951782 352.23840332031
34.088375091553 -22.452110290527 353.31512451172
32.662612915039 -21.849695205688 354.39950561523
31.239978790283 -21.242446899414 355.4853515625
