58.011798858643 1.7985198497772 278.74340820312
70.307830810547 2.9316368103027 270.32354736328
75.040306091309 5.515341758728 275.53524780273
74.887901306152 -4.5615968704224 271.05023193359
57.977649688721 2.0546278953552 278.19931030273
58.179656982422 2.253005027771 277.66751098633
58.476089477539 2.415435552597 277.16879272461
58.854488372803 2.5386233329773 276.71640014648
59.259700775146 2.6468093395233 276.28384399414
59.694438934326 2.7369592189789 275.87652587891
60.152191162109 2.8116230964661 275.49194335938
60.626640319824 2.8741617202759 275.12588500977
61.119857788086 2.9218928813934 274.78314208984
61.622947692871 2.9612874984741 274.45394897461
62.13204574585 2.9953091144562 274.1335144043
62.650630950928 3.0205194950104 273.82781982422
63.174518585205 3.0405683517456 273.53088378906
63.708984375 3.0496306419373 273.25289916992
64.249221801758 3.0522704124451 272.98614501953
64.789939880371 3.0543618202209 272.72036743164
65.332740783691 3.0540540218353 272.45883178711
65.880615234375 3.0476324558258 272.20822143555
66.427177429199 3.0428330898285 271.95471191406
66.978500366211 3.0320925712585 271.7119140625
67.531372070312 3.0193378925323 271.47277832031
68.075813293457 3.0170869827271 271.21472167969
68.617881774902 3.0176069736481 270.95169067383
69.168518066406 3.0077319145203 270.7073059082
69.73413848877 2.9766647815704 270.50207519531
58.471122741699 2.2891380786896 278.62841796875
59.026096343994 2.518919467926 278.29046630859
59.673122406006 2.7225384712219 278.15463256836
60.276210784912 2.8738934993744 277.84185791016
60.892147064209 3.0211839675903 277.55453491211
61.539497375488 3.1182730197906 277.31817626953
62.182247161865 3.1966314315796 277.06387329102
62.840606689453 3.3053786754608 276.86712646484
63.51586151123 3.3648860454559 276.70907592773
64.189231872559 3.4407980442047 276.55130004883
64.867645263672 3.5518758296967 276.44271850586
65.538917541504 3.6715154647827 276.3044128418
66.224891662598 3.7459456920624 276.21389770508
66.902954101562 3.8687686920166 276.11581420898
67.585014343262 3.9861130714417 276.04144287109
68.268188476562 4.1012287139893 275.97412109375
68.949058532715 4.2320094108582 275.91375732422
69.619537353516 4.414110660553 275.87860107422
70.291572570801 4.5807204246521 275.94509887695
70.982559204102 4.6609663963318 275.92150878906
71.669502258301 4.758768081665 275.86608886719
72.35595703125 4.8610062599182 275.81286621094
73.040336608887 4.9768333435059 275.7607421875
73.719985961914 5.1075439453125 275.68661499023
74.391647338867 5.2767124176025 275.61779785156
58.312000274658 1.4420084953308 278.16021728516
58.935821533203 1.2203683853149 277.77191162109
59.575122833252 1.0667003393173 277.38137817383
60.164199829102 1.0041697025299 276.89541625977
60.812351226807 0.87758588790894 276.50338745117
61.466236114502 0.74185383319855 276.12478637695
62.1474609375 0.58186852931976 275.80841064453
62.838352203369 0.40971583127975 275.52053833008
63.531440734863 0.23288695514202 275.2409362793
64.218704223633 0.02041232585907 274.97192382812
64.897666931152 -0.22655971348286 274.71145629883
65.593544006348 -0.48413187265396 274.51373291016
66.286659240723 -0.73676490783691 274.30026245117
66.968902587891 -1.0071332454681 274.07391357422
67.639060974121 -1.3034784793854 273.84408569336
68.308364868164 -1.6133521795273 273.63009643555
68.976913452148 -1.9305325746536 273.42449951172
69.636611938477 -2.2589983940125 273.20846557617
70.2919921875 -2.5903403759003 272.98370361328
70.955741882324 -2.9028208255768 272.75680541992
71.632110595703 -3.1903266906738 272.53424072266
72.296875 -3.4813485145569 272.28387451172
72.936584472656 -3.7855334281921 271.98831176758
73.564849853516 -4.086856842041 271.66546630859
74.21809387207 -4.3386015892029 271.35266113281
