152.50651550293 14.977679252625 642.72857666016
144.9659576416 -3.9146888256073 643.26080322266
151.16036987305 -5.6530270576477 639.28668212891
150.56648254395 -4.6131601333618 647.96362304688
151.7078704834 14.82749080658 642.6953125
151.03004455566 14.372982978821 642.68298339844
150.43980407715 13.808696746826 642.68029785156
149.91700744629 13.181469917297 642.68408203125
149.46719360352 12.499905586243 642.69427490234
149.07322692871 11.784550666809 642.70892333984
148.7033996582 11.056510925293 642.72546386719
148.37103271484 10.310646057129 642.74468994141
148.06434631348 9.5538949966431 642.76574707031
147.77229309082 8.7913980484009 642.78790283203
147.48851013184 8.0258045196533 642.81060791016
147.22207641602 7.2540326118469 642.83441162109
146.97203063965 6.4768500328064 642.85943603516
146.74891662598 5.6915488243103 642.88604736328
146.53410339355 4.9039525985718 642.91326904297
146.31929016113 4.1163702011108 642.94055175781
146.13275146484 3.3216805458069 642.96960449219
145.97421264648 2.5210030078888 643.00024414062
145.85319519043 1.7138829231262 643.033203125
145.75914001465 0.90323650836945 643.06781005859
145.65731811523 0.093503423035145 643.10174560547
145.55062866211 -0.71561199426651 643.13549804688
145.41879272461 -1.5210741758347 643.16778564453
145.27865600586 -2.3251385688782 643.19964599609
145.22090148926 -3.1390674114227 643.23620605469
152.15837097168 14.588729858398 642.58117675781
151.7756652832 14.11789226532 642.1767578125
151.35632324219 13.402352333069 642.09387207031
151.39776611328 12.573305130005 641.96276855469
151.19534301758 11.775239944458 641.77386474609
151.05549621582 10.966842651367 641.6640625
151.17132568359 10.153293609619 641.62823486328
151.00297546387 9.3581695556641 641.41979980469
150.9642791748 8.5164813995361 641.34674072266
150.92491149902 7.6855230331421 641.21307373047
150.93609619141 6.8450756072998 641.13873291016
150.83447265625 6.0145373344421 641.02490234375
150.82817077637 5.1725044250488 640.94439697266
150.82356262207 4.3286194801331 640.87231445312
150.78999328613 3.4908666610718 640.76715087891
150.70988464355 2.6647572517395 640.59820556641
150.70181274414 1.824676990509 640.49468994141
150.69802856445 0.98445838689804 640.38854980469
150.69578552246 0.14649628102779 640.26696777344
150.75262451172 -0.69275915622711 640.16778564453
150.80157470703 -1.5288745164871 640.04858398438
150.82165527344 -2.3535099029541 639.85626220703
150.8464050293 -3.1787037849426 639.66741943359
150.89825439453 -4.0071249008179 639.49877929688
150.95010375977 -4.8355460166931 639.330078125
152.05973815918 14.524682044983 643.20666503906
151.64317321777 13.843904495239 643.32342529297
151.66265869141 13.146978378296 643.45526123047
151.59921264648 12.41039276123 643.60064697266
151.38220214844 11.692722320557 643.85107421875
151.22987365723 10.929902076721 644.05572509766
151.10366821289 10.147784233093 644.24835205078
151.01959228516 9.3527088165283 644.41241455078
151.0378112793 8.5524530410767 644.56353759766
150.93273925781 7.760892868042 644.75091552734
150.87312316895 6.9594054222107 644.91235351562
150.90385437012 6.1600370407104 645.07000732422
150.86878967285 5.3584637641907 645.23559570312
150.91114807129 4.5696997642517 645.45562744141
150.74339294434 3.8093087673187 645.64703369141
150.81578063965 3.0334115028381 645.74981689453
150.89723205566 2.2747929096222 645.94116210938
150.60675048828 1.6325445175171 646.14172363281
150.74140930176 0.83321344852448 646.22650146484
150.78038024902 0.038593649864197 646.42687988281
150.78987121582 -0.7609726190567 646.61242675781
150.66285705566 -1.5323084592819 646.86303710938
150.57818603516 -2.3071637153625 647.11169433594
150.59899902344 -3.0907864570618 647.35540771484
150.59452819824 -3.8591024875641 647.64031982422
