67.619529724121 -4.6617565155029 266.46264648438
77.839981079102 3.8846290111542 267.66149902344
78.829559326172 1.37364757061 270.67932128906
78.79288482666 1.2908823490143 265.35623168945
67.805114746094 -4.1689925193787 266.49118041992
68.018165588379 -3.6876308917999 266.52224731445
68.271537780762 -3.2265040874481 266.55697631836
68.562576293945 -2.7884392738342 266.5950012207
68.88077545166 -2.3698809146881 266.63537597656
69.214485168457 -1.9637125730515 266.67706298828
69.56079864502 -1.5683629512787 266.71981811523
69.928535461426 -1.1930433511734 266.76431274414
70.29679107666 -0.81824541091919 266.80883789062
70.696083068848 -0.477026283741 266.85583496094
71.089958190918 -0.1295178681612 266.90240478516
71.489608764648 0.21127690374851 266.94943237305
71.910697937012 0.52495044469833 266.99807739258
72.339782714844 0.82749676704407 267.04727172852
72.776481628418 1.1188671588898 267.09701538086
73.220649719238 1.3986138105392 267.14727783203
73.670783996582 1.6685942411423 267.19793701172
74.126617431641 1.9287481307983 267.24896240234
74.585929870605 2.1826734542847 267.30023193359
75.04158782959 2.4431357383728 267.3512878418
75.501197814941 2.6965315341949 267.40252685547
75.958854675293 2.9534389972687 267.45370483398
76.429183959961 3.1861848831177 267.50564575195
76.898094177246 3.4217746257782 267.55752563477
77.371170043945 3.6488406658173 267.60961914062
67.982368469238 -4.2909240722656 266.54620361328
68.363319396973 -3.9424393177032 266.64407348633
68.753105163574 -3.6041431427002 266.74291992188
69.131317138672 -3.2552661895752 266.849609375
69.531051635742 -2.9248299598694 266.93426513672
69.931114196777 -2.5934276580811 267.01342773438
70.350051879883 -2.2878758907318 267.09869384766
70.767799377441 -1.9962532520294 267.22741699219
71.220924377441 -1.7484863996506 267.32452392578
71.649810791016 -1.4788712263107 267.46417236328
72.115051269531 -1.2652958631516 267.58282470703
72.566665649414 -1.0319006443024 267.71591186523
73.01220703125 -0.80769270658493 267.88137817383
73.470237731934 -0.6169205904007 268.05444335938
73.926803588867 -0.43607693910599 268.2414855957
74.378349304199 -0.26357203722 268.44763183594
74.832809448242 -0.10279024392366 268.65686035156
75.30086517334 0.041081514209509 268.84756469727
75.746467590332 0.22585240006447 269.05596923828
76.17635345459 0.42656868696213 269.28192138672
76.629234313965 0.58432531356812 269.49673461914
77.069816589355 0.79820543527603 269.6872253418
77.512222290039 0.96229028701782 269.91851806641
77.946891784668 1.1023091077805 270.17852783203
78.379463195801 1.2467455863953 270.43960571289
68.005973815918 -4.3568382263184 266.41464233398
68.38729095459 -4.0419311523438 266.42120361328
68.772476196289 -3.731781244278 266.42864990234
69.163017272949 -3.4284379482269 266.41995239258
69.544189453125 -3.1133809089661 266.42657470703
69.954803466797 -2.8390741348267 266.45419311523
70.368721008301 -2.5687255859375 266.46835327148
70.792022705078 -2.3129773139954 266.47302246094
71.20964050293 -2.0480308532715 266.47631835938
71.63451385498 -1.7948768138885 266.47241210938
72.061859130859 -1.5459831953049 266.46826171875
72.484970092773 -1.2959530353546 266.4128112793
72.917846679688 -1.0593255758286 266.37774658203
73.37028503418 -0.86371564865112 266.33706665039
73.826812744141 -0.67930555343628 266.2903137207
74.284362792969 -0.49864420294762 266.23904418945
74.742202758789 -0.31956213712692 266.18490600586
75.189453125 -0.12288848310709 266.1081237793
75.649353027344 0.037861332297325 266.02285766602
76.099571228027 0.22240576148033 265.93417358398
76.535507202148 0.43829140067101 265.84490966797
76.989128112793 0.61513447761536 265.75790405273
77.425361633301 0.82790786027908 265.66284179688
77.864067077637 1.0372965335846 265.57165527344
78.323348999023 1.1957230567932 265.47909545898
