-0.12326999753714 9.2757806777954 -2.8840272426605
-10.88800239563 5.9525184631348 15.477654457092
-26.855096817017 15.992457389832 10.32382106781
-27.412326812744 1.5886509418488 7.2455143928528
0.14623656868935 9.0765514373779 -2.0655612945557
0.15647475421429 8.8849840164185 -1.2017637491226
0.17917078733444 8.6926670074463 -0.33841103315353
0.11689759790897 8.5062789916992 0.52432322502136
0.011609104461968 8.323579788208 1.3836363554001
-0.15911819040775 8.1473741531372 2.233761548996
-0.38813918828964 7.9778871536255 3.0714693069458
-0.66497200727463 7.8145976066589 3.8958787918091
-0.93219524621964 7.6500234603882 4.7231435775757
-1.2677719593048 7.4952592849731 5.527099609375
-1.6565150022507 7.3491239547729 6.3084125518799
-2.0888841152191 7.2107815742493 7.0679211616516
-2.5540778636932 7.0787630081177 7.8089447021484
-3.0285754203796 6.9486169815063 8.544358253479
-3.552668094635 6.8290505409241 9.2471971511841
-4.0761218070984 6.7093462944031 9.95046043396
-4.6572799682617 6.6034078598022 10.609233856201
-5.2489743232727 6.5001859664917 11.258983612061
-5.8861384391785 6.409453868866 11.866212844849
-6.5677690505981 6.3324289321899 12.425138473511
-7.2491211891174 6.2553153038025 12.984390258789
-7.9517107009888 6.1853785514832 13.517706871033
-8.6618976593018 6.1181282997131 14.041214942932
-9.4022989273071 6.062264919281 14.522500991821
-10.14208316803 6.0061621665955 15.0047082901
-0.45698311924934 10.073745727539 -1.9667755365372
-0.78689593076706 10.47950553894 -0.81969279050827
-1.37779712677 10.771200180054 0.25503268837929
-2.1187481880188 11.045017242432 1.2375664710999
-2.9496712684631 11.266127586365 2.1595599651337
-3.8733556270599 11.391697883606 3.0083017349243
-4.8212361335754 11.616264343262 3.8085894584656
-5.8213763237 11.951458930969 4.4989447593689
-6.8953032493591 12.237805366516 5.0939073562622
-8.0445756912231 12.366891860962 5.5954346656799
-9.1425228118896 12.673938751221 6.1332387924194
-10.274707794189 12.999378204346 6.5822138786316
-11.408223152161 13.31111240387 7.0372862815857
-12.542877197266 13.604031562805 7.5022826194763
-13.652050971985 13.942736625671 7.9964179992676
-14.769066810608 14.247648239136 8.4928569793701
-15.903998374939 14.491820335388 8.9836568832397
-17.089303970337 14.673132896423 9.3730688095093
-18.273105621338 14.888705253601 9.747537612915
-19.4554271698 15.138006210327 10.107295036316
-20.682273864746 15.32797908783 10.32363319397
-21.918216705322 15.406901359558 10.548722267151
-23.158166885376 15.46639251709 10.749766349792
-24.404048919678 15.653169631958 10.798306465149
-25.630187988281 15.823330879211 10.569702148438
-0.48754259943962 8.2374305725098 -2.312301158905
-1.035940527916 7.535032749176 -1.4470247030258
-1.6484603881836 6.9139337539673 -0.56267321109772
-2.2815577983856 6.3186717033386 0.32425877451897
-3.1145544052124 5.8658647537231 1.126554608345
-4.0516023635864 5.4135956764221 1.8050280809402
-5.029944896698 4.9640922546387 2.4244952201843
-5.9744944572449 4.5265650749207 3.1014349460602
-7.0702676773071 4.1818585395813 3.5741331577301
-8.1908941268921 3.8614554405212 4.0033135414124
-9.366660118103 3.6389112472534 4.3366122245789
-10.542356491089 3.4149301052094 4.6688470840454
-11.713144302368 3.0884408950806 4.9251646995544
-12.886708259583 2.7731084823608 5.1823258399963
-14.084091186523 2.5944063663483 5.460470199585
-15.280785560608 2.3832583427429 5.7180910110474
-16.475908279419 2.14315366745 5.9569835662842
-17.67329788208 1.8969017267227 6.1775603294373
-18.871284484863 1.6526162624359 6.3970794677734
-20.070924758911 1.441924571991 6.641019821167
-21.27713394165 1.2715656757355 6.8840713500977
-22.492630004883 1.1833171844482 7.1245231628418
-23.720865249634 1.1967109441757 7.309513092041
-24.95606803894 1.306364774704 7.3821334838867
-26.196216583252 1.3770499229431 7.3845825195312
