10.218764305115 -6.8247857093811 -26.57536315918
-12.361473083496 11.436266899109 -24.657953262329
-19.751482009888 3.0772709846497 -28.97144317627
-17.472274780273 4.4532680511475 -17.121252059937
9.5939693450928 -5.8678002357483 -26.607414245605
8.8463726043701 -5.00896692276 -26.512926101685
8.0824117660522 -4.163339138031 -26.430366516113
7.2773857116699 -3.3518395423889 -26.41265296936
6.4562196731567 -2.5563070774078 -26.41822052002
5.6282110214233 -1.7723056077957 -26.335557937622
4.774968624115 -1.0127513408661 -26.31241607666
3.9211359024048 -0.25637531280518 -26.24324798584
3.0601003170013 0.48837557435036 -26.139627456665
2.1844990253448 1.2178514003754 -26.051891326904
1.3006780147552 1.9407348632812 -25.992879867554
0.41793152689934 2.6625993251801 -25.912954330444
-0.46790117025375 3.3800721168518 -25.827434539795
-1.3662613630295 4.0855221748352 -25.784769058228
-2.2624752521515 4.7943778038025 -25.7565574646
-3.1515190601349 5.5116577148438 -25.714918136597
-4.0593047142029 6.2064990997314 -25.704540252686
-4.9709463119507 6.8951435089111 -25.670722961426
-5.8767671585083 7.5846390724182 -25.577438354492
-6.782826423645 8.2655639648438 -25.433036804199
-7.6566591262817 8.997142791748 -25.341243743896
-8.6055765151978 9.6210231781006 -25.211492538452
-9.5792589187622 10.208717346191 -25.094329833984
-10.590211868286 10.726495742798 -24.970653533936
-11.638456344604 11.15052986145 -24.819787979126
9.0686101913452 -6.4191851615906 -26.962265014648
7.9871344566345 -5.839213848114 -27.255870819092
6.9670381546021 -5.0902767181396 -27.426410675049
5.8844246864319 -4.408679485321 -27.40559387207
4.7822546958923 -3.7602822780609 -27.370182037354
3.6721062660217 -3.1259241104126 -27.327123641968
2.5308077335358 -2.5602476596832 -27.206676483154
1.3991116285324 -1.9716268777847 -27.135860443115
0.28428047895432 -1.3461315631866 -27.160213470459
-0.81645846366882 -0.71372777223587 -27.319896697998
-1.9635637998581 -0.15663616359234 -27.337715148926
-3.1047961711884 0.41192898154259 -27.367181777954
-4.2075390815735 1.0461987257004 -27.503999710083
-5.3719363212585 1.5753020048141 -27.470632553101
-6.5363302230835 2.1031634807587 -27.476135253906
-7.7003631591797 2.6292595863342 -27.548147201538
-8.8676300048828 3.1294248104095 -27.704298019409
-10.044899940491 3.5915477275848 -27.893096923828
-11.256623268127 3.9526109695435 -28.058843612671
-12.504128456116 4.2170038223267 -28.163187026978
-13.778085708618 4.2918825149536 -28.234670639038
-15.026369094849 4.2229681015015 -28.408996582031
-16.23303604126 3.9543614387512 -28.736368179321
-17.463573455811 3.6609661579132 -28.9280834198
-18.712062835693 3.3940856456757 -28.99792098999
9.3809194564819 -6.1037197113037 -25.917579650879
8.2686977386475 -5.5432696342468 -25.606294631958
7.1555199623108 -4.916738986969 -25.45499420166
6.040699005127 -4.2949185371399 -25.296527862549
4.9884757995605 -3.6235644817352 -25.069372177124
4.0035719871521 -2.8717677593231 -24.852325439453
2.8546268939972 -2.311749458313 -24.756242752075
1.7466109991074 -1.7010735273361 -24.532112121582
0.74662625789642 -0.97652584314346 -24.172029495239
-0.34775540232658 -0.38369816541672 -23.952722549438
-1.5530939102173 0.055948611348867 -23.88526725769
-2.320568561554 0.81380248069763 -23.331705093384
-3.4164607524872 1.0783241987228 -23.33384513855
-4.4249606132507 1.6737552881241 -23.005617141724
-5.487603187561 2.2746288776398 -22.680578231812
-6.5961384773254 2.8094234466553 -22.3967628479
-7.4837822914124 3.5160584449768 -21.790849685669
-8.5414552688599 4.0726475715637 -21.315313339233
-9.6886539459229 4.4435272216797 -20.908605575562
-10.897946357727 4.6850137710571 -20.54666519165
-12.025023460388 5.0879726409912 -20.075582504272
-13.169088363647 5.1847352981567 -19.516843795776
-14.310067176819 5.2009463310242 -18.925130844116
-15.385851860046 5.1455540657043 -18.222122192383
-16.489748001099 4.9188313484192 -17.639749526978
