54.168537139893 -32.701026916504 316.96188354492
62.344306945801 2.6463961601257 324.01000976562
51.341121673584 10.647914886475 320.32397460938
53.27864074707 7.4480619430542 333.04220581055
55.494129180908 -32.121143341064 316.96725463867
56.325576782227 -30.922624588013 317.15496826172
57.072044372559 -29.672361373901 317.36196899414
57.753555297852 -28.387645721436 317.58258056641
58.394157409668 -27.083696365356 317.81118774414
58.948364257812 -25.743307113647 318.05587768555
59.469234466553 -24.390697479248 318.30633544922
59.944797515869 -23.023010253906 318.56433105469
60.347633361816 -21.634166717529 318.8337097168
60.728225708008 -20.239820480347 319.10638427734
61.043418884277 -18.830951690674 319.38827514648
61.344554901123 -17.419492721558 319.67202758789
61.57666015625 -15.996746063232 319.96466064453
61.789039611816 -14.571451187134 320.25973510742
61.958271026611 -13.141404151917 320.55981445312
62.120216369629 -11.710726737976 320.86077880859
62.230049133301 -10.276265144348 321.16732788086
62.32347869873 -8.8409948348999 321.4755859375
62.402729034424 -7.405234336853 321.78521728516
62.402423858643 -5.9688692092896 322.10238647461
62.396564483643 -4.5326404571533 322.42007446289
62.359336853027 -3.0974638462067 322.74041748047
62.326843261719 -1.662092089653 323.06033325195
62.356628417969 -0.2254448980093 323.37478637695
62.319728851318 1.2097517251968 323.69506835938
54.065029144287 -31.089443206787 317.12026977539
54.585922241211 -29.437917709351 317.40063476562
54.999713897705 -27.738986968994 317.55325317383
55.332469940186 -26.035041809082 317.81689453125
55.768367767334 -24.370092391968 318.1618347168
56.066463470459 -22.646198272705 318.22708129883
56.16162109375 -20.930692672729 317.96957397461
56.327114105225 -19.315311431885 318.61773681641
56.515026092529 -17.610256195068 318.95159912109
56.659614562988 -15.889791488647 318.84567260742
56.423835754395 -14.231502532959 319.02719116211
56.583923339844 -12.663482666016 319.14859008789
56.267124176025 -10.977006912231 319.33862304688
56.210968017578 -9.3088417053223 319.46334838867
56.285579681396 -7.5691337585449 319.3918762207
55.974979400635 -5.8617935180664 319.66055297852
55.871002197266 -4.115779876709 319.61318969727
55.498149871826 -2.5184426307678 319.79690551758
55.291339874268 -0.78650462627411 319.80972290039
54.977039337158 0.93902796506882 319.89566040039
54.516342163086 2.6202125549316 320.06408691406
54.052452087402 4.3004388809204 320.19720458984
53.697513580322 6.0089364051819 320.20724487305
52.968265533447 7.5686798095703 320.55230712891
52.132278442383 9.1053266525269 320.60357666016
55.023628234863 -31.369287490845 317.48330688477
55.710792541504 -29.981546401978 318.21633911133
56.110168457031 -28.37140083313 318.65124511719
56.342506408691 -26.794198989868 318.33163452148
56.543640136719 -25.285028457642 318.80999755859
56.750408172607 -23.777229309082 319.63555908203
57.059070587158 -22.083999633789 319.83218383789
57.23511505127 -20.429502487183 320.28652954102
57.35705947876 -18.79803276062 320.84820556641
57.370983123779 -17.255830764771 321.63711547852
57.384906768799 -15.713629722595 322.42602539062
57.35457611084 -14.134255409241 323.12658691406
57.265338897705 -12.505395889282 323.70950317383
57.139984130859 -10.898591995239 324.34158325195
56.98119354248 -9.3122138977051 325.01919555664
56.706142425537 -7.6931490898132 325.5673828125
56.436195373535 -6.0785694122314 326.12768554688
56.287147521973 -4.5187230110168 326.86636352539
56.122009277344 -2.9945046901703 327.67211914062
55.812530517578 -1.4375921487808 328.35400390625
55.397048950195 0.09056767821312 329.05084228516
54.977493286133 1.5737574100494 329.83786010742
54.627410888672 3.0302238464355 330.70623779297
54.088405609131 4.4003715515137 331.61538696289
53.650035858154 5.8935923576355 332.37637329102
