114.62441253662 5.6930975914001 339.10974121094
49.248561859131 -20.96771812439 341.34576416016
43.146961212158 -4.9387383460999 352.28182983398
42.998893737793 -5.1062517166138 333.93762207031
113.67455291748 3.1124937534332 339.13125610352
111.63338470459 1.2419875860214 339.19589233398
109.35376739502 -0.3301482796669 339.27062988281
106.95359039307 -1.71131503582 339.35073852539
104.46161651611 -2.9192500114441 339.43499755859
101.91773223877 -4.0133790969849 339.52172851562
99.326515197754 -4.9900908470154 339.61077880859
96.70206451416 -5.8736176490784 339.7014465332
94.056678771973 -6.6921677589417 339.7932434082
91.390350341797 -7.439742565155 339.88616943359
88.728424072266 -8.2028102874756 339.97875976562
86.056030273438 -8.9283266067505 340.07202148438
83.373222351074 -9.6142244338989 340.16583251953
80.705070495605 -10.355019569397 340.25875854492
78.071144104004 -11.209916114807 340.35000610352
75.450843811035 -12.105813980103 340.44049072266
72.823570251465 -12.980995178223 340.53131103516
70.187187194824 -13.827884674072 340.62261962891
67.607795715332 -14.83571434021 340.71102905273
64.985954284668 -15.725402832031 340.80160522461
62.454456329346 -16.848115921021 340.88778686523
59.847541809082 -17.782308578491 340.97760009766
57.239532470703 -18.713436126709 341.06747436523
54.611545562744 -19.586483001709 341.15829467773
51.936454772949 -20.302011489868 341.2516784668
112.53407287598 4.3913388252258 340.37118530273
109.91380310059 3.396612405777 340.98748779297
107.19418334961 2.5489358901978 341.38104248047
104.42409515381 1.8360419273376 341.6794128418
101.6478729248 1.1509816646576 341.97216796875
98.811958312988 0.73683267831802 342.21038818359
95.977241516113 0.30654847621918 342.42947387695
93.146057128906 -0.17162221670151 342.59191894531
90.314865112305 -0.64979290962219 342.75433349609
87.488075256348 -1.1263566017151 342.98233032227
84.662078857422 -1.6026269197464 343.22229003906
81.83479309082 -2.0584962368011 343.4765625
78.997917175293 -2.3639240264893 343.83645629883
76.16104888916 -2.6693518161774 344.19635009766
73.331199645996 -2.949437379837 344.62069702148
70.507308959961 -3.2080318927765 345.09967041016
67.683418273926 -3.4666264057159 345.57864379883
64.894729614258 -3.8277802467346 346.17791748047
62.108741760254 -4.2143754959106 346.77700805664
59.317451477051 -4.6093859672546 347.3450012207
56.507205963135 -4.9813146591187 347.82958984375
53.709201812744 -5.3598484992981 348.36074829102
51.021194458008 -5.7999405860901 349.27154541016
48.414730072021 -6.102903842926 350.40539550781
45.72838973999 -5.757604598999 351.32278442383
112.38998413086 4.5918316841125 338.01702880859
109.73779296875 3.7360842227936 337.57885742188
107.05739593506 2.8552629947662 337.36251831055
104.30574798584 2.2024810314178 337.29974365234
101.54915618896 1.5655337572098 337.24761962891
98.767501831055 1.0498367547989 337.25817871094
95.981239318848 0.55640208721161 337.28024291992
93.207946777344 -0.0022389255464077 337.32458496094
90.440017700195 -0.58779525756836 337.37811279297
87.654273986816 -1.06627368927 337.48065185547
84.859237670898 -1.4888678789139 337.60876464844
82.041915893555 -1.7382006645203 337.63562011719
79.229942321777 -2.0269904136658 337.65258789062
76.443878173828 -2.5126307010651 337.65841674805
73.640396118164 -2.8725786209106 337.52368164062
70.837005615234 -3.2154521942139 337.35662841797
68.033790588379 -3.5235300064087 337.12368774414
65.230567932129 -3.8316080570221 336.89071655273
62.418460845947 -4.0842094421387 336.70343017578
59.60572052002 -4.3328657150269 336.51937866211
56.789733886719 -4.5847387313843 336.40689086914
53.972904205322 -4.8374485969543 336.31304931641
51.178016662598 -5.1290578842163 335.98486328125
48.390312194824 -5.3863215446472 335.60440063477
45.653644561768 -5.3325591087341 334.88681030273
