72.316848754883 -6.6198015213013 269.59399414062
80.665573120117 8.6462955474854 270.91641235352
87.424545288086 4.9255218505859 278.14682006836
88.951988220215 4.9733409881592 266.18572998047
71.963180541992 -5.9807176589966 269.5478515625
71.822303771973 -5.2710766792297 269.53295898438
71.752479553223 -4.5427689552307 269.52847290039
71.713981628418 -3.8122382164001 269.52853393555
71.714797973633 -3.0808751583099 269.53427124023
71.774780273438 -2.3516037464142 269.5485534668
71.893341064453 -1.6298896074295 269.57122802734
72.064376831055 -0.91959470510483 269.60134887695
72.290283203125 -0.22551809251308 269.63925170898
72.569412231445 0.44878041744232 269.68472290039
72.896186828613 1.1013215780258 269.73690795898
73.273933410645 1.7253612279892 269.79623413086
73.694564819336 2.320338010788 269.86154174805
74.173889160156 2.8662583827972 269.93493652344
74.689880371094 3.3790819644928 270.01336669922
75.225814819336 3.8703927993774 270.09448242188
75.789192199707 4.3297834396362 270.17932128906
76.223220825195 4.9148879051208 270.24642944336
76.751571655273 5.4098191261292 270.32650756836
77.291564941406 5.8965659141541 270.40823364258
77.826347351074 6.3893976211548 270.48922729492
78.373931884766 6.8678851127625 270.57196044922
78.921203613281 7.3467302322388 270.65463256836
79.470962524414 7.8226628303528 270.73764038086
80.066909790039 8.2349395751953 270.82684326172
72.443557739258 -6.052875995636 270.2057800293
72.640991210938 -5.4094181060791 270.71224975586
72.958297729492 -4.6724123954773 270.97277832031
73.276763916016 -3.9356656074524 271.23245239258
73.650451660156 -3.2114260196686 271.44995117188
74.101387023926 -2.5153532028198 271.60400390625
74.609672546387 -1.8681446313858 271.78948974609
75.161056518555 -1.2650619745255 271.99911499023
75.750022888184 -0.70432108640671 272.22283935547
76.408088684082 -0.23935979604721 272.47283935547
77.064460754395 0.21851447224617 272.73873901367
77.695831298828 0.60589379072189 273.14251708984
78.334449768066 0.98881947994232 273.5390625
79.003143310547 1.3520255088806 273.90328979492
79.665031433105 1.7301017045975 274.26483154297
80.319602966309 2.1229293346405 274.62390136719
80.97045135498 2.4818403720856 275.02304077148
81.634368896484 2.815238237381 275.42276000977
82.316734313965 3.1386387348175 275.79891967773
83.037376403809 3.4130032062531 276.14117431641
83.775299072266 3.658198595047 276.46841430664
84.520317077637 3.8767397403717 276.79843139648
85.267013549805 4.1447095870972 277.08544921875
86.009071350098 4.3904476165771 277.40277099609
86.705688476562 4.6507205963135 277.80117797852
72.604972839355 -6.2307777404785 268.91979980469
73.00016784668 -5.5850172042847 268.57183837891
73.378356933594 -4.8725037574768 268.36224365234
73.742263793945 -4.1330103874207 268.23748779297
74.149040222168 -3.410724401474 268.15167236328
74.626045227051 -2.7273032665253 268.13391113281
75.132858276367 -2.0657806396484 268.1142578125
75.68138885498 -1.438511133194 268.09188842773
76.272033691406 -0.85091829299927 268.06539916992
76.905990600586 -0.31066340208054 268.03353881836
77.57746887207 0.17858201265335 267.96551513672
78.275398254395 0.62396258115768 267.86993408203
79.022315979004 0.9757217168808 267.75442504883
79.766059875488 1.3319289684296 267.63232421875
80.506225585938 1.6948816776276 267.50836181641
81.253028869629 2.0528979301453 267.41333007812
81.995506286621 2.4074392318726 267.27923583984
82.735847473145 2.7586541175842 267.12655639648
83.518196105957 3.0315158367157 267.03469848633
84.300003051758 3.3042502403259 266.93801879883
85.074157714844 3.5903933048248 266.82067871094
85.851524353027 3.8702149391174 266.70953369141
86.632637023926 4.1424164772034 266.60598754883
87.398681640625 4.4489960670471 266.48709106445
88.171325683594 4.7272663116455 266.34375
