42.759948730469 -34.112045288086 329.58969116211
53.304306030273 -3.0217554569244 331.44418334961
30.514909744263 2.7205235958099 316.9599609375
28.768657684326 0.33909144997597 345.70608520508
44.237670898438 -33.854030609131 329.61904907227
45.689125061035 -33.475757598877 329.65493774414
47.093139648438 -32.948574066162 329.69869995117
48.410533905029 -32.232540130615 329.7522277832
49.678298950195 -31.432205200195 329.80996704102
50.860752105713 -30.510883331299 329.87371826172
51.928695678711 -29.459356307983 329.94357299805
52.951801300049 -28.364278793335 330.01544189453
53.832614898682 -27.15212059021 330.09246826172
54.653327941895 -25.898597717285 330.17126464844
55.333339691162 -24.563692092896 330.25317382812
55.911243438721 -23.181612014771 330.33670043945
56.402679443359 -21.766534805298 330.42120361328
56.762115478516 -20.312366485596 330.50662231445
56.99446105957 -18.832569122314 330.59213256836
57.085132598877 -17.337362289429 330.67715454102
57.096439361572 -15.839413642883 330.76147460938
56.943916320801 -14.349093437195 330.84378051758
56.672416687012 -12.875675201416 330.92391967773
56.293361663818 -11.426063537598 331.00161743164
55.841918945312 -9.9972362518311 331.0774230957
55.163677215576 -8.6606712341309 331.1457824707
54.694427490234 -7.2375683784485 331.22106933594
54.518379211426 -5.7498259544373 331.30297851562
54.030544281006 -4.3329639434814 331.37777709961
43.838535308838 -33.010288238525 328.86386108398
45.197025299072 -31.894414901733 328.65640258789
46.369937896729 -30.594022750854 328.37210083008
47.323429107666 -29.16743850708 328.03704833984
47.720741271973 -27.483999252319 327.69812011719
47.521186828613 -25.78697013855 327.3005065918
46.807369232178 -24.191776275635 327.13885498047
46.07103729248 -22.65193939209 326.68640136719
45.40446472168 -21.065284729004 326.27389526367
45.016269683838 -19.364389419556 325.96875
44.444225311279 -17.686508178711 325.89535522461
43.85786819458 -16.07700920105 325.46664428711
43.281478881836 -14.508118629456 324.87045288086
42.630989074707 -12.997813224792 324.20645141602
41.864074707031 -11.519759178162 323.6042175293
40.917259216309 -10.04919052124 323.31692504883
39.875900268555 -8.6524095535278 322.99307250977
38.795421600342 -7.3248071670532 322.53408813477
37.770984649658 -6.0410165786743 321.86526489258
36.87943649292 -4.7164936065674 321.0881652832
35.957630157471 -3.4105803966522 320.31521606445
34.998847961426 -2.1159060001373 319.57141113281
33.96008682251 -0.8327409029007 318.91754150391
32.868759155273 0.40307942032814 318.26431274414
31.691833496094 1.5618015527725 317.61212158203
43.939918518066 -33.146739959717 330.36544799805
45.125522613525 -31.925727844238 330.81121826172
46.200374603271 -30.721412658691 331.43719482422
46.946269989014 -29.229516983032 331.87634277344
47.426605224609 -27.813800811768 332.61972045898
47.25366973877 -26.113063812256 333.10473632812
46.719635009766 -24.499841690063 333.62802124023
45.991302490234 -22.941934585571 334.10375976562
45.460899353027 -21.391256332397 334.81457519531
44.834121704102 -19.805116653442 335.3271484375
44.106986999512 -18.208068847656 335.6357421875
43.470272064209 -16.630603790283 336.10388183594
42.885410308838 -15.089218139648 336.77713012695
42.139015197754 -13.61189365387 337.44223022461
41.291797637939 -12.163942337036 338.00424194336
40.255870819092 -10.774237632751 338.42752075195
39.198360443115 -9.4610528945923 339.01736450195
38.277465820312 -8.0690383911133 339.65411376953
37.234912872314 -6.8041424751282 340.34963989258
36.119766235352 -5.6150965690613 341.08026123047
34.977611541748 -4.4993195533752 341.87930297852
33.827381134033 -3.4054462909698 342.69882202148
32.778381347656 -2.1276853084564 343.36883544922
31.644680023193 -0.98436641693115 344.0556640625
30.181438446045 -0.37119302153587 344.87496948242
