58.360912322998 -6.3444027900696 270.44281005859
78.234489440918 7.8811531066895 279.59353637695
84.490592956543 1.3980127573013 281.94555664062
84.55689239502 7.100332736969 272.85009765625
57.788841247559 -5.5555748939514 271.10919189453
57.50325012207 -4.668390750885 271.82470703125
57.442825317383 -3.7436249256134 272.54797363281
57.551856994629 -2.8123812675476 273.26019287109
57.861621856689 -1.9055861234665 273.93438720703
58.362331390381 -1.0403448343277 274.55816650391
58.988925933838 -0.22559179365635 275.130859375
59.766357421875 0.51050692796707 275.62817382812
60.552833557129 1.240648150444 276.12005615234
61.480102539062 1.8565685749054 276.50991821289
62.493846893311 2.3743515014648 276.81539916992
63.58016204834 2.7756187915802 277.02355957031
64.71452331543 3.070029258728 277.14428710938
65.876861572266 3.227073431015 277.15576171875
67.053298950195 3.274845123291 277.08114624023
68.227020263672 3.3919839859009 277.06060791016
69.387680053711 3.6011853218079 277.11273193359
70.53547668457 3.861013174057 277.20532226562
71.676856994629 4.1416449546814 277.31469726562
72.787048339844 4.4990539550781 277.48657226562
73.650932312012 5.1262140274048 277.89117431641
74.353446960449 5.9069151878357 278.43023681641
75.055969238281 6.6876163482666 278.96926879883
75.95280456543 7.3300333023071 279.38259887695
77.107414245605 7.5600590705872 279.45141601562
58.286647796631 -5.6289186477661 271.45965576172
58.339954376221 -4.5990142822266 272.16098022461
58.665145874023 -3.5774810314178 272.7978515625
59.270565032959 -2.6616168022156 273.39007568359
60.061866760254 -1.8607615232468 273.92684936523
61.033153533936 -1.2134743928909 274.36447143555
62.179302215576 -0.80415189266205 274.64007568359
63.358726501465 -0.52015662193298 274.93106079102
64.542518615723 -0.42203277349472 275.31350708008
65.727828979492 -0.4367019534111 275.70260620117
66.957984924316 -0.41755729913712 275.9118347168
68.169784545898 -0.41197344660759 276.21041870117
69.377029418945 -0.38759475946426 276.52600097656
70.584686279297 -0.33498540520668 276.83639526367
71.774612426758 -0.31144127249718 277.21209716797
72.949966430664 -0.27429831027985 277.63018798828
74.122352600098 -0.22304309904575 278.05508422852
75.300926208496 -0.1586128026247 278.46060180664
76.468437194824 -0.055171713232994 278.88940429688
77.643341064453 0.052953153848648 279.29629516602
78.820343017578 0.16275452077389 279.6965637207
79.96785736084 0.29942905902863 280.16790771484
81.126373291016 0.49428415298462 280.58920288086
82.279983520508 0.76036554574966 280.98422241211
83.400787353516 1.1012108325958 281.41461181641
58.491069793701 -5.124276638031 270.60256958008
58.634189605713 -4.0561928749084 271.22146606445
58.915802001953 -3.0024788379669 271.81619262695
59.391471862793 -1.9954899549484 272.36535644531
60.102020263672 -1.0928905010223 272.83236694336
61.086200714111 -0.44218575954437 273.2209777832
62.164363861084 0.13060885667801 273.4501953125
63.30774307251 0.61186474561691 273.51266479492
64.509262084961 0.92540067434311 273.4612121582
65.733428955078 1.1277183294296 273.38507080078
66.956237792969 1.3299344778061 273.28927612305
68.177085876465 1.5432597398758 273.19277954102
69.391723632812 1.7907110452652 273.10043334961
70.587524414062 2.1149017810822 272.99893188477
71.781074523926 2.4473173618317 272.89761352539
72.970108032227 2.7956876754761 272.79690551758
74.150566101074 3.1745793819427 272.70593261719
75.320236206055 3.5879909992218 272.62677001953
76.504653930664 3.9625201225281 272.57983398438
77.693748474121 4.3232755661011 272.54504394531
78.857376098633 4.7571482658386 272.48965454102
80.020149230957 5.1941251754761 272.44119262695
81.172294616699 5.6605114936829 272.45999145508
82.28246307373 6.2131328582764 272.54592895508
83.358596801758 6.8214702606201 272.67684936523
