75.847915649414 -5.8849711418152 267.02285766602
75.964233398438 4.1972947120667 269.07696533203
78.528381347656 3.9508035182953 271.57946777344
79.157157897949 4.3595700263977 267.22766113281
75.392150878906 -5.7407484054565 267.03280639648
74.967407226562 -5.5208668708801 267.07144165039
74.565971374512 -5.2591242790222 267.10458374023
74.210556030273 -4.939549446106 267.15463256836
73.895584106445 -4.5829663276672 267.21893310547
73.61971282959 -4.1945991516113 267.2790222168
73.38525390625 -3.7893273830414 267.37802124023
73.306922912598 -3.3443813323975 267.48718261719
73.306182861328 -2.8725769519806 267.57083129883
73.263717651367 -2.3981871604919 267.63488769531
73.318305969238 -1.9287495613098 267.70791625977
73.414268493652 -1.4665172100067 267.78875732422
73.580764770508 -1.0275477170944 267.89141845703
73.747261047363 -0.58857822418213 267.99404907227
73.871803283691 -0.14211544394493 268.11410522461
74.012367248535 0.29084101319313 268.23876953125
74.291557312012 0.66938406229019 268.33731079102
74.042785644531 1.0311343669891 268.35211181641
74.12410736084 1.495453119278 268.44454956055
74.258369445801 1.9473801851273 268.52713012695
74.54500579834 2.3230404853821 268.61471557617
74.832572937012 2.6978166103363 268.70281982422
75.139602661133 3.0541243553162 268.80145263672
75.446624755859 3.410432100296 268.9001159668
75.72274017334 3.7905387878418 268.99221801758
75.681762695312 -5.5498237609863 267.29815673828
75.437629699707 -5.1709308624268 267.40966796875
75.178955078125 -4.7904357910156 267.47311401367
74.931861877441 -4.4038491249084 267.54144287109
74.840019226074 -3.9656622409821 267.66506958008
74.750038146973 -3.5274858474731 267.78900146484
74.797348022461 -3.0900843143463 267.93743896484
74.905387878418 -2.6658289432526 268.09252929688
75.02311706543 -2.2438063621521 268.24664306641
75.152671813965 -1.8250935077667 268.4001159668
75.316871643066 -1.4277027845383 268.57565307617
75.505126953125 -1.0480036735535 268.76565551758
75.711242675781 -0.67495107650757 268.95013427734
75.944847106934 -0.31382003426552 269.12545776367
76.174324035645 0.047070413827896 269.30657958984
76.397766113281 0.40742108225822 269.49615478516
76.631309509277 0.76719951629639 269.67428588867
76.873710632324 1.1260006427765 269.84222412109
77.095893859863 1.4801375865936 270.04455566406
77.316421508789 1.8263056278229 270.26193237305
77.540840148926 2.1638541221619 270.48867797852
77.772201538086 2.5056886672974 270.70159912109
77.982696533203 2.8675646781921 270.90270996094
78.192260742188 3.2200367450714 271.1208190918
78.387367248535 3.588755607605 271.32501220703
75.758674621582 -5.4555687904358 266.91915893555
75.512550354004 -5.0823373794556 266.97491455078
75.279891967773 -4.70361328125 267.04922485352
75.10326385498 -4.3023138046265 267.15344238281
74.98853302002 -3.8785724639893 267.25466918945
74.970153808594 -3.4377014636993 267.34609985352
75.004699707031 -2.9952616691589 267.4245300293
75.024230957031 -2.5533607006073 267.50762939453
75.151481628418 -2.1213674545288 267.49078369141
75.294944763184 -1.6949038505554 267.46820068359
75.502990722656 -1.2951766252518 267.47323608398
75.72721862793 -0.90434169769287 267.46530151367
75.966064453125 -0.52223616838455 267.46850585938
76.213638305664 -0.14834378659725 267.51293945312
76.467582702637 0.22396360337734 267.5124206543
76.720527648926 0.59694516658783 267.50985717773
76.97087097168 0.97158741950989 267.5016784668
77.238357543945 1.3339257240295 267.48556518555
77.506294250488 1.6962622404099 267.48968505859
77.770393371582 2.0607554912567 267.46743774414
78.032806396484 2.4249682426453 267.42755126953
78.292694091797 2.7905750274658 267.3840637207
78.533760070801 3.169397354126 267.34558105469
78.759574890137 3.5594005584717 267.34356689453
78.962303161621 3.9592478275299 267.29748535156
