-5.9183292388916 -6.6568102836609 -32.84839630127
-7.9333639144897 10.23486328125 -32.523242950439
-15.575247764587 5.1797251701355 -37.565822601318
-14.109601974487 4.5789361000061 -26.188919067383
-5.3153471946716 -6.2636852264404 -32.892860412598
-4.9332675933838 -5.6582822799683 -32.917575836182
-4.5976338386536 -5.0203070640564 -32.938259124756
-4.2727866172791 -4.3767285346985 -32.958023071289
-4.0267004966736 -3.6990721225739 -32.971157073975
-3.8469796180725 -3.0007035732269 -32.978771209717
-3.6914691925049 -2.296507358551 -32.984386444092
-3.6593055725098 -1.5763794183731 -32.97998046875
-3.6113238334656 -0.85679966211319 -32.976844787598
-3.569412946701 -0.13684038817883 -32.973209381104
-3.5809574127197 0.58418655395508 -32.965293884277
-3.6093475818634 1.3047534227371 -32.956031799316
-3.7027957439423 2.0196566581726 -32.941619873047
-3.8314502239227 2.7290596961975 -32.924438476562
-3.9957649707794 3.4309883117676 -32.904479980469
-4.2337770462036 4.1112613677979 -32.878826141357
-4.4725279808044 4.7912974357605 -32.85311126709
-4.7757339477539 5.4449052810669 -32.822498321533
-5.1074194908142 6.0844540596008 -32.789741516113
-5.4523754119873 6.7168922424316 -32.755992889404
-5.8453979492188 7.3204231262207 -32.718673706055
-6.2229132652283 7.9338436126709 -32.682495117188
-6.6533613204956 8.511082649231 -32.642433166504
-7.1155428886414 9.0630340576172 -32.600082397461
-7.4548001289368 9.6985692977905 -32.566757202148
-5.9521279335022 -6.2349843978882 -33.357894897461
-5.9564323425293 -5.6804776191711 -33.720638275146
-6.0211601257324 -5.0813908576965 -33.996513366699
-6.1156330108643 -4.4687790870667 -34.231033325195
-6.1859192848206 -3.8400588035583 -34.428447723389
-6.3245620727539 -3.2354602813721 -34.660648345947
-6.5748362541199 -2.6933615207672 -34.947937011719
-6.7921214103699 -2.1082038879395 -35.170520782471
-7.045973777771 -1.5232325792313 -35.350429534912
-7.3916854858398 -0.99890726804733 -35.561870574951
-7.8059668540955 -0.51634305715561 -35.744319915771
-8.3753595352173 -0.18779346346855 -35.82731628418
-8.9253082275391 0.14392764866352 -35.990695953369
-9.4499349594116 0.51709759235382 -36.147968292236
-9.9729270935059 0.90036398172379 -36.285060882568
-10.507930755615 1.2554595470428 -36.448947906494
-11.075931549072 1.5560413599014 -36.610656738281
-11.617498397827 1.9250260591507 -36.709587097168
-12.146341323853 2.3069574832916 -36.826389312744
-12.625365257263 2.7264113426208 -37.010303497314
-13.080963134766 3.1438710689545 -37.24987411499
-13.514992713928 3.5795547962189 -37.496921539307
-13.965909957886 4.0390272140503 -37.653888702393
-14.48917388916 4.4431185722351 -37.69900894165
-15.063346862793 4.7731370925903 -37.674816131592
-5.8623161315918 -6.4237656593323 -32.262752532959
-5.8520894050598 -5.8455605506897 -31.993436813354
-5.8503141403198 -5.2507400512695 -31.762836456299
-5.840922832489 -4.6652660369873 -31.509609222412
-5.8480892181396 -4.0883369445801 -31.237747192383
-5.9507365226746 -3.509260892868 -30.99072265625
-6.1215486526489 -2.9507901668549 -30.734016418457
-6.278338432312 -2.4060966968536 -30.441638946533
-6.5272541046143 -1.8727892637253 -30.195461273193
-6.808732509613 -1.3535521030426 -29.954393386841
-7.1289134025574 -0.86904358863831 -29.691049575806
-7.5441031455994 -0.47296527028084 -29.413177490234
-8.0579299926758 -0.1607229411602 -29.200174331665
-8.5304746627808 0.17425441741943 -28.932796478271
-8.9929237365723 0.52541881799698 -28.668832778931
-9.5028581619263 0.8553409576416 -28.473628997803
-9.9952783584595 1.1925494670868 -28.248357772827
-10.462189674377 1.5234344005585 -27.966457366943
-10.950786590576 1.8118952512741 -27.675094604492
-11.401881217957 2.1883566379547 -27.426519393921
-11.849745750427 2.5789721012115 -27.194478988647
-12.291138648987 2.9713196754456 -26.953144073486
-12.734830856323 3.3589851856232 -26.708534240723
-13.218280792236 3.7280344963074 -26.515977859497
-13.672932624817 4.1374044418335 -26.335124969482
