141.33628845215 10.530911445618 646.27734375
146.84013366699 -0.061704583466053 637.86724853516
145.11416625977 -11.017182350159 647.72906494141
133.67451477051 -6.2618145942688 633.91070556641
141.8556060791 10.761051177979 646.00360107422
142.35627746582 10.886713981628 645.69085693359
142.80833435059 10.739951133728 645.27648925781
143.21752929688 10.56125164032 644.83612060547
143.57490539551 10.343913078308 644.3642578125
143.95425415039 10.022040367126 643.97863769531
144.33522033691 9.6925573348999 643.59924316406
144.64865112305 9.3307523727417 643.19146728516
144.93934631348 8.9580593109131 642.77410888672
145.22737121582 8.5247755050659 642.41973876953
145.50654602051 8.0786247253418 642.07281494141
145.76348876953 7.6266965866089 641.71600341797
145.98023986816 7.1380543708801 641.38177490234
146.1641998291 6.6563229560852 641.0205078125
146.32859802246 6.1799802780151 640.64141845703
146.48873901367 5.6651067733765 640.31713867188
146.64176940918 5.1320033073425 640.01782226562
146.76135253906 4.5761866569519 639.7451171875
146.86581420898 4.0079388618469 639.49334716797
146.91114807129 3.4416975975037 639.22442626953
146.93365478516 2.8678865432739 638.96783447266
146.97660827637 2.2756669521332 638.75579833984
146.98112487793 1.6700575351715 638.58026123047
146.96334838867 1.071746468544 638.38287353516
146.93817138672 0.47586354613304 638.17822265625
142.01480102539 9.9711103439331 646.26727294922
142.48233032227 9.3055963516235 645.81481933594
142.71649169922 8.5564832687378 645.56774902344
142.87144470215 7.6981115341187 645.59130859375
143.26268005371 6.8573522567749 645.55041503906
143.53918457031 5.9709463119507 645.48571777344
143.80108642578 5.0787777900696 645.47985839844
144.05603027344 4.1838631629944 645.50201416016
144.29705810547 3.2899556159973 645.57385253906
144.48202514648 2.3898150920868 645.712890625
144.60047912598 1.4748963117599 645.83636474609
144.36134338379 0.60228955745697 645.78167724609
144.1145324707 -0.25626826286316 645.8173828125
144.17749023438 -1.0817394256592 646.16186523438
144.82511901855 -1.7286401987076 646.33056640625
144.77163696289 -2.4740505218506 646.42877197266
144.63652038574 -3.32488489151 646.67578125
144.78352355957 -4.20063829422 646.88623046875
145.05941772461 -5.0788297653198 647.01342773438
145.31016540527 -5.9519047737122 647.21649169922
145.22987365723 -6.8279190063477 647.30999755859
144.92152404785 -7.7059578895569 647.32800292969
145.04779052734 -8.5948438644409 647.45385742188
145.20690917969 -9.5049610137939 647.55737304688
145.31661987305 -10.416831970215 647.69189453125
141.56167602539 10.118996620178 645.49908447266
141.78706359863 9.7070817947388 644.72088623047
141.56925964355 9.0374774932861 644.3603515625
141.32275390625 8.3830146789551 643.94195556641
141.3324432373 7.9242548942566 643.15734863281
141.16639709473 7.2916641235352 642.52954101562
140.97489929199 6.5996570587158 641.98522949219
140.75424194336 5.8377342224121 641.54693603516
140.52359008789 5.1884799003601 640.95416259766
140.28639221191 4.5372953414917 640.3662109375
140.03448486328 3.8817701339722 639.78918457031
139.71629333496 3.1893517971039 639.29693603516
139.34788513184 2.4943594932556 638.8486328125
138.85562133789 1.8217679262161 638.48614501953
138.48992919922 1.1734142303467 637.9814453125
138.14331054688 0.53320205211639 637.44879150391
137.63768005371 -0.11977677047253 637.06921386719
137.1222076416 -0.78306025266647 636.72357177734
136.63439941406 -1.4168275594711 636.32861328125
136.27722167969 -1.9119284152985 635.6552734375
135.93186950684 -2.5782392024994 635.1669921875
135.54350280762 -3.3006505966187 634.79223632812
135.00634765625 -3.9924895763397 634.54943847656
134.6301574707 -4.7966647148132 634.36956787109
134.19276428223 -5.5576686859131 634.15911865234
