67.503913879395 4.2393484115601 267.35205078125
80.997985839844 -2.1429927349091 269.47717285156
83.004814147949 -2.4671521186829 268.11996459961
82.221260070801 -0.82110023498535 269.07974243164
67.899139404297 3.9050135612488 267.59255981445
68.407356262207 3.6408123970032 267.70135498047
68.919502258301 3.381340265274 267.80288696289
69.42936706543 3.1193361282349 267.90838623047
69.947776794434 2.8678708076477 267.99758911133
70.459159851074 2.6073398590088 268.10067749023
70.968315124512 2.3441576957703 268.20791625977
71.475952148438 2.0792105197906 268.31790161133
71.98770904541 1.8191491365433 268.42028808594
72.501396179199 1.5614695549011 268.51901245117
73.017066955566 1.3063502311707 268.61376953125
73.537399291992 1.0574193000793 268.69912719727
74.061180114746 0.81335991621017 268.77719116211
74.587005615234 0.57229316234589 268.85079956055
75.11376953125 0.33272737264633 268.9221496582
75.646415710449 0.10256069898605 268.97970581055
76.176071166992 -0.13250030577183 269.04446411133
76.710823059082 -0.35901167988777 269.09674072266
77.243560791016 -0.58891326189041 269.15393066406
77.78360748291 -0.80537897348404 269.19186401367
78.312919616699 -1.0410317182541 269.25744628906
78.845184326172 -1.2710725069046 269.31503295898
79.396675109863 -1.4601583480835 269.31512451172
79.932220458984 -1.6852614879608 269.36538696289
80.47233581543 -1.9016667604446 269.40322875977
68.0205078125 3.8510038852692 267.43762207031
68.599365234375 3.554856300354 267.48541259766
69.194053649902 3.2885835170746 267.50787353516
69.795318603516 3.0419828891754 267.56021118164
70.398025512695 2.7942099571228 267.58084106445
70.999473571777 2.5427494049072 267.59085083008
71.592323303223 2.2732214927673 267.62176513672
72.19157409668 2.017276763916 267.64337158203
72.799926757812 1.7829111814499 267.65036010742
73.399536132812 1.5272372961044 267.6633605957
73.985855102539 1.2428957223892 267.68460083008
74.575614929199 0.96506172418594 267.69271850586
75.165596008301 0.68767881393433 267.70040893555
75.750816345215 0.40167659521103 267.72848510742
76.335952758789 0.11605454236269 267.76174926758
76.921051025391 -0.16924422979355 267.79830932617
77.522033691406 -0.42183354496956 267.7890625
78.126434326172 -0.66590893268585 267.77493286133
78.728462219238 -0.9151286482811 267.7978515625
79.331405639648 -1.1611874103546 267.82934570312
79.935607910156 -1.4018640518188 267.87503051758
80.540603637695 -1.6388409137726 267.92883300781
81.147048950195 -1.866844534874 268.0016784668
81.765769958496 -2.0682945251465 268.0426940918
82.385292053223 -2.2677218914032 268.08135986328
68.069610595703 4.037965297699 267.42153930664
68.635299682617 3.8365790843964 267.49108886719
69.195518493652 3.620096206665 267.55947875977
69.749084472656 3.3867294788361 267.62658691406
70.306831359863 3.1628134250641 267.69116210938
70.871963500977 2.9568316936493 267.75115966797
71.435615539551 2.7484438419342 267.81646728516
71.989517211914 2.5252151489258 267.91003417969
72.544242858887 2.3030099868774 268.00112915039
73.101951599121 2.0848405361176 268.08334350586
73.65650177002 1.9094467163086 268.24792480469
74.211616516113 1.7095550298691 268.37939453125
74.766700744629 1.5081872940063 268.50872802734
75.336730957031 1.3492301702499 268.63195800781
75.910575866699 1.1907908916473 268.73681640625
76.487731933594 1.0287568569183 268.814453125
77.063331604004 0.85433661937714 268.87487792969
77.63801574707 0.67445868253708 268.92764282227
78.205093383789 0.46916401386261 268.96844482422
78.772399902344 0.26410326361656 269.00729370117
79.358039855957 0.11635586619377 269.03140258789
79.942901611328 -0.034069776535034 269.05798339844
80.509155273438 -0.23355801403522 269.12826538086
81.079307556152 -0.43206831812859 269.15838623047
81.650283813477 -0.62658423185349 269.11907958984
