48.583347320557 4.1646122932434 266.4602355957
81.2646484375 -1.8966616392136 268.85739135742
80.028450012207 -1.0931817293167 266.55905151367
80.212516784668 0.40181922912598 269.25012207031
49.647094726562 3.5255472660065 266.80410766602
50.844219207764 3.0992052555084 267.01489257812
52.079746246338 2.7685039043427 267.16659545898
53.336708068848 2.5081391334534 267.27517700195
54.590141296387 2.2345921993256 267.39184570312
55.845268249512 1.9672907590866 267.50473022461
57.101810455322 1.7053081989288 267.61428833008
58.361610412598 1.4561325311661 267.71600341797
59.623519897461 1.215672492981 267.81243896484
60.886066436768 0.97789454460144 267.90716552734
62.150901794434 0.7501648068428 267.99584960938
63.415821075439 0.52279859781265 268.08428955078
64.682540893555 0.30369257926941 268.1676940918
65.950477600098 0.090412504971027 268.24752807617
67.221115112305 -0.10930798202753 268.31912231445
68.492523193359 -0.30494359135628 268.38821411133
69.765037536621 -0.49462288618088 268.45364379883
71.039794921875 -0.67128598690033 268.51119995117
72.315002441406 -0.84525460004807 268.5671081543
73.589935302734 -1.0208599567413 268.62396240234
74.864265441895 -1.2000411748886 268.68307495117
76.143913269043 -1.3436748981476 268.72055053711
77.422416687012 -1.495832324028 268.76315307617
78.700218200684 -1.6528816223145 268.8088684082
79.982048034668 -1.7783850431442 268.83529663086
49.746295928955 3.7760617733002 266.39059448242
50.939338684082 3.4856610298157 266.41467285156
52.133148193359 3.198691368103 266.44192504883
53.336650848389 2.9550573825836 266.46408081055
54.545989990234 2.7419338226318 266.48266601562
55.755264282227 2.5285367965698 266.5022277832
56.9621925354 2.3068315982819 266.55166625977
58.169116973877 2.0851266384125 266.60113525391
59.376159667969 1.863936662674 266.64999389648
60.584568023682 1.6488462686539 266.69195556641
61.792972564697 1.4337567090988 266.73391723633
63.003234863281 1.2286018133163 266.77194213867
64.217178344727 1.0449124574661 266.80151367188
65.431114196777 0.86122399568558 266.83108520508
66.647613525391 0.69326591491699 266.84494018555
67.865142822266 0.53250533342361 266.85165405273
69.081993103027 0.36655735969543 266.85073852539
70.298728942871 0.19976571202278 266.84854125977
71.515647888184 0.034394603222609 266.84341430664
72.73348236084 -0.12266751378775 266.82119750977
73.951629638672 -0.27734264731407 266.79977416992
75.171417236328 -0.41919767856598 266.78369140625
76.392616271973 -0.54883456230164 266.77169799805
77.609443664551 -0.70337474346161 266.71072387695
78.825782775879 -0.86295992136002 266.65313720703
49.749629974365 4.0052599906921 266.82699584961
50.947513580322 3.8095183372498 267.04351806641
52.151912689209 3.6219258308411 267.22885131836
53.366546630859 3.4505968093872 267.35311889648
54.580215454102 3.2728564739227 267.47778320312
55.785739898682 3.0479168891907 267.6051940918
56.991264343262 2.8229792118073 267.73260498047
58.202835083008 2.617440700531 267.83248901367
59.415386199951 2.4153752326965 267.92742919922
60.63064956665 2.2244822978973 268.01000976562
61.84651184082 2.0370709896088 268.09170532227
63.063426971436 1.857671380043 268.17575073242
64.280334472656 1.6782741546631 268.25979614258
65.501747131348 1.5211069583893 268.31967163086
66.722595214844 1.3719331026077 268.40563964844
67.946365356445 1.2382863759995 268.47384643555
69.173049926758 1.1185785531998 268.50619506836
70.395767211914 0.99736344814301 268.6081237793
71.62328338623 0.90176206827164 268.6728515625
72.849395751953 0.80419582128525 268.75802612305
74.075912475586 0.7016903758049 268.83065795898
75.303108215332 0.59543138742447 268.88375854492
76.533638000488 0.5234894156456 268.9108581543
77.761650085449 0.45284476876259 268.99523925781
78.991226196289 0.43321359157562 269.08401489258
