49.408504486084 -28.738471984863 342.37380981445
39.292140960693 4.3743352890015 342.63018798828
27.722284317017 -2.7858238220215 329.86874389648
24.425645828247 -2.3317205905914 352.60580444336
50.79870223999 -27.853662490845 342.48010253906
52.005554199219 -26.747404098511 342.58117675781
53.065223693848 -25.489240646362 342.67736816406
54.00541305542 -24.136016845703 342.76889038086
54.782787322998 -22.681575775146 342.85330200195
55.373405456543 -21.145240783691 342.92861938477
55.811218261719 -19.558198928833 342.99612426758
56.090919494629 -17.935247421265 343.05514526367
56.135486602783 -16.28516960144 343.10083007812
56.034595489502 -14.638410568237 343.13772583008
55.791904449463 -13.008791923523 343.16564941406
55.398864746094 -11.408152580261 343.18377685547
54.83899307251 -9.854663848877 343.1907043457
54.111145019531 -8.3731060028076 343.18569946289
53.261672973633 -6.9604716300964 343.1716003418
52.27946472168 -5.6391530036926 343.14715576172
51.154220581055 -4.4316911697388 343.11120605469
49.877445220947 -3.385626077652 343.06198120117
48.50218963623 -2.4796760082245 343.0032043457
47.056156158447 -1.6892905235291 342.93716430664
45.599781036377 -0.93149781227112 342.86972045898
44.380840301514 0.18164199590683 342.82571411133
43.173816680908 1.3077046871185 342.78277587891
41.926765441895 2.3872961997986 342.73620605469
40.6291847229 3.4067912101746 342.68502807617
50.295581817627 -27.325410842896 341.75854492188
51.09903717041 -25.738418579102 341.82693481445
51.917663574219 -24.162649154663 341.7001953125
52.640850067139 -22.542547225952 341.55758666992
53.069465637207 -20.820283889771 341.43698120117
53.132270812988 -19.04340171814 341.35427856445
52.991775512695 -17.271583557129 341.26156616211
52.619297027588 -15.536452293396 341.13204956055
51.946113586426 -13.902799606323 340.92233276367
50.966156005859 -12.43922328949 340.6669921875
49.789318084717 -11.131316184998 340.39672851562
48.49760055542 -9.944356918335 340.09518432617
47.089244842529 -8.9149417877197 339.74044799805
45.616645812988 -7.9968905448914 339.34448242188
44.093307495117 -7.2508358955383 338.80438232422
42.553455352783 -6.6324648857117 338.15969848633
41.019409179688 -6.097517490387 337.43170166016
39.481830596924 -5.6010222434998 336.6842956543
37.896457672119 -5.1174635887146 336.03494262695
36.405708312988 -4.4603748321533 335.31713867188
34.941215515137 -3.7044034004211 334.64428710938
33.38969039917 -3.2019062042236 333.93054199219
31.925308227539 -2.7854936122894 333.00769042969
30.443475723267 -2.5040702819824 332.06195068359
29.011163711548 -2.3492331504822 331.01663208008
50.105262756348 -27.216991424561 343.11932373047
50.96993637085 -25.639514923096 343.47705078125
51.727787017822 -24.008853912354 343.83535766602
52.220336914062 -22.274368286133 344.16818237305
52.461196899414 -20.476909637451 344.44326782227
52.70112991333 -18.676483154297 344.69165039062
52.586368560791 -16.855281829834 344.86669921875
52.149265289307 -15.080456733704 345.01239013672
51.461082458496 -13.388415336609 345.16690063477
50.444129943848 -11.86853313446 345.30023193359
49.216758728027 -10.513341903687 345.44415283203
47.882789611816 -9.2740211486816 345.65713500977
46.37043762207 -8.3091821670532 346.03698730469
44.714984893799 -7.5929703712463 346.36938476562
43.038608551025 -7.0009799003601 346.81576538086
41.425270080566 -6.6486878395081 347.61389160156
39.763286590576 -6.2513852119446 348.27883911133
38.062637329102 -5.7015719413757 348.68936157227
36.458820343018 -4.9586443901062 349.1787109375
34.7741355896 -4.3871693611145 349.62564086914
33.075355529785 -3.8703117370605 350.08462524414
31.307682037354 -3.5712540149689 350.47244262695
29.526824951172 -3.3096232414246 350.8251953125
27.781126022339 -2.9659779071808 351.27096557617
26.079002380371 -2.6778249740601 351.89083862305
