69.204093933105 -2.3266453742981 268.73718261719
76.246635437012 2.9426941871643 269.96591186523
79.910522460938 1.1292102336884 273.26086425781
80.222373962402 1.3975074291229 267.80685424805
69.095512390137 -1.9795672893524 268.73239135742
69.146797180176 -1.6199297904968 268.75192260742
69.286376953125 -1.2854287624359 268.78387451172
69.467193603516 -0.9719004034996 268.82131958008
69.681823730469 -0.68113821744919 268.86309814453
69.939186096191 -0.42818585038185 268.90997314453
70.206680297852 -0.18619538843632 268.9580078125
70.485733032227 0.042089682072401 269.00735473633
70.773445129395 0.25915428996086 269.05758666992
71.070831298828 0.46251675486565 269.10885620117
71.365676879883 0.66959643363953 269.15985107422
71.668853759766 0.86405897140503 269.21170043945
71.977867126465 1.048964381218 269.26406860352
72.291061401367 1.2265779972076 269.31683349609
72.606178283691 1.4006983041763 269.36978149414
72.92724609375 1.563428401947 269.42321777344
73.247497558594 1.7277635335922 269.47662353516
73.575454711914 1.8759218454361 269.53063964844
73.90096282959 2.0294289588928 269.58450317383
74.23120880127 2.1723489761353 269.63864135742
74.56388092041 2.3094561100006 269.69299316406
74.899856567383 2.438152551651 269.74755859375
75.238845825195 2.5586245059967 269.80227661133
75.579971313477 2.6728386878967 269.8571472168
75.917816162109 2.7964882850647 269.9118347168
69.303192138672 -1.9030925035477 268.95007324219
69.522689819336 -1.4879839420319 269.05548095703
69.934219360352 -1.3613647222519 269.27743530273
70.34432220459 -1.2066632509232 269.4836730957
70.751670837402 -1.0272170305252 269.6748046875
71.168754577637 -0.86649608612061 269.86163330078
71.585418701172 -0.70809859037399 270.05133056641
72.001091003418 -0.55603969097137 270.24826049805
72.42268371582 -0.40663692355156 270.43426513672
72.85791015625 -0.26430359482765 270.59240722656
73.288764953613 -0.11947438120842 270.75994873047
73.711730957031 0.029397996142507 270.94329833984
74.13094329834 0.17692862451077 271.13607788086
74.534797668457 0.3188748061657 271.36288452148
74.94367980957 0.45440086722374 271.58444213867
75.379989624023 0.54983282089233 271.77209472656
75.816352844238 0.64532631635666 271.95956420898
76.259490966797 0.74752622842789 272.12652587891
76.70654296875 0.83980292081833 272.28875732422
77.159660339355 0.91162896156311 272.44436645508
77.612785339355 0.98345643281937 272.59994506836
78.064582824707 1.056825876236 272.75866699219
78.5107421875 1.1309369802475 272.93225097656
78.95775604248 1.1635653972626 273.11605834961
79.42830657959 1.1646872758865 273.23089599609
69.443923950195 -1.9513533115387 268.61074829102
69.646102905273 -1.5532646179199 268.52853393555
70.075477600098 -1.3983719348907 268.45147705078
70.495002746582 -1.21837246418 268.37438964844
70.916297912598 -1.0385683774948 268.30709838867
71.339134216309 -0.85986071825027 268.24703979492
71.766868591309 -0.68959361314774 268.19808959961
72.195037841797 -0.52021509408951 268.14999389648
72.629257202148 -0.36361640691757 268.11422729492
73.062362670898 -0.20543041825294 268.07244873047
73.494285583496 -0.046132747083902 268.02349853516
73.93123626709 0.095487087965012 267.96548461914
74.370544433594 0.230189666152 267.90902709961
74.810447692871 0.37121787667274 267.87832641602
75.250228881836 0.51178628206253 267.84390258789
75.690010070801 0.65077012777328 267.80453491211
76.139579772949 0.73826485872269 267.73690795898
76.590667724609 0.80894154310226 267.66186523438
77.037002563477 0.92523676156998 267.70184326172
77.487060546875 1.033013343811 267.7141418457
77.939643859863 1.1268246173859 267.68743896484
78.392990112305 1.2200721502304 267.67602539062
78.848640441895 1.3017665147781 267.6692199707
79.30818939209 1.3578728437424 267.67242431641
79.767631530762 1.3888232707977 267.72033691406
