67.044960021973 -7.1077055931091 424.87274169922
82.265014648438 -12.095490455627 428.3203125
84.778953552246 -10.231683731079 423.40646362305
83.927108764648 -7.4007291793823 431.26040649414
67.141777038574 -7.7171926498413 425.09585571289
67.524475097656 -8.2099390029907 425.31045532227
67.984764099121 -8.6383247375488 425.51141357422
68.482246398926 -9.0275354385376 425.70281982422
69.02335357666 -9.3614816665649 425.87997436523
69.59432220459 -9.6492881774902 426.04434204102
70.170364379883 -9.9281902313232 426.20620727539
70.762435913086 -10.176847457886 426.35931396484
71.368034362793 -10.396384239197 426.50381469727
71.983375549316 -10.592168807983 426.64120483398
72.606010437012 -10.768113136292 426.7724609375
73.229026794434 -10.942873954773 426.90328979492
73.862968444824 -11.082731246948 427.02328491211
74.485542297363 -11.258535385132 427.15444946289
75.126708984375 -11.370167732239 427.26541137695
75.767936706543 -11.481531143188 427.37628173828
76.408309936523 -11.596566200256 427.48828125
77.053916931152 -11.687176704407 427.59240722656
77.700523376465 -11.772462844849 427.69485473633
78.3505859375 -11.836980819702 427.7903137207
79.000869750977 -11.899966239929 427.88534545898
79.65064239502 -11.966377258301 427.98150634766
80.302062988281 -12.021174430847 428.07382202148
80.954772949219 -12.065408706665 428.16259765625
81.60897064209 -12.094805717468 428.24630737305
67.597602844238 -7.4810538291931 424.65612792969
68.162933349609 -7.8590388298035 424.84848022461
68.796226501465 -8.1725988388062 424.88040161133
69.475273132324 -8.3716611862183 424.90478515625
70.151344299316 -8.5804805755615 424.92858886719
70.83748626709 -8.7505254745483 424.96813964844
71.530464172363 -8.8880786895752 425.01495361328
72.225509643555 -9.0177659988403 425.05044555664
72.927543640137 -9.1089563369751 425.03762817383
73.629425048828 -9.1996793746948 425.01644897461
74.330993652344 -9.2851362228394 424.97427368164
75.03059387207 -9.359637260437 424.89468383789
75.727233886719 -9.4441223144531 424.80056762695
76.428565979004 -9.5015363693237 424.72222900391
77.133338928223 -9.5281982421875 424.66073608398
77.828666687012 -9.5656719207764 424.53253173828
78.527130126953 -9.595025062561 424.42016601562
79.227630615234 -9.6204967498779 424.32028198242
79.924926757812 -9.6651725769043 424.20581054688
80.618072509766 -9.7219018936157 424.07290649414
81.311492919922 -9.7851495742798 423.94445800781
82.008567810059 -9.850004196167 423.8385925293
82.709396362305 -9.9086904525757 423.75659179688
83.402320861816 -10.001291275024 423.64428710938
84.093109130859 -10.105136871338 423.52868652344
67.523330688477 -7.3053874969482 425.34710693359
68.100036621094 -7.5787792205811 425.64239501953
68.747444152832 -7.7231025695801 425.87985229492
69.392211914062 -7.8700079917908 426.12255859375
70.053733825684 -7.9875712394714 426.33450317383
70.720153808594 -8.091477394104 426.53799438477
71.391548156738 -8.1721544265747 426.73519897461
72.072975158691 -8.2010889053345 426.91165161133
72.74732208252 -8.2461738586426 427.11056518555
73.416175842285 -8.289849281311 427.32730102539
74.089279174805 -8.2845621109009 427.53524780273
74.757766723633 -8.2675714492798 427.75698852539
75.428718566895 -8.2306499481201 427.96862792969
76.091812133789 -8.1858549118042 428.2024230957
76.758003234863 -8.1298723220825 428.42465209961
77.417747497559 -8.0572662353516 428.66076660156
78.05827331543 -7.9654126167297 428.93930053711
78.714622497559 -7.8764934539795 429.17938232422
79.363098144531 -7.7983016967773 429.44342041016
80.008987426758 -7.7322726249695 429.71691894531
80.666442871094 -7.6715774536133 429.96270751953
81.322090148926 -7.6069717407227 430.21231079102
81.963813781738 -7.5345401763916 430.49389648438
82.606018066406 -7.4712200164795 430.77661132812
83.260848999023 -7.4328675270081 431.03363037109
