56.179054260254 -2.8691167831421 265.46890258789
69.244216918945 1.7946652173996 267.5751953125
72.265533447266 -1.4060336351395 271.34240722656
73.278816223145 -1.3824474811554 264.97790527344
56.266960144043 -2.31671833992 265.48776245117
56.596500396729 -1.8646681308746 265.54388427734
57.011054992676 -1.4903972148895 265.61276245117
57.463550567627 -1.1640596389771 265.6872253418
57.942432403564 -0.87880718708038 265.76541137695
58.440311431885 -0.62890934944153 265.84634399414
58.947906494141 -0.39990681409836 265.92858886719
59.466335296631 -0.19711337983608 266.01232910156
59.985076904297 0.0047430992126465 266.09609985352
60.514747619629 0.17530018091202 266.18133544922
61.041519165039 0.35474887490273 266.26614379883
61.574825286865 0.51329761743546 266.35186767578
62.111545562744 0.6596457362175 266.43798828125
62.651096343994 0.79494422674179 266.52447509766
63.193824768066 0.91665667295456 266.61126708984
63.738208770752 1.0305752754211 266.69833374023
64.283851623535 1.1381381750107 266.78552246094
64.833023071289 1.2256155014038 266.87307739258
65.383239746094 1.3060982227325 266.96072387695
65.93408203125 1.3821036815643 267.04849243164
66.484031677246 1.4644700288773 267.13613891602
67.035774230957 1.5336192846298 267.22387695312
67.588256835938 1.5964840650558 267.31176757812
68.141174316406 1.6552994251251 267.39965820312
68.694328308105 1.7119128704071 267.4875793457
56.573871612549 -2.4264190196991 265.79818725586
57.148685455322 -2.1519367694855 266.03720092773
57.772338867188 -1.9458786249161 266.21673583984
58.397754669189 -1.7392972707748 266.38943481445
59.022083282471 -1.5341526269913 266.56741333008
59.662197113037 -1.3632073402405 266.72344970703
60.323238372803 -1.2513794898987 266.84231567383
60.978965759277 -1.1244925260544 266.97457885742
61.638244628906 -1.0321105718613 267.11758422852
62.295101165771 -0.94197112321854 267.27264404297
62.947807312012 -0.849061191082 267.44281005859
63.60258102417 -0.78225803375244 267.61715698242
64.246650695801 -0.71003073453903 267.82586669922
64.891654968262 -0.66771233081818 268.03988647461
65.539710998535 -0.65120953321457 268.24795532227
66.195495605469 -0.67884051799774 268.42877197266
66.830833435059 -0.68503630161285 268.67352294922
67.452606201172 -0.6802419424057 268.95101928711
68.077537536621 -0.69294619560242 269.22109985352
68.702445983887 -0.70798832178116 269.49102783203
69.308639526367 -0.74984359741211 269.79827880859
69.907745361328 -0.81001669168472 270.11608886719
70.497192382812 -0.95902097225189 270.42266845703
71.086639404297 -1.1080251932144 270.72924804688
71.676086425781 -1.2570292949677 271.03582763672
56.651340484619 -2.4360058307648 265.25332641602
57.273933410645 -2.1761283874512 265.18341064453
57.907009124756 -1.9351577758789 265.16494750977
58.569602966309 -1.8015127182007 265.22122192383
59.223594665527 -1.6243598461151 265.25405883789
59.872058868408 -1.42993080616 265.29565429688
60.52991104126 -1.2827962636948 265.37072753906
61.19291305542 -1.1822274923325 265.47271728516
61.863529205322 -1.1255153417587 265.55700683594
62.531833648682 -1.0206680297852 265.60754394531
63.20011138916 -0.91084581613541 265.64535522461
63.874347686768 -0.85089761018753 265.68933105469
64.54955291748 -0.78556895256042 265.69174194336
65.22639465332 -0.74053949117661 265.68923950195
65.904525756836 -0.72825288772583 265.67779541016
66.580932617188 -0.71619468927383 265.62774658203
67.256065368652 -0.70557510852814 265.56240844727
67.930381774902 -0.70986747741699 265.4885559082
68.605819702148 -0.72441691160202 265.42742919922
69.282333374023 -0.76171576976776 265.39404296875
69.955657958984 -0.82130652666092 265.3369140625
70.626159667969 -0.89658921957016 265.26666259766
71.29239654541 -0.99846392869949 265.18969726562
71.952827453613 -1.1364054679871 265.11904907227
72.611976623535 -1.2815039157867 265.05087280273
