67.671997070312 1.7159180641174 267.96655273438
77.885032653809 -2.91867852211 270.2141418457
80.497009277344 0.68155694007874 266.53326416016
77.82112121582 0.68631225824356 273.69082641602
67.813133239746 1.2808957099915 268.00503540039
68.018966674805 0.88069307804108 268.05648803711
68.288368225098 0.51470249891281 268.12063598633
68.615921020508 0.20280586183071 268.19598388672
68.961219787598 -0.087629728019238 268.27465820312
69.329544067383 -0.34860029816628 268.35757446289
69.716720581055 -0.57880944013596 268.44387817383
70.110893249512 -0.79674929380417 268.53143310547
70.513397216797 -0.99855959415436 268.62036132812
70.925170898438 -1.1792520284653 268.71084594727
71.34220123291 -1.3475488424301 268.80221557617
71.766418457031 -1.4963170289993 268.89471435547
72.192512512207 -1.6393308639526 268.98748779297
72.620178222656 -1.7775266170502 269.08047485352
73.053596496582 -1.8957731723785 269.17428588867
73.488220214844 -2.0092923641205 269.26824951172
73.924423217773 -2.1165606975555 269.36242675781
74.362182617188 -2.2170441150665 269.45681762695
74.800445556641 -2.3152549266815 269.55123901367
75.239311218262 -2.4107208251953 269.64572143555
75.679336547852 -2.5004651546478 269.74038696289
76.119773864746 -2.5881586074829 269.83508300781
76.560043334961 -2.6767282485962 269.92974853516
77.00032043457 -2.7605445384979 270.02847290039
77.440612792969 -2.8410022258759 270.13006591797
68.09790802002 1.4609305858612 267.86703491211
68.515380859375 1.1747634410858 267.87902832031
69.009056091309 1.0626329183578 267.8772277832
69.504096984863 0.95656257867813 267.875
70.006088256836 0.89093947410583 267.8701171875
70.510414123535 0.84692412614822 267.86380004883
71.01490020752 0.80480653047562 267.85736083984
71.515495300293 0.73299950361252 267.83346557617
72.01904296875 0.68298190832138 267.81741333008
72.523147583008 0.63815569877625 267.80340576172
73.027717590332 0.609350502491 267.7734375
73.532218933105 0.58608466386795 267.73794555664
74.036468505859 0.5690740942955 267.69595336914
74.540145874023 0.56036382913589 267.64541625977
75.043823242188 0.55166620016098 267.59487915039
75.546440124512 0.55182021856308 267.53405761719
76.047859191895 0.55958294868469 267.46444702148
76.548927307129 0.56553286314011 267.39224243164
77.049240112305 0.56777369976044 267.31475830078
77.545776367188 0.57913768291473 267.21655273438
78.042098999023 0.60807871818542 267.12094116211
78.540634155273 0.63270580768585 267.03619384766
79.040466308594 0.61690372228622 266.95727539062
79.528846740723 0.65088909864426 266.82824707031
80.013038635254 0.66662794351578 266.68115234375
68.007621765137 1.4496667385101 268.12921142578
68.383003234863 1.2143625020981 268.24633789062
68.776214599609 1.0672785043716 268.42993164062
69.182014465332 0.96986794471741 268.61917114258
69.606018066406 0.89509254693985 268.77606201172
70.021827697754 0.84265077114105 268.96136474609
70.432899475098 0.80079919099808 269.15951538086
70.840553283691 0.76953268051147 269.3664855957
71.246315002441 0.74350935220718 269.5778503418
71.653198242188 0.68916195631027 269.7815246582
72.060012817383 0.6224679350853 269.98162841797
72.461738586426 0.58689051866531 270.19921875
72.862152099609 0.55464744567871 270.41973876953
73.259132385254 0.53047811985016 270.64736938477
73.656639099121 0.52112877368927 270.87518310547
74.054183959961 0.53114968538284 271.10287475586
74.448791503906 0.56631636619568 271.33319091797
74.839378356934 0.60779255628586 271.56921386719
75.223556518555 0.59276521205902 271.81857299805
75.602935791016 0.59640139341354 272.07556152344
75.978401184082 0.61355745792389 272.33773803711
76.357803344727 0.66900700330734 272.58868408203
76.735481262207 0.67974072694778 272.84799194336
77.103218078613 0.67348033189774 273.12133789062
77.46411895752 0.67540341615677 273.40371704102
