55.061935424805 3.6884427070618 270.49081420898
70.052879333496 -5.7435917854309 271.26135253906
71.814514160156 -0.50431323051453 266.46917724609
71.936210632324 -0.30677223205566 276.10684204102
54.882816314697 2.9880218505859 270.48620605469
55.052814483643 2.2819378376007 270.49835205078
55.368839263916 1.6277680397034 270.51721191406
55.784950256348 1.0321359634399 270.54049682617
56.268672943115 0.49001494050026 270.56674194336
56.803047180176 -0.002294426318258 270.59506225586
57.367729187012 -0.45945605635643 270.62469482422
57.958087921143 -0.88287967443466 270.65530395508
58.570957183838 -1.2729709148407 270.68682861328
59.200912475586 -1.6347721815109 270.71899414062
59.846347808838 -1.9681614637375 270.75177001953
60.497394561768 -2.2903881072998 270.78472900391
61.160820007324 -2.5862987041473 270.81817626953
61.82502746582 -2.8804376125336 270.85162353516
62.496105194092 -3.1585178375244 270.88528442383
63.173812866211 -3.4200098514557 270.91915893555
63.854530334473 -3.6735417842865 270.95315551758
64.54044342041 -3.9126482009888 270.9873046875
65.221496582031 -4.1652851104736 271.02130126953
65.903129577637 -4.4163146018982 271.05532836914
66.594535827637 -4.6390042304993 271.08969116211
67.281608581543 -4.8747563362122 271.12387084961
67.971618652344 -5.1017236709595 271.158203125
68.655265808105 -5.3472437858582 271.19229125977
69.352973937988 -5.5492873191833 271.22680664062
55.525203704834 3.2566435337067 270.2155456543
55.828853607178 2.6413295269012 270.0478515625
56.285385131836 2.1862576007843 269.95025634766
56.962169647217 2.0307166576385 269.87231445312
57.585933685303 1.6980650424957 269.79141235352
58.258605957031 1.4821535348892 269.76818847656
58.930896759033 1.2580276727676 269.69955444336
59.606349945068 1.0534416437149 269.60470581055
60.298572540283 0.92379570007324 269.51571655273
60.997459411621 0.85372006893158 269.40112304688
61.691318511963 0.80280792713165 269.25054931641
62.378231048584 0.72647404670715 269.08435058594
63.06392288208 0.61080694198608 268.93069458008
63.74666595459 0.443817704916 268.81491088867
64.411117553711 0.27293258905411 268.63021850586
65.065979003906 0.099604770541191 268.4098815918
65.714530944824 -0.087402485311031 268.18222045898
66.368492126465 -0.26222854852676 267.96221923828
67.040985107422 -0.3952948153019 267.76861572266
67.722671508789 -0.50431942939758 267.59909057617
68.419937133789 -0.57262361049652 267.47030639648
69.113265991211 -0.63298237323761 267.32113647461
69.799919128418 -0.67993247509003 267.13748168945
70.4794921875 -0.6774867773056 266.93551635742
71.147003173828 -0.59090000391006 266.70233154297
55.483795166016 3.2000727653503 270.75360107422
55.837799072266 2.6255946159363 270.80932617188
56.39395904541 2.2475569248199 271.0537109375
57.036636352539 1.9364807605743 271.20532226562
57.707782745361 1.6668162345886 271.30682373047
58.385215759277 1.4208474159241 271.42407226562
59.079166412354 1.2380323410034 271.55447387695
59.779495239258 1.0796540975571 271.68832397461
60.486209869385 0.98772013187408 271.83892822266
61.196804046631 0.93613737821579 271.9997253418
61.89030456543 0.84937345981598 272.20751953125
62.571769714355 0.73931878805161 272.44454956055
63.223159790039 0.5793092250824 272.73361206055
63.875503540039 0.41003713011742 273.01431274414
64.53059387207 0.2140112221241 273.27099609375
65.190910339355 0.047943979501724 273.53506469727
65.860366821289 -0.16242279112339 273.73516845703
66.529838562012 -0.34283488988876 273.9508972168
67.195518493652 -0.41025519371033 274.24380493164
67.875709533691 -0.44494140148163 274.50485229492
68.56502532959 -0.45907160639763 274.74591064453
69.239715576172 -0.47671702504158 275.02496337891
69.91382598877 -0.49450045824051 275.30554199219
70.574966430664 -0.4626005589962 275.61315917969
71.244079589844 -0.40339371562004 275.89453125
