58.71443939209 3.2610859870911 278.16732788086
62.731773376465 -2.7033414840698 280.8630065918
76.915138244629 -3.1699883937836 280.18927001953
67.372833251953 -1.9173803329468 293.08731079102
58.582389831543 2.9938988685608 278.08813476562
58.631958007812 2.6872351169586 278.12612915039
58.708366394043 2.3886871337891 278.18115234375
58.790954589844 2.0925526618958 278.24008178711
58.885982513428 1.8018531799316 278.30685424805
58.991554260254 1.516463637352 278.38034057617
59.107425689697 1.2368497848511 278.46026611328
59.232376098633 0.96292096376419 278.5458984375
59.372898101807 0.69995951652527 278.64129638672
59.516593933105 0.43944337964058 278.73864746094
59.669506072998 0.18651784956455 278.84182739258
59.832622528076 -0.057204093784094 278.95129394531
60.004489898682 -0.29226407408714 279.06622314453
60.184104919434 -0.51897776126862 279.18594360352
60.375621795654 -0.73154485225677 279.31295776367
60.576709747314 -0.93122804164886 279.44592285156
60.788009643555 -1.1155995130539 279.58508300781
61.002353668213 -1.2949452400208 279.72610473633
61.219650268555 -1.4692903757095 279.86889648438
61.439292907715 -1.6394778490067 280.01309204102
61.652084350586 -1.8213968276978 280.15316772461
61.866172790527 -2.001190662384 280.29403686523
62.083835601807 -2.1749210357666 280.43701171875
62.305755615234 -2.3408753871918 280.58264160156
62.524368286133 -2.5128824710846 280.72625732422
59.282775878906 2.8137273788452 277.93649291992
59.698078155518 2.1862587928772 278.12670898438
60.174373626709 1.6081572771072 278.32077026367
60.791641235352 1.184578537941 278.52401733398
61.466785430908 0.83928155899048 278.68930053711
62.16198348999 0.51032304763794 278.79336547852
62.883438110352 0.2383825480938 278.88006591797
63.591514587402 -0.079432688653469 278.87634277344
64.286720275879 -0.41900739073753 278.82055664062
65.005142211914 -0.70944565534592 278.85949707031
65.720016479492 -1.0054700374603 278.79727172852
66.454978942871 -1.2516814470291 278.75500488281
67.204406738281 -1.4529864788055 278.73992919922
67.968482971191 -1.5890245437622 278.75912475586
68.726753234863 -1.7552583217621 278.76922607422
69.480842590332 -1.9392547607422 278.7568359375
70.223815917969 -2.1642019748688 278.75082397461
70.972724914551 -2.3654179573059 278.78778076172
71.723136901855 -2.5542182922363 278.85073852539
72.470024108887 -2.7507352828979 278.92932128906
73.222709655762 -2.8917543888092 279.0553894043
73.968727111816 -2.9209027290344 279.26824951172
74.702987670898 -2.9635169506073 279.51672363281
75.447616577148 -2.9496779441833 279.73559570312
76.187797546387 -3.0684068202972 279.93746948242
58.829040527344 2.9686849117279 278.8078918457
59.098327636719 2.3838047981262 279.1337890625
59.456123352051 1.8658173084259 279.48748779297
59.812515258789 1.38920545578 279.89584350586
60.167892456055 0.99332028627396 280.38323974609
60.548229217529 0.71153050661087 280.92846679688
60.858890533447 0.421033680439 281.51205444336
61.11597442627 0.13458946347237 282.12316894531
61.350936889648 -0.13555732369423 282.75039672852
61.609649658203 -0.39435395598412 283.373046875
61.901908874512 -0.64460629224777 283.98428344727
62.202850341797 -0.87142133712769 284.60006713867
62.443283081055 -1.0199829339981 285.26455688477
62.680107116699 -1.0920102596283 285.94299316406
62.961639404297 -1.1932015419006 286.6003112793
63.278957366943 -1.3298354148865 287.23455810547
63.590915679932 -1.4500221014023 287.87478637695
63.921043395996 -1.5611801147461 288.50747680664
64.283103942871 -1.660692691803 289.12445068359
64.640739440918 -1.7713854312897 289.74206542969
65.039894104004 -1.8508653640747 290.33868408203
65.49486541748 -1.9242198467255 290.89474487305
65.986221313477 -1.949046254158 291.42352294922
66.457611083984 -1.951122879982 291.97073364258
66.909278869629 -1.9191238880157 292.53344726562
