88.344276428223 -4.8764419555664 407.03332519531
108.85467529297 9.6730279922485 412.14614868164
110.76538848877 6.179817199707 415.56866455078
111.61302947998 7.2750554084778 408.73025512695
88.484130859375 -3.895495891571 407.23760986328
88.978050231934 -3.0367493629456 407.45846557617
89.531318664551 -2.2148854732513 407.67892456055
90.136985778809 -1.4304882287979 407.89807128906
90.796333312988 -0.68986654281616 408.11486816406
91.497024536133 0.01250025909394 408.32901000977
92.249214172363 0.6609628200531 408.53860473633
93.04076385498 1.2624099254608 408.74359130859
93.858009338379 1.8296972513199 408.94494628906
94.714004516602 2.3391880989075 409.13949584961
95.611968994141 2.7740926742554 409.3244934082
96.56925201416 3.0686018466949 409.4892578125
97.502433776855 3.4271988868713 409.66357421875
98.383773803711 3.8938484191895 409.8528137207
99.245094299316 4.3948740959167 410.04635620117
100.11712646484 4.8779191970825 410.23767089844
100.9810256958 5.3746919631958 410.43075561523
101.85083007812 5.8615379333496 410.62258911133
102.71521759033 6.3575053215027 410.81549072266
103.59868621826 6.820348739624 411.00424194336
104.46556854248 7.3121242523193 411.19668579102
105.34864044189 7.7756810188293 411.38549804688
106.21788787842 8.263484954834 411.5774230957
107.08592224121 8.7533473968506 411.76959228516
107.95300292969 9.244797706604 411.96203613281
88.988311767578 -4.5244331359863 407.74905395508
89.787033081055 -3.9316852092743 408.00173950195
90.554710388184 -3.3279268741608 408.31695556641
91.322982788086 -2.7315940856934 408.64456176758
92.122764587402 -2.1797223091125 408.97467041016
92.94686126709 -1.6627579927444 409.30142211914
93.809173583984 -1.1928120851517 409.59936523438
94.666069030762 -0.72925591468811 409.92190551758
95.540008544922 -0.28834277391434 410.23010253906
96.455238342285 0.09092977643013 410.49789428711
97.368911743164 0.48732501268387 410.74542236328
98.280197143555 0.90012890100479 410.97418212891
99.178695678711 1.3323348760605 411.21728515625
100.05592346191 1.7941067218781 411.4826965332
100.94309997559 2.2372779846191 411.74670410156
101.84694671631 2.6457829475403 412.01010131836
102.73690795898 3.0590415000916 412.31072998047
103.64042663574 3.4274723529816 412.62872314453
104.55957794189 3.7740604877472 412.92578125
105.48794555664 4.1099495887756 413.20596313477
106.41265869141 4.4404301643372 413.50408935547
107.32355499268 4.7858638763428 413.82678222656
108.19998168945 5.153374671936 414.21408081055
109.05952453613 5.484395980835 414.66665649414
109.91770172119 5.7986826896667 415.1335144043
89.053825378418 -4.237006187439 406.66729736328
89.804084777832 -3.5434713363647 406.72457885742
90.645034790039 -2.9733603000641 406.84753417969
91.48942565918 -2.4074866771698 406.96643066406
92.342079162598 -1.8517897129059 407.07360839844
93.225914001465 -1.3469136953354 407.17977905273
94.123245239258 -0.86452722549438 407.27694702148
95.033325195312 -0.40493467450142 407.36560058594
95.957107543945 0.026384202763438 407.45468139648
96.879196166992 0.46039682626724 407.54803466797
97.796546936035 0.90091735124588 407.65643310547
98.708267211914 1.3479657173157 407.78359985352
99.581809997559 1.8723102807999 407.88000488281
100.47151184082 2.3601903915405 408.01321411133
101.3690032959 2.8340320587158 408.1448059082
102.27633666992 3.2932662963867 408.25924682617
103.2188949585 3.687299489975 408.31970214844
104.15135192871 4.0999398231506 408.40658569336
105.06636047363 4.5351505279541 408.54968261719
105.95411682129 4.968346118927 408.81616210938
106.86201477051 5.436429977417 408.87838745117
107.79536437988 5.8561606407166 408.88107299805
108.73924255371 6.2515020370483 408.87368774414
109.66632080078 6.6801013946533 408.9342956543
110.63249206543 7.0054712295532 408.84518432617
