86.258193969727 -9.3461198806763 404.03198242188
101.85596466064 5.0028033256531 403.81484985352
107.48909759521 3.936859369278 409.09344482422
107.30909729004 2.3481724262238 400.14071655273
86.49641418457 -8.5615653991699 403.96646118164
86.939895629883 -7.8690528869629 403.92895507812
87.445053100586 -7.219575881958 403.90158081055
87.982475280762 -6.5963668823242 403.87997436523
88.55655670166 -6.0064482688904 403.86514282227
89.127494812012 -5.4135251045227 403.84976196289
89.721572875977 -4.8436660766602 403.83892822266
90.319129943848 -4.2774357795715 403.82876586914
90.920333862305 -3.7150752544403 403.81939697266
91.532539367676 -3.1646783351898 403.81225585938
92.151268005371 -2.6215977668762 403.80654907227
92.772560119629 -2.08145403862 403.80133056641
93.405311584473 -1.5547575950623 403.79861450195
94.038726806641 -1.0288664102554 403.79608154297
94.676376342773 -0.50810182094574 403.79446411133
95.317039489746 0.0089452927932143 403.79345703125
95.967193603516 0.51400482654572 403.79467773438
96.618438720703 1.017658829689 403.79608154297
97.269645690918 1.5213671922684 403.79751586914
97.928253173828 2.0153329372406 403.80068969727
98.57243347168 2.5279986858368 403.80047607422
99.23950958252 3.0104258060455 403.8056640625
99.880844116211 3.5266399383545 403.80484008789
100.54831695557 4.0085206031799 403.81005859375
101.23434448242 4.4630312919617 403.81997680664
86.993278503418 -8.7637329101562 404.35549926758
87.77033996582 -8.159460067749 404.47897338867
88.557220458984 -7.5680646896362 404.60263061523
89.325126647949 -6.9468474388123 404.69546508789
90.14030456543 -6.3853015899658 404.76159667969
90.943161010742 -5.8068022727966 404.83215332031
91.745079040527 -5.2252244949341 404.88616943359
92.554244995117 -4.6521501541138 404.91860961914
93.375648498535 -4.0987606048584 404.9758605957
94.204078674316 -3.556759595871 405.04037475586
95.047943115234 -3.0413806438446 405.12097167969
95.885299682617 -2.5219027996063 405.23583984375
96.714706420898 -1.9995113611221 405.38882446289
97.53311920166 -1.4854764938354 405.61288452148
98.350700378418 -0.97054588794708 405.83786010742
99.168907165527 -0.45718032121658 406.0641784668
99.994110107422 0.044249154627323 406.29183959961
100.82204437256 0.54136353731155 406.51901245117
101.65190124512 1.0310583114624 406.7551574707
102.48266601562 1.5084221363068 407.01239013672
103.30102539062 1.9853930473328 407.30737304688
104.13688659668 2.414046049118 407.62646484375
104.97476196289 2.8162240982056 407.97351074219
105.77277374268 3.2479157447815 408.37478637695
106.63093566895 3.5923864841461 408.73413085938
86.944053649902 -8.7674293518066 403.73480224609
87.677551269531 -8.1856412887573 403.60501098633
88.455520629883 -7.6632084846497 403.48120117188
89.265686035156 -7.191415309906 403.36053466797
90.077880859375 -6.7183384895325 403.25991821289
90.858879089355 -6.1899900436401 403.19464111328
91.658142089844 -5.6863441467285 403.16302490234
92.450119018555 -5.1711044311523 403.13336181641
93.239547729492 -4.6521821022034 403.09991455078
94.044212341309 -4.1577229499817 403.06051635742
94.852355957031 -3.6699109077454 403.01028442383
95.663925170898 -3.1901259422302 402.94155883789
96.481185913086 -2.7271113395691 402.83609008789
97.311325073242 -2.2970290184021 402.69732666016
98.129676818848 -1.8567930459976 402.52435302734
98.948432922363 -1.4262725114822 402.32989501953
99.777824401855 -1.0214887857437 402.12557983398
100.57911682129 -0.56586265563965 401.91751098633
101.41661834717 -0.16937445104122 401.73379516602
102.25061798096 0.23939672112465 401.55825805664
103.08415985107 0.64467108249664 401.37246704102
103.9334487915 1.0070294141769 401.17111206055
104.79235076904 1.3389048576355 400.95755004883
105.65386962891 1.6553658246994 400.73129272461
106.48920440674 1.9810001850128 400.43402099609
