37.24418258667 6.1752200126648 324.00918579102
20.098527908325 -1.9281412363052 320.67565917969
14.255674362183 1.3912341594696 326.2509765625
15.55278301239 3.7397520542145 316.19216918945
36.895477294922 5.513831615448 323.86364746094
36.57336807251 4.839460849762 323.71939086914
36.068222045898 4.2886753082275 323.57232666016
35.483345031738 3.8222529888153 323.42889404297
34.878787994385 3.381121635437 323.28707885742
34.249313354492 2.9754955768585 323.14776611328
33.594394683838 2.6110661029816 323.01181030273
32.935722351074 2.2532367706299 322.87649536133
32.256732940674 1.9341350793839 322.74475097656
31.580753326416 1.6089593172073 322.61242675781
30.881620407104 1.3346205949783 322.48529052734
30.173740386963 1.0825411081314 322.36050415039
29.473745346069 0.81031519174576 322.23358154297
28.766208648682 0.55725914239883 322.10882568359
28.053483963013 0.31842771172523 321.98556518555
27.353681564331 0.045845806598663 321.85861206055
26.637161254883 -0.18202957510948 321.73663330078
25.927812576294 -0.43017521500587 321.61233520508
25.204013824463 -0.63535535335541 321.49304199219
24.485607147217 -0.8574230670929 321.37173461914
23.750806808472 -1.0223531723022 321.25738525391
23.023780822754 -1.2165783643723 321.13940429688
22.292560577393 -1.3956116437912 321.02331542969
21.568649291992 -1.600398182869 320.90408325195
20.833591461182 -1.7642596960068 320.78982543945
36.631645202637 5.804132938385 324.58743286133
35.856979370117 5.5168437957764 324.99258422852
34.985900878906 5.2725930213928 325.16409301758
34.104293823242 5.0189762115479 325.24435424805
33.221923828125 4.7656321525574 325.31536865234
32.331130981445 4.5865392684937 325.46466064453
31.453670501709 4.3318648338318 325.57870483398
30.551315307617 4.1582746505737 325.63870239258
29.65513420105 3.9544463157654 325.69610595703
28.764501571655 3.7251303195953 325.74276733398
27.8779296875 3.4786479473114 325.77780151367
26.985628128052 3.2531666755676 325.80780029297
26.08159828186 3.0779731273651 325.80227661133
25.179191589355 2.8945336341858 325.80099487305
24.281345367432 2.6903862953186 325.81338500977
23.372591018677 2.5416059494019 325.81845092773
22.463317871094 2.3961946964264 325.82312011719
21.545289993286 2.3239939212799 325.82611083984
20.627277374268 2.2518346309662 325.8293762207
19.716455459595 2.1228220462799 325.87124633789
18.805160522461 1.996126294136 325.90979003906
17.891569137573 1.8830380439758 325.93313598633
16.984678268433 1.740250825882 326.00494384766
16.078128814697 1.602477312088 326.08966064453
15.16690158844 1.4968558549881 326.17031860352
36.729038238525 6.1934289932251 323.2646484375
36.032421112061 5.9934630393982 322.72119140625
35.257568359375 5.7999472618103 322.29354858398
34.46076965332 5.6067500114441 321.90817260742
33.655380249023 5.4081444740295 321.54397583008
32.83927154541 5.218957901001 321.19915771484
32.008697509766 5.0436539649963 320.88272094727
31.164199829102 4.8904571533203 320.59274291992
30.312780380249 4.749119758606 320.31735229492
29.471370697021 4.5621318817139 320.03842163086
28.628271102905 4.3824133872986 319.75994873047
27.767631530762 4.2980532646179 319.48992919922
26.898195266724 4.2206745147705 319.24740600586
26.028749465942 4.1437225341797 319.00473022461
25.160028457642 4.0688338279724 318.75888061523
24.289333343506 3.9973104000092 318.51907348633
23.413862228394 3.9343700408936 318.29473876953
22.538446426392 3.8720886707306 318.07000732422
21.663135528564 3.8067939281464 317.84573364258
20.788854598999 3.7264504432678 317.6223449707
19.920948028564 3.6811139583588 317.36657714844
19.05126953125 3.6389000415802 317.11633300781
18.179294586182 3.6077201366425 316.87258911133
17.312355041504 3.6445965766907 316.61221313477
16.436544418335 3.6885032653809 316.38470458984
