89.237113952637 3.4992234706879 407.73083496094
105.09066772461 -1.961088180542 409.99179077148
106.01329040527 1.733212351799 405.91482543945
105.95596313477 2.6446957588196 414.14990234375
89.327743530273 2.829861164093 407.73867797852
89.763198852539 2.3340902328491 407.8385925293
90.27734375 1.9202358722687 407.95092773438
90.847366333008 1.5776753425598 408.06945800781
91.447654724121 1.2796821594238 408.15396118164
92.060279846191 1.0056805610657 408.22747802734
92.680770874023 0.74705523252487 408.29397583008
93.31470489502 0.52807277441025 408.37210083008
93.952850341797 0.32112154364586 408.45031738281
94.600250244141 0.13862001895905 408.51272583008
95.247650146484 -0.03366281837225 408.59716796875
95.895057678223 -0.19941449165344 408.69573974609
96.547752380371 -0.34307444095612 408.79403686523
97.200531005859 -0.48637756705284 408.89236450195
97.853309631348 -0.62966674566269 408.99069213867
98.507873535156 -0.76463788747787 409.08889770508
99.162963867188 -0.89707142114639 409.18707275391
99.818534851074 -1.0271056890488 409.28521728516
100.47619628906 -1.1462181806564 409.38320922852
101.13500976562 -1.2610197067261 409.47775268555
101.80124664307 -1.3537197113037 409.53985595703
102.45425415039 -1.4974411725998 409.63159179688
103.10828399658 -1.6333101987839 409.7297668457
103.76700592041 -1.7465901374817 409.82763671875
104.42816925049 -1.8551415205002 409.91311645508
89.831665039062 3.2298665046692 407.60711669922
90.430374145508 2.9754273891449 407.48593139648
91.077728271484 2.8922479152679 407.41326904297
91.669418334961 2.5901806354523 407.40972900391
92.314682006836 2.4828701019287 407.369140625
92.974967956543 2.4302053451538 407.31811523438
93.635482788086 2.4127023220062 407.25164794922
94.296043395996 2.4037935733795 407.18142700195
94.957275390625 2.3633472919464 407.13415527344
95.618713378906 2.3194968700409 407.0905456543
96.280982971191 2.2936220169067 407.04489135742
96.942535400391 2.2567799091339 406.99822998047
97.603874206543 2.2231874465942 406.9543762207
98.267234802246 2.237152338028 406.92105102539
98.9306640625 2.2462151050568 406.88781738281
99.594184875488 2.2481889724731 406.85467529297
100.19019317627 2.1774816513062 406.60708618164
100.76223754883 2.0809719562531 406.28335571289
101.4098739624 2.0637817382812 406.33609008789
102.06872558594 2.0428333282471 406.36987304688
102.73008728027 2.0045499801636 406.31994628906
103.38877868652 1.9471077919006 406.25582885742
104.0471496582 1.8873369693756 406.19000244141
104.69764709473 1.8208191394806 406.07278442383
105.35380554199 1.771941781044 405.98510742188
89.830619812012 3.217919588089 407.95971679688
90.430335998535 2.9568099975586 408.18753051758
91.085914611816 2.8771753311157 408.40582275391
91.735313415527 2.8196487426758 408.64733886719
92.382751464844 2.7733805179596 408.89700317383
93.036056518555 2.7644357681274 409.13549804688
93.686996459961 2.7269809246063 409.37704467773
94.340255737305 2.6914057731628 409.6116027832
95.004455566406 2.6968340873718 409.81793212891
95.667854309082 2.6938529014587 410.02679443359
96.330177307129 2.6928312778473 410.23895263672
96.991485595703 2.7027189731598 410.45422363281
97.656768798828 2.7150127887726 410.65664672852
98.314407348633 2.7184119224548 410.88070678711
98.959770202637 2.7079982757568 411.13989257812
99.602668762207 2.6856331825256 411.40435791016
100.23448944092 2.6597392559052 411.69110107422
100.83712768555 2.6245503425598 412.03659057617
101.49266052246 2.6527361869812 412.25109863281
102.15637969971 2.6795201301575 412.45239257812
102.80513000488 2.6702032089233 412.70220947266
103.41455841064 2.6366827487946 413.03573608398
104.03466033936 2.5978639125824 413.34790039062
104.66268157959 2.5672545433044 413.64346313477
105.30932617188 2.605975151062 413.89666748047
