67.823219299316 -2.1650986671448 267.9836730957
78.82926940918 2.1223320960999 275.48504638672
82.441955566406 -4.1479616165161 277.83963012695
84.336753845215 2.8957643508911 270.54641723633
67.670440673828 -1.7501441240311 268.33572387695
67.779167175293 -1.3657598495483 268.73867797852
68.034111022949 -1.0411040782928 269.12908935547
68.365516662598 -0.76302111148834 269.49822998047
68.718040466309 -0.50042802095413 269.85891723633
69.105972290039 -0.26664084196091 270.20275878906
69.518562316895 -0.055666033178568 270.53231811523
69.957786560059 0.12780910730362 270.84353637695
70.404655456543 0.30260524153709 271.14880371094
70.862174987793 0.46474757790565 271.44515991211
71.329460144043 0.61451709270477 271.73266601562
71.805328369141 0.75278824567795 272.01171875
72.289436340332 0.87934982776642 272.28201293945
72.773124694824 1.0064840316772 272.55279541016
73.263290405273 1.1238901615143 272.81622314453
73.767051696777 1.2190790176392 273.06240844727
74.275611877441 1.3057147264481 273.30178833008
74.781616210938 1.3969374895096 273.54483032227
75.277244567871 1.5057530403137 273.80166625977
75.782531738281 1.5982574224472 274.04574584961
76.285194396973 1.6953773498535 274.29342651367
76.784141540527 1.7987521886826 274.54602050781
77.287322998047 1.8949214220047 274.79299926758
77.797096252441 1.9793093204498 275.03063964844
78.306518554688 2.0643215179443 275.26876831055
68.085762023926 -2.0632464885712 268.62121582031
68.427040100098 -1.8313204050064 269.18078613281
69.017944335938 -1.8175340890884 269.55059814453
69.605613708496 -1.8176013231277 269.92565917969
70.177474975586 -1.7904390096664 270.32354736328
70.76643371582 -1.7824622392654 270.69647216797
71.373222351074 -1.8029309511185 271.03927612305
71.975059509277 -1.843269944191 271.3889465332
72.564651489258 -1.8943843841553 271.75750732422
73.143730163574 -1.9780704975128 272.13656616211
73.715454101562 -2.1060445308685 272.51446533203
74.305732727051 -2.1943116188049 272.87487792969
74.896705627441 -2.2811768054962 273.23449707031
75.48511505127 -2.3798599243164 273.59527587891
76.072456359863 -2.4832220077515 273.95651245117
76.658462524414 -2.5921764373779 274.31823730469
77.244934082031 -2.7062933444977 274.67761230469
77.829254150391 -2.8229761123657 275.03964233398
78.401557922363 -2.9378745555878 275.42092895508
78.987770080566 -3.0365927219391 275.78527832031
79.580101013184 -3.1314241886139 276.14056396484
80.142471313477 -3.2753021717072 276.5266418457
80.707717895508 -3.499849319458 276.86755371094
81.27286529541 -3.7305133342743 277.20446777344
81.855484008789 -3.9415323734283 277.52410888672
68.209609985352 -1.6519187688828 268.22280883789
68.645500183105 -1.2712109088898 268.58807373047
69.248382568359 -0.99194693565369 268.75561523438
69.901161193848 -0.83343249559402 268.89303588867
70.521621704102 -0.62815171480179 269.10101318359
71.166427612305 -0.4839178621769 269.2854309082
71.809631347656 -0.31977137923241 269.45788574219
72.472206115723 -0.21275332570076 269.59954833984
73.12979888916 -0.061589688062668 269.72323608398
73.791427612305 0.09481281042099 269.81478881836
74.44734954834 0.27355507016182 269.90661621094
75.102149963379 0.45551735162735 270.00015258789
75.757713317871 0.63500875234604 270.09295654297
76.420310974121 0.79075419902802 270.17849731445
77.083473205566 0.94931697845459 270.25399780273
77.747695922852 1.1067478656769 270.32208251953
78.415252685547 1.2501916885376 270.38806152344
79.072387695312 1.4415928125381 270.43371582031
79.707534790039 1.6943025588989 270.49047851562
80.360824584961 1.8710849285126 270.60250854492
81.023017883301 2.0376164913177 270.66839599609
81.690238952637 2.1965985298157 270.68130493164
82.358604431152 2.3502838611603 270.69750976562
83.019371032715 2.5318257808685 270.6653137207
83.677383422852 2.7190139293671 270.61428833008
