66.706733703613 5.3630676269531 264.64901733398
87.897262573242 -7.717248916626 270.08465576172
94.833930969238 -7.7390427589417 265.78912353516
95.831298828125 -4.8269481658936 273.66543579102
66.726013183594 4.4172439575195 264.99197387695
67.170196533203 3.5716338157654 265.31268310547
67.819389343262 2.8534352779388 265.59411621094
68.573043823242 2.2317123413086 265.84405517578
69.370109558105 1.6596086025238 266.07751464844
70.191444396973 1.118483543396 266.30053710938
71.025520324707 0.59472823143005 266.51770019531
71.868431091309 0.083548463881016 266.73062133789
72.725875854492 -0.40602213144302 266.93621826172
73.587875366211 -0.88856273889542 267.1393737793
74.450744628906 -1.3697218894958 267.34210205078
75.325393676758 -1.831916809082 267.5383605957
76.197875976562 -2.29767370224 267.73580932617
77.084129333496 -2.740184545517 267.92529296875
77.971130371094 -3.1813728809357 268.11434936523
78.866424560547 -3.6077170372009 268.29830932617
79.753158569336 -4.0494046211243 268.48745727539
80.64168548584 -4.4879055023193 268.67559814453
81.537559509277 -4.9131727218628 268.85919189453
82.432846069336 -5.3395247459412 269.04318237305
83.322525024414 -5.7760000228882 269.23059082031
84.234184265137 -6.1710224151611 269.40377807617
85.146003723145 -6.5657477378845 269.57681274414
86.064575195312 -6.946638584137 269.74505615234
86.986587524414 -7.3202614784241 269.91079711914
67.306953430176 4.3095073699951 264.72470092773
68.208396911621 3.5195369720459 264.93212890625
69.214454650879 2.8591969013214 265.11135864258
70.273162841797 2.2821552753448 265.27416992188
71.374122619629 1.7858816385269 265.42327880859
72.480133056641 1.3012121915817 265.57315063477
73.586860656738 0.8225359916687 265.73638916016
74.693702697754 0.35174450278282 265.9201965332
75.773773193359 -0.17429652810097 266.11340332031
76.837135314941 -0.73591995239258 266.29904174805
77.898071289062 -1.3052892684937 266.47430419922
78.997505187988 -1.8012901544571 266.63510131836
80.098487854004 -2.2967145442963 266.7861328125
81.212448120117 -2.7842171192169 266.83163452148
82.328086853027 -3.2682611942291 266.87265014648
83.45133972168 -3.7356827259064 266.89248657227
84.593574523926 -4.1546397209167 266.87286376953
85.74405670166 -4.5488367080688 266.83285522461
86.872932434082 -4.9996266365051 266.77777099609
87.983322143555 -5.4927978515625 266.7112121582
89.107666015625 -5.9535717964172 266.64669799805
90.248596191406 -6.3720169067383 266.58493041992
91.389572143555 -6.7901344299316 266.52261352539
92.542266845703 -7.1250576972961 266.3232421875
93.693618774414 -7.4486227035522 266.0989074707
67.269737243652 4.7285494804382 265.57568359375
68.214797973633 4.0665392875671 266.08319091797
69.273338317871 3.4887964725494 266.45181274414
70.372688293457 2.9571692943573 266.76666259766
71.490768432617 2.4437675476074 267.04351806641
72.621963500977 1.9376561641693 267.27731323242
73.752410888672 1.4371826648712 267.52624511719
74.881706237793 0.91829788684845 267.74041748047
76.009376525879 0.39214706420898 267.94515991211
77.13313293457 -0.13793760538101 268.16098022461
78.265174865723 -0.64606612920761 268.38607788086
79.40860748291 -1.1210677623749 268.62518310547
80.568351745605 -1.526260972023 268.91012573242
81.725120544434 -1.9579676389694 269.16683959961
82.884635925293 -2.3649590015411 269.44985961914
84.048042297363 -2.6958203315735 269.80679321289
85.224380493164 -2.9835312366486 270.15869140625
86.405799865723 -3.2482714653015 270.51165771484
87.591003417969 -3.5094320774078 270.85443115234
88.776992797852 -3.7674667835236 271.19683837891
89.955551147461 -4.0088596343994 271.57513427734
91.149917602539 -4.2010064125061 271.93148803711
92.341285705566 -4.3565640449524 272.31469726562
93.524223327637 -4.4916014671326 272.73031616211
94.633583068848 -4.7160568237305 273.28649902344
