65.591621398926 4.3892483711243 274.71243286133
74.082534790039 2.8326072692871 276.20501708984
76.871368408203 5.752224445343 273.38842773438
75.705101013184 6.4144620895386 278.73181152344
65.889015197754 4.2443513870239 274.78311157227
66.208106994629 4.1510381698608 274.84631347656
66.519729614258 4.0370759963989 274.91265869141
66.835845947266 3.9349863529205 274.97723388672
67.157531738281 3.850044965744 275.0390625
67.479423522949 3.7658038139343 275.10076904297
67.805480957031 3.6971793174744 275.15991210938
68.130508422852 3.6243846416473 275.2197265625
68.458045959473 3.5621354579926 275.27774047852
68.784057617188 3.4932951927185 275.33685302734
69.110992431641 3.4283828735352 275.39538574219
69.440979003906 3.3783056735992 275.45126342773
69.770385742188 3.3251638412476 275.50769042969
70.098236083984 3.2644004821777 275.56549072266
70.428657531738 3.2167530059814 275.62091064453
70.760284423828 3.1765234470367 275.67498779297
71.09171295166 3.1350076198578 275.72937011719
71.419250488281 3.0728394985199 275.7873840332
71.752906799316 3.0486612319946 275.83843994141
72.08528137207 3.013688325882 275.8916015625
72.417251586914 2.975821018219 275.94528198242
72.748588562012 2.9337568283081 275.99975585938
73.082275390625 2.9099090099335 276.05078125
73.41463470459 2.8748543262482 276.10397338867
73.748588562012 2.8537309169769 276.15447998047
65.960906982422 4.4512176513672 274.47760009766
66.397132873535 4.3476824760437 274.47689819336
66.827293395996 4.224413394928 274.47302246094
67.27392578125 4.220648765564 274.43405151367
67.718536376953 4.2400193214417 274.37991333008
68.166023254395 4.2662792205811 274.36962890625
68.613792419434 4.2638850212097 274.3466796875
69.058082580566 4.3218693733215 274.32922363281
69.500610351562 4.392285823822 274.31295776367
69.943984985352 4.446551322937 274.27404785156
70.389587402344 4.4918832778931 274.25347900391
70.833381652832 4.5533094406128 274.23580932617
71.271018981934 4.6219058036804 274.16799926758
71.707000732422 4.693133354187 274.09118652344
72.150390625 4.7535624504089 274.07177734375
72.595390319824 4.8072466850281 274.05950927734
73.034332275391 4.8432922363281 273.97616577148
73.473526000977 4.9332160949707 273.97940063477
73.916160583496 5.0039310455322 273.96841430664
74.355987548828 5.042546749115 273.89111328125
74.791725158691 5.1354155540466 273.84222412109
75.221496582031 5.2268991470337 273.75338745117
75.637557983398 5.3912801742554 273.73336791992
76.063201904297 5.5192341804504 273.68099975586
76.463386535645 5.6007008552551 273.4963684082
65.935417175293 4.4917736053467 274.95788574219
66.340591430664 4.4743647575378 275.11459350586
66.741508483887 4.4777474403381 275.28274536133
67.149276733398 4.5109434127808 275.42977905273
67.560516357422 4.5610818862915 275.56161499023
67.976432800293 4.6133737564087 275.67694091797
68.391593933105 4.6565237045288 275.79858398438
68.805953979492 4.6998171806335 275.92291259766
69.218925476074 4.7548599243164 276.04718017578
69.625480651855 4.8082084655762 276.19158935547
70.035301208496 4.8783416748047 276.31848144531
70.456184387207 4.9584093093872 276.39050292969
70.86083984375 5.067467212677 276.50482177734
71.230209350586 5.1228966712952 276.72549438477
71.643394470215 5.1854615211487 276.8424987793
72.058654785156 5.2392930984497 276.95944213867
72.450813293457 5.3077754974365 277.1340637207
72.862533569336 5.4078350067139 277.2314453125
73.257606506348 5.5328526496887 277.36297607422
73.64656829834 5.6300735473633 277.53109741211
74.025001525879 5.7584438323975 277.70233154297
74.429908752441 5.8470969200134 277.83337402344
74.845565795898 5.9432768821716 277.91683959961
75.212509155273 6.0893096923828 278.09722900391
75.487648010254 6.2403440475464 278.39801025391
