60.359340667725 4.6193232536316 272.84057617188
79.253288269043 -1.7318394184113 271.75347900391
78.810569763184 0.64242726564407 271.05395507812
79.002418518066 0.23728094995022 273.26470947266
60.877662658691 4.0472593307495 272.7643737793
61.515857696533 3.6103546619415 272.70169067383
62.181632995605 3.2160873413086 272.64343261719
62.870746612549 2.8634445667267 272.58972167969
63.579853057861 2.5522816181183 272.54040527344
64.303909301758 2.2769689559937 272.49502563477
65.035995483398 2.0233681201935 272.45205688477
65.775337219238 1.7913292646408 272.41143798828
66.516677856445 1.5656110048294 272.37152099609
67.259117126465 1.343474984169 272.33197021484
68.002998352051 1.1261267662048 272.29299926758
68.751136779785 0.92358487844467 272.25570678711
69.499610900879 0.72226226329803 272.2184753418
70.246505737305 0.51531428098679 272.1806640625
70.998558044434 0.32751244306564 272.14495849609
71.751533508301 0.143364995718 272.10968017578
72.500907897949 -0.054647918790579 272.07290649414
73.251342773438 -0.24866919219494 272.03649902344
74.005386352539 -0.42848759889603 272.0016784668
74.763008117676 -0.59293341636658 271.96859741211
75.520576477051 -0.75759524106979 271.93551635742
76.278900146484 -0.91885232925415 271.90283203125
77.038032531738 -1.0763255357742 271.87051391602
77.801345825195 -1.2126650810242 271.84066772461
78.552879333496 -1.4018123149872 271.80477905273
61.019889831543 4.4479870796204 272.56896972656
61.682281494141 4.1801199913025 272.39880371094
62.359420776367 3.9418683052063 272.24331665039
63.049404144287 3.7300734519958 272.10723876953
63.773803710938 3.6088042259216 272.10687255859
64.486206054688 3.4311182498932 272.08737182617
65.194412231445 3.2375800609589 272.0661315918
65.903465270996 3.0470192432404 272.04620361328
66.610816955566 2.8586084842682 271.98608398438
67.318168640137 2.670202255249 271.92590332031
68.031890869141 2.5020890235901 271.8835144043
68.746788024902 2.3381061553955 271.84469604492
69.454627990723 2.1997051239014 271.7060546875
70.170936584473 2.0405120849609 271.67489624023
70.885963439941 1.8733105659485 271.69061279297
71.604774475098 1.7417850494385 271.61672973633
72.32364654541 1.6126453876495 271.53915405273
73.044891357422 1.4796149730682 271.49960327148
73.766143798828 1.3465769290924 271.46008300781
74.481597900391 1.1830257177353 271.48873901367
75.20238494873 1.04383456707 271.46551513672
75.923446655273 0.93756258487701 271.37469482422
76.648513793945 0.83256483078003 271.32263183594
77.375640869141 0.72929507493973 271.31301879883
78.096328735352 0.61947268247604 271.22366333008
61.058937072754 4.3854403495789 272.90466308594
61.763294219971 4.1642189025879 272.96105957031
62.458293914795 3.9159874916077 273.02102661133
63.1438331604 3.6435008049011 273.08444213867
63.842967987061 3.4035265445709 273.12756347656
64.542823791504 3.1653180122375 273.16879272461
65.261009216309 2.9865112304688 273.14788818359
65.979293823242 2.8080110549927 273.12664794922
66.69847869873 2.6341247558594 273.09881591797
67.420860290527 2.4831840991974 273.03872680664
68.143264770508 2.3324296474457 272.97833251953
68.85619354248 2.1481711864471 273.05456542969
69.565231323242 1.9589799642563 273.15310668945
70.290946960449 1.8124655485153 273.15371704102
71.017311096191 1.6688303947449 273.15231323242
71.743431091309 1.5248500108719 273.16854858398
72.468765258789 1.3776013851166 273.18966674805
73.191268920898 1.2198079824448 273.22610473633
73.913734436035 1.061879992485 273.26275634766
74.639068603516 0.91467136144638 273.28402709961
75.367721557617 0.78317803144455 273.28295898438
76.09642791748 0.65192812681198 273.28155517578
76.826347351074 0.52791786193848 273.27239990234
77.556457519531 0.41203328967094 273.23080444336
78.282073974609 0.31812584400177 273.11767578125
