71.149269104004 -3.6676478385925 268.40139770508
77.129264831543 2.5219020843506 275.68359375
79.289497375488 -1.9744244813919 273.01315307617
78.740676879883 2.89936876297 270.18991088867
71.09693145752 -3.4567251205444 268.78680419922
71.18433380127 -3.2158989906311 269.14794921875
71.322486877441 -2.9704880714417 269.48974609375
71.482536315918 -2.7242221832275 269.82119750977
71.669418334961 -2.4779396057129 270.13830566406
71.859313964844 -2.2317399978638 270.45370483398
72.063507080078 -1.9860986471176 270.7604675293
72.280944824219 -1.7413010597229 271.05868530273
72.504127502441 -1.4969772100449 271.35302734375
72.734527587891 -1.2533459663391 271.64233398438
72.975387573242 -1.0109045505524 271.92404174805
73.225761413574 -0.76976251602173 272.19845581055
73.488021850586 -0.53049486875534 272.46322631836
73.743141174316 -0.29006722569466 272.73388671875
73.999229431152 -0.049799304455519 273.00375366211
74.252006530762 0.191007360816 273.27627563477
74.523391723633 0.42854803800583 273.53329467773
74.793281555176 0.66638267040253 273.79162597656
75.072662353516 0.90224379301071 274.04156494141
75.338432312012 1.1408658027649 274.30340576172
75.607849121094 1.3787833452225 274.56216430664
75.892333984375 1.6134933233261 274.8073425293
76.179550170898 1.8475306034088 275.04998779297
76.472831726074 2.0800564289093 275.28674316406
76.791725158691 2.3046898841858 275.49642944336
71.317932128906 -3.6798219680786 268.73397827148
71.520683288574 -3.5707128047943 269.02478027344
71.827346801758 -3.4075877666473 269.16116333008
72.118194580078 -3.2875525951385 269.36212158203
72.382789611816 -3.1938564777374 269.60906982422
72.662704467773 -3.0887975692749 269.83337402344
72.965469360352 -2.9865620136261 270.02752685547
73.279228210449 -2.8900198936462 270.20660400391
73.600944519043 -2.8034410476685 270.37637329102
73.927307128906 -2.73885846138 270.54681396484
74.263534545898 -2.7139346599579 270.70816040039
74.605934143066 -2.7250010967255 270.85757446289
74.946418762207 -2.6858355998993 271.00671386719
75.27473449707 -2.6065351963043 271.16708374023
75.612426757812 -2.5520205497742 271.3180847168
75.945892333984 -2.5191226005554 271.48400878906
76.285087585449 -2.4663376808167 271.63235473633
76.624252319336 -2.422199010849 271.7834777832
76.959129333496 -2.4037628173828 271.94873046875
77.288688659668 -2.3479497432709 272.11639404297
77.62474822998 -2.3178911209106 272.27767944336
77.957618713379 -2.2749688625336 272.44241333008
78.279541015625 -2.1736388206482 272.603515625
78.601150512695 -2.0499954223633 272.74884033203
78.938262939453 -1.9631620645523 272.88525390625
71.292724609375 -3.319953918457 268.55364990234
71.514450073242 -3.051281452179 268.76168823242
71.770904541016 -2.7942118644714 268.9426574707
72.050582885742 -2.5530414581299 269.11068725586
72.363883972168 -2.3354313373566 269.24847412109
72.650779724121 -2.074827671051 269.36752319336
72.915466308594 -1.7929881811142 269.49038696289
73.21248626709 -1.5287762880325 269.56936645508
73.523071289062 -1.2851941585541 269.66287231445
73.818908691406 -1.0200366973877 269.74444580078
74.122169494629 -0.75375640392303 269.78244018555
74.439071655273 -0.50082296133041 269.79174804688
74.767669677734 -0.26300904154778 269.7995300293
75.063423156738 0.013014009222388 269.81286621094
75.353652954102 0.29643514752388 269.82098388672
75.662406921387 0.55815410614014 269.84317016602
75.971069335938 0.82092082500458 269.85864257812
76.294876098633 1.0464208126068 269.93768310547
76.619773864746 1.276783823967 270.01071166992
76.852546691895 1.5971953868866 270.02209472656
77.12085723877 1.7798840999603 270.20715332031
77.476661682129 1.9237724542618 270.31274414062
77.832214355469 2.1154007911682 270.28442382812
78.176582336426 2.3284022808075 270.29467773438
78.454956054688 2.6122252941132 270.21362304688
