34.950836181641 -34.95548248291 354.83666992188
76.427093505859 16.619209289551 329.9118347168
74.150932312012 17.074384689331 322.34008789062
72.114585876465 22.921398162842 330.86511230469
37.578907012939 -34.351123809814 355.15585327148
40.134910583496 -33.122814178467 355.03103637695
42.613384246826 -31.749992370605 354.80276489258
44.979740142822 -30.226919174194 354.38903808594
47.250652313232 -28.605346679688 353.85705566406
49.460380554199 -26.920637130737 353.24926757812
51.576259613037 -25.167192459106 352.51699829102
53.566287994385 -23.323341369629 351.66387939453
55.459190368652 -21.410184860229 350.74740600586
57.252223968506 -19.418516159058 349.79580688477
58.882015228271 -17.324207305908 348.77420043945
60.363971710205 -15.164120674133 347.67144775391
61.700386047363 -12.949368476868 346.49127197266
62.95397567749 -10.68409538269 345.31341552734
64.191955566406 -8.4348945617676 344.08905029297
65.400680541992 -6.1766605377197 342.85238647461
66.577728271484 -3.9145882129669 341.59265136719
67.711051940918 -1.6598255634308 340.28070068359
68.818321228027 0.57848250865936 338.91903686523
69.890251159668 2.8594274520874 337.60040283203
70.975845336914 5.1534481048584 336.31637573242
72.066223144531 7.4549684524536 335.04962158203
73.151931762695 9.7584753036499 333.78256225586
74.271453857422 12.050805091858 332.52459716797
75.385269165039 14.344314575195 331.26373291016
37.311702728271 -33.754814147949 353.64761352539
39.850845336914 -32.402038574219 353.21640014648
42.262908935547 -30.871181488037 352.66577148438
44.572860717773 -29.224702835083 352.01858520508
46.801406860352 -27.483568191528 351.3342590332
48.984153747559 -25.694597244263 350.62841796875
50.985198974609 -23.76371383667 349.77182006836
52.945426940918 -21.814601898193 348.8639831543
54.79817199707 -19.798938751221 347.87976074219
56.463527679443 -17.676549911499 346.78964233398
58.110061645508 -15.561988830566 345.65658569336
59.693824768066 -13.39524936676 344.53262329102
61.257976531982 -11.237462997437 343.365234375
62.648571014404 -8.9999532699585 342.13052368164
63.860900878906 -6.7689967155457 340.70944213867
65.010032653809 -4.5259075164795 339.25534057617
66.103302001953 -2.2739229202271 337.77221679688
67.132194519043 -0.018453674390912 336.24884033203
68.157569885254 2.231440782547 334.71493530273
69.18017578125 4.4404244422913 333.12084960938
70.180000305176 6.6738767623901 331.54656982422
71.122146606445 8.8512077331543 329.86193847656
72.122825622559 11.046534538269 328.23541259766
73.012794494629 13.236655235291 326.53912353516
73.684959411621 15.291743278503 324.59210205078
37.04536819458 -32.953227996826 354.93109130859
39.473567962646 -31.410459518433 354.53854370117
41.844310760498 -29.783241271973 354.13815307617
44.095664978027 -28.038547515869 353.57424926758
46.293704986572 -26.242456436157 352.96368408203
48.419326782227 -24.399988174438 352.2444152832
50.459159851074 -22.473260879517 351.49887084961
52.340923309326 -20.450428009033 350.60595703125
54.113090515137 -18.358770370483 349.64956665039
55.778102874756 -16.203989028931 348.64193725586
57.382396697998 -14.017297744751 347.60498046875
59.018642425537 -11.823553085327 346.63510131836
60.559635162354 -9.5630178451538 345.66354370117
61.861362457275 -7.2667212486267 344.45404052734
63.022422790527 -4.9031200408936 343.2311706543
63.992362976074 -2.4903769493103 341.93939208984
64.938003540039 -0.080218702554703 340.62503051758
65.837188720703 2.3819642066956 339.37612915039
66.81615447998 4.8689112663269 338.24145507812
67.78199005127 7.3277430534363 337.03643798828
68.69970703125 9.8239879608154 335.87139892578
69.655090332031 12.349120140076 334.80288696289
70.565391540527 14.875061035156 333.6975402832
71.317832946777 17.47504234314 332.64651489258
71.962020874023 20.157468795776 331.74081420898
