91.049522399902 20.092203140259 318.63409423828
93.877174377441 6.3949556350708 340.50085449219
83.271469116211 -3.8482441902161 332.9638671875
98.148445129395 -0.22969594597816 329.39743041992
91.239624023438 20.588417053223 319.63195800781
91.384338378906 20.899383544922 320.70434570312
91.506965637207 21.130331039429 321.80108642578
91.572250366211 21.181238174438 322.92858886719
91.687164306641 21.104219436646 324.04821777344
91.816535949707 20.979349136353 325.16387939453
91.94702911377 20.756315231323 326.26446533203
92.091461181641 20.476936340332 327.34875488281
92.249069213867 20.142389297485 328.41708374023
92.36979675293 19.775684356689 329.47964477539
92.483283996582 19.349025726318 330.51864624023
92.592338562012 18.835805892944 331.51773071289
92.707305908203 18.218721389771 332.4580078125
92.783065795898 17.534210205078 333.35314941406
92.850997924805 16.823871612549 334.22955322266
92.975410461426 16.051727294922 335.0458984375
93.109642028809 15.23609161377 335.81372070312
93.255844116211 14.367409706116 336.52233886719
93.365127563477 13.463760375977 337.19024658203
93.444190979004 12.531489372253 337.82485961914
93.537933349609 11.567853927612 338.40710449219
93.622108459473 10.587622642517 338.9631652832
93.649742126465 9.5968456268311 339.50695800781
93.788383483887 8.5695009231567 339.95330810547
93.887428283691 7.5076160430908 340.30087280273
90.665924072266 19.696880340576 319.69024658203
90.374114990234 19.599750518799 320.85739135742
90.132507324219 19.276075363159 321.9772644043
89.946273803711 18.763122558594 323.04885864258
89.893493652344 18.034887313843 324.00726318359
89.478744506836 17.216999053955 324.79205322266
89.233192443848 16.236217498779 325.40386962891
89.004837036133 15.369064331055 326.19320678711
88.761756896973 14.54150390625 327.0368347168
88.616165161133 13.624172210693 327.80764770508
88.439277648926 12.634243965149 328.45559692383
88.224639892578 11.556733131409 328.95532226562
87.981231689453 10.48303604126 329.44973754883
87.688339233398 9.3833293914795 329.8381652832
87.369178771973 8.2980823516846 330.23547363281
87.064842224121 7.2693614959717 330.77938842773
86.797386169434 6.1218295097351 331.04107666016
86.502082824707 5.0348138809204 331.46685791016
86.172622680664 3.9260976314545 331.78295898438
85.776069641113 2.8128113746643 332.00967407227
85.268745422363 1.7610505819321 332.31506347656
84.800109863281 0.68674284219742 332.5544128418
84.488174438477 -0.47890618443489 332.52615356445
84.126930236816 -1.6221508979797 332.58963012695
83.699195861816 -2.7351975440979 332.77676391602
91.522682189941 19.813327789307 319.48263549805
91.995849609375 19.534454345703 320.33120727539
92.469009399414 19.255578994751 321.17974853516
92.915222167969 18.870056152344 321.99682617188
93.346588134766 18.398546218872 322.77386474609
93.768165588379 17.746467590332 323.42098999023
93.975234985352 16.897411346436 323.84954833984
94.062156677246 15.938022613525 324.15563964844
94.366348266602 15.193853378296 324.72677612305
94.671356201172 14.461857795715 325.34808349609
94.919914245605 13.683890342712 325.9436340332
95.042770385742 12.722364425659 326.2008972168
95.227493286133 11.81872177124 326.55081176758
95.530227661133 11.035551071167 327.09664916992
95.62565612793 10.039138793945 327.23718261719
95.783355712891 9.0580463409424 327.41256713867
95.985740661621 8.1071071624756 327.66879272461
96.198455810547 7.2137866020203 328.09118652344
96.643218994141 6.4649300575256 328.57110595703
97.027320861816 5.634286403656 328.96859741211
97.29808807373 4.7060585021973 329.21508789062
97.489624023438 3.7150025367737 329.26626586914
97.663017272949 2.7231495380402 329.33065795898
97.691253662109 1.7127987146378 329.33981323242
97.799407958984 0.71804583072662 329.35681152344
