61.274299621582 -7.1097888946533 279.84313964844
71.760322570801 7.6909656524658 287.07769775391
74.048629760742 2.3045058250427 289.63330078125
75.054946899414 5.0320715904236 282.6159362793
61.507392883301 -6.4502730369568 280.12362670898
61.850681304932 -5.8413529396057 280.40548706055
62.185516357422 -5.2278275489807 280.6875
62.533809661865 -4.6217188835144 280.96926879883
62.87389755249 -4.0110464096069 281.25119018555
63.235046386719 -3.4123301506042 281.53256225586
63.610019683838 -2.8219239711761 281.81338500977
64.011543273926 -2.2485544681549 282.09283447266
64.41593170166 -1.6770976781845 282.37210083008
64.826011657715 -1.1095193624496 282.65093994141
65.244026184082 -0.5474699139595 282.92919921875
65.647232055664 0.024773117154837 283.20855712891
66.052207946777 0.59584575891495 283.48773193359
66.456771850586 1.167174577713 283.76696777344
66.870658874512 1.7321091890335 284.04556274414
67.297737121582 2.2876918315887 284.32305908203
67.727722167969 2.8411173820496 284.60037231445
68.160423278809 3.3925292491913 284.87747192383
68.580635070801 3.9530491828918 285.15551757812
69.010322570801 4.506697177887 285.43283081055
69.447044372559 5.0551338195801 285.70953369141
69.881698608398 5.6051092147827 285.98645019531
70.336875915527 6.1393032073975 286.26123046875
70.781959533691 6.681384563446 286.53713989258
71.248901367188 7.2060165405273 286.81063842773
61.479221343994 -6.8830180168152 280.49752807617
61.921039581299 -6.4447479248047 280.87533569336
62.383636474609 -6.026439666748 281.25088500977
62.870300292969 -5.6184191703796 281.60681152344
63.372688293457 -5.2035689353943 281.93167114258
63.8756980896 -4.7733464241028 282.23474121094
64.411056518555 -4.3676242828369 282.51541137695
64.915390014648 -3.9325175285339 282.80926513672
65.403419494629 -3.4958996772766 283.12744140625
65.890068054199 -3.0753076076508 283.4684753418
66.392936706543 -2.6633825302124 283.79632568359
66.910026550293 -2.2594900131226 284.11181640625
67.413154602051 -1.8430173397064 284.43350219727
67.906555175781 -1.4161913394928 284.75665283203
68.390350341797 -0.97932946681976 285.08062744141
68.898895263672 -0.62151324748993 285.45932006836
69.406066894531 -0.27365592122078 285.84881591797
69.852890014648 0.075299195945263 286.30529785156
70.404853820801 0.36476990580559 286.68154907227
70.936752319336 0.68639433383942 287.06063842773
71.447631835938 1.0161035060883 287.46105957031
71.950157165527 1.3347903490067 287.88055419922
72.445442199707 1.6498899459839 288.31118774414
72.956497192383 1.925398349762 288.75039672852
73.502769470215 2.084990978241 289.20443725586
61.658599853516 -6.5523161888123 279.59951782227
62.162578582764 -6.037802696228 279.67916870117
62.67533493042 -5.5516843795776 279.84158325195
63.186950683594 -5.0635199546814 280.00100708008
63.712547302246 -4.6041369438171 280.19677734375
64.239601135254 -4.1474776268005 280.39486694336
64.768829345703 -3.6814815998077 280.56332397461
65.297134399414 -3.2145578861237 280.73208618164
65.81916809082 -2.7462339401245 280.91583251953
66.341217041016 -2.2779185771942 281.09957885742
66.863822937012 -1.8098957538605 281.28247070312
67.390777587891 -1.3482648134232 281.46905517578
67.926383972168 -0.90097844600677 281.66571044922
68.447227478027 -0.43397203087807 281.85607910156
68.960342407227 0.044278733432293 282.03924560547
69.468193054199 0.54774463176727 282.15835571289
70.018547058105 1.0115346908569 282.24563598633
70.595832824707 1.4453339576721 282.31021118164
71.173118591309 1.8791316747665 282.37484741211
71.731689453125 2.3367400169373 282.43963623047
72.278968811035 2.8078005313873 282.50448608398
72.822929382324 3.2848391532898 282.55081176758
73.281730651855 3.8352868556976 282.65969848633
73.78857421875 4.3474998474121 282.73834228516
74.40047454834 4.7353601455688 282.71203613281
