70.684722900391 -5.4775156974792 267.86184692383
79.387855529785 2.8960680961609 273.13790893555
82.737869262695 -0.13125060498714 274.45642089844
82.351745605469 3.1531419754028 269.46017456055
70.576263427734 -5.0577540397644 268.15734863281
70.676574707031 -4.6304659843445 268.44616699219
70.830528259277 -4.2127962112427 268.72528076172
71.03288269043 -3.8082904815674 268.99258422852
71.298851013184 -3.4282209873199 269.23937988281
71.595252990723 -3.0633184909821 269.47409057617
71.91552734375 -2.7120134830475 269.69793701172
72.248634338379 -2.3687987327576 269.91555786133
72.585159301758 -2.0278291702271 270.13140869141
72.940559387207 -1.6999832391739 270.33712768555
73.309844970703 -1.3827217817307 270.53482055664
73.685539245605 -1.070573925972 270.72854614258
74.064033508301 -0.76077246665955 270.92056274414
74.455711364746 -0.46232378482819 271.10394287109
74.856773376465 -0.17255343496799 271.28085327148
75.25952911377 0.11561363190413 271.45651245117
75.672409057617 0.39374035596848 271.62469482422
76.096862792969 0.65952801704407 271.78375244141
76.512229919434 0.93510061502457 271.95004272461
76.923606872559 1.2147669792175 272.11935424805
77.341491699219 1.4876683950424 272.28366088867
77.74698638916 1.7731887102127 272.45736694336
78.154373168945 2.0568377971649 272.62966918945
78.556747436523 2.3453326225281 272.8056640625
78.973571777344 2.6193680763245 272.97082519531
71.05818939209 -5.2956714630127 268.25335693359
71.323829650879 -4.9229125976562 268.5908203125
71.786239624023 -4.7099738121033 268.85638427734
72.22550201416 -4.4248833656311 269.09307861328
72.661888122559 -4.1324992179871 269.326171875
73.106140136719 -3.8544218540192 269.56130981445
73.576873779297 -3.6280152797699 269.80075073242
74.050651550293 -3.3808150291443 270.01205444336
74.525619506836 -3.1194024085999 270.20263671875
75.001686096191 -2.8627858161926 270.39697265625
75.479614257812 -2.6150164604187 270.59802246094
75.961380004883 -2.3887348175049 270.81466674805
76.445617675781 -2.1814470291138 271.04431152344
76.93334197998 -2.0055282115936 271.29217529297
77.423049926758 -1.8347682952881 271.53970336914
77.924194335938 -1.6661497354507 271.76483154297
78.426391601562 -1.5100445747375 271.99649047852
78.92951965332 -1.3786877393723 272.24111938477
79.421997070312 -1.2324079275131 272.49862670898
79.900245666504 -1.0685033798218 272.77178955078
80.399398803711 -0.95789551734924 273.0341796875
80.904220581055 -0.81446814537048 273.26834106445
81.407752990723 -0.65605092048645 273.4953918457
81.866592407227 -0.47987866401672 273.79318237305
82.30948638916 -0.31044653058052 274.11782836914
70.930709838867 -4.9711375236511 267.92819213867
71.22257232666 -4.5518832206726 268.17202758789
71.603080749512 -4.1291489601135 268.21185302734
72.04125213623 -3.7885358333588 268.35134887695
72.48851776123 -3.465318441391 268.50207519531
72.964958190918 -3.1792278289795 268.63873291016
73.442817687988 -2.8977193832397 268.779296875
73.924354553223 -2.6403024196625 268.95071411133
74.404792785645 -2.3789134025574 269.11810302734
74.873435974121 -2.0746207237244 269.24172973633
75.339683532715 -1.7628272771835 269.35525512695
75.812065124512 -1.4533350467682 269.44784545898
76.287948608398 -1.1448061466217 269.52331542969
76.762100219727 -0.82549625635147 269.5505065918
77.235748291016 -0.50496500730515 269.57080078125
77.708465576172 -0.1823848336935 269.57040405273
78.181144714355 0.14023423194885 269.56726074219
78.656883239746 0.45833876729012 269.56814575195
79.131317138672 0.7783910036087 269.56719970703
79.60408782959 1.1008710861206 269.56463623047
80.069175720215 1.4343112707138 269.55892944336
80.534202575684 1.7678333520889 269.55319213867
80.996269226074 2.1054253578186 269.54650878906
81.457138061523 2.4446165561676 269.53909301758
81.916435241699 2.7836236953735 269.49868774414
