60.635848999023 -6.2651319503784 271.28106689453
66.063636779785 2.6662499904633 274.4319152832
69.858673095703 -0.88137447834015 279.01181030273
72.363204956055 0.66774618625641 271.10565185547
60.527088165283 -5.8451747894287 271.33547973633
60.510444641113 -5.4156694412231 271.41546630859
60.555011749268 -4.9911756515503 271.51022338867
60.633457183838 -4.5733695030212 271.61245727539
60.75023651123 -4.1666164398193 271.72235107422
60.884872436523 -3.7663395404816 271.83554077148
61.049987792969 -3.3792219161987 271.95404052734
61.228565216064 -2.9988143444061 272.07470703125
61.430046081543 -2.6311435699463 272.19876098633
61.634227752686 -2.2650849819183 272.32318115234
61.851097106934 -1.9070105552673 272.44931030273
62.082122802734 -1.5585465431213 272.57723999023
62.315353393555 -1.2116487026215 272.70541381836
62.56217956543 -0.8748596906662 272.83511352539
62.811477661133 -0.53999692201614 272.96502685547
63.073699951172 -0.21565164625645 273.09619140625
63.342063903809 0.1033942848444 273.22793579102
63.617321014404 0.41626879572868 273.36026000977
63.902313232422 0.71999043226242 273.49328613281
64.191131591797 1.0199844837189 273.62652587891
64.477752685547 1.3221274614334 273.75964355469
64.791427612305 1.5954331159592 273.89410400391
65.096633911133 1.8783370256424 274.02819824219
65.407386779785 2.1549997329712 274.16256713867
65.733001708984 2.413863658905 274.29721069336
60.809909820557 -6.0405678749084 271.70849609375
60.983890533447 -5.6157612800598 271.94973754883
61.217029571533 -5.2306118011475 272.19281005859
61.597637176514 -5.0713696479797 272.50680541992
62.001224517822 -4.8875937461853 272.7746887207
62.359756469727 -4.6242184638977 273.04150390625
62.717231750488 -4.3620910644531 273.31076049805
63.059673309326 -4.1177372932434 273.61428833008
63.400199890137 -3.8768863677979 273.92272949219
63.752334594727 -3.6466233730316 274.22619628906
64.116310119629 -3.4273653030396 274.52377319336
64.480484008789 -3.2001340389252 274.81506347656
64.8447265625 -2.9600117206573 275.09573364258
65.209312438965 -2.7203712463379 275.37634277344
65.587501525879 -2.4986453056335 275.65371704102
65.967216491699 -2.2798066139221 275.93118286133
66.33479309082 -2.0992150306702 276.24960327148
66.698440551758 -1.929437994957 276.57827758789
67.099456787109 -1.773651599884 276.8681640625
67.500602722168 -1.6226720809937 277.16040039062
67.87931060791 -1.4884489774704 277.48852539062
68.292556762695 -1.3496086597443 277.76962280273
68.726699829102 -1.2064846754074 278.01483154297
69.114715576172 -1.0597957372665 278.326171875
69.529502868652 -0.94860517978668 278.61712646484
60.937316894531 -5.8720026016235 271.09796142578
61.153137207031 -5.3902034759521 271.18914794922
61.491302490234 -4.9804272651672 271.20288085938
61.965702056885 -4.7283563613892 271.21054077148
62.419525146484 -4.441011428833 271.22998046875
62.873008728027 -4.1531171798706 271.24905395508
63.322620391846 -3.8590309619904 271.26382446289
63.762901306152 -3.5507671833038 271.26861572266
64.204475402832 -3.2444770336151 271.27435302734
64.659797668457 -2.9593570232391 271.29025268555
65.12279510498 -2.687371969223 271.3132019043
65.575035095215 -2.398167848587 271.33978271484
66.015853881836 -2.0921232700348 271.36996459961
66.457870483398 -1.7878512144089 271.39926147461
66.917587280273 -1.5098102092743 271.41516113281
67.382667541504 -1.2408134937286 271.42712402344
67.866981506348 -1.0077582597733 271.43103027344
68.355506896973 -0.7836502790451 271.43417358398
68.850196838379 -0.57346886396408 271.43365478516
69.34162902832 -0.35602486133575 271.42874145508
69.848762512207 -0.18032842874527 271.40054321289
70.347511291504 0.020010929554701 271.40417480469
70.843246459961 0.22678025066853 271.41445922852
71.349899291992 0.37376889586449 271.3115234375
71.856552124023 0.52075755596161 271.20858764648
