62.732200622559 -6.0400891304016 271.66168212891
71.858276367188 2.3314943313599 273.22662353516
72.240882873535 0.45783534646034 276.56127929688
73.284851074219 -0.60305923223495 271.59912109375
62.82483291626 -5.55894947052 271.60470581055
63.002819061279 -5.0994248390198 271.58074951172
63.221508026123 -4.6572856903076 271.57379150391
63.488483428955 -4.2426362037659 271.58837890625
63.776615142822 -3.842894077301 271.61285400391
64.088195800781 -3.4620358943939 271.64880371094
64.410743713379 -3.0910270214081 271.69027709961
64.75528717041 -2.741884469986 271.74331665039
65.10774230957 -2.401398897171 271.80056762695
65.467292785645 -2.069132566452 271.86178588867
65.837005615234 -1.7493542432785 271.92877197266
66.214210510254 -1.4394233226776 272.00006103516
66.599624633789 -1.1409717798233 272.07629394531
66.983306884766 -0.84004354476929 272.15148925781
67.377662658691 -0.55502945184708 272.23324584961
67.772033691406 -0.27003768086433 272.31497192383
68.17259979248 0.0049815205857158 272.40063476562
68.579780578613 0.26865583658218 272.49069213867
68.983688354492 0.53803211450577 272.57855224609
69.387100219727 0.80827867984772 272.66607666016
69.790428161621 1.0786479711533 272.75357055664
70.193130493164 1.3500790596008 272.84063720703
70.598159790039 1.6175390481949 272.92922973633
71.006973266602 1.8783081769943 273.02035522461
71.426246643066 2.1190614700317 273.11871337891
63.002464294434 -5.6855120658875 271.8581237793
63.360504150391 -5.3599972724915 271.91088867188
63.7880859375 -5.1669583320618 272.0119934082
64.119049072266 -4.9041056632996 272.25744628906
64.469161987305 -4.6218056678772 272.43664550781
64.848823547363 -4.3354349136353 272.54962158203
65.231887817383 -4.0438423156738 272.63482666016
65.616401672363 -3.7567701339722 272.7278137207
66.002937316895 -3.4760239124298 272.83169555664
66.386734008789 -3.2093105316162 272.97387695312
66.76513671875 -2.9424140453339 273.1305847168
67.137794494629 -2.6759860515594 273.3010559082
67.508186340332 -2.4123480319977 273.48086547852
67.876289367676 -2.1676750183105 273.6891784668
68.243881225586 -1.9271963834763 273.90383911133
68.622344970703 -1.6925667524338 274.10534667969
69.00511932373 -1.460256934166 274.30166625977
69.392967224121 -1.237713932991 274.49923706055
69.771492004395 -1.0204325914383 274.71737670898
70.130897521973 -0.80701553821564 274.9709777832
70.47891998291 -0.57600271701813 275.22485351562
70.822769165039 -0.34244823455811 275.48220825195
71.176849365234 -0.12876880168915 275.74151611328
71.546195983887 0.05764240026474 276.00189208984
71.900161743164 0.25720575451851 276.27374267578
63.077835083008 -5.7335743904114 271.67764282227
63.439342498779 -5.4640536308289 271.78607177734
63.818809509277 -5.2323160171509 271.86248779297
64.221954345703 -5.0212931632996 271.84298706055
64.606826782227 -4.7630820274353 271.84393310547
64.987182617188 -4.5001254081726 271.87942504883
65.369918823242 -4.2409739494324 271.916015625
65.763008117676 -3.998387336731 271.95742797852
66.156623840332 -3.7567405700684 271.9992980957
66.550888061523 -3.5162584781647 272.0417175293
66.945419311523 -3.2753789424896 272.07849121094
67.340347290039 -3.0335621833801 272.10269165039
67.735107421875 -2.7902953624725 272.11071777344
68.140647888184 -2.5664269924164 272.11572265625
68.561950683594 -2.3743526935577 272.11087036133
68.989768981934 -2.1996791362762 272.09521484375
69.395454406738 -1.9757709503174 272.09805297852
69.818008422852 -1.786024928093 272.07522583008
70.244606018066 -1.60462641716 272.06304931641
70.672500610352 -1.4274092912674 272.04040527344
71.104133605957 -1.2679289579391 271.98550415039
71.541465759277 -1.1325930356979 271.91244506836
71.979591369629 -0.9992196559906 271.83938598633
72.424682617188 -0.88384449481964 271.78137207031
72.851837158203 -0.71754848957062 271.71368408203
