23.182922363281 6.9456467628479 333.64321899414
187.89109802246 -141.13439941406 518.37908935547
217.84350585938 -126.76773834229 491.02374267578
205.19944763184 -101.83344268799 529.83642578125
26.165311813354 -0.98078233003616 340.82653808594
32.077087402344 -7.0727686882019 348.02575683594
38.368286132812 -12.845289230347 355.16714477539
44.798416137695 -18.494966506958 362.28308105469
51.240123748779 -24.134288787842 369.3967590332
57.681591033936 -29.773777008057 376.51049804688
64.071929931641 -35.458976745605 383.63397216797
70.511711120605 -41.099994659424 390.748046875
76.976860046387 -46.718189239502 397.85717773438
83.482429504395 -52.299789428711 404.95822143555
89.895332336426 -57.964897155762 412.0774230957
96.299369812012 -63.637897491455 419.19833374023
102.72019958496 -69.295875549316 426.31607055664
109.19705963135 -74.90340423584 433.42282104492
115.38796234131 -80.762748718262 440.58120727539
121.60176849365 -86.601486206055 447.73519897461
128.3639831543 -91.943740844727 454.78015136719
134.7574005127 -97.626251220703 461.90301513672
141.19006347656 -103.27354431152 469.01843261719
147.31811523438 -109.18640899658 476.18682861328
153.67694091797 -114.89958190918 483.3161315918
160.06034851074 -120.59090423584 490.44094848633
166.54705810547 -126.18962860107 497.54577636719
173.29959106445 -131.5412902832 504.59310913086
180.33427429199 -136.61614990234 511.56866455078
31.690748214722 2.0794453620911 338.49508666992
39.768497467041 -2.1906218528748 344.505859375
47.7243309021 -6.6804790496826 350.51910400391
55.537437438965 -11.189075469971 356.70306396484
63.256511688232 -15.742935180664 362.97137451172
70.861946105957 -20.350131988525 369.33883666992
78.463005065918 -25.041284561157 375.64996337891
86.063545227051 -29.740728378296 381.95556640625
93.616035461426 -34.609409332275 388.19009399414
101.13958740234 -39.575359344482 394.38275146484
108.48540496826 -44.60631942749 400.73425292969
115.83957672119 -49.690029144287 407.0339050293
123.23292541504 -54.928493499756 413.1584777832
130.58619689941 -60.214218139648 419.29067993164
137.88288879395 -65.565727233887 425.43341064453
145.36273193359 -70.727508544922 431.51791381836
152.76544189453 -75.702102661133 437.84771728516
160.21585083008 -81.01668548584 443.83599853516
167.59034729004 -86.680755615234 449.59344482422
174.80700683594 -92.501609802246 455.39437866211
181.85319519043 -98.509666442871 461.21395874023
188.97183227539 -104.42208862305 467.04336547852
196.44909667969 -109.67993164062 473.04803466797
203.30470275879 -115.8032913208 478.97381591797
210.12133789062 -121.40632629395 485.43533325195
30.578525543213 3.9608538150787 341.41641235352
38.293109893799 0.29849079251289 348.56481933594
45.298236846924 -3.8669965267181 356.15463256836
52.556083679199 -8.0569581985474 363.48916625977
60.162353515625 -12.185127258301 370.49841308594
67.359268188477 -16.623092651367 377.74664306641
74.890640258789 -20.940841674805 384.72259521484
82.352577209473 -25.276723861694 391.76162719727
90.045372009277 -29.531806945801 398.59854125977
97.56388092041 -33.797519683838 405.62023925781
104.94367218018 -37.91716003418 412.87249755859
112.11449432373 -42.188159942627 420.24584960938
118.9875869751 -46.545944213867 427.84838867188
125.68913269043 -50.987415313721 435.5549621582
132.3797454834 -55.442733764648 443.26303100586
139.17546081543 -59.804573059082 450.93255615234
145.97264099121 -64.163330078125 458.60247802734
152.51412963867 -68.647354125977 466.42114257812
159.0100402832 -73.079063415527 474.30731201172
165.35748291016 -77.345344543457 482.40280151367
171.58848571777 -81.845291137695 490.4621887207
178.18090820312 -85.984764099121 498.42666625977
184.87791442871 -90.374160766602 506.16693115234
191.53567504883 -94.916557312012 513.85260009766
198.10458374023 -99.546073913574 521.56237792969
