77.118698120117 -0.044840849936008 331.23739624023
45.977821350098 2.4764804840088 336.70700073242
45.865028381348 -0.97548985481262 330.95892333984
47.413612365723 -3.4787259101868 337.7141418457
76.646789550781 0.96052086353302 331.78112792969
75.611770629883 1.549102306366 332.2033996582
74.507736206055 2.0312461853027 332.58444213867
73.353790283203 2.417653799057 332.92669677734
72.184646606445 2.7673933506012 333.25360107422
70.97395324707 3.0007259845734 333.53073120117
69.73998260498 3.140682220459 333.76657104492
68.496139526367 3.2222018241882 333.9758605957
67.244506835938 3.2311854362488 334.15170288086
65.989959716797 3.1715488433838 334.29525756836
64.739723205566 3.0510451793671 334.4091796875
63.516632080078 2.7334949970245 334.42553710938
62.262672424316 2.6304090023041 334.54827880859
61.008415222168 2.5461914539337 334.68005371094
59.755760192871 2.5424282550812 334.85000610352
58.501724243164 2.508040189743 335.00549316406
57.25040435791 2.5238311290741 335.18450927734
55.997707366943 2.520005941391 335.35440063477
54.745170593262 2.518857717514 335.52548217773
53.492359161377 2.5130348205566 335.69445800781
52.240657806396 2.523904800415 335.87121582031
50.988620758057 2.530255317688 336.04580688477
49.73509979248 2.5097131729126 336.20782470703
48.48600769043 2.5500853061676 336.39825439453
47.231781005859 2.5066740512848 336.5495300293
75.948875427246 0.28765651583672 331.13204956055
74.767929077148 0.50826197862625 331.34802246094
73.558364868164 0.64727681875229 331.43536376953
72.340270996094 0.72204929590225 331.40808105469
71.122245788574 0.78389012813568 331.46020507812
69.904563903809 0.84808194637299 331.51733398438
68.688011169434 0.91881662607193 331.58874511719
67.468719482422 0.87898939847946 331.63162231445
66.255195617676 0.74886047840118 331.65548706055
65.042015075684 0.61769497394562 331.68884277344
63.825157165527 0.52082091569901 331.68557739258
62.606647491455 0.45671361684799 331.65008544922
61.39083480835 0.42842429876328 331.75552368164
60.17537689209 0.40077558159828 331.865234375
58.96036529541 0.37388476729393 331.97991943359
57.742961883545 0.33845442533493 332.06246948242
56.526351928711 0.25208720564842 332.11254882812
55.310665130615 0.14242438971996 332.09884643555
54.091381072998 0.11495162546635 332.04718017578
52.872303009033 0.091652236878872 331.98852539062
51.65198135376 0.071919441223145 332.01089477539
50.432014465332 0.042023606598377 331.98104858398
49.220779418945 -0.016842691227794 331.84161376953
48.021938323975 -0.1383484005928 331.64651489258
46.861843109131 -0.4207329750061 331.39315795898
76.113235473633 0.071554943919182 331.86279296875
74.962142944336 0.12497290968895 332.15866088867
73.80126953125 0.0096825938671827 332.39266967773
72.640678405762 -0.09170900285244 332.63436889648
71.477256774902 -0.14571377635002 332.87768554688
70.320167541504 -0.17402914166451 333.15338134766
69.15990447998 -0.26018926501274 333.40237426758
68.00016784668 -0.43088600039482 333.60586547852
66.833106994629 -0.41294255852699 333.83679199219
65.666618347168 -0.38085943460464 334.06890869141
64.499778747559 -0.48664656281471 334.2760925293
63.347053527832 -0.71847605705261 334.45819091797
62.198612213135 -0.97321027517319 334.63656616211
61.033550262451 -1.0053153038025 334.87585449219
59.862121582031 -1.0929214954376 335.06494140625
58.6953125 -1.2229784727097 335.25811767578
57.528644561768 -1.3369956016541 335.46200561523
56.359813690186 -1.4489424228668 335.65414428711
55.223045349121 -1.7351913452148 335.85781860352
54.053447723389 -1.7844498157501 336.07061767578
52.886142730713 -1.824526309967 336.29748535156
51.739971160889 -1.9620921611786 336.58563232422
50.610801696777 -2.2253704071045 336.85272216797
49.502082824707 -2.5336802005768 337.1549987793
48.390842437744 -2.8685779571533 337.41677856445
