59.459434509277 8.4294214248657 270.99981689453
66.87077331543 -3.8641815185547 269.0862121582
70.325561523438 -1.3686872720718 267.09881591797
69.853492736816 -3.711532831192 273.30786132812
59.367233276367 7.884072303772 270.84399414062
59.350280761719 7.3284749984741 270.69818115234
59.411956787109 6.7727479934692 270.56561279297
59.547924041748 6.2269306182861 270.44808959961
59.740203857422 5.6955165863037 270.34378051758
59.95259475708 5.1708292961121 270.24456787109
60.192707061768 4.6568379402161 270.15283203125
60.455097198486 4.1527605056763 270.06741333008
60.746742248535 3.6635630130768 269.99069213867
61.029918670654 3.1698317527771 269.91134643555
61.336711883545 2.6892428398132 269.83947753906
61.657314300537 2.217099905014 269.77203369141
61.99528503418 1.7564053535461 269.71044921875
62.336055755615 1.2976511716843 269.64990234375
62.706172943115 0.86087793111801 269.5998840332
63.054859161377 0.40775609016418 269.54208374023
63.426765441895 -0.027576411142945 269.49276733398
63.806205749512 -0.45667433738708 269.44631958008
64.183570861816 -0.88750952482224 269.39907836914
64.564292907715 -1.3155316114426 269.35314941406
64.954956054688 -1.7349025011063 269.31112670898
65.337333679199 -2.1615102291107 269.26580810547
65.710914611816 -2.5954668521881 269.21710205078
66.091903686523 -3.0232527256012 269.17126464844
66.482192993164 -3.4429678916931 269.12908935547
59.704330444336 8.0662698745728 270.66702270508
59.968627929688 7.56422996521 270.50747680664
60.311569213867 7.1307644844055 270.30401611328
60.683212280273 6.700306892395 270.15026855469
61.074699401855 6.2756309509277 270.03497314453
61.479988098145 5.856782913208 269.94488525391
61.890216827393 5.4442658424377 269.84866333008
62.304889678955 5.0374474525452 269.74691772461
62.722244262695 4.6362962722778 269.6354675293
63.145149230957 4.2468771934509 269.50387573242
63.577953338623 3.8695130348206 269.37255859375
64.04483795166 3.5336594581604 269.24206542969
64.506278991699 3.1906147003174 269.11151123047
64.95719909668 2.8336610794067 268.98086547852
65.40210723877 2.4827165603638 268.81900024414
65.844146728516 2.1346342563629 268.64224243164
66.285820007324 1.7822440862656 268.47372436523
66.726844787598 1.4221915006638 268.31985473633
67.167861938477 1.0621390342712 268.166015625
67.623603820801 0.72950565814972 267.99472045898
68.07787322998 0.39277768135071 267.82827758789
68.521690368652 0.031789366155863 267.68499755859
68.963073730469 -0.32829836010933 267.53244018555
69.403022766113 -0.68785786628723 267.37445068359
69.861442565918 -1.0308328866959 267.23391723633
59.637702941895 7.9104571342468 271.25247192383
59.829048156738 7.3363194465637 271.2428894043
60.219974517822 6.848548412323 271.2981262207
60.609897613525 6.3550548553467 271.31900024414
61.043251037598 5.8996386528015 271.34558105469
61.477977752686 5.4454255104065 271.3723449707
61.912586212158 4.9911198616028 271.39932250977
62.341152191162 4.531925201416 271.43783569336
62.769107818604 4.0732474327087 271.48657226562
63.196117401123 3.6147863864899 271.54550170898
63.606014251709 3.1396033763885 271.59237670898
64.016815185547 2.6655249595642 271.64233398438
64.429504394531 2.1963231563568 271.71240234375
64.844741821289 1.7347049713135 271.81488037109
65.260284423828 1.2736706733704 271.9186706543
65.678108215332 0.81700623035431 272.03219604492
66.09593963623 0.36034175753593 272.14572143555
66.515296936035 -0.092844255268574 272.2668762207
66.936645507812 -0.54153603315353 272.39785766602
67.357986450195 -0.99022787809372 272.52883911133
67.778160095215 -1.4404635429382 272.65826416016
68.197303771973 -1.8920857906342 272.78598022461
68.606346130371 -2.3573086261749 272.89669799805
69.015396118164 -2.8225312232971 273.00744628906
69.433174133301 -3.2696583271027 273.15264892578
