88.214920043945 -3.9985775947571 405.25888061523
102.16100311279 6.7702836990356 408.98095703125
104.45113372803 3.6519100666046 415.10311889648
107.26217651367 3.1237676143646 405.76638793945
88.206100463867 -3.2756626605988 405.20718383789
88.37419128418 -2.5833632946014 405.21398925781
88.671295166016 -1.9283480644226 405.26449584961
89.063270568848 -1.324514746666 405.34875488281
89.531265258789 -0.78319203853607 405.46148681641
90.029823303223 -0.27319347858429 405.58609008789
90.553581237793 0.20907384157181 405.72061157227
91.100662231445 0.66221559047699 405.86459350586
91.664337158203 1.0919636487961 406.01538085938
92.239410400391 1.5044881105423 406.17098999023
92.824348449707 1.9015531539917 406.3307800293
93.414848327637 2.2892949581146 406.49304199219
94.015823364258 2.6582956314087 406.65982055664
94.622337341309 3.0172493457794 406.82907104492
95.231285095215 3.3715407848358 406.99938964844
95.845504760742 3.7153885364532 407.17218017578
96.46696472168 4.0439248085022 407.34826660156
97.096031188965 4.3556771278381 407.52789306641
97.734771728516 4.6444549560547 407.71224975586
98.363075256348 4.9579877853394 407.89154052734
98.989074707031 5.2769370079041 408.06973266602
99.615394592285 5.5951132774353 408.24807739258
100.24848937988 5.8977484703064 408.42965698242
100.89437103271 6.1664986610413 408.61761474609
101.52925109863 6.4644756317139 408.80004882812
88.470664978027 -3.415335893631 405.72702026367
89.022476196289 -2.9136905670166 405.99642944336
89.591537475586 -2.5477013587952 406.419921875
90.183967590332 -2.1519393920898 406.78106689453
90.800148010254 -1.7768934965134 407.1233215332
91.451690673828 -1.4401968717575 407.43966674805
92.095260620117 -1.1190829277039 407.78732299805
92.736877441406 -0.80084353685379 408.14111328125
93.385467529297 -0.48815938830376 408.48687744141
94.020973205566 -0.17514500021935 408.85549926758
94.678115844727 0.14674891531467 409.17584228516
95.34546661377 0.4400939643383 409.50241088867
96.007316589355 0.71598100662231 409.85382080078
96.636596679688 1.0137680768967 410.24349975586
97.334434509277 1.2341190576553 410.56369018555
98.012031555176 1.4684414863586 410.91555786133
98.658210754395 1.7108408212662 411.31787109375
99.298004150391 1.9476633071899 411.73345947266
99.948883056641 2.1713345050812 412.1389465332
100.61420440674 2.3663241863251 412.53573608398
101.26411437988 2.5720021724701 412.95217895508
101.89268493652 2.7986876964569 413.38995361328
102.52680969238 3.0203323364258 413.82229614258
103.16107177734 3.2417669296265 414.25454711914
103.80401611328 3.4500820636749 414.68041992188
88.653518676758 -3.3697862625122 405.04248046875
89.205574035645 -2.8149256706238 404.90295410156
89.903587341309 -2.4433038234711 404.80554199219
90.603408813477 -2.0630548000336 404.78326416016
91.332183837891 -1.7408680915833 404.79818725586
92.060188293457 -1.4190225601196 404.83673095703
92.799766540527 -1.1291980743408 404.9013671875
93.544876098633 -0.85483402013779 404.96844482422
94.276214599609 -0.54001241922379 404.99426269531
95.024833679199 -0.28816267848015 405.09963989258
95.764289855957 0.0045239492319524 405.15158081055
96.50170135498 0.30428814888 405.19039916992
97.24528503418 0.58623969554901 405.24279785156
97.993919372559 0.85321563482285 405.29998779297
98.752319335938 1.0729153156281 405.40814208984
99.517890930176 1.2779424190521 405.49176025391
100.28875732422 1.4747506380081 405.53851318359
101.06303405762 1.6600834131241 405.57470703125
101.84061431885 1.8285459280014 405.62106323242
102.61682128906 2.0064830780029 405.65270996094
103.39450836182 2.1791479587555 405.67614746094
104.17398834229 2.3409123420715 405.71350097656
104.94647979736 2.535893201828 405.73309326172
105.70903015137 2.7674896717072 405.72808837891
106.48560333252 2.9456293582916 405.74725341797
