85.857696533203 -10.118336677551 403.42651367188
94.653335571289 3.9509518146515 409.95693969727
100.15453338623 0.59076702594757 414.04849243164
100.1533203125 3.5055541992188 406.13372802734
85.887580871582 -9.472469329834 403.66741943359
86.087684631348 -8.8629522323608 403.92178344727
86.372055053711 -8.2880048751831 404.17681884766
86.680290222168 -7.7251863479614 404.43121337891
87.005813598633 -7.1718411445618 404.68487548828
87.3388671875 -6.6228008270264 404.93807983398
87.688941955566 -6.0839686393738 405.19024658203
88.041717529297 -5.5468091964722 405.44226074219
88.401954650879 -5.014374256134 405.69372558594
88.757957458496 -4.4792394638062 405.94549560547
89.125122070312 -3.9512922763824 406.19641113281
89.472129821777 -3.4105789661407 406.44876098633
89.850677490234 -2.8902668952942 406.69869995117
90.211479187012 -2.3581790924072 406.95010375977
90.567390441895 -1.8229827880859 407.20184326172
90.951866149902 -1.3067698478699 407.45123291016
91.309494018555 -0.77266150712967 407.7028503418
91.669891357422 -0.24031253159046 407.95428466797
92.03092956543 0.291612803936 408.20568847656
92.402420043945 0.81670182943344 408.45623779297
92.766075134277 1.3469460010529 408.70739746094
93.142433166504 1.8687559366226 408.95755004883
93.520111083984 2.3896780014038 409.20748901367
93.870361328125 2.9284038543701 409.4596862793
94.258735656738 3.4419028759003 409.70861816406
86.114051818848 -9.6759014129639 404.04876708984
86.611907958984 -9.1718063354492 404.43347167969
87.152397155762 -8.7235403060913 404.82965087891
87.676109313965 -8.2483282089233 405.21685791016
88.212112426758 -7.7655200958252 405.5768737793
88.753776550293 -7.2860269546509 405.93286132812
89.284996032715 -6.813729763031 406.31335449219
89.831298828125 -6.3345737457275 406.66262817383
90.378921508789 -5.8701901435852 407.02932739258
90.916694641113 -5.4267702102661 407.43460083008
91.45597076416 -4.9945883750916 407.84985351562
92.005416870117 -4.5714726448059 408.26107788086
92.559143066406 -4.1576404571533 408.67602539062
93.115875244141 -3.7500076293945 409.0930480957
93.671455383301 -3.3370714187622 409.50640869141
94.23063659668 -2.933741569519 409.92434692383
94.79460144043 -2.5435643196106 410.34829711914
95.395141601562 -2.1980865001678 410.76065063477
95.990196228027 -1.8502331972122 411.17892456055
96.581756591797 -1.500751376152 411.60076904297
97.141258239746 -1.1465402841568 412.06069946289
97.69841003418 -0.79224562644958 412.52340698242
98.24649810791 -0.43917909264565 412.99774169922
98.840393066406 -0.013314703479409 413.3381652832
99.486328125 0.31654062867165 413.69024658203
86.28816986084 -9.4830884933472 403.37069702148
86.759689331055 -8.8949460983276 403.52911376953
87.270332336426 -8.3430223464966 403.6965637207
87.800170898438 -7.8068065643311 403.8551940918
88.339828491211 -7.2838735580444 404.02462768555
88.886894226074 -6.7781090736389 404.21987915039
89.397216796875 -6.2159514427185 404.34979248047
89.950096130371 -5.6999001502991 404.49621582031
90.506927490234 -5.1881566047668 404.64279174805
91.067092895508 -4.6800818443298 404.78942871094
91.634620666504 -4.1793222427368 404.93286132812
92.212249755859 -3.6861634254456 405.0615234375
92.787269592285 -3.1824820041656 405.15676879883
93.35221862793 -2.6643621921539 405.23303222656
93.904663085938 -2.132331609726 405.30487060547
94.478332519531 -1.6249965429306 405.38818359375
95.059143066406 -1.1261148452759 405.47302246094
95.626480102539 -0.61168724298477 405.55624389648
96.207374572754 -0.11104086786509 405.62927246094
96.806854248047 0.36847728490829 405.69345092773
97.402938842773 0.85308802127838 405.75048828125
98.005172729492 1.3330388069153 405.76852416992
98.52660369873 1.8906522989273 405.87145996094
99.102058410645 2.4000282287598 405.9245300293
99.643775939941 2.9404053688049 406.01373291016
