18.770095825195 -1.3101437091827 -23.412000656128
-0.2039470076561 14.12146282196 -11.777940750122
-7.4803924560547 12.723846435547 -18.276351928711
-8.5100078582764 7.6603970527649 -9.2824926376343
19.290716171265 -0.46290785074234 -22.888221740723
19.233066558838 0.48253652453423 -22.256744384766
19.033020019531 1.4099997282028 -21.626710891724
18.743797302246 2.3179557323456 -21.003059387207
18.360668182373 3.1985282897949 -20.390663146973
17.901323318481 4.0512108802795 -19.791166305542
17.382146835327 4.8779706954956 -19.204458236694
16.791896820068 5.6691527366638 -18.636127471924
16.136310577393 6.4224157333374 -18.088144302368
15.426827430725 7.1398811340332 -17.559944152832
14.641902923584 7.799964427948 -17.064268112183
13.810303688049 8.4190683364868 -16.592338562012
12.937773704529 8.9980897903442 -16.143995285034
12.027066230774 9.5355138778687 -15.72043132782
11.083176612854 10.032706260681 -15.321122169495
10.102618217468 10.479950904846 -14.952248573303
9.0890169143677 10.875691413879 -14.615111351013
8.050820350647 11.227571487427 -14.305264472961
6.9911332130432 11.535820007324 -14.022787094116
5.9233980178833 11.825523376465 -13.752021789551
4.9045548439026 12.212450027466 -13.420347213745
3.8789322376251 12.587532997131 -13.096039772034
2.8580491542816 12.970940589905 -12.766551017761
1.8371244668961 13.354267120361 -12.437107086182
0.8264068365097 13.754898071289 -12.096950531006
18.061470031738 -0.48355722427368 -23.284370422363
17.477035522461 0.30302280187607 -22.627630233765
16.945283889771 1.3235046863556 -22.262798309326
16.187940597534 2.1934678554535 -21.894691467285
15.373289108276 3.0025384426117 -21.514686584473
14.499808311462 3.7492105960846 -21.139865875244
13.558703422546 4.4242577552795 -20.786964416504
12.54098033905 4.9711470603943 -20.441061019897
11.484129905701 5.4525880813599 -20.098733901978
10.373594284058 5.8202748298645 -19.789554595947
9.2583637237549 6.1785025596619 -19.48547744751
8.2748107910156 6.8734040260315 -19.360412597656
7.2449240684509 7.4772343635559 -19.209281921387
6.1409177780151 7.9353775978088 -19.016458511353
5.0206913948059 8.3486261367798 -18.822931289673
3.8807315826416 8.70725440979 -18.628549575806
2.7593388557434 9.1419019699097 -18.495044708252
1.64104783535 9.5892496109009 -18.371706008911
0.49641236662865 9.9375905990601 -18.195970535278
-0.65516859292984 10.259830474854 -18.006420135498
-1.7979387044907 10.651634216309 -18.041990280151
-2.9398837089539 11.049954414368 -18.09864616394
-4.0726566314697 11.472832679749 -18.160495758057
-5.2057042121887 11.89576625824 -18.215488433838
-6.3430485725403 12.30980682373 -18.245920181274
18.341913223267 -0.90117657184601 -22.310131072998
17.875392913818 -0.043420735746622 -21.490900039673
17.091564178467 0.70240300893784 -20.809213638306
16.233110427856 1.3567425012589 -20.124801635742
15.272266387939 1.9639436006546 -19.535760879517
14.256391525269 2.5299782752991 -18.99828338623
13.251016616821 3.0860600471497 -18.432012557983
12.211626052856 3.5997610092163 -17.896461486816
11.093403816223 4.0418705940247 -17.45442199707
9.9658803939819 4.4711713790894 -17.023687362671
8.8378734588623 4.8917684555054 -16.587413787842
7.7506413459778 5.257333278656 -16.016826629639
6.6487946510315 5.6172389984131 -15.479749679565
5.4483866691589 5.9389843940735 -15.168652534485
4.2935218811035 6.2156891822815 -14.704431533813
3.1642813682556 6.467052936554 -14.154056549072
1.9645195007324 6.7422814369202 -13.818524360657
0.74631708860397 7.0237498283386 -13.539171218872
-0.37767714262009 7.1714763641357 -12.970622062683
-1.4831355810165 7.2760977745056 -12.332806587219
-2.6255097389221 7.3678359985352 -11.760229110718
-3.7700619697571 7.4579820632935 -11.191823005676
-4.9206624031067 7.5437078475952 -10.63500213623
-6.087438583374 7.6129117012024 -10.115572929382
-7.2987232208252 7.6366543769836 -9.6990327835083
