66.493957519531 -1.8188844919205 268.16326904297
83.354156494141 4.2013087272644 270.71090698242
84.823638916016 3.0030033588409 273.04364013672
84.515174865723 2.3062529563904 269.69149780273
66.943542480469 -1.279483795166 268.16967773438
67.509178161621 -0.86339849233627 268.22036743164
68.100318908691 -0.48606997728348 268.28265380859
68.709739685059 -0.14088247716427 268.35403442383
69.339111328125 0.16379944980145 268.43615722656
69.983840942383 0.43169486522675 268.52746582031
70.634147644043 0.6844829916954 268.62237548828
71.287139892578 0.92951041460037 268.71911621094
71.944610595703 1.1609140634537 268.81903076172
72.60408782959 1.3859174251556 268.92037963867
73.265716552734 1.6037406921387 269.02334594727
73.92650604248 1.8243991136551 269.12567138672
74.589385986328 2.0379292964935 269.22958374023
75.254486083984 2.2434689998627 269.33526611328
75.924209594727 2.4310643672943 269.44488525391
76.59986114502 2.5925185680389 269.55990600586
77.266883850098 2.7907140254974 269.66717529297
77.941352844238 2.9578201770782 269.78106689453
78.615631103516 3.1258139610291 269.89477539062
79.292274475098 3.2823071479797 270.01083374023
79.96800994873 3.4433443546295 270.1259765625
80.640762329102 3.6182763576508 270.23825073242
81.313453674316 3.7934761047363 270.35046386719
81.991073608398 3.944887638092 270.46752929688
82.673774719238 4.0655570030212 270.59066772461
67.101547241211 -1.4651684761047 268.45010375977
67.781349182129 -1.1835955381393 268.63766479492
68.469299316406 -0.91454029083252 268.8134765625
69.166351318359 -0.66050416231155 268.97525024414
69.867431640625 -0.41194224357605 269.12780761719
70.573394775391 -0.17040912806988 269.26873779297
71.27864074707 0.06929174810648 269.41622924805
71.983604431152 0.30119162797928 269.57690429688
72.695335388184 0.51426750421524 269.73379516602
73.422225952148 0.69465512037277 269.85900878906
74.143737792969 0.88428974151611 270.00054931641
74.85693359375 1.0775562524796 270.17541503906
75.571868896484 1.2620972394943 270.35256958008
76.294883728027 1.4290164709091 270.51373291016
77.024436950684 1.5802066326141 270.66027832031
77.741020202637 1.7506679296494 270.8447265625
78.470001220703 1.8945146799088 271.00112915039
79.198234558105 2.029464006424 271.16860961914
79.936904907227 2.1259782314301 271.31567382812
80.677169799805 2.2078924179077 271.4635925293
81.414825439453 2.2864174842834 271.62567138672
82.145973205566 2.3571598529816 271.81802368164
82.857711791992 2.4673733711243 272.05853271484
83.552352905273 2.6000671386719 272.33499145508
84.228240966797 2.7457025051117 272.64892578125
67.150550842285 -1.531653881073 268.11602783203
67.818969726562 -1.2691607475281 268.10299682617
68.4990234375 -1.0403424501419 268.13500976562
69.179008483887 -0.81146734952927 268.16796875
69.857002258301 -0.58419454097748 268.23522949219
70.53182220459 -0.34673193097115 268.29916381836
71.206916809082 -0.10645462572575 268.34780883789
71.895042419434 0.090818002820015 268.40621948242
72.582992553711 0.27832168340683 268.49234008789
73.270797729492 0.46422842144966 268.58297729492
73.957153320312 0.65241086483002 268.67971801758
74.645118713379 0.83703905344009 268.77172851562
75.344856262207 0.99168485403061 268.81948852539
76.044044494629 1.1417821645737 268.88629150391
76.742202758789 1.2879143953323 268.97033691406
77.439964294434 1.4322658777237 269.06060791016
78.139556884766 1.5769734382629 269.13464355469
78.841766357422 1.7056007385254 269.21340942383
79.545631408691 1.8171361684799 269.302734375
80.249649047852 1.918114066124 269.40283203125
80.959037780762 2.0081036090851 269.46994018555
81.668403625488 2.0572545528412 269.57089233398
82.378646850586 2.0790781974792 269.67541503906
83.094749450684 2.1164953708649 269.71548461914
83.808479309082 2.1905946731567 269.74609375
