70.389511108398 3.5146901607513 269.01382446289
75.980049133301 -2.9542012214661 267.61911010742
79.145545959473 -0.63886290788651 265.07705688477
77.323348999023 -2.2396419048309 271.2141418457
70.357147216797 3.1977210044861 268.88204956055
70.420829772949 2.878039598465 268.76907348633
70.51676940918 2.563481092453 268.66482543945
70.645011901855 2.2573752403259 268.5705871582
70.79662322998 1.9597549438477 268.48458862305
70.986953735352 1.6808079481125 268.41387939453
71.175338745117 1.4007443189621 268.34237670898
71.374496459961 1.1270446777344 268.27563476562
71.594566345215 0.86747616529465 268.21884155273
71.810859680176 0.60525852441788 268.16015625
72.053855895996 0.36444297432899 268.11547851562
72.302101135254 0.1285038292408 268.07376098633
72.539924621582 -0.11686908453703 268.02618408203
72.783950805664 -0.35673865675926 267.98205566406
73.035995483398 -0.58902209997177 267.94262695312
73.29118347168 -0.81815421581268 267.90509033203
73.555908203125 -1.0371494293213 267.87347412109
73.825538635254 -1.2505354881287 267.84512329102
74.093933105469 -1.4653514623642 267.81594848633
74.371704101562 -1.668729186058 267.7932434082
74.656455993652 -1.8627543449402 267.7756652832
74.928779602051 -2.0729224681854 267.74911499023
75.207405090332 -2.2751910686493 267.72702026367
75.473678588867 -2.4924459457397 267.69641113281
75.734367370605 -2.7158424854279 267.66226196289
70.586585998535 3.2502777576447 268.77239990234
70.833953857422 2.9402120113373 268.67388916016
71.147621154785 2.7017455101013 268.56539916992
71.470199584961 2.483015537262 268.4423828125
71.798568725586 2.2758281230927 268.31484985352
72.154830932617 2.102653503418 268.21423339844
72.505569458008 1.9239739179611 268.10424804688
72.855033874512 1.7441586256027 267.99212646484
73.198875427246 1.5761781930923 267.8486328125
73.541343688965 1.4086626768112 267.70135498047
73.879577636719 1.2334141731262 267.55331420898
74.221832275391 1.0673366785049 267.40393066406
74.567665100098 0.90991908311844 267.25338745117
74.928321838379 0.78258866071701 267.109375
75.291511535645 0.66567403078079 266.96286010742
75.651496887207 0.55099552869797 266.80700683594
75.996910095215 0.42393243312836 266.62930297852
76.348297119141 0.28603357076645 266.47262573242
76.696136474609 0.1455621868372 266.31042480469
77.04118347168 0.0053818048909307 266.14208984375
77.385726928711 -0.13000895082951 265.96890258789
77.720428466797 -0.26594495773315 265.77777099609
78.0556640625 -0.38706558942795 265.57781982422
78.420532226562 -0.45523995161057 265.40676879883
78.782760620117 -0.55075639486313 265.24337768555
70.552429199219 3.2046895027161 269.11505126953
70.667007446289 2.8738570213318 269.0085144043
70.861595153809 2.5844683647156 269.00051879883
71.13818359375 2.381927728653 269.10763549805
71.387252807617 2.1201136112213 269.15335083008
71.674774169922 1.9010922908783 269.21142578125
71.963394165039 1.6847234964371 269.27395629883
72.255126953125 1.4724549055099 269.33529663086
72.558456420898 1.2773438692093 269.39770507812
72.868896484375 1.0926852226257 269.4573059082
73.175483703613 0.90285420417786 269.51840209961
73.463500976562 0.6885312795639 269.59005737305
73.746887207031 0.46804124116898 269.66116333008
74.022804260254 0.24011027812958 269.73666381836
74.305931091309 0.03347497433424 269.84216308594
74.591026306152 -0.16268074512482 269.96130371094
74.877326965332 -0.34629514813423 270.0966796875
75.161819458008 -0.53914999961853 270.22229003906
75.440704345703 -0.75290793180466 270.32501220703
75.717460632324 -0.96825522184372 270.43002319336
75.9931640625 -1.1750684976578 270.55325317383
76.263549804688 -1.3727384805679 270.70095825195
76.518966674805 -1.5810225009918 270.86010742188
76.786178588867 -1.7997378110886 270.9817199707
77.054763793945 -2.0196926593781 271.09790039062
