71.534278869629 -1.3066025972366 267.44546508789
77.296020507812 1.022628068924 269.84365844727
79.008834838867 -0.013580723665655 268.75128173828
77.795501708984 1.904873251915 268.04904174805
71.668960571289 -1.2135915756226 267.64788818359
71.849998474121 -1.1178473234177 267.80883789062
72.039291381836 -1.0222313404083 267.96005249023
72.238754272461 -0.92714482545853 268.09796142578
72.445602416992 -0.83272463083267 268.22500610352
72.65592956543 -0.73873764276505 268.34658813477
72.867118835449 -0.64486640691757 268.46670532227
73.08349609375 -0.55182278156281 268.57794189453
73.302101135254 -0.45920380949974 268.68505859375
73.526145935059 -0.36780017614365 268.78146362305
73.746520996094 -0.27554294466972 268.88522338867
73.973426818848 -0.18490460515022 268.97546386719
74.202705383301 -0.095022059977055 269.06030273438
74.432281494141 -0.0052208267152309 269.14443969727
74.661331176758 0.084741532802582 269.22979736328
74.895492553711 0.17282904684544 269.30230712891
75.132049560547 0.25983101129532 269.36801147461
75.370094299316 0.34607005119324 269.42919921875
75.607925415039 0.43243059515953 269.49102783203
75.845977783203 0.51867151260376 269.55218505859
76.086059570312 0.60374802350998 269.60665893555
76.328330993652 0.68736755847931 269.65313720703
76.571189880371 0.77053809165955 269.697265625
76.812942504883 0.85452097654343 269.74572753906
77.056159973145 0.93741494417191 269.78842163086
71.795974731445 -1.269628405571 267.59069824219
72.058311462402 -1.2096087932587 267.72680664062
72.301116943359 -1.0516484975815 267.81030273438
72.573539733887 -0.97347146272659 267.91305541992
72.855857849121 -0.99148142337799 268.01721191406
73.143363952637 -0.93528831005096 268.08840942383
73.442108154297 -0.94003564119339 268.04864501953
73.737403869629 -0.89125746488571 268.08508300781
74.02848815918 -0.82026249170303 268.11935424805
74.320343017578 -0.75724333524704 268.16171264648
74.614097595215 -0.70915013551712 268.21011352539
74.905128479004 -0.63480573892593 268.23663330078
75.199478149414 -0.58119821548462 268.27432250977
75.492988586426 -0.5279575586319 268.3186340332
75.787155151367 -0.47564017772675 268.35958862305
76.080368041992 -0.41501435637474 268.39556884766
76.37329864502 -0.44426521658897 268.45907592773
76.670433044434 -0.44074833393097 268.51010131836
76.967948913574 -0.41992703080177 268.5546875
77.26587677002 -0.39272746443748 268.59268188477
77.56127166748 -0.33982801437378 268.6220703125
77.860061645508 -0.30918437242508 268.64868164062
78.157867431641 -0.26665264368057 268.66970825195
78.45491027832 -0.2230166643858 268.69812011719
78.748252868652 -0.16348376870155 268.73468017578
71.735542297363 -1.1338214874268 267.51629638672
71.936805725098 -0.96104872226715 267.58712768555
72.153594970703 -0.80422294139862 267.64855957031
72.402488708496 -0.69422036409378 267.68432617188
72.642051696777 -0.5684078335762 267.73065185547
72.86402130127 -0.41450726985931 267.77954101562
73.119010925293 -0.32221531867981 267.8203125
73.375793457031 -0.22981099784374 267.85021972656
73.632987976074 -0.13544416427612 267.86798095703
73.890533447266 -0.041055224835873 267.87954711914
74.149322509766 0.04746263846755 267.90316772461
74.405220031738 0.14101937413216 267.9367980957
74.657913208008 0.23990079760551 267.97842407227
74.914825439453 0.33577167987823 267.98672485352
75.170684814453 0.43399780988693 268.00262451172
75.41886138916 0.5481344461441 268.02926635742
75.656318664551 0.68238234519958 268.05950927734
75.887489318848 0.82913833856583 268.07855224609
76.128700256348 0.95988619327545 268.07824707031
76.351852416992 1.1191300153732 268.08251953125
76.58570098877 1.2626304626465 268.08499145508
76.827865600586 1.3909001350403 268.07067871094
77.075157165527 1.5097095966339 268.06149291992
77.321723937988 1.630383014679 268.05834960938
77.56534576416 1.756011724472 268.04388427734
