150.72874450684 17.093132019043 612.35900878906
152.54183959961 -12.347557067871 620.00219726562
145.6890411377 -32.114852905273 601.40588378906
171.72221374512 -28.086128234863 608.25262451172
150.3900604248 16.980403900146 613.54449462891
150.17481994629 16.319568634033 614.57208251953
150.0463104248 15.422600746155 615.41961669922
150.00392150879 14.358197212219 616.05706787109
150.00874328613 13.226586341858 616.56781005859
150.0433807373 12.061160087585 616.99462890625
150.09986877441 10.875192642212 617.35791015625
150.16610717773 9.6812343597412 617.69219970703
150.23867797852 8.4824857711792 618.00756835938
150.31698608398 7.2797145843506 618.3056640625
150.40972900391 6.0678687095642 618.55963134766
150.51304626465 4.850471496582 618.78094482422
150.61991882324 3.6314141750336 618.99108886719
150.74029541016 2.4070343971252 619.15863037109
150.8800201416 1.1777402162552 619.26348876953
151.00907897949 -0.049264166504145 619.40307617188
151.16036987305 -1.2798184156418 619.47003173828
151.29942321777 -2.508989572525 619.57727050781
151.44325256348 -3.7388846874237 619.66876220703
151.58152770996 -4.9679298400879 619.77844238281
151.72480773926 -6.1977529525757 619.87176513672
151.88098144531 -7.4284925460815 619.92248535156
152.0399017334 -8.6592302322388 619.96392822266
152.21687316895 -9.8880462646484 619.94409179688
152.39218139648 -11.117078781128 619.92987060547
149.76477050781 15.73614025116 613.44714355469
149.54983520508 13.802185058594 613.85009765625
149.51263427734 11.827574729919 613.55316162109
149.53732299805 9.859432220459 613.22180175781
149.34841918945 7.8788561820984 613.05804443359
149.11204528809 5.935432434082 612.66717529297
148.88642883301 3.9684951305389 612.43640136719
148.87396240234 2.0542652606964 611.86993408203
148.65905761719 0.13319520652294 611.36773681641
148.42016601562 -1.7924200296402 610.89984130859
148.41621398926 -3.721159696579 610.38220214844
148.29304504395 -5.6542420387268 609.89562988281
148.1999206543 -7.5701546669006 609.34008789062
147.98741149902 -9.4647665023804 608.74700927734
147.93263244629 -11.328249931335 608.03131103516
147.76306152344 -13.223271369934 607.42358398438
147.55891418457 -15.116597175598 606.82177734375
147.41400146484 -16.979707717896 606.11676025391
147.2880859375 -18.843919754028 605.41101074219
147.15283203125 -20.718946456909 604.73638916016
146.95799255371 -22.587566375732 604.05871582031
146.67166137695 -24.433015823364 603.35186767578
146.49674987793 -26.374897003174 602.91864013672
146.25415039062 -28.303064346313 602.45764160156
145.96290588379 -30.212594985962 601.94964599609
151.38673400879 15.834646224976 613.72454833984
151.81063842773 14.104273796082 614.53137207031
152.55183410645 12.283588409424 614.38000488281
153.24752807617 10.493502616882 613.95587158203
153.90913391113 8.642258644104 614.11090087891
154.68530273438 6.8303174972534 614.0302734375
155.46267700195 5.0186429023743 614.09112548828
156.14324951172 3.1711921691895 613.96026611328
156.91552734375 1.3583316802979 613.86254882812
157.76582336426 -0.4076047539711 613.63439941406
158.5993347168 -2.1674230098724 613.31500244141
159.39018249512 -3.9351773262024 612.93627929688
160.2271270752 -5.6928272247314 612.61541748047
161.15472412109 -7.4222235679626 612.41314697266
161.97346496582 -9.1786909103394 612.04095458984
162.79426574707 -10.928848266602 611.64447021484
163.64996337891 -12.653441429138 611.21130371094
164.50042724609 -14.386603355408 610.80279541016
165.38896179199 -16.101949691772 610.40014648438
166.28373718262 -17.800386428833 609.94323730469
167.14569091797 -19.510368347168 609.466796875
168.00619506836 -21.234130859375 609.0400390625
168.90930175781 -22.961881637573 608.73455810547
169.77731323242 -24.699392318726 608.3857421875
170.58590698242 -26.478912353516 608.11450195312
