94.358375549316 -11.940590858459 407.90823364258
96.314491271973 3.9865524768829 410.24536132812
101.28211212158 7.7566251754761 414.9704284668
102.82710266113 9.3501033782959 408.97967529297
93.871650695801 -11.476440429688 407.88671875
93.482025146484 -10.942204475403 407.89004516602
93.193481445312 -10.335004806519 407.9192199707
92.978240966797 -9.699330329895 407.96420288086
92.785179138184 -9.0570383071899 408.01364135742
92.619209289551 -8.4072303771973 408.06845092773
92.508079528809 -7.7471632957458 408.13360595703
92.433982849121 -7.0835571289062 408.20532226562
92.42115020752 -6.4158334732056 408.28765869141
92.454681396484 -5.7502980232239 408.37741088867
92.516319274902 -5.0873837471008 408.47143554688
92.627220153809 -4.431450843811 408.57269287109
92.76953125 -3.7826859951019 408.67819213867
92.935195922852 -3.1399879455566 408.78677368164
93.157875061035 -2.515625 408.90246582031
93.473724365234 -1.9421094655991 409.02709960938
93.859451293945 -1.4066269397736 409.15844726562
94.227172851562 -0.8582763671875 409.28842163086
94.572067260742 -0.2955316901207 409.41644287109
94.892730712891 0.28249052166939 409.54241943359
95.183326721191 0.87673074007034 409.66549682617
95.46125793457 1.4771593809128 409.78726196289
95.707206726074 2.0915815830231 409.90551757812
95.909637451172 2.7232384681702 410.01879882812
96.112060546875 3.3548955917358 410.13208007812
94.585975646973 -11.105193138123 408.10336303711
94.38826751709 -10.741501808167 408.71841430664
94.222373962402 -10.25256729126 409.24279785156
94.294456481934 -9.3960342407227 409.46398925781
94.523063659668 -8.5496158599854 409.5966796875
94.758750915527 -7.7036552429199 409.72540283203
95.007232666016 -6.8649935722351 409.87182617188
95.285316467285 -6.0432043075562 410.05917358398
95.56339263916 -5.22141456604 410.24652099609
95.83829498291 -4.40216588974 410.44833374023
96.109107971191 -3.5861871242523 410.66879272461
96.41512298584 -2.7843968868256 410.89437866211
96.742027282715 -2.0241348743439 411.19354248047
97.092933654785 -1.3385076522827 411.63461303711
97.443420410156 -0.59267336130142 411.95880126953
97.797264099121 0.16940540075302 412.2438659668
98.158378601074 0.93956291675568 412.49728393555
98.490692138672 1.7273102998734 412.73352050781
98.80924987793 2.5269482135773 412.94570922852
99.184425354004 3.3262207508087 413.03610229492
99.465072631836 4.0784339904785 413.38400268555
99.785087585449 4.7963533401489 413.78802490234
100.14569854736 5.5192413330078 414.14761352539
100.44701385498 6.2830591201782 414.48352050781
100.81391906738 7.0253701210022 414.78652954102
94.579231262207 -11.286829948425 407.34335327148
94.566276550293 -10.438800811768 407.0114440918
94.620040893555 -9.5427694320679 406.99176025391
94.731117248535 -8.6452474594116 407.07757568359
94.899017333984 -7.7601280212402 407.21115112305
95.066917419434 -6.8750081062317 407.3447265625
95.28426361084 -6.0015645027161 407.46148681641
95.599876403809 -5.1513195037842 407.54483032227
95.915481567383 -4.3010745048523 407.62817382812
96.231086730957 -3.4508295059204 407.71154785156
96.546691894531 -2.6005845069885 407.79489135742
96.853500366211 -1.7438229322433 407.8215637207
97.158752441406 -0.88590908050537 407.83819580078
97.578521728516 -0.094057328999043 407.9694519043
98.025596618652 0.68601095676422 408.1042175293
98.454223632812 1.4881935119629 408.15167236328
98.881790161133 2.2870538234711 408.22720336914
99.305671691895 3.074378490448 408.40017700195
99.703948974609 3.8741886615753 408.48168945312
100.05926513672 4.6980810165405 408.3723449707
100.50304412842 5.4897146224976 408.44876098633
100.93156433105 6.275758266449 408.61395263672
101.39292907715 7.0570731163025 408.69088745117
101.88815307617 7.8205547332764 408.71752929688
102.33029937744 8.6132802963257 408.78030395508
