2.0920927524567 -13.268060684204 -16.188554763794
-1.7931405305862 13.208385467529 -10.488869667053
6.8644161224365 2.5081725120544 -5.1681680679321
7.670431137085 5.2645354270935 -18.899833679199
0.90363740921021 -12.942024230957 -16.173095703125
-0.19902820885181 -12.407344818115 -16.107133865356
-1.2367837429047 -11.753023147583 -16.011461257935
-2.195981502533 -10.994870185852 -15.888936042786
-3.0611696243286 -10.131751060486 -15.738564491272
-3.8454234600067 -9.1963891983032 -15.568247795105
-4.5224747657776 -8.1848449707031 -15.375854492188
-5.1120767593384 -7.1240062713623 -15.168303489685
-5.5991053581238 -6.0165023803711 -14.945456504822
-6.0019817352295 -4.8760533332825 -14.711248397827
-6.3368630409241 -3.7163991928101 -14.469507217407
-6.5350661277771 -2.5269877910614 -14.214593887329
-6.5814146995544 -1.3248046636581 -13.949554443359
-6.5558271408081 -0.1227905601263 -13.681100845337
-6.4361147880554 1.0715599060059 -13.409834861755
-6.2136306762695 2.2511878013611 -13.136911392212
-5.8927087783813 3.408627986908 -12.864196777344
-5.4580416679382 4.5298185348511 -12.594084739685
-5.3485569953918 5.7242875099182 -12.323285102844
-5.1034851074219 6.8955674171448 -12.051133155823
-4.7730293273926 8.05113697052 -11.778377532959
-4.405113697052 9.1941995620728 -11.506604194641
-3.9379723072052 10.301453590393 -11.238031387329
-3.2995340824127 11.323637962341 -10.980154037476
-2.5741341114044 12.286309242249 -10.731334686279
1.7752553224564 -12.766137123108 -15.549834251404
1.2331742048264 -12.10613822937 -15.274428367615
0.69420039653778 -11.446365356445 -14.992818832397
0.16829152405262 -10.78754901886 -14.685117721558
-0.34345978498459 -10.11997795105 -14.375244140625
-0.76793593168259 -9.3984384536743 -14.051980018616
-1.1924121379852 -8.6768989562988 -13.728716850281
-1.3459665775299 -7.9038639068604 -13.367265701294
-1.3125536441803 -7.0952906608582 -12.979461669922
-1.0999594926834 -6.3488068580627 -12.577404022217
-0.68316030502319 -5.673083782196 -12.159103393555
-0.26350364089012 -5.00279712677 -11.736106872559
0.20287232100964 -4.4214034080505 -11.236332893372
0.66924828290939 -3.8400094509125 -10.736559867859
1.1781585216522 -3.2189092636108 -10.336249351501
1.6611627340317 -2.594254732132 -9.9105739593506
2.1331114768982 -1.9685010910034 -9.4735431671143
2.5996942520142 -1.3456581830978 -9.0283193588257
2.9921498298645 -0.76302927732468 -8.4699096679688
3.3846056461334 -0.18040040135384 -7.911500453949
3.9357237815857 0.26624152064323 -7.3788990974426
4.5581502914429 0.66000509262085 -6.8688144683838
5.2573156356812 1.1050763130188 -6.5278511047363
5.6817688941956 1.3791534900665 -5.7932925224304
6.3070712089539 1.8871260881424 -5.4571847915649
1.8451044559479 -12.504117965698 -16.518262863159
1.4519907236099 -11.749235153198 -16.661750793457
1.0258884429932 -11.003564834595 -16.785312652588
0.57880938053131 -10.272543907166 -16.923322677612
0.20226940512657 -9.5051488876343 -17.070915222168
-0.14635607600212 -8.7226858139038 -17.202312469482
-0.43924376368523 -7.9094481468201 -17.280925750732
-0.52194887399673 -7.0593700408936 -17.258913040161
-0.462686419487 -6.2028007507324 -17.285022735596
-0.3290086388588 -5.3586511611938 -17.436218261719
0.089015275239944 -4.629693031311 -17.455116271973
0.60747838020325 -3.9363992214203 -17.462144851685
1.096254825592 -3.2231748104095 -17.537818908691
1.6214505434036 -2.5377213954926 -17.62251663208
2.176167011261 -1.8768858909607 -17.657897949219
2.7715694904327 -1.2531450986862 -17.569082260132
3.2899925708771 -0.58496046066284 -17.373928070068
3.6135542392731 0.15181477367878 -17.521455764771
3.9576456546783 0.90668612718582 -17.729312896729
4.3922719955444 1.6483595371246 -17.849058151245
4.8740468025208 2.3350787162781 -18.067859649658
5.4431257247925 2.9585421085358 -18.255615234375
6.1030077934265 3.4884848594666 -18.233795166016
6.6978874206543 3.9957320690155 -18.31418800354
7.1493649482727 4.5957407951355 -18.714033126831
