59.223091125488 3.6819553375244 272.31427001953
76.839241027832 -10.603817939758 266.32342529297
93.978134155273 -4.5567569732666 262.3337097168
92.249176025391 -9.4317617416382 273.86968994141
59.005825042725 2.8526356220245 271.96270751953
59.377300262451 2.0550544261932 271.62646484375
59.867656707764 1.3132308721542 271.31408691406
60.411205291748 0.60347461700439 271.01547241211
60.997550964355 -0.076907053589821 270.72937011719
61.601818084717 -0.74389922618866 270.44906616211
62.21923828125 -1.4005471467972 270.17306518555
62.856555938721 -2.0408973693848 269.90405273438
63.501720428467 -2.674388885498 269.6379699707
64.191719055176 -3.2666337490082 269.38949584961
64.880935668945 -3.8596081733704 269.14071655273
65.544494628906 -4.476936340332 268.8815612793
66.230751037598 -5.0725879669189 268.63165283203
66.974395751953 -5.6068649291992 268.40777587891
67.734664916992 -6.120924949646 268.19262695312
68.512504577637 -6.6121935844421 267.98712158203
69.292831420898 -7.1000285148621 267.78308105469
70.096954345703 -7.5539140701294 267.59344482422
70.911911010742 -7.9911117553711 267.41094970703
71.731903076172 -8.4202461242676 267.23190307617
72.56111907959 -8.834023475647 267.0592956543
73.386489868164 -9.2542915344238 266.88397216797
74.201362609863 -9.6915197372437 266.7014465332
75.056266784668 -10.058130264282 266.54898071289
75.973045349121 -10.260389328003 266.46612548828
59.98397064209 3.1376576423645 271.34857177734
61.062839508057 2.5291056632996 270.85803222656
62.301986694336 1.9418821334839 270.32986450195
63.516479492188 1.237207531929 269.81817626953
64.86156463623 0.69909930229187 269.47735595703
66.188896179199 0.15174877643585 269.05953979492
67.519020080566 -0.38333290815353 268.6328125
68.834403991699 -0.92124825716019 268.16418457031
70.200103759766 -1.3664321899414 267.75302124023
71.554779052734 -1.8255491256714 267.32205200195
72.912712097168 -2.3142573833466 266.92962646484
74.33292388916 -2.6754622459412 266.6423034668
75.722663879395 -3.0167801380157 266.21719360352
77.111740112305 -3.3291075229645 265.75729370117
78.502235412598 -3.6239361763 265.29296875
79.862716674805 -3.9274795055389 264.74951171875
81.196487426758 -4.3217034339905 264.2092590332
82.529113769531 -4.8740940093994 263.84448242188
83.831985473633 -5.5125455856323 263.63146972656
85.266807556152 -5.5694718360901 263.28955078125
86.702354431152 -5.8080215454102 262.94839477539
88.167778015137 -5.7516860961914 262.84088134766
89.648445129395 -5.555184841156 262.76571655273
91.118522644043 -5.3660931587219 262.58511352539
92.537307739258 -4.9389519691467 262.39910888672
60.037712097168 2.7252926826477 272.67321777344
60.78479385376 1.6392335891724 272.4684753418
62.161506652832 1.3072779178619 272.52056884766
63.313987731934 0.4642419219017 272.36877441406
64.549560546875 -0.25142040848732 272.22912597656
65.812225341797 -0.92234700918198 272.08380126953
67.062438964844 -1.6260571479797 271.95639038086
68.377738952637 -2.2188639640808 271.91067504883
69.666305541992 -2.8549320697784 271.7799987793
70.970985412598 -3.4472556114197 271.76412963867
72.312881469727 -3.9680922031403 271.79183959961
73.625854492188 -4.5630149841309 271.74938964844
74.977119445801 -5.0445652008057 271.72116088867
76.317047119141 -5.5337834358215 271.75341796875
77.652847290039 -6.0728659629822 271.85348510742
79.003639221191 -6.5729494094849 271.92263793945
80.326202392578 -7.1472368240356 271.99865722656
81.591781616211 -7.8222513198853 271.84774780273
82.848739624023 -8.4823217391968 271.89956665039
84.145050048828 -9.0979919433594 271.72830200195
85.509124755859 -9.4895048141479 271.71447753906
86.90943145752 -9.6073446273804 271.92364501953
88.305290222168 -9.7433481216431 272.20343017578
89.658905029297 -9.7931900024414 272.69079589844
90.904472351074 -9.5432081222534 273.35836791992
