67.382171630859 -1.677049279213 268.46453857422
82.516632080078 3.8059449195862 271.01232910156
83.864952087402 1.7120088338852 275.64468383789
85.408348083496 -0.58460468053818 270.04290771484
67.813171386719 -1.2178962230682 268.41290283203
68.357406616211 -0.89572429656982 268.45330810547
68.91227722168 -0.59417623281479 268.50549316406
69.488327026367 -0.34215334057808 268.58471679688
70.066848754883 -0.097059950232506 268.66757202148
70.643615722656 0.15280778706074 268.74789428711
71.231781005859 0.36725974082947 268.84634399414
71.820220947266 0.58076423406601 268.94525146484
72.405540466309 0.80496913194656 269.03881835938
72.992385864258 1.0240448713303 269.13497924805
73.578498840332 1.2456045150757 269.22985839844
74.168434143066 1.4535137414932 269.33151245117
74.766639709473 1.6255441904068 269.45059204102
75.360359191895 1.818524479866 269.55960083008
75.95272064209 2.0170893669128 269.66586303711
76.54419708252 2.2191851139069 269.77044677734
77.133850097656 2.4282746315002 269.87155151367
77.724426269531 2.6338274478912 269.97445678711
78.313552856445 2.844838142395 270.07458496094
78.907974243164 3.0347406864166 270.18508911133
79.494529724121 3.2547979354858 270.28073120117
80.09228515625 3.42902135849 270.3987121582
80.695106506348 3.5734267234802 270.53051757812
81.300743103027 3.6937124729156 270.6731262207
81.908874511719 3.759489774704 270.83883666992
67.873901367188 -1.3404895067215 268.84591674805
68.510688781738 -1.072284579277 269.0104675293
69.165184020996 -0.87976211309433 269.20886230469
69.836685180664 -0.72789007425308 269.384765625
70.512710571289 -0.58920973539352 269.55410766602
71.183197021484 -0.44827950000763 269.7424621582
71.844848632812 -0.30429726839066 269.95788574219
72.506340026855 -0.16058683395386 270.17401123047
73.164024353027 -0.023235745728016 270.40533447266
73.818771362305 0.10982938855886 270.64724731445
74.469703674316 0.24515135586262 270.89801025391
75.109413146973 0.38625627756119 271.17330932617
75.744735717773 0.51587122678757 271.46383666992
76.36661529541 0.61579829454422 271.79278564453
76.988739013672 0.73812568187714 272.11358642578
77.613227844238 0.87904983758926 272.421875
78.247001647949 0.98398691415787 272.72561645508
78.880798339844 1.0892224311829 273.02920532227
79.51505279541 1.2139571905136 273.32431030273
80.149322509766 1.3459557294846 273.61618041992
80.782035827637 1.4541275501251 273.92098999023
81.413581848145 1.5497026443481 274.23236083984
82.046966552734 1.635808467865 274.54275512695
82.670211791992 1.7016112804413 274.8776550293
83.2548828125 1.7274041175842 275.28067016602
68.071281433105 -1.5450994968414 268.41738891602
68.74047088623 -1.3517328500748 268.5182800293
69.437812805176 -1.2605000734329 268.56005859375
70.124473571777 -1.1428896188736 268.66677856445
70.806312561035 -1.0171755552292 268.79348754883
71.48755645752 -0.88854593038559 268.92041015625
72.171020507812 -0.76064574718475 269.03558349609
72.85799407959 -0.64862179756165 269.14611816406
73.548301696777 -0.56630808115005 269.26174926758
74.237731933594 -0.45392683148384 269.35556030273
74.93123626709 -0.36115476489067 269.44027709961
75.628593444824 -0.28634133934975 269.50979614258
76.329292297363 -0.22967259585857 269.55996704102
77.032920837402 -0.20449255406857 269.59201049805
77.737152099609 -0.18756666779518 269.61492919922
78.440864562988 -0.17587873339653 269.65246582031
79.143684387207 -0.14879581332207 269.69772338867
79.84741973877 -0.15160270035267 269.73629760742
80.548988342285 -0.18282827734947 269.7961730957
81.251045227051 -0.20276698470116 269.85485839844
81.955467224121 -0.18537357449532 269.86889648438
82.656753540039 -0.12517422437668 269.83471679688
83.358123779297 -0.11556962877512 269.90255737305
84.055740356445 -0.21577604115009 269.89993286133
84.73616027832 -0.38921758532524 269.96075439453
