75.032333374023 -21.853044509888 336.58096313477
70.737648010254 -5.0950222015381 347.3115234375
57.80729675293 1.202446103096 341.74166870117
60.686042785645 -9.4050951004028 358.28619384766
75.716438293457 -21.387254714966 336.72088623047
76.147102355957 -20.731796264648 337.02261352539
76.455230712891 -20.033231735229 337.37393188477
76.698997497559 -19.320693969727 337.74618530273
76.785568237305 -18.593265533447 338.15814208984
76.792282104492 -17.868772506714 338.58416748047
76.738433837891 -17.151023864746 339.01815795898
76.636573791504 -16.441328048706 339.45678710938
76.50358581543 -15.738241195679 339.89770507812
76.318687438965 -15.048500061035 340.34097290039
76.081588745117 -14.375241279602 340.78475952148
75.875068664551 -13.691947937012 341.22848510742
75.631729125977 -13.020926475525 341.67224121094
75.350845336914 -12.364046096802 342.11505126953
75.066650390625 -11.708589553833 342.55764770508
74.727165222168 -11.077485084534 342.9967956543
74.348907470703 -10.465967178345 343.43200683594
74.03596496582 -9.822624206543 343.87310791016
73.646659851074 -9.2171154022217 344.30697631836
73.281913757324 -8.5985155105591 344.74371337891
72.873725891113 -8.0036973953247 345.17501831055
72.481719970703 -7.3996667861938 345.60852050781
72.092666625977 -6.7939920425415 346.04241943359
71.701210021973 -6.1896624565125 346.47601318359
71.206840515137 -5.6512889862061 346.89096069336
75.119201660156 -20.709356307983 336.63278198242
74.725158691406 -19.69762802124 337.00518798828
74.285041809082 -18.715663909912 337.40542602539
73.791435241699 -17.723377227783 337.7053527832
73.296905517578 -16.731052398682 338.00366210938
72.777984619141 -15.749395370483 338.29571533203
72.172691345215 -14.811211585999 338.56344604492
71.5673828125 -13.873034477234 338.83117675781
70.87572479248 -12.986545562744 339.06356811523
70.159545898438 -12.116895675659 339.28503417969
69.49991607666 -11.197215080261 339.47817993164
68.840255737305 -10.276125907898 339.66445922852
68.119194030762 -9.4013080596924 339.84609985352
67.39037322998 -8.5319700241089 340.02310180664
66.638298034668 -7.6797618865967 340.18545532227
65.873420715332 -6.8360743522644 340.3317565918
65.099784851074 -5.9985165596008 340.466796875
64.298484802246 -5.1892113685608 340.6123046875
63.443344116211 -4.4415073394775 340.77911376953
62.60376739502 -3.6724464893341 340.92706298828
61.787956237793 -2.8737199306488 341.04833984375
60.97286605835 -2.0744924545288 341.17129516602
60.164150238037 -1.2697793245316 341.30038452148
59.380046844482 -0.44305458664894 341.44158935547
58.585609436035 0.37528130412102 341.57363891602
75.039405822754 -21.25493812561 337.53903198242
74.870666503906 -20.383415222168 338.23718261719
74.419387817383 -19.764266967773 339.07260131836
73.996795654297 -19.142930984497 339.92129516602
73.598693847656 -18.520147323608 340.78070068359
73.210105895996 -17.897521972656 341.64459228516
72.837280273438 -17.277425765991 342.5168762207
72.36149597168 -16.705312728882 343.37200927734
71.87272644043 -16.143323898315 344.22653198242
71.366920471191 -15.598306655884 345.08209228516
70.822731018066 -15.091181755066 345.93743896484
70.265571594238 -14.596386909485 346.79135131836
69.594696044922 -14.182201385498 347.60580444336
68.939193725586 -13.767640113831 348.43237304688
68.359298706055 -13.349793434143 349.31210327148
67.697425842285 -12.966327667236 350.14849853516
66.948585510254 -12.625417709351 350.92822265625
66.222518920898 -12.277438163757 351.72616577148
65.508377075195 -11.925921440125 352.53323364258
64.830657958984 -11.562196731567 353.36590576172
64.125770568848 -11.217251777649 354.18389892578
63.397579193115 -10.884894371033 354.98654174805
62.667987823486 -10.533809661865 355.77987670898
61.912704467773 -10.181776046753 356.54837036133
61.324241638184 -9.8279037475586 357.4501953125
