54.096199035645 -56.248035430908 327.05804443359
60.724666595459 -23.22114944458 332.14025878906
42.679656982422 -22.577299118042 320.52737426758
42.677047729492 -25.820171356201 342.46548461914
55.608963012695 -56.027378082275 327.16348266602
57.020561218262 -55.449367523193 327.31558227539
58.372406005859 -54.746738433838 327.48266601562
59.600593566895 -53.849136352539 327.67178344727
60.76146697998 -52.867858886719 327.86978149414
61.831527709961 -51.790134429932 328.07717895508
62.784351348877 -50.609397888184 328.29373168945
63.557270050049 -49.30493927002 328.51937866211
64.242340087891 -47.952743530273 328.74761962891
64.823066711426 -46.552925109863 328.97763061523
65.247253417969 -45.097938537598 329.20797729492
65.583946228027 -43.62024307251 329.43728637695
65.746162414551 -42.112720489502 329.66241455078
65.741836547852 -40.595542907715 329.880859375
65.565086364746 -39.087181091309 330.08959960938
65.287979125977 -37.593040466309 330.29141235352
64.913284301758 -36.11930847168 330.48547363281
64.412414550781 -34.682662963867 330.66815185547
64.475479125977 -33.167053222656 330.88961791992
64.097862243652 -31.697088241577 331.08312988281
63.665702819824 -30.238481521606 331.27224731445
63.01643371582 -28.860466003418 331.43920898438
62.397689819336 -27.468299865723 331.60968017578
61.906551361084 -26.027936935425 331.79333496094
61.34729385376 -24.611642837524 331.97021484375
55.075584411621 -55.207691192627 326.37463378906
56.213996887207 -54.120578765869 326.1875
57.222179412842 -52.899509429932 326.11157226562
58.082408905029 -51.570697784424 326.03771972656
58.615833282471 -50.08141708374 325.95681762695
58.761375427246 -48.50390625 325.93902587891
58.575897216797 -46.930294036865 325.96850585938
58.178489685059 -45.400459289551 325.84588623047
57.697643280029 -43.904052734375 325.63818359375
57.13688659668 -42.440547943115 325.40048217773
56.410224914551 -41.042140960693 325.22711181641
55.703399658203 -39.645603179932 324.97439575195
55.008674621582 -38.252262115479 324.67712402344
54.381530761719 -36.902214050293 324.13269042969
53.527984619141 -35.618072509766 323.76443481445
52.563865661621 -34.387748718262 323.49877929688
51.576404571533 -33.178203582764 323.22366333008
50.564395904541 -31.992162704468 322.93811035156
49.777690887451 -30.632541656494 322.72286987305
48.985805511475 -29.281608581543 322.47454833984
48.159816741943 -27.958299636841 322.19125366211
47.239727020264 -26.707042694092 321.87252807617
46.279022216797 -25.490009307861 321.54159545898
45.202304840088 -24.385068893433 321.17636108398
43.955257415771 -23.46268081665 320.8479309082
54.943202972412 -55.385528564453 328.03253173828
55.915294647217 -54.279041290283 328.52975463867
56.972217559814 -53.278064727783 329.07260131836
57.657428741455 -52.001178741455 329.63482666016
58.11498260498 -50.611259460449 330.15863037109
58.308307647705 -49.134189605713 330.60260009766
58.289577484131 -47.6496925354 331.06192016602
57.952777862549 -46.217975616455 331.56356811523
57.35005569458 -44.889980316162 332.10147094727
56.634986877441 -43.657981872559 332.72262573242
56.181369781494 -42.351707458496 333.43286132812
55.596942901611 -41.072647094727 334.09503173828
54.841865539551 -39.850170135498 334.68753051758
54.027332305908 -38.777408599854 335.46371459961
53.135189056396 -37.757884979248 336.22625732422
52.205490112305 -36.729843139648 336.93014526367
51.272930145264 -35.640487670898 337.53033447266
50.287425994873 -34.532764434814 337.99786376953
49.354774475098 -33.385158538818 338.47702026367
48.559322357178 -32.179225921631 339.05130004883
47.685741424561 -31.0246925354 339.61770629883
46.77220916748 -29.902183532715 340.18530273438
45.760162353516 -28.883457183838 340.78100585938
44.748119354248 -27.864736557007 341.37673950195
43.73600769043 -26.846000671387 341.97232055664
