66.773323059082 21.093654632568 332.91076660156
46.296836853027 26.867244720459 336.46829223633
43.17945098877 20.386043548584 334.80783081055
45.388084411621 23.115901947021 342.76150512695
66.370956420898 21.83025932312 332.73422241211
65.730499267578 22.400768280029 332.69131469727
65.023445129395 22.888339996338 332.70016479492
64.285438537598 23.326196670532 332.73751831055
63.528575897217 23.728254318237 332.79443359375
62.752220153809 24.086837768555 332.87405395508
61.955078125 24.387886047363 332.98239135742
61.157932281494 24.688884735107 333.09072875977
60.351005554199 24.95552444458 333.21548461914
59.538330078125 25.198173522949 333.3512878418
58.717227935791 25.396451950073 333.50708007812
57.892887115479 25.571912765503 333.6728515625
57.070167541504 25.759391784668 333.83340454102
56.243953704834 25.918598175049 334.00610351562
55.418750762939 26.086967468262 334.17489624023
54.588649749756 26.180034637451 334.37487792969
53.761699676514 26.331760406494 334.55078125
52.931537628174 26.423362731934 334.75134277344
52.101333618164 26.512802124023 334.95275878906
51.271118164062 26.588119506836 335.15979003906
50.441158294678 26.648225784302 335.3727722168
49.611915588379 26.690015792847 335.59280395508
48.781673431396 26.768743515015 335.79846191406
47.952266693115 26.813844680786 336.01718139648
47.126712799072 26.810123443604 336.2541809082
65.921516418457 21.338865280151 332.64624023438
65.005088806152 21.42031288147 332.57067871094
64.098258972168 21.583013534546 332.59741210938
63.189788818359 21.709133148193 332.69863891602
62.277889251709 21.795040130615 332.82696533203
61.374446868896 21.937046051025 332.96591186523
60.467239379883 21.997995376587 333.13336181641
59.557914733887 22.058652877808 333.29156494141
58.647777557373 22.121929168701 333.44418334961
57.735313415527 22.159610748291 333.59143066406
56.822509765625 22.193431854248 333.73712158203
55.90767288208 22.204319000244 333.87365722656
54.993026733398 22.202312469482 334.01156616211
54.078556060791 22.193061828613 334.15014648438
53.173072814941 22.061840057373 334.2864074707
52.265586853027 21.92854309082 334.4033203125
51.354347229004 21.791366577148 334.48400878906
50.43921661377 21.687181472778 334.56887817383
49.519142150879 21.616582870483 334.62283325195
48.596084594727 21.565607070923 334.65518188477
47.688972473145 21.38761138916 334.6750793457
46.782272338867 21.20623588562 334.69815063477
45.873153686523 21.043085098267 334.74890136719
44.969848632812 20.849193572998 334.7724609375
44.072441101074 20.62516784668 334.77499389648
66.161376953125 21.545000076294 333.37353515625
65.337882995605 21.764154434204 333.70709228516
64.470916748047 21.915494918823 333.98379516602
63.59806060791 22.098190307617 334.22647094727
62.720474243164 22.257257461548 334.466796875
61.835899353027 22.383943557739 334.70269775391
60.952419281006 22.528882980347 334.93197631836
60.069618225098 22.673572540283 335.16320800781
59.199462890625 22.74494934082 335.46636962891
58.329307556152 22.816326141357 335.76956176758
57.46838760376 22.913688659668 336.09063720703
56.611042022705 23.021095275879 336.4186706543
55.760585784912 23.105314254761 336.76962280273
54.914001464844 23.176509857178 337.13348388672
54.067417144775 23.247705459595 337.49737548828
53.247230529785 23.240953445435 337.92126464844
52.431423187256 23.221261978149 338.35516357422
51.617874145508 23.203603744507 338.79306030273
50.825302124023 23.204870223999 339.26846313477
50.032730102539 23.206136703491 339.7438659668
49.240657806396 23.206596374512 340.22009277344
48.448886871338 23.206577301025 340.69680786133
47.662010192871 23.201503753662 341.18139648438
46.881908416748 23.189437866211 341.67684936523
46.127960205078 23.157907485962 342.20922851562
