142.72679138184 37.087909698486 315.98516845703
35.865013122559 -19.281908035278 310.54153442383
22.440071105957 -11.247544288635 318.00112915039
25.522365570068 -13.2919921875 299.07412719727
140.47529602051 33.296836853027 315.98104858398
136.70066833496 30.471973419189 315.90380859375
132.92602539062 27.647109985352 315.82659912109
129.15139770508 24.822246551514 315.74938964844
125.37675476074 21.997383117676 315.67218017578
121.37128448486 19.523277282715 315.55319213867
117.29509735107 17.15664100647 315.42138671875
113.21890258789 14.790006637573 315.28961181641
109.14270782471 12.423371315002 315.15780639648
105.00383758545 10.1725025177 314.99508666992
100.82878112793 7.9884777069092 314.81448364258
96.626953125 5.8598666191101 314.6194152832
92.353454589844 3.8807044029236 314.38854980469
88.069847106934 1.9236534833908 314.15551757812
83.780136108398 -0.018402712419629 313.91168212891
79.473663330078 -1.9192700386047 313.63833618164
75.146926879883 -3.7722020149231 313.36660766602
70.776641845703 -5.5221619606018 313.09841918945
66.406356811523 -7.2703423500061 312.82006835938
62.036083221436 -9.0067043304443 312.47445678711
57.661861419678 -10.738280296326 312.15829467773
53.280838012695 -12.461617469788 311.89288330078
48.899669647217 -14.189209938049 311.66131591797
44.549251556396 -15.97859287262 311.36071777344
40.16117477417 -17.664096832275 311.00662231445
138.68228149414 34.987453460693 317.70758056641
134.76368713379 31.799947738647 317.72271728516
130.68043518066 28.833234786987 317.64749145508
126.36521148682 26.192096710205 317.5927734375
121.98606109619 23.664836883545 317.49569702148
117.51731109619 21.297210693359 317.33929443359
113.04856109619 18.929586410522 317.1828918457
108.42808532715 16.885692596436 316.98358154297
103.76802825928 14.92626285553 316.77310180664
99.121994018555 12.934304237366 316.5627746582
94.499389648438 10.888040542603 316.35269165039
89.866744995117 8.8625679016113 316.16998291016
85.214370727539 6.8779621124268 316.04104614258
80.338119506836 5.5926733016968 316.11599731445
75.591003417969 3.8556246757507 316.05780029297
70.860984802246 2.0608851909637 315.98260498047
66.076148986816 0.41952669620514 315.94772338867
61.272018432617 -1.1678400039673 315.92697143555
56.460289001465 -2.7299809455872 315.88757324219
51.610408782959 -4.16552734375 315.75445556641
46.74471282959 -5.4914765357971 315.85455322266
41.83752822876 -6.6063318252563 316.33843994141
36.870510101318 -7.3338050842285 316.80892944336
32.040264129639 -8.8031549453735 317.00601196289
27.095067977905 -9.8367910385132 317.28219604492
139.10975646973 34.496006011963 314.40414428711
135.47229003906 31.077579498291 314.20202636719
131.30422973633 28.276817321777 314.01016235352
127.06340789795 25.601514816284 313.80813598633
122.57760620117 23.348617553711 313.57183837891
118.10084533691 21.079816818237 313.32086181641
113.6561126709 18.75464630127 313.01797485352
109.21138000488 16.429475784302 312.71505737305
104.72381591797 14.206161499023 312.30847167969
100.22298431396 12.014378547668 311.86978149414
95.608665466309 10.064241409302 311.60302734375
90.974311828613 8.1786470413208 311.31890869141
86.491760253906 6.0270156860352 310.71478271484
81.676124572754 4.5953783988953 310.83251953125
77.001678466797 2.9063181877136 310.3616027832
72.434440612793 1.0217790603638 309.4436340332
67.805122375488 -0.72746729850769 308.61535644531
63.01685333252 -2.1302998065948 308.01672363281
58.316963195801 -3.6526494026184 307.14538574219
53.691268920898 -5.270055770874 306.03335571289
48.976673126221 -6.6942744255066 305.03439331055
44.262794494629 -8.1193408966064 304.03344726562
39.621585845947 -9.6297254562378 302.8369140625
34.958221435547 -11.020552635193 301.59298706055
30.212240219116 -12.087445259094 300.34085083008
