63.669799804688 7.5857453346252 271.44662475586
63.191860198975 -2.8499250411987 272.41415405273
66.215225219727 -1.8095527887344 270.0280456543
65.914108276367 -1.3100630044937 274.42010498047
63.556461334229 7.1961793899536 271.48373413086
63.477558135986 6.79825258255 271.52130126953
63.363941192627 6.4088287353516 271.55841064453
63.27965927124 6.0120182037354 271.59591674805
63.209941864014 5.6123809814453 271.63348388672
63.156936645508 5.2101974487305 271.6711730957
63.083530426025 4.81121301651 271.70867919922
62.995632171631 4.4151678085327 271.74615478516
62.934379577637 4.0141520500183 271.78381347656
62.887496948242 3.6112017631531 271.82147216797
62.855995178223 3.2067592144012 271.85913085938
62.832035064697 2.8017942905426 271.89672851562
62.815410614014 2.3964557647705 271.93426513672
62.808032989502 1.9908403158188 271.97174072266
62.816753387451 1.5852329730988 272.00903320312
62.82364654541 1.1795983314514 272.04638671875
62.849517822266 0.77470427751541 272.08349609375
62.845420837402 0.36904340982437 272.12094116211
62.857398986816 -0.036483284085989 272.158203125
62.875545501709 -0.44178706407547 272.19540405273
62.891040802002 -0.84720313549042 272.23257446289
62.91121673584 -1.2524121999741 272.26977539062
62.963214874268 -1.6548335552216 272.30633544922
63.026714324951 -2.0556266307831 272.34262084961
63.096927642822 -2.4553127288818 272.37875366211
63.72583770752 7.3193387985229 271.19354248047
63.741832733154 6.9429879188538 271.10952758789
63.750183105469 6.5567378997803 271.07052612305
63.76895904541 6.1724157333374 271.02514648438
63.820083618164 5.7937107086182 270.955078125
63.884536743164 5.4148979187012 270.89877319336
63.955902099609 5.0362243652344 270.85015869141
64.039833068848 4.6583466529846 270.81692504883
64.115737915039 4.277822971344 270.80755615234
64.182289123535 3.8954708576202 270.80395507812
64.218795776367 3.5098206996918 270.77429199219
64.236793518066 3.1224458217621 270.75347900391
64.249465942383 2.7345745563507 270.73522949219
64.320808410645 2.3544671535492 270.70809936523
64.402488708496 1.9757287502289 270.6794128418
64.517539978027 1.6078516244888 270.64837646484
64.670570373535 1.2523424625397 270.61471557617
64.823371887207 0.89795875549316 270.57147216797
64.975852966309 0.54515439271927 270.51473999023
65.129425048828 0.19270402193069 270.45950317383
65.308242797852 -0.15154129266739 270.43807983398
65.487419128418 -0.49357625842094 270.400390625
65.667182922363 -0.83209109306335 270.3369140625
65.847137451172 -1.1697844266891 270.27087402344
66.031181335449 -1.4896686077118 270.14944458008
63.728538513184 7.3181719779968 271.70333862305
63.760665893555 7.0053672790527 271.90872192383
63.775524139404 6.6586298942566 272.05642700195
63.791793823242 6.298526763916 272.16830444336
63.811260223389 5.9385380744934 272.27969360352
63.85466003418 5.579402923584 272.38739013672
63.900588989258 5.2202711105347 272.49401855469
63.940723419189 4.8580760955811 272.59124755859
63.971614837646 4.4910774230957 272.67379760742
64.00846862793 4.1251635551453 272.75820922852
64.05753326416 3.7614743709564 272.8464050293
64.13404083252 3.4018158912659 272.92855834961
64.227760314941 3.0446875095367 273.00686645508
64.332885742188 2.691125869751 273.08645629883
64.438270568848 2.3385133743286 273.16973876953
64.531898498535 1.9843578338623 273.26065063477
64.626091003418 1.6326496601105 273.35897827148
64.722320556641 1.2896612882614 273.48370361328
64.82844543457 0.95118516683578 273.61251831055
64.937301635742 0.61395466327667 273.74243164062
65.076133728027 0.28728240728378 273.86859130859
65.231086730957 -0.033712331205606 273.99273681641
65.396110534668 -0.3545013666153 274.10299682617
65.566780090332 -0.67517501115799 274.20544433594
65.739967346191 -0.99313199520111 274.31198120117
