62.694690704346 8.6834259033203 271.57357788086
63.662078857422 -3.279349565506 271.07214355469
66.854194641113 -4.0650477409363 268.99755859375
66.343070983887 -4.0671710968018 273.90484619141
62.426113128662 8.3514194488525 271.5119934082
62.300254821777 7.8973817825317 271.48013305664
62.183250427246 7.4420690536499 271.44900512695
62.180118560791 6.9703583717346 271.42700195312
62.176990509033 6.4986476898193 271.4049987793
62.187049865723 6.0272912979126 271.38592529297
62.223300933838 5.5566382408142 271.37268066406
62.278205871582 5.0884699821472 271.34707641602
62.33874130249 4.6210513114929 271.31774902344
62.405838012695 4.1540727615356 271.30575561523
62.47847366333 3.6874663829803 271.30838012695
62.558166503906 3.2221264839172 271.30493164062
62.645877838135 2.7582259178162 271.29455566406
62.737636566162 2.2951848506927 271.28271484375
62.837463378906 1.8338567018509 271.26803588867
62.933628082275 1.3716769218445 271.25762939453
63.023498535156 0.90821582078934 271.24880981445
63.106433868408 0.44378060102463 271.22814941406
63.171390533447 -0.023648569360375 271.21377563477
63.233180999756 -0.4908701479435 271.18469238281
63.278293609619 -0.96048539876938 271.17416381836
63.315761566162 -1.4310759305954 271.16592407227
63.360862731934 -1.9006148576736 271.14755249023
63.425346374512 -2.3681669235229 271.13201904297
63.534862518311 -2.825722694397 271.10443115234
62.579467773438 8.3038806915283 271.33520507812
62.618103027344 7.782913684845 271.21792602539
62.692504882812 7.2648954391479 271.11807250977
62.829811096191 6.7520632743835 271.048828125
62.972400665283 6.2395548820496 270.99038696289
63.123561859131 5.7275724411011 270.9494934082
63.281234741211 5.2171182632446 270.91687011719
63.448108673096 4.7088236808777 270.89596557617
63.616363525391 4.2012877464294 270.86981201172
63.787437438965 3.6953053474426 270.83291625977
63.958629608154 3.1906044483185 270.78475952148
64.130096435547 2.6888959407806 270.71035766602
64.306251525879 2.1899712085724 270.62875366211
64.484077453613 1.6922445297241 270.54345703125
64.652442932129 1.1955465078354 270.43579101562
64.828544616699 0.70598673820496 270.31069946289
65.010520935059 0.22183838486671 270.17236328125
65.203636169434 -0.25928291678429 270.03872680664
65.399673461914 -0.73940545320511 269.90579223633
65.609497070312 -1.2144607305527 269.77563476562
65.819274902344 -1.6931064128876 269.66152954102
66.028953552246 -2.1786696910858 269.57843017578
66.230842590332 -2.6492643356323 269.42797851562
66.436004638672 -3.1191306114197 269.27496337891
66.64510345459 -3.592089176178 269.13626098633
62.598690032959 8.2254123687744 271.71188354492
62.758079528809 7.7346220016479 271.76516723633
62.757152557373 7.2287907600403 271.8928527832
62.86633682251 6.715087890625 271.94338989258
62.983425140381 6.203010559082 271.98977661133
63.127445220947 5.6964731216431 272.02209472656
63.262432098389 5.1867027282715 272.0302734375
63.392635345459 4.6754794120789 272.03305053711
63.51053237915 4.1615400314331 272.05078125
63.635715484619 3.6503703594208 272.08822631836
63.710174560547 3.1372640132904 272.17767333984
63.805480957031 2.6270430088043 272.2668762207
63.92960357666 2.1205263137817 272.34561157227
64.088310241699 1.6232348680496 272.42230224609
64.25895690918 1.1350040435791 272.52502441406
64.433937072754 0.65006053447723 272.63717651367
64.639053344727 0.17581655085087 272.74377441406
64.829887390137 -0.30077984929085 272.8639831543
65.008293151855 -0.77952200174332 272.99569702148
65.185997009277 -1.2600817680359 273.12109375
65.361671447754 -1.7458961009979 273.22827148438
65.548805236816 -2.2285795211792 273.32922363281
65.747222900391 -2.7081799507141 273.42398071289
65.952774047852 -3.1562345027924 273.54244995117
66.147926330566 -3.6117029190063 273.72366333008
