16.176528930664 -7.7476396560669 -19.606595993042
-16.616956710815 18.265897750854 -11.220056533813
-19.240310668945 7.7802248001099 -18.524314880371
-15.108220100403 7.1041722297668 -2.7463173866272
16.375198364258 -6.0727219581604 -19.703380584717
15.746579170227 -4.4950761795044 -19.569688796997
14.882667541504 -3.0396959781647 -19.368074417114
13.8786277771 -1.6835857629776 -19.125345230103
12.777100563049 -0.4112069606781 -18.853649139404
11.590896606445 0.77678602933884 -18.556489944458
10.351783752441 1.9052093029022 -18.243251800537
9.069655418396 2.980571269989 -17.916822433472
7.747887134552 4.0029354095459 -17.578142166138
6.407660484314 4.9990153312683 -17.233713150024
5.04949426651 5.9684600830078 -16.883668899536
3.6675620079041 6.9008917808533 -16.526147842407
2.2655198574066 7.800283908844 -16.162250518799
0.87086915969849 8.7120141983032 -15.800703048706
-0.54059332609177 9.5953035354614 -15.433811187744
-1.9655411243439 10.454805374146 -15.062601089478
-3.4082782268524 11.281519889832 -14.685665130615
-4.8666429519653 12.077951431274 -14.303665161133
-6.3298439979553 12.864694595337 -13.920088768005
-7.7880868911743 13.661361694336 -13.538125038147
-9.2570171356201 14.436425209045 -13.152673721313
-10.718176841736 15.227278709412 -12.76976108551
-12.180954933167 16.014842987061 -12.386319160461
-13.616293907166 16.855424880981 -12.011773109436
-15.132195472717 17.524324417114 -11.610711097717
15.211408615112 -6.8939208984375 -19.967945098877
14.046634674072 -6.2849588394165 -19.854629516602
12.835909843445 -5.4418516159058 -20.016454696655
11.549211502075 -4.6370162963867 -19.988245010376
10.235270500183 -3.877537727356 -19.922159194946
8.921329498291 -3.1180591583252 -19.856073379517
7.5788521766663 -2.4572806358337 -19.605852127075
6.232439994812 -1.8101106882095 -19.330242156982
4.8653407096863 -1.1831977367401 -19.150218963623
3.4708099365234 -0.58314621448517 -19.09694480896
2.0917990207672 0.024049356579781 -18.938919067383
0.72971564531326 0.63903701305389 -18.6666431427
-0.65411978960037 1.2447358369827 -18.514198303223
-2.0416071414948 1.8488752841949 -18.381870269775
-3.4290943145752 2.4530146121979 -18.249544143677
-4.8558158874512 2.9673659801483 -18.182678222656
-6.2911639213562 3.4619746208191 -18.130205154419
-7.7267122268677 3.9561078548431 -18.081218719482
-9.1662836074829 4.4406728744507 -18.102363586426
-10.605854034424 4.925238609314 -18.123506546021
-12.044502258301 5.4121217727661 -18.151571273804
-13.48203754425 5.9017972946167 -18.187971115112
-14.920618057251 6.3881807327271 -18.224594116211
-16.375926971436 6.8218607902527 -18.264770507812
-17.816831588745 7.2894010543823 -18.350385665894
15.679468154907 -6.9280743598938 -18.577360153198
14.614773750305 -6.2102417945862 -17.947618484497
13.556933403015 -5.4410009384155 -17.275255203247
12.429767608643 -4.6533002853394 -16.647052764893
11.125235557556 -4.088237285614 -16.171445846558
10.051293373108 -3.2201507091522 -15.55557346344
8.871470451355 -2.4874196052551 -14.989220619202
7.5846228599548 -1.8924403190613 -14.46529006958
6.3332147598267 -1.2545017004013 -13.90561580658
5.0818066596985 -0.61656314134598 -13.345940589905
3.7963709831238 -0.024507340043783 -12.818281173706
2.4718589782715 0.51485699415207 -12.327385902405
1.1473468542099 1.0542212724686 -11.836491584778
-0.10193729400635 1.6121739149094 -11.193967819214
-1.3463687896729 2.1722021102905 -10.542844772339
-2.5853276252747 2.7372419834137 -9.885627746582
-3.8388085365295 3.2824859619141 -9.2416639328003
-5.1488013267517 3.7506952285767 -8.6492767333984
-6.4539113044739 4.2137684822083 -8.0433435440063
-7.7314372062683 4.6478304862976 -7.3608908653259
-8.9985933303833 5.0874795913696 -6.6643128395081
-10.203673362732 5.5605792999268 -5.8831701278687
-11.428590774536 6.0124707221985 -5.1236276626587
-12.724536895752 6.3884301185608 -4.4414234161377
-13.953095436096 6.7340359687805 -3.6439146995544
