43.881813049316 -25.986114501953 331.16482543945
47.939117431641 -8.1178607940674 332.69995117188
35.808338165283 -7.5891399383545 323.71865844727
36.106002807617 -8.7781753540039 342.48406982422
44.728042602539 -26.297786712646 331.08590698242
45.608837127686 -26.081911087036 331.05709838867
46.482475280762 -25.83843421936 331.0315246582
47.308204650879 -25.462511062622 331.02169799805
48.069389343262 -24.968742370605 331.02722167969
48.771148681641 -24.393867492676 331.04406738281
49.427734375 -23.768152236938 331.06860351562
49.979110717773 -23.048675537109 331.10836791992
50.441062927246 -22.269430160522 331.15911865234
50.815433502197 -21.445129394531 331.21929931641
51.117053985596 -20.592039108276 331.2864074707
51.44747543335 -19.749475479126 331.35089111328
51.596778869629 -18.85827255249 331.43045043945
51.767021179199 -17.970487594604 331.50854492188
51.809680938721 -17.068510055542 331.59524536133
51.772983551025 -16.166584014893 331.68646240234
51.640087127686 -15.274290084839 331.78219604492
51.344596862793 -14.422862052917 331.88314819336
51.016368865967 -13.583134651184 331.98483276367
50.617469787598 -12.774812698364 332.08740234375
50.118892669678 -12.02405166626 332.18991088867
49.514167785645 -11.355627059937 332.29040527344
49.115608215332 -10.547569274902 332.39291381836
48.67476272583 -9.7612257003784 332.49569702148
48.262809753418 -8.9593553543091 332.59838867188
44.448295593262 -25.493808746338 330.63586425781
45.078586578369 -24.808059692383 330.56393432617
45.677440643311 -24.096895217896 330.48510742188
46.132514953613 -23.291219711304 330.3994140625
46.286392211914 -22.382902145386 330.25909423828
46.223342895508 -21.486715316772 330.01568603516
45.911437988281 -20.646461486816 329.75299072266
45.546764373779 -19.814113616943 329.53659057617
45.152336120605 -18.988687515259 329.34887695312
44.694435119629 -18.208820343018 329.11547851562
44.209827423096 -17.465213775635 328.82421875
43.740139007568 -16.726732254028 328.49813842773
43.207447052002 -16.01148223877 328.21994018555
42.658557891846 -15.313413619995 327.93283081055
42.12788772583 -14.68150806427 327.49493408203
41.56551361084 -14.051774978638 327.09518432617
40.96399307251 -13.438976287842 326.7282409668
40.273357391357 -12.912476539612 326.38473510742
39.664848327637 -12.340602874756 325.96670532227
39.138740539551 -11.664585113525 325.59411621094
38.638988494873 -10.944205284119 325.27157592773
38.142730712891 -10.209064483643 324.97836303711
37.59118270874 -9.5106449127197 324.69415283203
37.034004211426 -8.8212251663208 324.39923095703
36.451950073242 -8.1747379302979 324.05865478516
44.442325592041 -25.448173522949 331.72332763672
44.994125366211 -24.673793792725 331.84564208984
45.670650482178 -24.001655578613 331.93884277344
46.203060150146 -23.271053314209 332.24942016602
46.418563842773 -22.380186080933 332.52178955078
46.331008911133 -21.483976364136 332.84823608398
46.172241210938 -20.672819137573 333.33108520508
45.796680450439 -19.876218795776 333.71044921875
45.411643981934 -19.093780517578 334.10864257812
44.945377349854 -18.37393951416 334.53720092773
44.420051574707 -17.70534324646 334.98052978516
43.894367218018 -17.050779342651 335.44390869141
43.355655670166 -16.409223556519 335.91052246094
42.805397033691 -15.775770187378 336.37460327148
42.214809417725 -15.188758850098 336.85009765625
41.591762542725 -14.611073493958 337.29449462891
40.974914550781 -14.082291603088 337.80285644531
40.404434204102 -13.658975601196 338.44616699219
39.792121887207 -13.122446060181 338.95223999023
39.296325683594 -12.491299629211 339.47695922852
38.782321929932 -11.840754508972 339.95874023438
38.251346588135 -11.192135810852 340.42440795898
37.673881530762 -10.574315071106 340.87640380859
37.126125335693 -9.9734945297241 341.38485717773
36.610523223877 -9.3732442855835 341.9264831543
