72.312431335449 -2.4310555458069 264.78649902344
74.92455291748 2.2804696559906 267.83868408203
78.399040222168 0.40199050307274 270.54217529297
80.039558410645 4.1639833450317 265.15353393555
72.063858032227 -2.380535364151 264.79623413086
72.013999938965 -2.1616532802582 264.92376708984
72.00309753418 -1.9402120113373 265.05612182617
72.023712158203 -1.7203775644302 265.19003295898
72.065437316895 -1.5035942792892 265.32400512695
72.130340576172 -1.2918267250061 265.45681762695
72.213218688965 -1.0853477716446 265.58795166016
72.307319641113 -0.88279569149017 265.71762084961
72.406959533691 -0.68238693475723 265.84649658203
72.510108947754 -0.4834303855896 265.97482299805
72.626121520996 -0.29008883237839 266.10076904297
72.750473022461 -0.100865714252 266.22497558594
72.884246826172 0.083324208855629 266.3469543457
73.021156311035 0.26576316356659 266.46807861328
73.164749145508 0.44424065947533 266.58737182617
73.304878234863 0.62476378679276 266.70767211914
73.448112487793 0.80342870950699 266.82711791992
73.595817565918 0.97930705547333 266.94519042969
73.760757446289 1.1432299613953 267.05755615234
73.921798706055 1.3100290298462 267.17135620117
74.083778381348 1.4761407375336 267.28479003906
74.256607055664 1.633890748024 267.39407348633
74.42992401123 1.7912464141846 267.50317382812
74.596099853516 1.9542372226715 267.61505126953
74.779403686523 2.1029765605927 267.71981811523
72.420417785645 -2.2212610244751 265.0378112793
72.552070617676 -2.0249698162079 265.28842163086
72.778053283691 -1.9019764661789 265.5178527832
73.004058837891 -1.7788263559341 265.74716186523
73.233253479004 -1.6390153169632 265.96340942383
73.463172912598 -1.4946209192276 266.17581176758
73.691429138184 -1.3544642925262 266.39282226562
73.913772583008 -1.2283890247345 266.62411499023
74.136108398438 -1.1023145914078 266.85543823242
74.356452941895 -0.97726845741272 267.08920288086
74.573013305664 -0.85422748327255 267.32754516602
74.802757263184 -0.73796659708023 267.55670166016
75.061820983887 -0.63923740386963 267.76159667969
75.303504943848 -0.53704875707626 267.98513793945
75.542961120605 -0.43748152256012 268.21224975586
75.810844421387 -0.36470234394073 268.41662597656
76.079681396484 -0.29321160912514 268.62023925781
76.352333068848 -0.22683998942375 268.82046508789
76.624969482422 -0.16045039892197 269.02069091797
76.88786315918 -0.086010962724686 269.23089599609
77.150016784668 -0.010981709696352 269.44180297852
77.424003601074 0.068738214671612 269.63522338867
77.698867797852 0.14881438016891 269.82723999023
77.948486328125 0.23186740279198 270.05001831055
78.181671142578 0.32751142978668 270.28518676758
72.508926391602 -2.0914037227631 264.76214599609
72.709449768066 -1.7641717195511 264.86645507812
72.932754516602 -1.4507890939713 264.96673583984
73.169059753418 -1.1384752988815 265.03625488281
73.416030883789 -0.83049041032791 265.08541870117
73.67790222168 -0.53458207845688 265.12774658203
73.974189758301 -0.27425774931908 265.17919921875
74.285194396973 -0.030601739883423 265.22543334961
74.585075378418 0.22901618480682 265.25503540039
74.873779296875 0.50188010931015 265.27340698242
75.18293762207 0.75008243322372 265.306640625
75.498062133789 0.99154955148697 265.33227539062
75.817817687988 1.2279013395309 265.34420776367
76.138580322266 1.4609454870224 265.37655639648
76.459159851074 1.6964138746262 265.38360595703
76.778663635254 1.9331558942795 265.37069702148
77.099731445312 2.1680912971497 265.36596679688
77.420921325684 2.4028177261353 265.36114501953
77.741104125977 2.6378509998322 265.33798217773
78.066146850586 2.8668704032898 265.32446289062
78.382057189941 3.1087119579315 265.32528686523
78.691497802734 3.3582587242126 265.34149169922
79.013023376465 3.5923764705658 265.34735107422
79.339500427246 3.8140389919281 265.29690551758
79.687652587891 3.9935405254364 265.22714233398
