68.019393920898 32.812717437744 328.54406738281
43.906345367432 24.676145553589 333.03091430664
47.502685546875 28.732263565063 338.8088684082
45.368423461914 32.184803009033 331.36166381836
67.379043579102 32.050075531006 328.40780639648
66.528480529785 31.515911102295 328.45056152344
65.632164001465 31.071889877319 328.55117797852
64.714302062988 30.684452056885 328.68566894531
63.791355133057 30.312660217285 328.82922363281
62.856216430664 29.984010696411 328.99710083008
61.917610168457 29.669649124146 329.17279052734
60.978610992432 29.357053756714 329.34951782227
60.032085418701 29.081056594849 329.54595947266
59.086139678955 28.801866531372 329.74069213867
58.13489151001 28.554790496826 329.95220947266
57.180923461914 28.328226089478 330.17425537109
56.229278564453 28.083944320679 330.38723754883
55.275291442871 27.857648849487 330.60943603516
54.323818206787 27.612064361572 330.82171630859
53.37268447876 27.364248275757 331.0329284668
52.423274993896 27.10507774353 331.23815917969
51.475849151611 26.834083557129 331.4372253418
50.533485412598 26.536750793457 331.62219238281
49.592128753662 26.234704971313 331.80465698242
48.644023895264 25.967651367188 332.00579833984
47.698524475098 25.686117172241 332.19927978516
46.757858276367 25.380903244019 332.38003540039
45.810440063477 25.109846115112 332.57904052734
44.865955352783 24.822996139526 332.76965332031
67.521369934082 32.289653778076 329.09158325195
66.717979431152 31.957040786743 329.35980224609
65.908264160156 31.643529891968 329.63000488281
65.052726745605 31.518960952759 329.91384887695
64.197334289551 31.394088745117 330.1979675293
63.34765625 31.256259918213 330.49307250977
62.504299163818 31.104961395264 330.79946899414
61.661033630371 30.953563690186 331.10607910156
60.823448181152 30.796117782593 331.42495727539
59.997085571289 30.627408981323 331.76654052734
59.17504119873 30.452657699585 332.11544799805
58.356803894043 30.273012161255 332.47073364258
57.531871795654 30.142259597778 332.83178710938
56.701187133789 30.102075576782 333.20086669922
55.913513183594 29.900718688965 333.60949707031
55.153289794922 29.631734848022 334.03100585938
54.371360778809 29.458387374878 334.46286010742
53.579723358154 29.352787017822 334.89898681641
52.7880859375 29.247184753418 335.33508300781
51.99654006958 29.141584396362 335.77133178711
51.231815338135 29.037069320679 336.25332641602
50.462108612061 28.954805374146 336.73162841797
49.67174911499 28.996820449829 337.18063354492
48.930835723877 28.970365524292 337.70822143555
48.236305236816 28.836296081543 338.28067016602
67.158111572266 32.753993988037 328.33889770508
66.301834106445 32.600372314453 328.35836791992
65.444221496582 32.405849456787 328.47381591797
64.579811096191 32.223999023438 328.55795288086
63.71448135376 32.066741943359 328.66015625
62.845809936523 31.99849319458 328.82778930664
61.977138519287 31.930242538452 328.99545288086
61.108009338379 31.884140014648 329.16702270508
60.23851776123 31.855690002441 329.34173583984
59.368927001953 31.825817108154 329.51568603516
58.499019622803 31.791101455688 329.68716430664
57.628692626953 31.758405685425 329.85659790039
56.752994537354 31.751630783081 329.99963378906
55.883251190186 31.753080368042 330.17044067383
55.02513885498 31.770597457886 330.39559936523
54.143199920654 31.69993019104 330.45980834961
53.26619720459 31.668827056885 330.57510375977
52.391483306885 31.673309326172 330.71817016602
51.508434295654 31.707326889038 330.7819519043
50.631278991699 31.809078216553 330.86907958984
49.755332946777 31.911542892456 330.96530151367
48.883903503418 32.016666412354 331.09533691406
48.010433197021 32.123630523682 331.20877075195
47.131622314453 32.150375366211 331.26904296875
46.247776031494 32.097736358643 331.2809753418
