61.123271942139 -5.7631487846375 277.50927734375
71.393707275391 4.5539240837097 284.55065917969
75.201377868652 2.6457555294037 289.40133666992
76.843040466309 4.966290473938 282.26531982422
61.055473327637 -5.1585001945496 277.71032714844
61.107128143311 -4.5651178359985 277.94500732422
61.316844940186 -4.0214085578918 278.21130371094
61.616821289062 -3.52725481987 278.48788452148
61.967147827148 -3.0690009593964 278.76724243164
62.3454246521 -2.6337153911591 279.04693603516
62.741992950439 -2.2148289680481 279.32635498047
63.150741577148 -1.8075220584869 279.60534667969
63.569557189941 -1.4102528095245 279.88388061523
64.00025177002 -1.0253213644028 280.16162109375
64.434005737305 -0.64363557100296 280.43911743164
64.874671936035 -0.2695075571537 280.71597290039
65.327049255371 0.091244079172611 280.99169921875
65.781173706055 0.449985653162 281.26721191406
66.242889404297 0.79965686798096 281.5417175293
66.703330993652 1.1508228778839 281.81646728516
67.174964904785 1.4881346225739 282.08959960938
67.646560668945 1.8254920244217 282.36276245117
68.124603271484 2.1544795036316 282.63485717773
68.575759887695 2.5166795253754 282.91067504883
69.040596008301 2.8625314235687 283.18478393555
69.526344299316 3.1812250614166 283.45547485352
69.991165161133 3.5270495414734 283.72964477539
70.44800567627 3.882586479187 284.00479125977
70.915977478027 4.2244930267334 284.27850341797
61.333053588867 -5.244873046875 278.06335449219
61.721813201904 -4.7228989601135 278.50595092773
62.224811553955 -4.3078656196594 278.95007324219
62.775417327881 -3.9148936271667 279.35696411133
63.324256896973 -3.5167081356049 279.76116943359
63.871620178223 -3.1157336235046 280.16461181641
64.416061401367 -2.7188243865967 280.57595825195
64.958541870117 -2.3276898860931 280.99526977539
65.504814147949 -1.9583685398102 281.42926025391
66.054405212402 -1.5957669019699 281.86459350586
66.624633789062 -1.2584924697876 282.29382324219
67.192268371582 -0.93023639917374 282.73333740234
67.756950378418 -0.61634975671768 283.18685913086
68.331329345703 -0.33330380916595 283.64852905273
68.909080505371 -0.061824839562178 284.11291503906
69.486305236816 0.21560080349445 284.57446289062
70.062255859375 0.50032293796539 285.03311157227
70.62752532959 0.78017777204514 285.50775146484
71.204216003418 1.0614856481552 285.96759033203
71.770111083984 1.3456813097 286.43887329102
72.311454772949 1.6227346658707 286.94219970703
72.868698120117 1.8883202075958 287.43420410156
73.439193725586 2.0987820625305 287.93756103516
73.977973937988 2.2659330368042 288.48974609375
74.545135498047 2.467164516449 289.00057983398
61.479290008545 -5.0900764465332 277.53646850586
61.940887451172 -4.5069165229797 277.705078125
62.472213745117 -4.0072617530823 277.92959594727
63.042137145996 -3.5699379444122 278.18844604492
63.617576599121 -3.1429255008698 278.45230102539
64.195121765137 -2.7185215950012 278.71569824219
64.782676696777 -2.3061017990112 278.97601318359
65.36824798584 -1.8847723007202 279.22619628906
65.950119018555 -1.4460839033127 279.45419311523
66.549629211426 -1.0370304584503 279.69149780273
67.160377502441 -0.64091539382935 279.92205810547
67.775177001953 -0.2433415800333 280.13876342773
68.411338806152 0.12271010130644 280.34930419922
69.063529968262 0.46576124429703 280.54931640625
69.709060668945 0.83235692977905 280.72802734375
70.345420837402 1.2215311527252 280.8913269043
70.974479675293 1.6234066486359 281.05212402344
71.610916137695 2.015524148941 281.20785522461
72.258262634277 2.3847141265869 281.37435913086
72.903419494629 2.7641940116882 281.52554321289
73.548179626465 3.1457166671753 281.67318725586
74.194229125977 3.5255193710327 281.81967163086
74.851768493652 3.8915572166443 281.94897460938
75.518005371094 4.255964756012 282.0290222168
76.180892944336 4.6304893493652 282.08676147461
