87.747589111328 6.8156590461731 410.74700927734
105.70516204834 -9.8171825408936 405.15161132812
112.64945220947 -0.57245677709579 402.5065612793
111.0417098999 -7.2331795692444 415.72021484375
86.969345092773 6.1740474700928 410.33929443359
86.612342834473 5.2643008232117 409.85855102539
86.537475585938 4.2871241569519 409.38241577148
86.689865112305 3.3057625293732 408.93399047852
87.044654846191 2.3595752716064 408.52871704102
87.635353088379 1.504962682724 408.1979675293
88.285369873047 0.68508756160736 407.89141845703
88.999572753906 -0.090646050870419 407.61441040039
89.775924682617 -0.81598192453384 407.36950683594
90.578269958496 -1.5174601078033 407.13943481445
91.416343688965 -2.1830649375916 406.93106079102
92.278747558594 -2.8218536376953 406.73867797852
93.167373657227 -3.4292476177216 406.5647277832
94.063011169434 -4.0277209281921 406.39593505859
94.974815368652 -4.6047258377075 406.23947143555
95.911331176758 -5.146228313446 406.10327148438
96.857650756836 -5.6725215911865 405.97546386719
97.815055847168 -6.180820941925 405.85778808594
98.77660369873 -6.6821322441101 405.74392700195
99.747436523438 -7.1672520637512 405.63912963867
100.711769104 -7.6637654304504 405.52795410156
101.70247650146 -8.1112451553345 405.44366455078
102.69661712646 -8.5517454147339 405.36312866211
103.69192504883 -8.9898414611816 405.28387451172
104.69561004639 -9.4100847244263 405.21420288086
87.95532989502 6.0331153869629 409.96801757812
88.206985473633 5.142879486084 409.33465576172
88.551330566406 4.3396782875061 408.7639465332
89.633598327637 4.3629350662231 408.5237121582
90.649444580078 4.0207056999207 408.18713378906
91.667907714844 3.6635828018188 407.87860107422
92.692413330078 3.2720985412598 407.63470458984
93.717147827148 2.8912558555603 407.37649536133
94.74227142334 2.5282618999481 407.09417724609
95.77424621582 2.1749820709229 406.83419799805
96.859504699707 1.8972908258438 406.74795532227
97.895477294922 1.5927758216858 406.47906494141
98.898948669434 1.2705744504929 406.08972167969
99.981086730957 1.0440667867661 405.90975952148
101.07335662842 0.82987958192825 405.75674438477
102.17789459229 0.64519852399826 405.66827392578
103.22200775146 0.46926519274712 405.36688232422
104.22357940674 0.30251005291939 404.89300537109
105.28393554688 0.14493763446808 404.55657958984
106.32596588135 -0.040376715362072 404.18011474609
107.37135314941 -0.22390174865723 403.82940673828
108.48901367188 -0.33670189976692 403.84924316406
109.60160064697 -0.48937609791756 403.88366699219
110.54439544678 -0.52082467079163 403.27865600586
111.58855438232 -0.5469314455986 402.87561035156
87.746650695801 5.6936330795288 410.61834716797
87.882835388184 4.6001386642456 410.43002319336
88.421737670898 3.8012547492981 410.31530761719
89.414573669434 3.3793811798096 410.55944824219
90.311302185059 2.7587559223175 410.85305786133
91.244956970215 2.175986289978 411.07513427734
92.247924804688 1.664278626442 411.16290283203
93.25089263916 1.1525709629059 411.2507019043
94.234313964844 0.60804027318954 411.35748291016
95.212715148926 0.055091615766287 411.46911621094
96.201690673828 -0.47869482636452 411.5791015625
97.199668884277 -0.99613565206528 411.68768310547
98.186401367188 -1.5127645730972 411.86859130859
99.168502807617 -2.0290584564209 412.07934570312
100.17888641357 -2.4980165958405 412.25994873047
101.20274353027 -2.9380660057068 412.44097900391
102.22259521484 -3.3668992519379 412.66790771484
103.22341156006 -3.8243496417999 412.91342163086
104.17043304443 -4.3626952171326 413.21148681641
105.18486785889 -4.8025617599487 413.43225097656
106.20172119141 -5.2120027542114 413.69195556641
107.18056488037 -5.6290469169617 414.0676574707
108.12595367432 -6.1065077781677 414.45977783203
109.09488677979 -6.5644125938416 414.81610107422
110.06628417969 -6.9582185745239 415.22177124023
