57.316181182861 8.2918214797974 271.36169433594
68.846649169922 -3.8492333889008 273.10000610352
73.030143737793 -2.3483898639679 267.99197387695
72.860725402832 -0.58998936414719 277.2975769043
57.031394958496 7.6772465705872 271.4616394043
57.004276275635 7.0069646835327 271.56677246094
57.154712677002 6.3515839576721 271.66717529297
57.436275482178 5.7382311820984 271.75912475586
57.803085327148 5.1678743362427 271.84320068359
58.217174530029 4.6286406517029 271.92172241211
58.656467437744 4.1090068817139 271.99688720703
59.114837646484 3.6056764125824 272.06921386719
59.594493865967 3.1219751834869 272.13821411133
60.084678649902 2.6486968994141 272.20541381836
60.598766326904 2.2010781764984 272.26824951172
61.121543884277 1.7632081508636 272.32946777344
61.652946472168 1.3356666564941 272.38897705078
62.193897247314 0.91998702287674 272.44647216797
62.741046905518 0.51223397254944 272.5026550293
63.291790008545 0.10935214161873 272.55801391602
63.855155944824 -0.27621155977249 272.61047363281
64.422500610352 -0.65603131055832 272.66201782227
64.991653442383 -1.0331962108612 272.71310424805
65.544631958008 -1.4329297542572 272.76794433594
66.094505310059 -1.8370864391327 272.8235168457
66.641120910645 -2.2455008029938 272.87982177734
67.179275512695 -2.6646904945374 272.93789672852
67.718612670898 -3.0817935466766 272.99560546875
68.287971496582 -3.4582169055939 273.0466003418
57.520076751709 7.6255168914795 271.07369995117
57.759342193604 6.928560256958 271.07147216797
58.439762115479 6.6324768066406 270.92297363281
59.05094909668 6.1944308280945 270.82159423828
59.703765869141 5.8097577095032 270.77151489258
60.354984283447 5.4218897819519 270.72692871094
60.997554779053 5.0175304412842 270.71118164062
61.6399269104 4.6132197380066 270.69149780273
62.280136108398 4.2094459533691 270.6305847168
62.919151306152 3.8073949813843 270.54904174805
63.565071105957 3.4178378582001 270.46148681641
64.215774536133 3.0379414558411 270.36743164062
64.850608825684 2.6357691287994 270.25836181641
65.482711791992 2.2302241325378 270.14605712891
66.122016906738 1.8389483690262 270.02496337891
66.78101348877 1.4921251535416 269.87646484375
67.425758361816 1.1229298114777 269.7194519043
68.064445495605 0.74463218450546 269.55941772461
68.697219848633 0.35407212376595 269.40545654297
69.32633972168 -0.043345920741558 269.25415039062
69.938545227051 -0.45830354094505 269.08193969727
70.556396484375 -0.862340092659 268.90414428711
71.20832824707 -1.2134553194046 268.7360534668
71.803001403809 -1.6422061920166 268.53823852539
72.433929443359 -1.9802627563477 268.28466796875
57.623268127441 7.7519145011902 271.75405883789
57.883319854736 7.104465007782 271.8874206543
58.554683685303 6.8705263137817 272.08541870117
59.144580841064 6.4654169082642 272.2819519043
59.757553100586 6.0799474716187 272.44512939453
60.365962982178 5.6804876327515 272.59100341797
60.975208282471 5.2783298492432 272.72561645508
61.587512969971 4.8825588226318 272.86407470703
62.216632843018 4.5256948471069 273.03100585938
62.849731445312 4.1811366081238 273.2080078125
63.490364074707 3.8651463985443 273.40985107422
64.122253417969 3.5411357879639 273.62609863281
64.75074005127 3.2134084701538 273.84655761719
65.384841918945 2.8880741596222 274.05395507812
66.019340515137 2.5825037956238 274.28860473633
66.651519775391 2.2791767120361 274.5322265625
67.275840759277 1.9693933725357 274.78771972656
67.892051696777 1.6511952877045 275.05239868164
68.498931884766 1.3238711357117 275.32717895508
69.079429626465 0.97441953420639 275.63034057617
69.673324584961 0.63011986017227 275.91278076172
70.27759552002 0.29965570569038 276.18954467773
70.898109436035 0.034229151904583 276.49847412109
71.552642822266 -0.23891423642635 276.71755981445
72.222534179688 -0.47064858675003 276.93771362305
