115.6030960083 -2.4839704036713 342.09020996094
50.491832733154 -22.65315246582 336.60333251953
45.784366607666 -4.2308549880981 340.29830932617
46.1188621521 -5.4931321144104 329.98382568359
116.8256149292 -5.0106091499329 342.40374755859
115.71076202393 -7.5281434059143 342.46719360352
113.10531616211 -8.5472173690796 342.26300048828
110.3130569458 -8.8101177215576 341.98403930664
107.50505828857 -8.8821668624878 341.68960571289
104.74449920654 -9.4164047241211 341.43377685547
101.98179626465 -9.9437026977539 341.17715454102
99.205070495605 -10.387183189392 340.91299438477
96.42155456543 -10.783049583435 340.64456176758
93.638938903809 -11.18558216095 340.37683105469
90.849090576172 -11.530742645264 340.10409545898
88.056259155273 -11.848567008972 339.82913208008
85.257904052734 -12.108769416809 339.54934692383
82.45923614502 -12.3650598526 339.2692565918
79.665229797363 -12.671717643738 338.99331665039
76.88818359375 -13.113004684448 338.72894287109
74.123847961426 -13.631410598755 338.47149658203
71.39038848877 -14.298848152161 338.22814941406
68.685516357422 -15.077361106873 337.99591064453
66.032165527344 -16.020946502686 337.78115844727
63.393413543701 -17.00541305542 337.57086181641
60.84398651123 -18.206644058228 337.38586425781
58.285648345947 -19.38836479187 337.19845581055
55.669284820557 -20.432376861572 336.99490356445
53.056354522705 -21.48514175415 336.79238891602
114.60886383057 -3.9712166786194 344.56768798828
114.04988861084 -4.0011014938354 347.58483886719
112.81295013428 -3.5903453826904 350.35305786133
110.5947265625 -2.5899109840393 352.22271728516
107.88261413574 -1.6096189022064 353.28268432617
104.99385070801 -0.77459508180618 353.90225219727
101.97310638428 -0.22197103500366 353.83767700195
98.952156066895 -0.067414999008179 353.29418945312
95.93936920166 -0.06674886494875 352.70520019531
93.139541625977 -1.0144112110138 351.86651611328
90.181037902832 -1.3538573980331 351.10650634766
87.199028015137 -1.532900929451 350.38455200195
84.188201904297 -1.4905143976212 349.76892089844
81.184997558594 -1.4892760515213 349.11581420898
78.212203979492 -1.6168464422226 348.34658813477
75.239799499512 -1.7460570335388 347.57592773438
72.243545532227 -1.9754012823105 346.93176269531
69.243118286133 -2.2262127399445 346.31506347656
66.241859436035 -2.5374810695648 345.73092651367
63.242401123047 -2.9414184093475 345.19674682617
60.256206512451 -3.225841999054 344.52932739258
57.324810028076 -3.271829366684 343.61120605469
54.346557617188 -3.4668743610382 342.8815612793
51.334545135498 -3.9484751224518 342.52651977539
48.342483520508 -4.3485097885132 341.95440673828
115.49731445312 -4.0016808509827 339.34851074219
115.46506500244 -4.5740284919739 336.26599121094
115.07089233398 -4.5576939582825 333.15551757812
113.37468719482 -3.8833637237549 330.60717773438
111.16516876221 -2.788223028183 328.67120361328
108.30802154541 -1.9677618741989 327.67596435547
105.22669219971 -2.2816762924194 328.154296875
102.16971588135 -2.7219533920288 328.69512939453
99.056137084961 -2.955726146698 328.41384887695
95.929847717285 -3.1536395549774 328.27780151367
92.818725585938 -3.2304482460022 328.658203125
89.686614990234 -3.0907611846924 328.63900756836
86.56591796875 -2.7952225208282 328.56677246094
83.43196105957 -2.7669339179993 328.47503662109
80.301544189453 -2.6599924564362 328.33203125
77.172714233398 -2.8131124973297 328.19827270508
74.08162689209 -3.32985496521 328.10290527344
70.965599060059 -3.678555727005 328.11279296875
67.841346740723 -3.9357659816742 328.17895507812
64.709060668945 -4.010097026825 328.29959106445
61.584957122803 -4.2477307319641 328.42141723633
58.479713439941 -4.6646518707275 328.54379272461
55.37174987793 -4.3912878036499 328.84985351562
52.249145507812 -4.5801491737366 329.06069946289
49.159690856934 -4.9802489280701 329.41653442383
