85.80744934082 -6.3739771842957 407.78356933594
104.31607055664 6.4333682060242 415.36029052734
112.47638702393 -0.85251224040985 421.18536376953
113.38123321533 4.4582242965698 407.35055541992
85.769981384277 -5.5208716392517 408.19143676758
86.099502563477 -4.7289342880249 408.59786987305
86.522689819336 -3.9764361381531 408.99240112305
87.028045654297 -3.2684602737427 409.3717956543
87.633346557617 -2.6286585330963 409.72598266602
88.280738830566 -2.0235707759857 410.06661987305
88.955810546875 -1.4437807798386 410.39721679688
89.672203063965 -0.9055899977684 410.7109375
90.406471252441 -0.38712346553802 411.01651000977
91.145584106445 0.12574617564678 411.31976318359
91.905555725098 0.61363101005554 411.61254882812
92.676383972168 1.0877214670181 411.89956665039
93.460662841797 1.5439454317093 412.17895507812
94.265777587891 1.9704937934875 412.44573974609
95.059516906738 2.4135706424713 412.71951293945
95.87020111084 2.8317532539368 412.98263549805
96.687034606934 3.2404291629791 413.24163818359
97.512481689453 3.6353299617767 413.49465942383
98.346214294434 4.0163831710815 413.74166870117
99.182815551758 4.3924975395203 413.98651123047
100.02539825439 4.7580790519714 414.22674560547
100.89347839355 5.0743732452393 414.44515991211
101.73722839355 5.4378652572632 414.68447875977
102.59206390381 5.7807540893555 414.91470336914
103.47281646729 6.0689663887024 415.12057495117
86.53409576416 -5.8892402648926 408.59094238281
87.369483947754 -5.2199559211731 409.11349487305
88.212463378906 -4.5955719947815 409.67681884766
89.187553405762 -4.1101174354553 410.15808105469
90.245941162109 -3.7381458282471 410.55795288086
91.355369567871 -3.440167427063 410.87319946289
92.46117401123 -3.1505088806152 411.2082824707
93.565757751465 -2.8635151386261 411.54962158203
94.669944763184 -2.5778687000275 411.89303588867
95.758827209473 -2.3448929786682 412.31616210938
96.844161987305 -2.121574640274 412.75338745117
97.929420471191 -1.8987321853638 413.19104003906
99.009796142578 -1.7014964818954 413.65225219727
100.07289886475 -1.5731008052826 414.1741027832
101.13589477539 -1.4447714090347 414.69616699219
102.19226074219 -1.3211070299149 415.23263549805
103.24749755859 -1.1987119913101 415.77157592773
104.29553985596 -1.1343035697937 416.33407592773
105.33220672607 -1.1343960762024 416.92086791992
106.36894226074 -1.1346333026886 417.50750732422
107.42292022705 -1.1675053834915 418.06161499023
108.46357727051 -1.1816858053207 418.64111328125
109.45897674561 -1.1368646621704 419.29391479492
110.45642852783 -1.0630751848221 419.94094848633
111.4771270752 -0.94396716356277 420.54342651367
86.452575683594 -5.4100794792175 407.67660522461
87.294227600098 -4.642876625061 407.9384765625
88.184356689453 -3.9249601364136 408.17666625977
89.176712036133 -3.3341612815857 408.35531616211
90.171264648438 -2.7471566200256 408.53274536133
91.224433898926 -2.2615337371826 408.67663574219
92.289245605469 -1.7996048927307 408.8127746582
93.354530334473 -1.3386026620865 408.9482421875
94.435241699219 -0.9088322520256 409.06143188477
95.546287536621 -0.55181962251663 409.12350463867
96.657272338867 -0.19456179440022 409.18521118164
97.765800476074 0.17240899801254 409.23223876953
98.868743896484 0.55830770730972 409.25024414062
99.972068786621 0.94292593002319 409.2666015625
101.09417724609 1.2624580860138 409.19961547852
102.22032928467 1.5604722499847 409.10641479492
103.34982299805 1.8363362550735 408.98861694336
104.48080444336 2.112776517868 408.88775634766
105.60385894775 2.4032154083252 408.74606323242
106.71138000488 2.7138831615448 408.53964233398
107.81551361084 3.0405254364014 408.33984375
108.91258239746 3.3621394634247 408.09747314453
110.0092086792 3.6655428409576 407.83084106445
111.10962677002 3.9706032276154 407.58236694336
112.23320770264 4.262309551239 407.44747924805
