51.164512634277 15.961367607117 272.09713745117
67.706771850586 8.286600112915 280.06723022461
57.286724090576 7.2818703651428 290.78042602539
58.097652435303 -3.4224741458893 277.29449462891
51.928508758545 16.328224182129 271.81555175781
52.770557403564 16.573804855347 271.6481628418
53.643825531006 16.736890792847 271.55709838867
54.531101226807 16.833566665649 271.52673339844
55.422901153564 16.877605438232 271.54406738281
56.312530517578 16.857128143311 271.6194152832
57.200294494629 16.820308685303 271.70932006836
58.076171875 16.722417831421 271.85342407227
58.93383026123 16.56725692749 272.04803466797
59.753902435303 16.332250595093 272.31213378906
60.567401885986 16.085830688477 272.58609008789
61.34886932373 15.790671348572 272.90188598633
62.087184906006 15.441721916199 273.26336669922
62.795139312744 15.060495376587 273.65197753906
63.445140838623 14.626720428467 274.0842590332
64.070434570312 14.173318862915 274.53256225586
64.571716308594 13.640399932861 275.04467773438
64.998924255371 13.071455001831 275.58444213867
65.564407348633 12.576192855835 276.06661987305
65.902885437012 11.97389793396 276.63073730469
66.242156982422 11.370984077454 277.19549560547
66.583061218262 10.768601417542 277.75985717773
66.846351623535 10.142997741699 278.34014892578
67.129905700684 9.5228719711304 278.91687011719
67.382926940918 8.8945665359497 279.49890136719
51.718601226807 16.288314819336 272.77993774414
52.586483001709 16.331071853638 273.14532470703
53.47513961792 16.308967590332 273.45861816406
54.347354888916 16.169597625732 273.78796386719
55.193946838379 15.987462043762 274.16030883789
55.986167907715 15.759355545044 274.61434936523
56.574211120605 15.308950424194 275.19689941406
57.020130157471 14.762622833252 275.8215637207
57.242221832275 14.178736686707 276.52703857422
57.306335449219 13.633285522461 277.29293823242
57.433185577393 13.196410179138 278.11846923828
57.646404266357 12.784872055054 278.93936157227
57.818820953369 12.346996307373 279.75616455078
57.932662963867 11.927629470825 280.59265136719
57.953407287598 11.497484207153 281.43124389648
57.928546905518 11.102507591248 282.28668212891
57.816860198975 10.778833389282 283.16494750977
57.769611358643 10.392537117004 284.02349853516
57.831581115723 10.024749755859 284.88931274414
57.908714294434 9.6453638076782 285.74877929688
57.919525146484 9.1920080184937 286.57516479492
58.05001449585 8.7928686141968 287.41888427734
57.938823699951 8.4017562866211 288.26937866211
57.736865997314 8.0011081695557 289.09851074219
57.541362762451 7.6157665252686 289.93637084961
51.825035095215 15.447317123413 271.66159057617
52.752700805664 15.25208568573 271.59704589844
53.690925598145 15.102728843689 271.58529663086
54.618782043457 14.915306091309 271.6630859375
55.497325897217 14.604299545288 271.84393310547
56.271537780762 14.138500213623 272.13342285156
56.854064941406 13.521394729614 272.55865478516
57.251300811768 12.825040817261 273.06787109375
57.527671813965 12.035826683044 273.51800537109
57.697959899902 11.174127578735 273.88000488281
57.813774108887 10.276198387146 274.16851806641
57.952610015869 9.3966426849365 274.50042724609
58.099346160889 8.5252656936646 274.84976196289
58.202579498291 7.6290035247803 275.14822387695
58.275417327881 6.7325592041016 275.45443725586
58.247436523438 5.8177642822266 275.71014404297
58.183013916016 4.8989605903625 275.94351196289
58.200908660889 3.9658331871033 276.12240600586
58.240776062012 3.0309572219849 276.28799438477
58.333908081055 2.0949149131775 276.4225769043
58.510883331299 1.1685154438019 276.53881835938
58.657829284668 0.23735071718693 276.65850830078
58.719051361084 -0.70141071081161 276.79208374023
58.618125915527 -1.627488732338 276.9797668457
58.420227050781 -2.5374460220337 277.16906738281
