56.425491333008 -1.6077976226807 269.12469482422
81.651672363281 -0.76700109243393 271.31283569336
84.680366516113 4.6322064399719 266.83685302734
82.451034545898 4.9660849571228 274.43841552734
56.882987976074 -2.5003128051758 269.22003173828
57.727291107178 -3.0575830936432 269.32913208008
58.664199829102 -3.4416184425354 269.43585205078
59.647922515869 -3.6850523948669 269.53811645508
60.652061462402 -3.8270542621613 269.63598632812
61.663482666016 -3.9062178134918 269.73059082031
62.677742004395 -3.9372203350067 269.82257080078
63.6926612854 -3.9186143875122 269.91156005859
64.707328796387 -3.8870656490326 269.9997253418
65.721420288086 -3.8385052680969 270.08673095703
66.734237670898 -3.7666115760803 270.17224121094
67.744789123535 -3.6660590171814 270.25579833984
68.753189086914 -3.5447108745575 270.33792114258
69.760467529297 -3.4139926433563 270.41934204102
70.76586151123 -3.2689266204834 270.4997253418
71.769065856934 -3.1089935302734 270.57897949219
72.766326904297 -2.9141962528229 270.65551757812
73.763565063477 -2.7193140983582 270.73211669922
74.756607055664 -2.5034875869751 270.80706787109
75.749298095703 -2.2860190868378 270.88192749023
76.737022399902 -2.0464391708374 270.95489501953
77.728408813477 -1.8229036331177 271.02920532227
78.72184753418 -1.6089917421341 271.10433959961
79.707847595215 -1.3622484207153 271.17672729492
80.686248779297 -1.0862458944321 271.24667358398
57.465908050537 -2.0521216392517 268.92770385742
58.528011322021 -2.4043316841125 268.85794067383
59.673824310303 -2.4493627548218 268.8469543457
60.806419372559 -2.4630215167999 268.79058837891
61.941738128662 -2.3029053211212 268.76184082031
63.056587219238 -2.0373663902283 268.81491088867
64.185745239258 -1.8150225877762 268.82012939453
65.300971984863 -1.5515854358673 268.88162231445
66.419937133789 -1.2891145944595 268.91156005859
67.540458679199 -1.1068224906921 268.77481079102
68.639495849609 -0.76618409156799 268.80935668945
69.738761901855 -0.43346163630486 268.81243896484
70.84635925293 -0.12910202145576 268.74728393555
71.935829162598 0.24398344755173 268.74185180664
73.040283203125 0.43683525919914 268.49221801758
74.123962402344 0.71927535533905 268.32440185547
75.169364929199 1.1816226243973 268.32723999023
76.26879119873 1.389830827713 268.05508422852
77.321006774902 1.8091373443604 267.92098999023
78.37760925293 2.2288181781769 267.77145385742
79.453636169434 2.5790812969208 267.56854248047
80.486000061035 3.0880188941956 267.60546875
81.530662536621 3.4539394378662 267.40844726562
82.585838317871 3.7360236644745 267.08010864258
83.642929077148 4.1927032470703 267.0671081543
57.115188598633 -1.8773424625397 269.82107543945
58.042922973633 -1.9008791446686 269.93179321289
59.045234680176 -1.9885030984879 270.35028076172
60.086338043213 -2.0202224254608 270.65866088867
61.153861999512 -1.904883146286 270.85095214844
62.217994689941 -1.82506275177 271.06188964844
63.267547607422 -1.6389474868774 271.2190246582
64.325950622559 -1.4355791807175 271.35781860352
65.38671875 -1.2456073760986 271.49844360352
66.427589416504 -0.92611128091812 271.54418945312
67.451873779297 -0.55440592765808 271.55151367188
68.494171142578 -0.3814460337162 271.82406616211
69.525932312012 -0.10224550962448 272.02462768555
70.544792175293 0.25893622636795 272.14212036133
71.546836853027 0.66279596090317 272.20733642578
72.556335449219 0.94764697551727 272.50793457031
73.567123413086 1.2769244909286 272.74884033203
74.578468322754 1.6257019042969 272.9635925293
75.582656860352 2.0118482112885 273.14056396484
76.582473754883 2.4208383560181 273.29443359375
77.57755279541 2.8190660476685 273.48950195312
78.562934875488 3.1952567100525 273.76892089844
79.548316955566 3.5714473724365 274.04837036133
80.530769348145 3.9917068481445 274.26834106445
81.513023376465 4.4148650169373 274.48443603516
