66.42204284668 -0.11195085942745 268.67300415039
76.150924682617 -4.6216378211975 268.78149414062
80.782180786133 -2.8576736450195 263.92849731445
80.859199523926 -0.9619437456131 271.4538269043
66.53734588623 -0.51919490098953 268.74645996094
66.770477294922 -0.87674909830093 268.80001831055
67.038993835449 -1.2097376585007 268.84555053711
67.3427734375 -1.5121587514877 268.88189697266
67.675186157227 -1.7839226722717 268.90963745117
68.019187927246 -2.0412137508392 268.93341064453
68.382179260254 -2.2716150283813 268.9501953125
68.749160766602 -2.4956951141357 268.96527099609
69.129341125488 -2.6969289779663 268.97457885742
69.517951965332 -2.8815512657166 268.97982788086
69.910491943359 -3.0576817989349 268.98303222656
70.312599182129 -3.210750579834 268.98071289062
70.721336364746 -3.3449878692627 268.97399902344
71.132789611816 -3.4705319404602 268.96530151367
71.547286987305 -3.5853996276855 268.95413208008
71.96492767334 -3.6879646778107 268.94021606445
72.383003234863 -3.7886557579041 268.92590332031
72.798637390137 -3.8992671966553 268.91381835938
73.210876464844 -4.0221433639526 268.90451049805
73.627166748047 -4.1302003860474 268.89184570312
74.039978027344 -4.2511248588562 268.88204956055
74.458801269531 -4.348539352417 268.86697387695
74.877601623535 -4.446072101593 268.85189819336
75.298347473145 -4.5344762802124 268.83483886719
75.722183227539 -4.6056418418884 268.81396484375
66.792205810547 -0.5174908041954 268.4176940918
67.291618347168 -0.83549344539642 268.28900146484
67.836006164551 -1.0660141706467 268.15567016602
68.394538879395 -1.2828146219254 268.06494140625
68.979286193848 -1.4302542209625 268.00454711914
69.559745788574 -1.5915184020996 267.9384765625
70.133636474609 -1.7680456638336 267.85659790039
70.720527648926 -1.8775210380554 267.75241088867
71.299629211426 -1.9749685525894 267.60260009766
71.872360229492 -2.0639789104462 267.4255065918
72.44255065918 -2.1377165317535 267.23376464844
73.007522583008 -2.2197329998016 267.03030395508
73.566192626953 -2.311311006546 266.81396484375
74.119812011719 -2.4317729473114 266.59875488281
74.676879882812 -2.539005279541 266.3854675293
75.238059997559 -2.6287891864777 266.17492675781
75.797294616699 -2.723818063736 265.96151733398
76.353401184082 -2.8259561061859 265.74325561523
76.904754638672 -2.9350957870483 265.51663208008
77.42797088623 -2.9840431213379 265.21472167969
77.98705291748 -3.029883146286 264.98529052734
78.553520202637 -3.054669380188 264.77124023438
79.121795654297 -3.0594227313995 264.56063842773
79.688774108887 -3.0583591461182 264.34649658203
80.237464904785 -3.0690655708313 264.08947753906
66.868431091309 -0.37051364779472 268.94219970703
67.394546508789 -0.59668606519699 269.04507446289
67.945304870605 -0.77089327573776 269.11499023438
68.503387451172 -0.92345756292343 269.1770324707
69.066131591797 -1.0665190219879 269.21493530273
69.628883361816 -1.2094997167587 269.25286865234
70.199249267578 -1.3095088005066 269.31002807617
70.769706726074 -1.4087014198303 269.36758422852
71.340866088867 -1.4839105606079 269.44946289062
71.915504455566 -1.532753944397 269.52679443359
72.492469787598 -1.5580674409866 269.59786987305
73.067993164062 -1.5844534635544 269.67950439453
73.639801025391 -1.6131067276001 269.78338623047
74.210990905762 -1.6399216651917 269.89111328125
74.780128479004 -1.6612062454224 270.01031494141
75.338958740234 -1.6717709302902 270.17208862305
75.888526916504 -1.6747505664825 270.36322021484
76.435897827148 -1.7009030580521 270.55889892578
76.983215332031 -1.7351236343384 270.75344848633
77.545104980469 -1.7382349967957 270.90454101562
78.098373413086 -1.7091602087021 271.08236694336
78.647109985352 -1.6267691850662 271.25747680664
79.208335876465 -1.5026242733002 271.34802246094
79.772193908691 -1.3739553689957 271.41195678711
80.320915222168 -1.1825318336487 271.44076538086
