69.747978210449 -4.3132677078247 267.82794189453
76.347343444824 2.8871879577637 272.20816040039
79.853462219238 -0.95179152488708 273.16067504883
78.928482055664 3.3053255081177 267.76184082031
69.552909851074 -4.0157828330994 268.07705688477
69.560394287109 -3.6645829677582 268.33648681641
69.623291015625 -3.3132185935974 268.58801269531
69.742263793945 -2.9675559997559 268.82711791992
69.889373779297 -2.6274254322052 269.05801391602
70.089401245117 -2.3021402359009 269.27017211914
70.301414489746 -1.9812921285629 269.47732543945
70.53825378418 -1.670814037323 269.6731262207
70.787712097168 -1.3663740158081 269.86264038086
71.051048278809 -1.0691952705383 270.04473876953
71.32649230957 -0.77890318632126 270.21997070312
71.611274719238 -0.49436584115028 270.38958740234
71.905876159668 -0.21625789999962 270.55297851562
72.206352233887 0.057793941348791 270.71249389648
72.516540527344 0.32474139332771 270.86532592773
72.838897705078 0.58204901218414 271.00924682617
73.167572021484 0.83398550748825 271.14828491211
73.508827209473 1.0744526386261 271.27697753906
73.857093811035 1.3079967498779 271.39944458008
74.213851928711 1.5325642824173 271.51403808594
74.570327758789 1.7574180364609 271.62893676758
74.920791625977 1.9886984825134 271.74948120117
75.272438049316 2.2187526226044 271.8688659668
75.628616333008 2.4439492225647 271.98403930664
75.990653991699 2.6625518798828 272.0934753418
69.973999023438 -4.2319936752319 268.23208618164
70.156593322754 -3.9394652843475 268.55163574219
70.535888671875 -3.809268951416 268.79446411133
70.87825012207 -3.6485991477966 269.07366943359
71.232948303223 -3.4742166996002 269.32797241211
71.624084472656 -3.3168168067932 269.53588867188
71.99365234375 -3.1511495113373 269.77459716797
72.350959777832 -2.9787108898163 270.02645874023
72.76439666748 -2.854415178299 270.21237182617
73.144104003906 -2.7000319957733 270.44244384766
73.565940856934 -2.5898218154907 270.61822509766
73.960144042969 -2.4631774425507 270.84091186523
74.36669921875 -2.3559699058533 271.05126953125
74.770133972168 -2.2367494106293 271.26110839844
75.196243286133 -2.1560297012329 271.44262695312
75.613426208496 -2.0504267215729 271.63192749023
76.001411437988 -1.9139442443848 271.85958862305
76.423606872559 -1.796382188797 272.02941894531
76.843200683594 -1.7063373327255 272.22125244141
77.256149291992 -1.5807334184647 272.40737915039
77.710205078125 -1.5163916349411 272.50561523438
78.13037109375 -1.4171358346939 272.68884277344
78.554779052734 -1.33405148983 272.87316894531
78.997276306152 -1.2592058181763 273.01266479492
79.431159973145 -1.150935292244 273.15737915039
69.884437561035 -3.8674919605255 267.79400634766
70.09302520752 -3.4737818241119 267.93533325195
70.384208679199 -3.1082458496094 267.94393920898
70.71346282959 -2.7766544818878 267.9553527832
71.038818359375 -2.4432721138 267.99407958984
71.366470336914 -2.1115808486938 268.02749633789
71.711868286133 -1.7979047298431 268.05581665039
72.043403625488 -1.4695109128952 268.08294677734
72.418426513672 -1.1905325651169 268.08218383789
72.777076721191 -0.89087456464767 268.09066772461
73.158241271973 -0.6203219294548 268.09240722656
73.537055969238 -0.34750133752823 268.06860351562
73.901893615723 -0.056351233273745 268.04370117188
74.270561218262 0.2304395288229 268.02563476562
74.641807556152 0.51127272844315 267.9831237793
75.016990661621 0.78740549087524 267.94467163086
75.395713806152 1.0607042312622 267.92529296875
75.765899658203 1.345932841301 267.9153137207
76.143112182617 1.620526432991 267.88702392578
76.53874206543 1.8676995038986 267.85748291016
76.923851013184 2.1302297115326 267.82192993164
77.303321838379 2.4017260074615 267.79391479492
77.701629638672 2.6447439193726 267.76586914062
78.108238220215 2.8670136928558 267.70455932617
78.512100219727 3.1022918224335 267.69937133789
