71.61368560791 6.5756516456604 267.78955078125
75.691879272461 -3.8486332893372 268.26336669922
80.147842407227 -5.3282322883606 264.59887695312
80.571624755859 -4.6252603530884 270.74655151367
71.258460998535 6.303288936615 267.86163330078
71.095085144043 5.8815674781799 267.92324829102
71.026992797852 5.432948589325 267.97515869141
71.035499572754 4.9781789779663 268.01770019531
71.101921081543 4.5274014472961 268.05239868164
71.205101013184 4.0831537246704 268.08169555664
71.338272094727 3.6467764377594 268.1064453125
71.510848999023 3.2239532470703 268.12469482422
71.692085266113 2.8047158718109 268.14151000977
71.887199401855 2.3916802406311 268.15594482422
72.101432800293 1.9880963563919 268.16702270508
72.319747924805 1.5866847038269 268.17733764648
72.541465759277 1.1871320009232 268.18704223633
72.770011901855 0.79142779111862 268.19549560547
73.013298034668 0.4045430123806 268.201171875
73.251304626465 0.014406206086278 268.20788574219
73.489280700684 -0.3757435977459 268.21459960938
73.721633911133 -0.76924872398376 268.22235107422
73.96647644043 -1.1551496982574 268.22775268555
74.210861206055 -1.541338801384 268.23321533203
74.466339111328 -1.9203048944473 268.2366027832
74.720115661621 -2.3004076480865 268.24029541016
74.955024719238 -2.692405462265 268.24758911133
75.200698852539 -3.0777840614319 268.25283813477
75.444747924805 -3.464183807373 268.25839233398
71.504127502441 6.0419354438782 267.55499267578
71.422630310059 5.4657793045044 267.44445800781
71.692070007324 4.9525394439697 267.31921386719
72.019836425781 4.4703049659729 267.21014404297
72.351608276367 3.9875967502594 267.11645507812
72.686714172363 3.5033977031708 267.04483032227
73.019485473633 3.0174643993378 266.97406005859
73.36107635498 2.5378050804138 266.90264892578
73.723846435547 2.0741901397705 266.82962036133
74.099708557129 1.6200041770935 266.7639465332
74.484085083008 1.1723860502243 266.70263671875
74.877105712891 0.73535543680191 266.62255859375
75.270004272461 0.2995420396328 266.53558349609
75.643867492676 -0.14960150420666 266.4338684082
76.00212097168 -0.60208946466446 266.29693603516
76.341445922852 -1.0559635162354 266.12161254883
76.692260742188 -1.5035799741745 265.95303344727
77.07349395752 -1.9327139854431 265.8034362793
77.457191467285 -2.3632192611694 265.66445922852
77.844032287598 -2.7923974990845 265.53015136719
78.246200561523 -3.2066283226013 265.39395141602
78.640129089355 -3.6267364025116 265.25183105469
79.021697998047 -4.0551562309265 265.10104370117
79.372734069824 -4.5014057159424 264.92926025391
79.715881347656 -4.9514236450195 264.75152587891
71.6015625 6.0289011001587 267.97027587891
71.655128479004 5.5091691017151 268.21264648438
71.894439697266 5.0068936347961 268.361328125
72.191421508789 4.5319275856018 268.49526977539
72.535736083984 4.0799946784973 268.5895690918
72.92610168457 3.6583857536316 268.62957763672
73.294380187988 3.2199115753174 268.69165039062
73.643966674805 2.7691338062286 268.7712097168
73.982040405273 2.3119947910309 268.86328125
74.306663513184 1.8482437133789 268.9694519043
74.681411743164 1.4142733812332 269.02398681641
75.072105407715 0.99263966083527 269.06039428711
75.458374023438 0.57278954982758 269.13952636719
75.838432312012 0.15677137672901 269.25881958008
76.207443237305 -0.26135048270226 269.40286254883
76.564544677734 -0.68059492111206 269.57150268555
76.967422485352 -1.0737348794937 269.69351196289
77.378593444824 -1.4555321931839 269.8235168457
77.779724121094 -1.83163022995 269.99496459961
78.164611816406 -2.2304794788361 270.15158081055
78.542320251465 -2.6390073299408 270.30053710938
78.950019836426 -3.032639503479 270.40341186523
79.34937286377 -3.4379639625549 270.49270629883
79.746292114258 -3.8461236953735 270.57992553711
80.164459228516 -4.2193646430969 270.71249389648
