127.42541503906 6.4785823822021 585.25909423828
124.34139251709 -3.6339550018311 596.37817382812
121.40362548828 -7.7110061645508 587.09112548828
131.92913818359 -8.7486658096313 590.27252197266
127.25031280518 6.7140278816223 585.85198974609
127.06588745117 6.7327642440796 586.48712158203
126.88163757324 6.7375044822693 587.12255859375
126.70087432861 6.6361675262451 587.75091552734
126.52201843262 6.504346370697 588.37408447266
126.34636688232 6.3316197395325 588.98822021484
126.173828125 6.1263928413391 589.59307861328
126.00612640381 5.879017829895 590.18341064453
125.84301757812 5.5974917411804 590.75946044922
125.68969726562 5.2550773620605 591.30444335938
125.54758453369 4.8571610450745 591.81365966797
125.4149017334 4.4199171066284 592.29217529297
125.28253173828 3.9814260005951 592.76965332031
125.15930938721 3.5099115371704 593.21716308594
125.04739379883 3.0028655529022 593.62725830078
124.94741821289 2.4638860225677 593.99774169922
124.8519821167 1.9139343500137 594.35302734375
124.7652130127 1.3450096845627 594.67950439453
124.68898010254 0.75564152002335 594.97039794922
124.62138366699 0.15183877944946 595.23236083984
124.56448364258 -0.46752202510834 595.45806884766
124.52754211426 -1.1089675426483 595.61608886719
124.48431396484 -1.7443833351135 595.79534912109
124.42451477051 -2.3598082065582 596.03082275391
124.38137054443 -2.9953269958496 596.20983886719
126.84259033203 6.2382197380066 585.34228515625
126.37083435059 5.9048638343811 585.61016845703
125.94315338135 5.5498490333557 585.92028808594
125.63397216797 5.1409854888916 586.29809570312
125.33842468262 4.6937408447266 586.64178466797
125.05289459229 4.2231335639954 586.96179199219
124.79526519775 3.6972901821136 587.21203613281
124.55532836914 3.1502456665039 587.43243408203
124.35934448242 2.5641992092133 587.58624267578
124.16041564941 1.9727330207825 587.71313476562
123.95792388916 1.3748545646667 587.79711914062
123.78416442871 0.76559954881668 587.86138916016
123.63525390625 0.14826115965843 587.90832519531
123.5146484375 -0.47635138034821 587.87957763672
123.40869140625 -1.1006927490234 587.81268310547
123.24308013916 -1.7120294570923 587.7470703125
123.00733947754 -2.3001987934113 587.68371582031
122.75563049316 -2.8819143772125 587.62225341797
122.4986038208 -3.4613635540009 587.56146240234
122.24728393555 -4.0407285690308 587.47955322266
121.99703216553 -4.6200346946716 587.39410400391
121.85711669922 -5.237594127655 587.32653808594
121.71977996826 -5.8545203208923 587.24859619141
121.58428955078 -6.4707155227661 587.16217041016
121.38968658447 -7.0749197006226 587.11151123047
127.89939880371 6.2017245292664 585.65856933594
128.1496887207 5.8145036697388 586.15856933594
128.29019165039 5.4145336151123 586.69073486328
128.39436340332 4.997359752655 587.21801757812
128.48364257812 4.5379304885864 587.71124267578
128.54710388184 3.9814457893372 588.09753417969
128.6597442627 3.4364984035492 588.48901367188
128.7599029541 2.8662519454956 588.84625244141
128.84710693359 2.2548172473907 589.13067626953
128.93127441406 1.5950040817261 589.27313232422
129.04762268066 0.96642059087753 589.50598144531
129.17910766602 0.32054114341736 589.67315673828
129.32086181641 -0.34371176362038 589.71014404297
129.51225280762 -0.99539941549301 589.66937255859
129.70249938965 -1.6476190090179 589.63391113281
129.93815612793 -2.2854199409485 589.65753173828
130.20678710938 -2.9067006111145 589.72650146484
130.42909240723 -3.548148393631 589.77185058594
130.65797424316 -4.1819128990173 589.86639404297
130.86799621582 -4.8204417228699 589.97180175781
131.0369720459 -5.4746398925781 590.05218505859
131.19882202148 -6.13254737854 590.11505126953
131.35778808594 -6.7918186187744 590.17047119141
131.53739929199 -7.4468083381653 590.2119140625
131.73327636719 -8.0977344512939 590.24224853516
