72.175392150879 34.825862884521 339.68447875977
48.138610839844 -7.2558379173279 347.10562133789
65.935935974121 -19.255790710449 337.69711303711
65.831390380859 -17.379856109619 356.37026977539
70.295936584473 34.057926177979 339.85235595703
68.831726074219 32.756858825684 340.09805297852
67.664779663086 31.120759963989 340.39181518555
66.759368896484 29.323059082031 340.70611572266
66.187202453613 27.402027130127 341.03305053711
65.72045135498 25.44725227356 341.36312866211
65.312171936035 23.47899055481 341.69409179688
64.518745422363 21.634334564209 342.01354980469
63.687480926514 19.801862716675 342.33184814453
62.873111724854 17.962684631348 342.65090942383
62.194896697998 16.069326400757 342.97570800781
61.500736236572 14.181693077087 343.29995727539
60.757785797119 12.313816070557 343.6220703125
59.899894714355 10.493411064148 343.93896484375
58.917709350586 8.7366132736206 344.2483215332
57.664375305176 7.1960067749023 344.52844238281
56.06177520752 5.9866261482239 344.76220703125
54.125255584717 5.3707132339478 344.9065246582
52.200763702393 4.7238259315491 345.05563354492
50.339424133301 3.9143035411835 345.22988891602
48.88948059082 2.5263862609863 345.48944091797
48.399112701416 0.71537727117538 345.79656982422
48.476249694824 -1.2919406890869 346.12298583984
48.688568115234 -3.2922809123993 346.44522094727
48.561073303223 -5.2905473709106 346.77481079102
72.014343261719 34.057510375977 337.58993530273
71.313789367676 32.629787445068 335.92114257812
70.765640258789 30.891778945923 334.57748413086
70.218452453613 28.923540115356 333.54583740234
69.944755554199 26.81450843811 332.66223144531
69.878944396973 24.579078674316 332.23358154297
69.948211669922 22.379770278931 331.7014465332
69.816276550293 20.153192520142 331.14511108398
69.455009460449 17.926641464233 330.95104980469
69.480895996094 15.650314331055 331.04620361328
69.275497436523 13.444356918335 331.22708129883
69.431823730469 11.264219284058 331.50396728516
69.475280761719 9.0575790405273 331.78659057617
69.465797424316 6.843071937561 332.19268798828
69.628150939941 4.598491191864 332.66046142578
69.57536315918 2.3503522872925 333.17373657227
69.72225189209 0.12941934168339 333.66094970703
69.755554199219 -2.1295926570892 334.08203125
69.696151733398 -4.345299243927 334.61083984375
69.611434936523 -6.5935616493225 335.07119750977
69.429588317871 -8.8442182540894 335.50350952148
69.283905029297 -11.061012268066 336.08843994141
68.767585754395 -13.226516723633 336.65576171875
67.967041015625 -15.300490379333 337.15902709961
66.890045166016 -17.275058746338 337.5583190918
72.075576782227 33.945194244385 341.60610961914
71.66626739502 32.412631988525 342.47756958008
71.515167236328 33.447799682617 344.73532104492
71.11302947998 31.827489852905 346.61972045898
70.959915161133 30.535257339478 347.56436157227
70.708778381348 28.638040542603 349.12927246094
70.789482116699 26.35538482666 349.9533996582
70.978454589844 24.128377914429 349.93267822266
70.80339050293 23.215999603271 351.94833374023
70.601493835449 20.841449737549 352.72821044922
70.6201171875 18.381311416626 353.1796875
70.808868408203 15.942253112793 353.57818603516
70.914543151855 13.467297554016 353.88305664062
70.893341064453 10.991687774658 354.05291748047
70.64200592041 8.4941940307617 354.31790161133
70.467277526855 6.0007719993591 354.59915161133
70.416656494141 3.4980032444 354.86947631836
70.552787780762 0.9949791431427 355.11169433594
70.307167053223 -1.4843062162399 355.28225708008
70.201965332031 -3.8726420402527 355.53356933594
70.006950378418 -6.3582305908203 355.91586303711
69.449432373047 -8.8100233078003 356.20098876953
68.914993286133 -11.180809020996 355.78811645508
68.1669921875 -13.253695487976 356.09078979492
67.220184326172 -15.405986785889 356.20803833008
