83.664512634277 -3.3091812133789 404.96786499023
99.932998657227 -8.1000566482544 406.18823242188
102.75522613525 -0.21795006096363 402.49801635742
100.28562927246 -2.1485300064087 412.04754638672
84.064109802246 -3.8462181091309 404.92294311523
84.603805541992 -4.2447805404663 404.92065429688
85.164863586426 -4.6126255989075 404.92657470703
85.752113342285 -4.9366283416748 404.9436340332
86.344230651855 -5.2515215873718 404.96295166016
86.943481445312 -5.5523686408997 404.98571777344
87.554153442383 -5.8287682533264 405.01422119141
88.166595458984 -6.1011114120483 405.04373168945
88.787689208984 -6.3524918556213 405.078125
89.420127868652 -6.5725741386414 405.11953735352
90.057250976562 -6.7780361175537 405.16418457031
90.696907043457 -6.975043296814 405.21060180664
91.341987609863 -7.1523661613464 405.26126098633
91.995094299316 -7.2945475578308 405.31921386719
92.640335083008 -7.4712338447571 405.36996459961
93.299324035645 -7.5792427062988 405.43478393555
93.959159851074 -7.6811809539795 405.50079345703
94.619499206543 -7.7793169021606 405.56753540039
95.281707763672 -7.8613862991333 405.63735961914
95.946380615234 -7.9124846458435 405.71301269531
96.611534118652 -7.95352602005 405.79058837891
97.277198791504 -7.9740662574768 405.87182617188
97.942604064941 -7.9699144363403 405.95751953125
98.608085632324 -7.9679346084595 406.04278564453
99.273666381836 -7.9944672584534 406.12292480469
84.296035766602 -3.3908069133759 404.53427124023
85.008529663086 -3.6397449970245 404.36242675781
85.768623352051 -3.7595295906067 404.27044677734
86.540008544922 -3.8135612010956 404.21569824219
87.311790466309 -3.8667829036713 404.17001342773
88.074401855469 -3.9855554103851 404.09927368164
88.846199035645 -4.0465669631958 404.06039428711
89.620399475098 -4.0793504714966 404.04122924805
90.395408630371 -4.064516544342 404.03662109375
91.16796875 -4.0058417320251 404.03518676758
91.925788879395 -3.8580846786499 404.10104370117
92.696311950684 -3.780620098114 404.09646606445
93.430969238281 -3.5355663299561 404.12951660156
94.174285888672 -3.3161132335663 404.12014770508
94.929229736328 -3.147430896759 404.07025146484
95.673690795898 -2.9513938426971 403.98135375977
96.382736206055 -2.653703212738 403.8835144043
97.081939697266 -2.3355276584625 403.78005981445
97.790542602539 -2.0619628429413 403.62518310547
98.49779510498 -1.7748013734818 403.48992919922
99.203338623047 -1.4828704595566 403.35604858398
99.907188415527 -1.1991416215897 403.19787597656
100.60594177246 -0.93914252519608 402.98556518555
101.32752227783 -0.741062104702 402.78298950195
102.05140686035 -0.52181261777878 402.61318969727
84.20295715332 -3.4447979927063 405.41757202148
84.851753234863 -3.6356861591339 405.65222167969
85.510276794434 -3.8033230304718 405.87686157227
86.194633483887 -3.8887889385223 406.06860351562
86.886184692383 -3.9431340694427 406.24536132812
87.579498291016 -3.9875926971436 406.41796875
88.275436401367 -4.0229229927063 406.58190917969
88.973793029785 -4.0534520149231 406.73614501953
89.664794921875 -4.0877375602722 406.91995239258
90.35750579834 -4.10404920578 407.09909057617
91.058212280273 -4.0289163589478 407.22412109375
91.749252319336 -4.0349187850952 407.41082763672
92.435134887695 -4.0257525444031 407.61553955078
93.120025634766 -3.9777183532715 407.81811523438
93.805244445801 -3.8872404098511 408.00448608398
94.480331420898 -3.7822315692902 408.21762084961
95.103546142578 -3.682471036911 408.55535888672
95.709495544434 -3.5307629108429 408.9049987793
96.298599243164 -3.3465301990509 409.267578125
96.875503540039 -3.1532413959503 409.64471435547
97.447814941406 -3.0055820941925 410.04858398438
98.034706115723 -2.8525171279907 410.42880249023
98.628776550293 -2.6829659938812 410.79043579102
99.185623168945 -2.5180017948151 411.20892333984
99.736206054688 -2.3348841667175 411.6282043457
