121.50207519531 22.427293777466 326.31378173828
89.953079223633 0.75438183546066 328.72604370117
89.294006347656 4.6614985466003 335.03378295898
88.518989562988 7.7187900543213 327.04690551758
121.34903717041 21.006351470947 325.95034790039
120.4634552002 19.779064178467 325.84161376953
119.47257995605 18.629905700684 325.78381347656
118.44282531738 17.515022277832 325.74642944336
117.36616516113 16.444389343262 325.73434448242
116.30948638916 15.356449127197 325.7119140625
115.12545013428 14.411649703979 325.76495361328
113.81763458252 13.652645111084 325.90472412109
112.57283782959 12.789858818054 325.99771118164
111.29068756104 11.985266685486 326.11749267578
109.98336791992 11.225507736206 326.25689697266
108.65914916992 10.49827003479 326.41018676758
107.34307098389 9.7559299468994 326.55688476562
105.98642730713 9.0983333587646 326.73880004883
104.62705230713 8.4473428726196 326.92337036133
103.25211334229 7.8345327377319 327.12310791016
101.88957977295 7.1911115646362 327.31069946289
100.50573730469 6.6018290519714 327.51950073242
99.136505126953 5.9745116233826 327.71353149414
97.764083862305 5.3555445671082 327.91079711914
96.425804138184 4.657320022583 328.07614135742
95.109802246094 3.9138786792755 328.22256469727
93.794471740723 3.1691479682922 328.36840820312
92.47469329834 2.4333190917969 328.51803588867
91.199684143066 1.6164757013321 328.63238525391
120.85675048828 21.122343063354 326.57022094727
119.71882629395 20.182624816895 326.64837646484
118.54265594482 19.293062210083 326.7502746582
117.33200073242 18.466865539551 326.9421081543
116.16892242432 17.570205688477 327.11041259766
115.02095031738 16.653173446655 327.27258300781
113.77918243408 15.890615463257 327.52017211914
112.49708557129 15.198298454285 327.76904296875
111.17823791504 14.578837394714 328.01788330078
109.86832427979 13.945682525635 328.27932739258
108.61349487305 13.23672580719 328.60745239258
107.35517120361 12.53654384613 328.94128417969
106.07313537598 11.89480304718 329.30120849609
104.7906036377 11.254307746887 329.66171264648
103.48872375488 10.667699813843 330.04382324219
102.1635055542 10.158184051514 330.45501708984
100.83949279785 9.6426019668579 330.86276245117
99.526718139648 9.0820999145508 331.2467956543
98.214317321777 8.5201015472412 331.63000488281
96.954429626465 7.897228717804 332.08752441406
95.703025817871 7.2652759552002 332.55627441406
94.40291595459 6.7017765045166 332.97680664062
93.099098205566 6.1436796188354 333.39358520508
91.820648193359 5.5611000061035 333.85305786133
90.575149536133 4.9468555450439 334.35931396484
120.66751098633 21.340841293335 325.96389770508
119.53874969482 20.489776611328 325.94018554688
118.43795776367 19.602928161621 325.90774536133
117.30889129639 18.754709243774 325.83673095703
116.14134216309 17.959491729736 325.77536010742
114.92953491211 17.231885910034 325.81283569336
113.6637878418 16.604320526123 325.87057495117
112.38346862793 16.01478767395 325.98251342773
111.09827423096 15.437323570251 326.1012878418
109.81592559814 14.842022895813 326.08041381836
108.5227355957 14.271976470947 326.12503051758
107.24507904053 13.667407989502 326.16220092773
105.99633026123 13.005681037903 326.11752319336
104.65844726562 12.548577308655 326.13162231445
103.31678009033 12.105756759644 326.18768310547
101.973777771 11.670620918274 326.26708984375
100.63645172119 11.212824821472 326.30264282227
99.29695892334 10.762227058411 326.34768676758
97.952644348145 10.329280853271 326.41607666016
96.612770080566 9.884147644043 326.4928894043
95.275367736816 9.4324111938477 326.57409667969
93.930572509766 9.0050086975098 326.66430664062
92.5810546875 8.5940971374512 326.7604675293
91.258186340332 8.0951404571533 326.75424194336
89.910179138184 7.671555519104 326.80505371094
