97.703712463379 3.2887446880341 337.37167358398
64.03434753418 -13.935833930969 343.76263427734
56.082946777344 -2.3821635246277 354.51858520508
50.775356292725 -7.4325652122498 331.78793334961
98.6962890625 2.14413022995 337.48236083984
98.301856994629 0.64401644468307 337.79217529297
97.43807220459 -0.64923346042633 338.11019897461
96.315948486328 -1.7234572172165 338.41375732422
94.945159912109 -2.4806382656097 338.68408203125
93.502471923828 -3.0976059436798 338.93600463867
92.010444641113 -3.5942461490631 339.17092895508
90.508941650391 -4.0635299682617 339.40188598633
89.008491516113 -4.5359263420105 339.63327026367
87.513114929199 -5.0231256484985 339.86685180664
86.020545959473 -5.5183119773865 340.1015625
84.532180786133 -6.0251836776733 340.33801269531
83.041915893555 -6.5268006324768 340.57369995117
81.55445098877 -7.0361747741699 340.81048583984
80.067085266113 -7.5457935333252 341.04733276367
78.58625793457 -8.0729417800903 341.28671264648
77.111618041992 -8.6161365509033 341.52841186523
75.648406982422 -9.187671661377 341.77407836914
74.172248840332 -9.7269887924194 342.01525878906
72.701599121094 -10.280293464661 342.25836181641
71.225616455078 -10.819983482361 342.49957275391
69.776565551758 -11.424648284912 342.74984741211
68.305641174316 -11.977201461792 342.99285888672
66.864074707031 -12.598587036133 343.24548339844
65.400390625 -13.16888999939 343.49099731445
97.36572265625 2.5012714862823 338.78070068359
96.02889251709 1.2892181873322 338.98788452148
94.430274963379 0.96253532171249 339.30181884766
92.729927062988 1.3231756687164 339.9006652832
91.045166015625 1.6460347175598 340.55679321289
89.400421142578 1.8501621484756 341.35284423828
87.750366210938 2.0020360946655 342.14926147461
86.068168640137 2.0921440124512 342.86560058594
84.294158935547 2.0316059589386 343.3450012207
82.60343170166 1.9277745485306 344.04180908203
80.94474029541 1.8035418987274 344.82470703125
79.25927734375 1.6767553091049 345.54840087891
77.55387878418 1.4861572980881 346.2041015625
75.835487365723 1.2539938688278 346.81549072266
74.063087463379 1.0729271173477 347.24334716797
72.280097961426 0.89606720209122 347.61767578125
70.649688720703 0.53368562459946 348.38647460938
68.999031066895 0.16497692465782 349.10629272461
67.335693359375 -0.20769381523132 349.79550170898
65.643173217773 -0.58325326442719 350.40353393555
63.930194854736 -0.96083915233612 350.95462036133
62.220924377441 -1.3147205114365 351.53051757812
60.534477233887 -1.6330436468124 352.18307495117
58.956230163574 -1.9897819757462 353.05624389648
57.307250976562 -2.1754810810089 353.83685302734
97.351486206055 1.8498146533966 336.82434082031
96.126945495605 0.94420021772385 337.83874511719
94.909927368164 0.41696259379387 337.39303588867
93.233558654785 0.59992831945419 336.88522338867
91.250267028809 1.0056446790695 336.77282714844
89.265838623047 1.0988807678223 336.40716552734
87.295097351074 0.96083772182465 335.91320800781
85.346778869629 0.78783255815506 335.37664794922
83.408760070801 0.49799212813377 334.88833618164
81.383033752441 0.29556426405907 334.77380371094
79.377723693848 0.00058693659957498 334.56921386719
77.379913330078 -0.34709966182709 334.36688232422
75.378593444824 -0.72406876087189 334.26559448242
73.391586303711 -1.1528149843216 334.11834716797
71.416000366211 -1.6228151321411 333.93453979492
69.483261108398 -2.2034513950348 333.65203857422
67.559928894043 -2.808385848999 333.34786987305
65.573425292969 -3.1206350326538 333.61737060547
63.604331970215 -3.5292596817017 333.78875732422
61.684646606445 -4.1996254920959 333.63690185547
59.749366760254 -4.8215327262878 333.4909362793
57.788707733154 -5.364574432373 333.35461425781
55.860172271729 -5.9343476295471 333.02090454102
53.967777252197 -6.5163593292236 332.55731201172
52.087963104248 -7.0663552284241 332.07852172852
