72.15966796875 9.8914070129395 269.35098266602
78.822006225586 3.2859439849854 268.77096557617
84.768493652344 4.976128578186 266.06506347656
82.17847442627 4.6457171440125 272.25994873047
72.188575744629 9.525164604187 269.28045654297
72.283882141113 9.1684894561768 269.21929931641
72.390586853027 8.8157758712769 269.16024780273
72.587181091309 8.5000705718994 269.11877441406
72.785751342773 8.1855630874634 269.07775878906
73.005966186523 7.8851127624512 269.04205322266
73.224533081055 7.5835146903992 269.00588989258
73.451469421387 7.287926197052 268.97192382812
73.699974060059 7.0095438957214 268.94387817383
73.957672119141 6.7393846511841 268.91845703125
74.226463317871 6.4799537658691 268.89645385742
74.505798339844 6.2316198348999 268.87789916992
74.792518615723 5.9916768074036 268.86190795898
75.084426879883 5.7579441070557 268.84768676758
75.375045776367 5.5226497650146 268.83309936523
75.676177978516 5.30073595047 268.82232666016
75.982498168945 5.0859580039978 268.81356811523
76.308212280273 4.9017033576965 268.81314086914
76.637252807617 4.7234621047974 268.81433105469
76.963348388672 4.5399317741394 268.81411743164
77.266052246094 4.3201379776001 268.8039855957
77.595222473145 4.142237663269 268.80523681641
77.905860900879 3.9336886405945 268.79818725586
78.215744018555 3.724066734314 268.79089355469
78.514236450195 3.4986686706543 268.77911376953
72.544921875 9.7587690353394 268.99307250977
73.014083862305 9.4976625442505 268.90850830078
73.46167755127 9.2084426879883 268.80145263672
73.92032623291 8.9259023666382 268.72885131836
74.363288879395 8.6223831176758 268.64468383789
74.836631774902 8.3577375411987 268.60870361328
75.2783203125 8.0617036819458 268.49588012695
75.746864318848 7.8066697120667 268.3916015625
76.234954833984 7.5941777229309 268.28173828125
76.730911254883 7.3963527679443 268.17993164062
77.227439880371 7.1978449821472 268.08236694336
77.711654663086 6.9827351570129 267.96099853516
78.200401306152 6.7867569923401 267.82614135742
78.697021484375 6.6091661453247 267.69464111328
79.201049804688 6.4523496627808 267.56491088867
79.715103149414 6.3446154594421 267.42489624023
80.221748352051 6.2150831222534 267.27658081055
80.729095458984 6.0907430648804 267.1262512207
81.246063232422 5.9968738555908 266.98696899414
81.756591796875 5.8654203414917 266.85458374023
82.259796142578 5.7056422233582 266.7253112793
82.750068664551 5.4852252006531 266.64495849609
83.235694885254 5.3067307472229 266.47863769531
83.719596862793 5.1643857955933 266.27612304688
84.245384216309 5.0587296485901 266.18753051758
72.429763793945 9.665452003479 269.64227294922
72.738143920898 9.3516817092896 269.76791381836
73.057594299316 9.0292224884033 269.82623291016
73.381256103516 8.7086515426636 269.86895751953
73.74634552002 8.4369506835938 269.91702270508
74.118896484375 8.1761426925659 269.96817016602
74.492828369141 7.9174938201904 270.01983642578
74.892608642578 7.7025294303894 270.07806396484
75.300910949707 7.5050387382507 270.13885498047
75.716949462891 7.3352451324463 270.22552490234
76.134002685547 7.1703462600708 270.31661987305
76.54988861084 7.0063891410828 270.41455078125
76.960845947266 6.8361644744873 270.52206420898
77.353507995605 6.6320018768311 270.63851928711
77.746246337891 6.428722858429 270.75622558594
78.139389038086 6.2321066856384 270.88357543945
78.538154602051 6.0587368011475 271.02624511719
78.93904876709 5.896644115448 271.1760559082
79.346420288086 5.7513704299927 271.32562255859
79.772285461426 5.6703085899353 271.47219848633
80.190849304199 5.5500812530518 271.61285400391
80.596267700195 5.3845839500427 271.74578857422
80.993286132812 5.2335572242737 271.91607666016
81.396011352539 5.0802974700928 272.07019042969
81.78345489502 4.8607850074768 272.1755065918
