58.251998901367 -4.6262321472168 280.02438354492
71.205139160156 5.0843501091003 282.83743286133
74.829597473145 2.8809368610382 287.48522949219
76.383155822754 2.9223380088806 280.04580688477
58.294719696045 -3.9738726615906 280.02758789062
58.547500610352 -3.371600151062 280.07843017578
58.878471374512 -2.8101139068604 280.14727783203
59.251132965088 -2.2767381668091 280.22567749023
59.666904449463 -1.7778632640839 280.31414794922
60.112957000732 -1.3071732521057 280.40966796875
60.573188781738 -0.85107606649399 280.50854492188
61.055164337158 -0.41922321915627 280.61248779297
61.559001922607 -0.014429180882871 280.7216796875
62.07657623291 0.37171229720116 280.83410644531
62.6086769104 0.73652160167694 280.95001220703
63.14183807373 1.0996613502502 281.06610107422
63.69229888916 1.4345675706863 281.18643188477
64.243789672852 1.7676746845245 281.30700683594
64.806343078613 2.0806972980499 281.43026733398
65.374534606934 2.3828384876251 281.55484008789
65.943145751953 2.6840825080872 281.67956542969
66.526779174805 2.9534132480621 281.80795288086
67.105453491211 3.2338001728058 281.93511962891
67.685974121094 3.5101363658905 282.06271362305
68.272445678711 3.7728478908539 282.19186401367
68.861236572266 4.0300974845886 282.32147216797
69.455032348633 4.2748293876648 282.45245361328
70.040168762207 4.5407304763794 282.58117675781
70.625762939453 4.8054842948914 282.71011352539
58.69860458374 -4.1440753936768 280.41506958008
59.22184753418 -3.6383874416351 280.65472412109
59.782234191895 -3.1648640632629 280.87466430664
60.392990112305 -2.7425541877747 281.06338500977
61.024017333984 -2.3565504550934 281.26293945312
61.664169311523 -2.0010097026825 281.48831176758
62.323554992676 -1.6814492940903 281.71240234375
62.985553741455 -1.370169878006 281.94036865234
63.649291992188 -1.0711251497269 282.1794128418
64.315277099609 -0.78594470024109 282.42886352539
64.983467102051 -0.51743775606155 282.69067382812
65.651206970215 -0.25811731815338 282.96252441406
66.315963745117 -0.032022893428802 283.26928710938
66.980773925781 0.19319824874401 283.57653808594
67.646942138672 0.39617133140564 283.89611816406
68.313690185547 0.58175522089005 284.22494506836
68.981552124023 0.77996426820755 284.54400634766
69.64981842041 0.97941780090332 284.86141967773
70.318054199219 1.1815520524979 285.17697143555
70.941635131836 1.4522020816803 285.53048706055
71.594444274902 1.6983014345169 285.84732055664
72.240051269531 1.9732594490051 286.1549987793
72.852752685547 2.3037314414978 286.47503662109
73.4951171875 2.5351448059082 286.82281494141
74.144584655762 2.7507216930389 287.16754150391
58.7688331604 -4.0898470878601 279.85580444336
59.350425720215 -3.5918142795563 279.87939453125
59.971370697021 -3.1453123092651 279.9287109375
60.59449005127 -2.7044208049774 279.99420166016
61.251438140869 -2.3194668292999 280.08062744141
61.92850112915 -1.9707489013672 280.16625976562
62.614810943604 -1.639407992363 280.2473449707
63.304492950439 -1.312549829483 280.31698608398
64.000335693359 -0.99519348144531 280.36663818359
64.699897766113 -0.68446093797684 280.40420532227
65.40803527832 -0.39219719171524 280.42666625977
66.119277954102 -0.10753068327904 280.44253540039
66.846824645996 0.13172294199467 280.41452026367
67.579223632812 0.35311216115952 280.37084960938
68.309226989746 0.58623093366623 280.35882568359
69.039367675781 0.81873112916946 280.35293579102
69.787132263184 0.98646396398544 280.36138916016
70.536148071289 1.1471900939941 280.34091186523
71.275970458984 1.3331725597382 280.26794433594
72.006317138672 1.564439535141 280.24560546875
72.737930297852 1.7917338609695 280.22561645508
73.451217651367 2.0669548511505 280.17211914062
74.162933349609 2.3468151092529 280.12231445312
74.892166137695 2.5821995735168 280.10800170898
75.628578186035 2.7925863265991 280.08001708984
