74.321388244629 -27.813045501709 340.62130737305
81.826889038086 -1.4458178281784 339.7116394043
63.589546203613 -4.9614858627319 329.89349365234
66.325836181641 -5.4965343475342 350.95300292969
75.510856628418 -27.853670120239 340.55963134766
76.602088928223 -27.370538711548 340.49291992188
77.642395019531 -26.785936355591 340.42681884766
78.601684570312 -26.075735092163 340.36254882812
79.497428894043 -25.286804199219 340.3000793457
80.312644958496 -24.414745330811 340.240234375
81.031837463379 -23.461679458618 340.18383789062
81.662002563477 -22.447326660156 340.13088989258
82.209602355957 -21.385921478271 340.08142089844
82.682289123535 -20.289003372192 340.03512573242
83.054183959961 -19.153778076172 339.99334716797
83.310859680176 -17.986824035645 339.95709228516
83.514938354492 -16.809497833252 339.92337036133
83.617973327637 -15.618982315063 339.89462280273
83.571998596191 -14.424648284912 339.8737487793
83.463088989258 -13.234384536743 339.85623168945
83.239189147949 -12.060262680054 339.84497070312
83.151473999023 -10.868214607239 339.82626342773
83.077896118164 -9.6752214431763 339.80685424805
83.009971618652 -8.4818992614746 339.78704833984
82.933334350586 -7.2890963554382 339.76779174805
82.86791229248 -6.0956416130066 339.74786376953
82.748550415039 -4.9063186645508 339.73086547852
82.526084899902 -3.7318513393402 339.71963500977
82.192977905273 -2.5837950706482 339.71466064453
74.836845397949 -27.189691543579 339.87698364258
75.555450439453 -26.350234985352 339.40875244141
76.282318115234 -25.478496551514 339.01580810547
76.760528564453 -24.445339202881 338.6572265625
77.126258850098 -23.360702514648 338.33511352539
77.142074584961 -22.169878005981 338.17907714844
76.967140197754 -21.013780593872 337.95123291016
76.661018371582 -19.890811920166 337.68392944336
75.864364624023 -19.031639099121 337.41970825195
75.090797424316 -18.153011322021 337.1540222168
74.359817504883 -17.238519668579 336.88565063477
73.721862792969 -16.318040847778 336.45523071289
73.214042663574 -15.337673187256 335.99102783203
72.651657104492 -14.399406433105 335.51617431641
71.886222839355 -13.547131538391 335.1872253418
71.10546875 -12.668786048889 334.94515991211
70.343421936035 -11.789231300354 334.65179443359
69.578872680664 -10.944073677063 334.27920532227
68.889785766602 -10.083062171936 333.80484008789
68.217063903809 -9.2503614425659 333.26010131836
67.490043640137 -8.4366188049316 332.75869750977
66.750312805176 -7.6404099464417 332.24810791016
65.998687744141 -6.870005607605 331.71502685547
65.137199401855 -6.2968716621399 331.12741088867
64.320159912109 -5.6876673698425 330.51116943359
75.224510192871 -27.410432815552 341.2060546875
76.099418640137 -26.709714889526 341.37875366211
76.58243560791 -25.706344604492 341.66101074219
76.975654602051 -24.661533355713 341.93206787109
77.358413696289 -23.604072570801 342.16650390625
77.558174133301 -22.501235961914 342.40655517578
77.679946899414 -21.382774353027 342.63461303711
77.578605651855 -20.311088562012 342.82327270508
76.868049621582 -19.413217544556 342.91638183594
76.245567321777 -18.549175262451 343.34497070312
75.691528320312 -17.655885696411 343.80642700195
75.197334289551 -16.670879364014 344.12817382812
74.703498840332 -15.684595108032 344.44915771484
74.178153991699 -14.72827911377 344.7991027832
73.554695129395 -13.859851837158 345.21963500977
73.00040435791 -13.046439170837 345.80853271484
72.403923034668 -12.242705345154 346.35214233398
71.638511657715 -11.450691223145 346.67861938477
70.877998352051 -10.654133796692 347.00537109375
70.125732421875 -9.8499088287354 347.33255004883
69.479530334473 -9.0463256835938 347.83212280273
68.839599609375 -8.2523517608643 348.35940551758
68.107231140137 -7.5351686477661 348.87808227539
67.510406494141 -6.7700967788696 349.47640991211
66.959678649902 -6.062940120697 350.18023681641
