58.949947357178 7.2930150032043 269.04644775391
68.436180114746 -1.9820940494537 269.34466552734
72.77522277832 0.75148034095764 266.68585205078
73.772659301758 0.3877460360527 274.24523925781
58.87109375 6.7723627090454 268.96398925781
58.960540771484 6.249617099762 268.90853881836
59.143257141113 5.7500882148743 268.87130737305
59.404945373535 5.2857723236084 268.85165405273
59.678676605225 4.8283753395081 268.83486938477
59.989574432373 4.3951110839844 268.82733154297
60.325859069824 3.9811551570892 268.82653808594
60.681861877441 3.5840513706207 268.83114624023
61.052108764648 3.2002580165863 268.83987426758
61.427745819092 2.8217897415161 268.85018920898
61.818309783936 2.4588992595673 268.86502075195
62.222187042236 2.1110849380493 268.88400268555
62.636768341064 1.7763118743896 268.90649414062
63.059280395508 1.4518042802811 268.931640625
63.479747772217 1.1245968341827 268.95608520508
63.910202026367 0.810926258564 268.98394775391
64.349822998047 0.51055884361267 269.01510620117
64.797370910645 0.22246934473515 269.04913330078
65.249137878418 -0.058748260140419 269.08483886719
65.690299987793 -0.35677999258041 269.11657714844
66.145088195801 -0.63294237852097 269.15341186523
66.603073120117 -0.90359246730804 269.19149780273
67.048004150391 -1.1958128213882 269.22463989258
67.508995056152 -1.4611344337463 269.26391601562
67.968971252441 -1.7282814979553 269.30279541016
59.251438140869 6.8682117462158 268.81359863281
59.528984069824 6.3342313766479 268.78845214844
60.045753479004 6.0757455825806 268.69445800781
60.491962432861 5.6810908317566 268.60369873047
60.95227432251 5.2734704017639 268.5876159668
61.390563964844 4.8603010177612 268.54629516602
61.936527252197 4.5729575157166 268.53945922852
62.491718292236 4.3028998374939 268.53259277344
63.045558929443 4.0303530693054 268.52014160156
63.603912353516 3.771252155304 268.47192382812
64.164405822754 3.5147705078125 268.43676757812
64.738647460938 3.2968091964722 268.39135742188
65.326782226562 3.1187391281128 268.33120727539
65.903541564941 2.915237903595 268.26034545898
66.453216552734 2.6555750370026 268.15536499023
67.004013061523 2.4280390739441 267.99389648438
67.570182800293 2.2240386009216 267.85968017578
68.146797180176 2.0360188484192 267.74398803711
68.735801696777 1.9532873630524 267.58038330078
69.317260742188 1.8160927295685 267.43142700195
69.89421081543 1.6476694345474 267.29016113281
70.470001220703 1.487163066864 267.13549804688
71.049453735352 1.3271245956421 267.00036621094
71.643585205078 1.1689630746841 266.9436340332
72.21231842041 0.96543157100677 266.82217407227
59.136032104492 6.9161128997803 269.45666503906
59.405288696289 6.2968235015869 269.58462524414
59.844696044922 5.9240441322327 269.70175170898
60.374267578125 5.5554828643799 269.90225219727
60.966037750244 5.2113175392151 269.96063232422
61.5143699646 4.8195791244507 270.11953735352
62.082183837891 4.4340424537659 270.22018432617
62.670886993408 4.0903549194336 270.34075927734
63.270053863525 3.7670512199402 270.47463989258
63.8996925354 3.5027439594269 270.58599853516
64.52848815918 3.2445938587189 270.70861816406
65.099998474121 2.8994877338409 270.89797973633
65.718940734863 2.645571231842 271.08203125
66.338531494141 2.392902135849 271.26599121094
66.956398010254 2.1567680835724 271.47451782227
67.573112487793 1.9315979480743 271.69934082031
68.172012329102 1.6926286220551 271.95574951172
68.779472351074 1.4926116466522 272.22491455078
69.387229919434 1.2945857048035 272.4951171875
69.990585327148 1.0919692516327 272.77166748047
70.593933105469 0.88935273885727 273.04824829102
71.214050292969 0.71295827627182 273.30413818359
71.840324401855 0.55169439315796 273.55514526367
72.471969604492 0.43768081068993 273.81896972656
73.11743927002 0.35309475660324 274.04721069336
