77.201484680176 24.560459136963 331.46517944336
80.959114074707 -2.9670095443726 343.55386352539
72.834457397461 -12.860800743103 337.23114013672
83.930236816406 -13.873693466187 335.03762817383
77.534797668457 24.767286300659 332.58493041992
77.89037322998 24.382085800171 333.68963623047
78.221252441406 23.690622329712 334.64944458008
78.405715942383 22.741144180298 335.39248657227
78.597801208496 21.64080619812 335.9228515625
78.642723083496 20.446062088013 336.22857666016
78.695388793945 19.230628967285 336.44830322266
78.748817443848 18.01895904541 336.68606567383
78.818161010742 16.819458007812 336.97375488281
79.012519836426 15.630681991577 337.25207519531
79.155670166016 14.435143470764 337.53338623047
79.227111816406 13.235610961914 337.82421875
79.327812194824 12.03813457489 338.11413574219
79.460746765137 10.851232528687 338.43203735352
79.571731567383 9.6811590194702 338.81253051758
79.634170532227 8.5166463851929 339.22253417969
79.762870788574 7.3468375205994 339.60189819336
79.902183532715 6.1853289604187 340.00183105469
80.044235229492 5.033100605011 340.42706298828
80.171264648438 3.8883683681488 340.87692260742
80.261474609375 2.7625954151154 341.38034057617
80.40843963623 1.6441206932068 341.88287353516
80.621467590332 0.53413718938828 342.38436889648
80.729354858398 -0.62213128805161 342.80523681641
80.830352783203 -1.7896559238434 343.19860839844
76.004890441895 24.098262786865 332.2424621582
75.646911621094 23.192903518677 333.43017578125
75.604187011719 22.183334350586 334.55859375
75.326614379883 20.741250991821 335.01306152344
75.189041137695 19.22188949585 335.22662353516
75.105583190918 17.707536697388 335.49749755859
75.04174041748 16.195766448975 335.78756713867
74.98991394043 14.682809829712 336.06353759766
74.938285827637 13.143362045288 336.09646606445
74.865249633789 11.604791641235 336.12673950195
74.747673034668 10.06964302063 336.18270874023
74.622840881348 8.5344724655151 336.21850585938
74.474723815918 7.0019879341125 336.27490234375
74.334251403809 5.4701662063599 336.36068725586
74.226486206055 3.9371492862701 336.46954345703
74.10636138916 2.4028472900391 336.54055786133
73.974937438965 0.86806052923203 336.56622314453
73.868423461914 -0.66668999195099 336.6435546875
73.651985168457 -2.1918416023254 336.61822509766
73.430610656738 -3.7161121368408 336.65106201172
73.224739074707 -5.2389488220215 336.76132202148
73.019805908203 -6.7653198242188 336.80456542969
72.816413879395 -8.2922468185425 336.83267211914
72.643699645996 -9.822603225708 336.87344360352
72.589736938477 -11.356580734253 337.00506591797
78.598487854004 23.854831695557 331.4826965332
79.63159942627 22.783931732178 331.98223876953
80.29727935791 21.45265007019 332.46170043945
80.699043273926 19.935552597046 332.52365112305
80.979713439941 18.415420532227 332.80944824219
81.153091430664 16.875625610352 333.07583618164
81.339630126953 15.327033996582 333.27374267578
81.499877929688 13.76954460144 333.41802978516
81.641143798828 12.207933425903 333.5344543457
81.822677612305 10.647872924805 333.60876464844
81.975769042969 9.0836620330811 333.65313720703
82.123596191406 7.5183434486389 333.63653564453
82.274040222168 5.9534397125244 333.60842895508
82.43058013916 4.3889756202698 333.59387207031
82.56591796875 2.8227679729462 333.62548828125
82.731094360352 1.2600476741791 333.67431640625
83.028800964355 -0.28375259041786 333.65576171875
83.270561218262 -1.8372243642807 333.63064575195
83.520980834961 -3.3894555568695 333.61770629883
83.826843261719 -4.9313621520996 333.65390014648
84.109573364258 -6.477972984314 333.63357543945
84.362197875977 -8.0271463394165 333.54086303711
84.59595489502 -9.5820283889771 333.5378112793
84.65779876709 -11.144896507263 333.69738769531
84.302757263184 -12.585878372192 334.21597290039
