104.72012329102 58.856689453125 356.89419555664
53.022602081299 -44.234245300293 338.66149902344
45.918743133545 -35.791767120361 349.51583862305
47.748008728027 -31.831144332886 333.36846923828
106.61513519287 54.828868865967 355.70989990234
106.44432830811 50.204849243164 355.31060791016
105.97979736328 45.674739837646 354.38446044922
105.11117553711 41.17981338501 353.59188842773
104.06039428711 36.740715026855 352.72064208984
102.88299560547 32.342296600342 351.79333496094
101.44186401367 27.992176055908 351.02194213867
99.889678955078 23.686260223389 350.23165893555
98.135681152344 19.459316253662 349.43338012695
96.134330749512 15.323443412781 348.73724365234
94.005668640137 11.261919975281 347.99859619141
91.753051757812 7.2727308273315 347.21951293945
89.252967834473 3.4197027683258 346.51300048828
86.727439880371 -0.41918075084686 345.82427978516
84.075828552246 -4.1879730224609 345.22378540039
81.356399536133 -7.8915457725525 344.53604125977
78.592781066895 -11.552616119385 343.79147338867
75.849418640137 -15.257205963135 343.21563720703
73.115135192871 -18.981300354004 342.71536254883
70.283317565918 -22.608554840088 342.06973266602
67.445686340332 -26.230037689209 341.41540527344
64.576934814453 -29.84591293335 340.87753295898
61.704341888428 -33.461097717285 340.35397338867
58.787952423096 -37.0426902771 339.84292602539
55.871269226074 -40.620445251465 339.31033325195
105.02462005615 54.509250640869 357.78674316406
104.98002624512 50.135921478271 356.82891845703
104.33512115479 45.796226501465 355.93276977539
103.21879577637 41.535888671875 355.11282348633
102.12000274658 37.260391235352 354.35977172852
100.55843353271 33.121158599854 353.65454101562
99.063545227051 28.955535888672 352.96002197266
97.531127929688 24.806953430176 352.25137329102
95.595703125 20.821783065796 351.59942626953
93.170211791992 17.086479187012 351.11996459961
90.966049194336 13.237760543823 350.49517822266
88.379112243652 9.6154222488403 349.98956298828
85.718017578125 6.0467395782471 349.48748779297
82.959449768066 2.5563545227051 348.96176147461
80.081970214844 -0.84278029203415 348.47717285156
77.069480895996 -4.1300950050354 348.04446411133
74.020706176758 -7.4043030738831 347.82369995117
70.905990600586 -10.601085662842 348.20834350586
67.807075500488 -13.83368396759 348.31634521484
64.803504943848 -17.101842880249 347.71075439453
61.800365447998 -20.412841796875 347.4157409668
58.826545715332 -23.758190155029 347.60153198242
55.548957824707 -26.777980804443 348.05694580078
52.277477264404 -29.82769203186 348.31378173828
49.145957946777 -33.024749755859 348.11282348633
105.12586975098 55.194187164307 354.63754272461
104.96105957031 50.901206970215 353.84780883789
104.31201171875 46.644714355469 353.09307861328
103.46852111816 42.437698364258 352.25729370117
102.39379882812 38.297061920166 351.3708190918
100.86122894287 34.289100646973 350.53576660156
99.156539916992 30.342468261719 349.74102783203
97.397903442383 26.423114776611 348.9289855957
95.606704711914 22.530660629272 348.07171630859
93.42130279541 18.809720993042 347.37637329102
90.99097442627 15.218946456909 346.81713867188
88.484718322754 11.692283630371 346.18960571289
85.920921325684 8.2262382507324 345.46502685547
83.253372192383 4.8114786148071 344.88473510742
80.532897949219 1.4234585762024 344.40115356445
77.800003051758 -1.9598022699356 343.97497558594
74.89094543457 -5.100350856781 343.08731079102
71.963066101074 -8.2046852111816 342.13647460938
69.03564453125 -11.335686683655 341.27841186523
65.896942138672 -14.230257987976 340.33853149414
62.821067810059 -17.152460098267 339.28335571289
59.790470123291 -20.085805892944 338.13232421875
56.771377563477 -23.015851974487 336.94332885742
53.81799697876 -25.982894897461 335.68310546875
50.839893341064 -28.928388595581 334.4306640625
