70.110595703125 -2.6511428356171 267.98388671875
77.171241760254 2.0193300247192 271.07867431641
80.297225952148 -0.50425654649734 272.69006347656
80.237609863281 2.5732326507568 267.95126342773
70.105422973633 -2.3483850955963 268.17449951172
70.238258361816 -2.0675666332245 268.35427856445
70.420631408691 -1.8076628446579 268.52194213867
70.634971618652 -1.5659974813461 268.67880249023
70.866920471191 -1.3363035917282 268.82852172852
71.108871459961 -1.1142320632935 268.97366333008
71.371658325195 -0.90970426797867 269.10815429688
71.63427734375 -0.70504504442215 269.24276733398
71.90438079834 -0.50747454166412 269.373046875
72.189727783203 -0.32581415772438 269.49371337891
72.472244262695 -0.14102582633495 269.61618041992
72.764305114746 0.032908659428358 269.73208618164
73.058563232422 0.20417457818985 269.84634399414
73.359558105469 0.36693593859673 269.9553527832
73.66480255127 0.52399903535843 270.06091308594
73.973037719727 0.6768718957901 270.16384887695
74.280548095703 0.83075255155563 270.26745605469
74.595062255859 0.97430509328842 270.36468505859
74.909103393555 1.1185853481293 270.46234130859
75.229850769043 1.2520550489426 270.55337524414
75.544845581055 1.3948599100113 270.65014648438
75.864669799805 1.5298918485641 270.74212646484
76.185600280762 1.6630465984344 270.83294677734
76.506622314453 1.7960679531097 270.92367553711
76.835517883301 1.9147955179214 271.0055847168
70.376350402832 -2.5517933368683 268.3291015625
70.663223266602 -2.3388702869415 268.59826660156
71.01969909668 -2.1744539737701 268.81335449219
71.397323608398 -2.0281455516815 269.00421142578
71.784042358398 -1.8883162736893 269.18121337891
72.170059204102 -1.7384334802628 269.35140991211
72.555519104004 -1.5825173854828 269.51736450195
72.941581726074 -1.4278416633606 269.68292236328
73.348426818848 -1.3167771100998 269.83319091797
73.755386352539 -1.2060743570328 269.9833984375
74.168632507324 -1.1145730018616 270.12924194336
74.59114074707 -1.0587941408157 270.26638793945
75.009994506836 -0.99421560764313 270.41070556641
75.427841186523 -0.92986088991165 270.55798339844
75.836601257324 -0.88610172271729 270.73529052734
76.245376586914 -0.84229105710983 270.91253662109
76.66187286377 -0.78358376026154 271.06591796875
77.070739746094 -0.7284728884697 271.23977661133
77.474098205566 -0.67348563671112 271.42611694336
77.880271911621 -0.60841888189316 271.6028137207
78.292877197266 -0.55286127328873 271.76745605469
78.716773986816 -0.47407668828964 271.8879699707
79.150848388672 -0.48073220252991 271.99700927734
79.547889709473 -0.50351923704147 272.20257568359
79.931228637695 -0.5237010717392 272.43298339844
70.320686340332 -2.2608489990234 267.95239257812
70.636413574219 -1.9662623405457 268.06335449219
71.031814575195 -1.7728090286255 268.14587402344
71.41478729248 -1.5563888549805 268.23013305664
71.802070617676 -1.3415056467056 268.29705810547
72.190948486328 -1.1296167373657 268.36395263672
72.588485717773 -0.93642151355743 268.4365234375
72.99146270752 -0.75040483474731 268.49673461914
73.402214050293 -0.57903599739075 268.5471496582
73.815231323242 -0.41457968950272 268.60018920898
74.216659545898 -0.21615178883076 268.61001586914
74.625770568848 -0.034317627549171 268.62347412109
75.030807495117 0.15674392879009 268.61618041992
75.425926208496 0.36731681227684 268.60290527344
75.81681060791 0.58524018526077 268.58728027344
76.205474853516 0.79819631576538 268.52255249023
76.608818054199 0.98653763532639 268.47317504883
77.021293640137 1.1603437662125 268.45654296875
77.441589355469 1.3134897947311 268.43493652344
77.842643737793 1.5064080953598 268.38442993164
78.256568908691 1.6756339073181 268.35986328125
78.686950683594 1.7902973890305 268.31280517578
79.098739624023 1.9356406927109 268.21319580078
79.48908996582 2.1162021160126 268.08804321289
79.871864318848 2.3151595592499 267.96746826172
