71.285552978516 -3.5667202472687 269.60571289062
76.736236572266 0.16988800466061 271.6032409668
82.459617614746 -2.2346820831299 273.95733642578
81.748443603516 2.571088552475 267.80395507812
71.291481018066 -3.340053319931 269.76483154297
71.36328125 -3.117520570755 269.91333007812
71.477058410645 -2.9050078392029 270.04989624023
71.620468139648 -2.7037119865417 270.17501831055
71.786682128906 -2.5139627456665 270.28939819336
71.981117248535 -2.3426468372345 270.38745117188
72.180526733398 -2.1752433776855 270.48217773438
72.391510009766 -2.0177867412567 270.56851196289
72.609558105469 -1.8671243190765 270.64929199219
72.835380554199 -1.7246944904327 270.7233581543
73.06307220459 -1.5843759775162 270.79568481445
73.29271697998 -1.4462987184525 270.86614990234
73.52653503418 -1.3133333921432 270.93258666992
73.766311645508 -1.1881973743439 270.99273681641
74.003662109375 -1.0597994327545 271.05554199219
74.244537353516 -0.9362456202507 271.11456298828
74.4892578125 -0.8183279633522 271.16906738281
74.735626220703 -0.70297056436539 271.22164916992
74.981666564941 -0.58708763122559 271.27456665039
75.228385925293 -0.47227758169174 271.32672119141
75.47891998291 -0.36377990245819 271.37393188477
75.728309631348 -0.25333657860756 271.42263793945
75.979042053223 -0.14517830312252 271.46957397461
76.227615356445 -0.03337899595499 271.51937866211
76.482788085938 0.066611409187317 271.56002807617
71.62931060791 -3.4362070560455 269.89837646484
71.855049133301 -3.1749398708344 270.21548461914
72.268913269043 -3.0934023857117 270.42419433594
72.714668273926 -3.0671677589417 270.57385253906
73.159965515137 -3.0180714130402 270.71911621094
73.605445861816 -2.9714233875275 270.86465454102
74.051200866699 -2.9309792518616 271.01119995117
74.497024536133 -2.8901762962341 271.15740966797
74.945014953613 -2.8384485244751 271.29318237305
75.392959594727 -2.7856187820435 271.42864990234
75.835090637207 -2.7390720844269 271.58410644531
76.277221679688 -2.6925392150879 271.7395324707
76.719436645508 -2.6469895839691 271.89501953125
77.162712097168 -2.6192886829376 272.05166625977
77.605934143066 -2.5916202068329 272.20849609375
78.045875549316 -2.5656592845917 272.37460327148
78.482933044434 -2.5411310195923 272.54833984375
78.919990539551 -2.516361951828 272.72204589844
79.35652923584 -2.474089384079 272.89364624023
79.792694091797 -2.4248960018158 273.06439208984
80.228874206543 -2.3757140636444 273.2350769043
80.667053222656 -2.3278293609619 273.40093994141
81.107322692871 -2.2813603878021 273.56158447266
81.548057556152 -2.2357132434845 273.72119140625
82.005966186523 -2.2276675701141 273.83102416992
71.538581848145 -3.160863161087 269.59979248047
71.75919342041 -2.7612447738647 269.70504760742
72.194274902344 -2.5693984031677 269.64901733398
72.601707458496 -2.3309199810028 269.56704711914
73.012298583984 -2.0952847003937 269.49429321289
73.443954467773 -1.8973871469498 269.43084716797
73.861625671387 -1.6729047298431 269.36196899414
74.278419494629 -1.447053194046 269.29254150391
74.706207275391 -1.2421916723251 269.22482299805
75.123313903809 -1.0204191207886 269.14465332031
75.535911560059 -0.79259657859802 269.05841064453
75.95433807373 -0.5772453546524 268.96823120117
76.376495361328 -0.37039577960968 268.87561035156
76.803398132324 -0.17243464291096 268.78533935547
77.234550476074 0.019371042028069 268.70263671875
77.646499633789 0.24650670588017 268.61157226562
78.052536010742 0.48324173688889 268.51843261719
78.46654510498 0.70827424526215 268.43157958984
78.886032104492 0.92479419708252 268.34951782227
79.309700012207 1.1376518011093 268.28036499023
79.737464904785 1.3463971614838 268.22528076172
80.161293029785 1.5613685846329 268.16439819336
80.561958312988 1.8078656196594 268.07330322266
80.96265411377 2.0543072223663 267.98220825195
81.366790771484 2.2937798500061 267.88781738281
