-15.961144447327 -10.059906005859 -20.915227890015
-8.3635816574097 4.2421908378601 -17.477281570435
-18.369165420532 3.6754724979401 -24.430784225464
-20.076133728027 2.1370046138763 -14.038094520569
-15.271628379822 -10.29529094696 -20.859861373901
-14.569745063782 -10.136088371277 -20.736749649048
-13.894512176514 -9.8910217285156 -20.602933883667
-13.232224464417 -9.6145658493042 -20.465641021729
-12.586822509766 -9.3023338317871 -20.324680328369
-11.989363670349 -8.9085922241211 -20.176668167114
-11.435572624207 -8.4567346572876 -20.024930953979
-10.915338516235 -7.9671411514282 -19.871486663818
-10.416680335999 -7.4557824134827 -19.71736907959
-9.9826126098633 -6.8887128829956 -19.562799453735
-9.5830955505371 -6.2966251373291 -19.408790588379
-9.2598667144775 -5.659029006958 -19.257654190063
-8.9707441329956 -5.0047869682312 -19.108417510986
-8.7120904922485 -4.3374648094177 -18.961177825928
-8.5115098953247 -3.6495079994202 -18.818466186523
-8.3568811416626 -2.9489414691925 -18.679956436157
-8.2430591583252 -2.2397944927216 -18.545623779297
-8.2154970169067 -1.5203142166138 -18.421413421631
-8.2273426055908 -0.79948967695236 -18.302394866943
-8.2921762466431 -0.080286279320717 -18.190929412842
-8.2667999267578 0.63933092355728 -18.066995620728
-8.2810850143433 1.3601611852646 -17.948316574097
-8.2856588363647 2.0809118747711 -17.828311920166
-8.2797946929932 2.8014192581177 -17.706911087036
-8.3230323791504 3.5217516422272 -17.592290878296
-15.634628295898 -9.6949520111084 -21.260335922241
-15.145534515381 -9.3609590530396 -21.427194595337
-14.675055503845 -8.9730749130249 -21.521856307983
-14.267159461975 -8.5205373764038 -21.629974365234
-14.055227279663 -7.9478535652161 -21.700979232788
-13.913818359375 -7.3629922866821 -21.772880554199
-14.067011833191 -6.7712082862854 -21.868711471558
-14.224983215332 -6.1804919242859 -21.960624694824
-14.445109367371 -5.6036686897278 -22.001596450806
-14.680490493774 -5.0333919525146 -22.044687271118
-14.936777114868 -4.4720888137817 -22.09068107605
-15.150592803955 -3.9007081985474 -22.181646347046
-15.338539123535 -3.323189496994 -22.300003051758
-15.533194541931 -2.754903793335 -22.446315765381
-15.648861885071 -2.1678802967072 -22.591724395752
-15.729146957397 -1.5692108869553 -22.72585105896
-15.813320159912 -0.9705867767334 -22.857851028442
-15.981943130493 -0.40260297060013 -23.023872375488
-16.189523696899 0.15124633908272 -23.205589294434
-16.486358642578 0.64778786897659 -23.414083480835
-16.818433761597 1.1217027902603 -23.633152008057
-17.136180877686 1.6214332580566 -23.81131362915
-17.45153427124 2.1254758834839 -23.982641220093
-17.758472442627 2.6407272815704 -24.134481430054
-18.063817977905 3.1580998897552 -24.282632827759
-15.85417842865 -9.8538780212402 -20.330146789551
-15.438982963562 -9.6260652542114 -19.92512512207
-15.018915176392 -9.3907442092896 -19.54369354248
-14.726880073547 -8.9568328857422 -19.195510864258
-14.535713195801 -8.4412755966187 -18.907068252563
-14.535416603088 -7.8844256401062 -18.637475967407
-14.689391136169 -7.3244371414185 -18.418199539185
-14.916131019592 -6.76149559021 -18.254964828491
-15.138102531433 -6.2090086936951 -18.052083969116
-15.376655578613 -5.6498193740845 -17.888971328735
-15.642376899719 -5.1077675819397 -17.710699081421
-15.886224746704 -4.5635142326355 -17.509407043457
-16.205295562744 -4.039514541626 -17.370855331421
-16.491613388062 -3.5089519023895 -17.194007873535
-16.657512664795 -2.9670660495758 -16.920804977417
-16.81390953064 -2.4221968650818 -16.647611618042
-16.961935043335 -1.9114931821823 -16.319129943848
-17.259954452515 -1.4307647943497 -16.043329238892
-17.545579910278 -0.93273484706879 -15.785270690918
-17.912889480591 -0.49395307898521 -15.527483940125
-18.312421798706 -0.091247215867043 -15.255822181702
-18.721300125122 0.2960097193718 -14.974647521973
-19.153419494629 0.68849611282349 -14.74037361145
-19.590177536011 1.082025885582 -14.51545715332
-19.839963912964 1.6048077344894 -14.27725982666
