69.486061096191 4.2887353897095 273.48330688477
75.230171203613 -4.9645342826843 274.8850402832
79.931121826172 -2.4326281547546 270.70016479492
79.163505554199 -1.3546016216278 278.82116699219
69.425987243652 3.8628680706024 273.51770019531
69.496215820312 3.4391324520111 273.56393432617
69.608154296875 3.0247423648834 273.61322021484
69.737701416016 2.6156771183014 273.66363525391
69.895698547363 2.2169358730316 273.71572875977
70.076377868652 1.8280944824219 273.76895141602
70.274307250977 1.4478554725647 273.82305908203
70.47891998291 1.0711958408356 273.87738037109
70.68376159668 0.69466841220856 273.93173217773
70.88623046875 0.31685888767242 273.98599243164
71.107086181641 -0.050401922315359 274.04095458984
71.346214294434 -0.40595775842667 274.09652709961
71.587600708008 -0.75993472337723 274.15219116211
71.855842590332 -1.0939549207687 274.20843505859
72.127029418945 -1.4255795478821 274.26473999023
72.394706726074 -1.7600629329681 274.32095336914
72.657699584961 -2.0982480049133 274.37713623047
72.925483703613 -2.4326350688934 274.43334960938
73.188606262207 -2.7707164287567 274.4895324707
73.457870483398 -3.1039032936096 274.54580688477
73.751831054688 -3.4154813289642 274.60232543945
74.051002502441 -3.7220506668091 274.6589050293
74.351058959961 -4.0277442932129 274.71551513672
74.654861450195 -4.3297257423401 274.77203369141
74.9443359375 -4.6454787254333 274.82858276367
69.792411804199 3.9554433822632 273.26818847656
70.114555358887 3.6001892089844 273.12255859375
70.449272155762 3.2391736507416 273.02856445312
70.848258972168 2.9362177848816 273.04388427734
71.268623352051 2.6651284694672 273.07559204102
71.689300537109 2.3933258056641 273.0947265625
72.088836669922 2.0935907363892 273.05334472656
72.486015319824 1.8006420135498 272.96600341797
72.918075561523 1.5509481430054 273.01229858398
73.337593078613 1.2774189710617 272.99331665039
73.734161376953 0.97935116291046 272.92190551758
74.126960754395 0.67003405094147 272.88668823242
74.556716918945 0.42294028401375 272.81289672852
74.995574951172 0.1988862901926 272.72119140625
75.358917236328 -0.13209019601345 272.62298583984
75.740127563477 -0.40056604146957 272.43911743164
76.137046813965 -0.65603291988373 272.27062988281
76.564788818359 -0.88078474998474 272.13751220703
76.985061645508 -1.0893088579178 271.9612121582
77.40258026123 -1.29871737957 271.77944946289
77.836311340332 -1.5255583524704 271.67172241211
78.288635253906 -1.6638066768646 271.50588989258
78.694709777832 -1.8356565237045 271.26770019531
79.057899475098 -2.0287518501282 270.98150634766
79.493354797363 -2.2307324409485 270.83731079102
69.732612609863 3.9779629707336 273.76473999023
70.066467285156 3.6596670150757 273.91928100586
70.343734741211 3.3630831241608 274.18743896484
70.697494506836 3.0727813243866 274.3532409668
71.060516357422 2.7853031158447 274.50317382812
71.43270111084 2.5077419281006 274.64926147461
71.835121154785 2.2699952125549 274.78500366211
72.217269897461 2.016453742981 274.94799804688
72.599365234375 1.7719490528107 275.12438964844
72.981430053711 1.5308102369308 275.30545043945
73.364372253418 1.2925246953964 275.48843383789
73.749244689941 1.0633337497711 275.67883300781
74.10523223877 0.80749398469925 275.89007568359
74.470100402832 0.56228351593018 276.09896850586
74.861587524414 0.35199835896492 276.29724121094
75.240791320801 0.13831205666065 276.51495361328
75.606925964355 -0.079751186072826 276.75006103516
76.010459899902 -0.28244167566299 276.93060302734
76.432624816895 -0.45920246839523 277.09603881836
76.823684692383 -0.62205046415329 277.33474731445
77.200294494629 -0.78153014183044 277.59854125977
77.564094543457 -0.90362691879272 277.89758300781
77.912239074707 -0.95940482616425 278.23245239258
78.364440917969 -1.0106329917908 278.39346313477
78.78751373291 -1.164183139801 278.57769775391
