43.769771575928 8.3385829925537 330.76654052734
12.885099411011 -10.23832988739 326.49261474609
9.0758285522461 -3.4896790981293 335.9814453125
7.3935775756836 0.1551713347435 320.48370361328
43.857757568359 6.915741443634 330.42715454102
43.372581481934 5.5691804885864 330.10876464844
42.544086456299 4.3898639678955 329.83184814453
41.58345413208 3.3092820644379 329.57916259766
40.535976409912 2.3079257011414 329.34573364258
39.419780731201 1.3793977499008 329.13000488281
38.277671813965 0.4812168776989 328.92166137695
37.098949432373 -0.37098249793053 328.72442626953
35.88521194458 -1.1753327846527 328.53875732422
34.656242370605 -1.9574689865112 328.35845947266
33.407390594482 -2.7091352939606 328.18548583984
32.123512268066 -3.4027047157288 328.0266418457
30.830591201782 -4.0801362991333 327.87158203125
29.515846252441 -4.7165193557739 327.72640991211
28.189590454102 -5.3298583030701 327.58682250977
26.853076934814 -5.9217042922974 327.45239257812
25.510141372681 -6.49955701828 327.32125854492
24.141845703125 -7.0179891586304 327.20455932617
22.764776229858 -7.5138554573059 327.09313964844
21.373542785645 -7.9706788063049 326.99114990234
19.972568511963 -8.3983192443848 326.89617919922
18.567863464355 -8.8141717910767 326.8039855957
17.167713165283 -9.2443561553955 326.70837402344
15.747721672058 -9.6075611114502 326.62881469727
14.325918197632 -9.9639720916748 326.55090332031
43.115219116211 7.1369791030884 331.33959960938
42.223430633545 5.9440336227417 331.34829711914
41.039386749268 5.0431318283081 331.43151855469
39.715942382812 4.3662366867065 331.5241394043
38.360595703125 3.7579593658447 331.63879394531
37.02075958252 3.119992017746 331.77337646484
35.572608947754 2.8105840682983 331.81866455078
34.385425567627 1.9591438770294 331.80502319336
32.950408935547 1.8105607032776 331.89361572266
31.601955413818 1.2154411077499 331.93508911133
30.155759811401 0.86763519048691 331.93228149414
28.72878074646 0.44029748439789 331.96618652344
27.326398849487 -0.056156691163778 332.02624511719
25.854892730713 -0.27279615402222 332.04443359375
24.53125 -0.93827837705612 332.15649414062
23.049066543579 -0.8282755613327 332.1842956543
21.757352828979 -1.4665591716766 332.5426940918
20.288930892944 -1.676371216774 332.67932128906
18.822423934937 -1.8076559305191 332.83508300781
17.427322387695 -2.1319069862366 333.22698974609
15.975229263306 -2.3385796546936 333.48580932617
14.547772407532 -2.5544979572296 333.85180664062
13.152850151062 -2.7819728851318 334.32312011719
11.769905090332 -2.9670789241791 334.8459777832
10.373534202576 -3.171452999115 335.32174682617
43.05578994751 7.3729872703552 329.75134277344
42.15193939209 6.2413167953491 329.14096069336
40.868137359619 5.4872674942017 328.65771484375
39.481719970703 4.8826298713684 328.23126220703
38.029479980469 4.4072489738464 327.86569213867
36.512989044189 4.0881114006042 327.61849975586
35.021743774414 3.6790249347687 327.34439086914
33.546783447266 3.236649274826 327.02587890625
32.192836761475 2.5531804561615 326.6943359375
30.672624588013 2.7022721767426 326.71841430664
29.567762374878 1.853352189064 326.18936157227
28.023866653442 1.8006805181503 326.16046142578
26.632186889648 1.2142404317856 325.79806518555
25.08491897583 1.0109089612961 325.65719604492
23.592866897583 0.64484423398972 325.35833740234
22.040410995483 0.51310634613037 325.16781616211
20.557983398438 0.21429361402988 324.76333618164
19.105611801147 0.048325691372156 324.4719543457
17.636381149292 0.12986965477467 324.25259399414
16.226142883301 -0.082325302064419 323.62573242188
14.708837509155 -0.1286838799715 323.21731567383
13.193298339844 -0.10880246758461 322.79846191406
11.679992675781 -0.069260962307453 322.37319946289
10.181819915771 -0.024302093312144 321.89926147461
8.7275686264038 0.033217396587133 321.3073425293
