96.168609619141 3.7001690864563 333.09741210938
70.555953979492 -14.970597267151 332.53189086914
69.634223937988 -6.2717151641846 337.44006347656
72.888389587402 -6.126880645752 328.45565795898
96.026176452637 2.4453368186951 333.13684082031
95.640647888184 1.2425655126572 333.16235351562
94.968627929688 0.17257390916348 333.16897583008
94.225608825684 -0.84932452440262 333.17028808594
93.376190185547 -1.7847071886063 333.16326904297
92.462608337402 -2.6575148105621 333.15069580078
91.51277923584 -3.4906697273254 333.13491821289
90.529144287109 -4.2835607528687 333.11599731445
89.52587890625 -5.0514197349548 333.09521484375
88.48265838623 -5.7639307975769 333.07043457031
87.438865661621 -6.4755988121033 333.04559326172
86.387237548828 -7.1755957603455 333.01986694336
85.334266662598 -7.8735766410828 332.99407958984
84.261856079102 -8.541205406189 332.96618652344
83.154441833496 -9.1488246917725 332.93432617188
82.037292480469 -9.7382841110229 332.9013671875
80.952133178711 -10.384944915771 332.8720703125
79.808746337891 -10.921537399292 332.83584594727
78.675758361816 -11.479843139648 332.80090332031
77.516319274902 -11.980663299561 332.76263427734
76.368988037109 -12.508732795715 332.72589111328
75.21061706543 -13.01202583313 332.68768310547
74.061950683594 -13.537196159363 332.65078735352
72.892707824707 -14.014547348022 332.61108398438
71.710250854492 -14.457990646362 332.56954956055
95.473815917969 2.8516716957092 333.38198852539
94.798126220703 1.9734665155411 333.60711669922
94.143173217773 1.0630438327789 333.7678527832
93.142013549805 0.56266033649445 333.91052246094
92.121238708496 0.088502034544945 334.03668212891
91.08512878418 -0.36082610487938 334.12756347656
90.051826477051 -0.80980002880096 334.24505615234
89.02075958252 -1.258491396904 334.3837890625
87.971099853516 -1.6657147407532 334.49676513672
86.899024963379 -2.0229406356812 334.57867431641
85.834182739258 -2.3889226913452 334.6965637207
84.779197692871 -2.7668416500092 334.86349487305
83.693740844727 -3.0685577392578 334.94845581055
82.591987609863 -3.3295452594757 334.98962402344
81.52018737793 -3.6664071083069 335.1337890625
80.444564819336 -3.990713596344 335.27737426758
79.352958679199 -4.2653770446777 335.40631103516
78.277870178223 -4.5829744338989 335.55892944336
77.219543457031 -4.9290933609009 335.76531982422
76.154800415039 -5.2444272041321 335.9889831543
75.061180114746 -5.4544715881348 336.19766235352
73.967559814453 -5.6645159721375 336.40634155273
72.875442504883 -5.8688192367554 336.62811279297
71.802619934082 -6.1207695007324 336.87512207031
70.710968017578 -6.1738858222961 337.10134887695
95.675483703613 3.2029073238373 332.71585083008
95.152549743652 2.3422863483429 332.51034545898
94.518669128418 1.565642952919 332.31912231445
93.800804138184 0.85257512331009 332.138671875
92.994552612305 0.2402241230011 331.98950195312
92.145820617676 -0.32371363043785 331.85537719727
91.212821960449 -0.72810834646225 331.70819091797
90.275360107422 -1.1193751096725 331.55255126953
89.334480285645 -1.4982883930206 331.38662719727
88.395683288574 -1.8817341327667 331.2194519043
87.460319519043 -2.2726204395294 331.05017089844
86.506156921387 -2.6229391098022 330.91024780273
85.528137207031 -2.9217779636383 330.8076171875
84.556701660156 -3.2331938743591 330.68399047852
83.589462280273 -3.5526394844055 330.54702758789
82.59236907959 -3.7252049446106 330.55462646484
81.606513977051 -3.9262435436249 330.51275634766
80.651184082031 -4.2535119056702 330.32174682617
79.688430786133 -4.5540933609009 330.12393188477
78.71915435791 -4.8175191879272 329.91329956055
77.73738861084 -5.0093145370483 329.67739868164
76.772193908691 -5.257342338562 329.42593383789
75.802146911621 -5.5132169723511 329.20278930664
74.823150634766 -5.7152314186096 328.96594238281
73.883361816406 -6.0249438285828 328.68801879883
