69.657623291016 -8.283317565918 280.23431396484
72.119552612305 3.1212251186371 280.98281860352
66.89933013916 7.1283388137817 283.63003540039
75.646011352539 4.347273349762 286.81546020508
69.832656860352 -8.1496028900146 279.80654907227
70.015319824219 -7.8470773696899 279.4758605957
70.192695617676 -7.4953398704529 279.19595336914
70.353775024414 -7.0784602165222 279.01098632812
70.496124267578 -6.6281037330627 278.90573120117
70.621337890625 -6.162341594696 278.86264038086
70.735214233398 -5.69171667099 278.85684204102
70.838928222656 -5.219343662262 278.88265991211
70.937866210938 -4.7469420433044 278.92272949219
71.031188964844 -4.2751359939575 278.97915649414
71.111892700195 -3.806503534317 279.0710144043
71.195846557617 -3.3367812633514 279.15399169922
71.27611541748 -2.868323802948 279.24703979492
71.348861694336 -2.4030802249908 279.36029052734
71.418357849121 -1.9394782781601 279.48199462891
71.487251281738 -1.4762262105942 279.60537719727
71.551567077637 -1.0156104564667 279.74053955078
71.616004943848 -0.55491322278976 279.87536621094
71.677154541016 -0.09627178311348 280.01846313477
71.737129211426 0.36157721281052 280.16458129883
71.796058654785 0.81869775056839 280.31335449219
71.863471984863 1.2811535596848 280.44046020508
71.921569824219 1.7377039194107 280.59130859375
71.982299804688 2.1960496902466 280.73553466797
72.042442321777 2.6539831161499 280.88128662109
69.549522399902 -7.7657060623169 279.89505004883
69.669052124023 -7.2068386077881 279.65737915039
69.596076965332 -6.603150844574 279.83065795898
69.58154296875 -5.9858431816101 279.96841430664
69.540672302246 -5.3692722320557 280.10269165039
69.450035095215 -4.7508163452148 280.19778442383
69.379577636719 -4.1461763381958 280.37005615234
69.324859619141 -3.5441663265228 280.55545043945
69.210250854492 -2.9367260932922 280.68978881836
69.103851318359 -2.3376488685608 280.86248779297
68.960624694824 -1.7343983650208 280.98831176758
68.825134277344 -1.1357638835907 281.14096069336
68.688293457031 -0.55616879463196 281.35458374023
68.54313659668 0.025187594816089 281.55767822266
68.389938354492 0.60654085874557 281.75479125977
68.241737365723 1.1919211149216 281.94345092773
68.076324462891 1.7824136018753 282.09902954102
67.935653686523 2.3737185001373 282.27471923828
67.804649353027 2.9657077789307 282.45541381836
67.64183807373 3.5514080524445 282.63064575195
67.473304748535 4.1453266143799 282.76898193359
67.318138122559 4.7464847564697 282.890625
67.194976806641 5.3482556343079 283.04217529297
67.086906433105 5.9406471252441 283.236328125
66.984977722168 6.5350518226624 283.42761230469
70.06371307373 -7.8357849121094 280.14196777344
70.346900939941 -7.3764853477478 279.876953125
70.589599609375 -6.8652272224426 280.11340332031
70.777778625488 -6.3123826980591 280.30242919922
70.979537963867 -5.7701506614685 280.50735473633
71.199066162109 -5.2442016601562 280.73532104492
71.400291442871 -4.7126049995422 280.96704101562
71.614967346191 -4.1926865577698 281.21270751953
71.850311279297 -3.688535451889 281.47201538086
72.074165344238 -3.1821143627167 281.7370300293
72.294639587402 -2.6804049015045 282.01358032227
72.52880859375 -2.1882672309875 282.29595947266
72.781860351562 -1.7074385881424 282.58120727539
72.974784851074 -1.2169735431671 282.89572143555
73.216461181641 -0.73701393604279 283.19241333008
73.441390991211 -0.25382834672928 283.49694824219
73.680244445801 0.22066855430603 283.80450439453
73.948318481445 0.68716275691986 284.09997558594
74.243728637695 1.1455971002579 284.38162231445
74.497573852539 1.6171526908875 284.68154907227
74.704551696777 2.10369348526 284.99322509766
74.978271484375 2.5437066555023 285.322265625
75.253913879395 3.0003933906555 285.62554931641
75.39330291748 3.4716186523438 285.99340820312
75.52709197998 3.9168131351471 286.39431762695
