64.10489654541 6.9361133575439 257.26266479492
70.126274108887 -2.9977164268494 261.24084472656
76.159133911133 -3.1998872756958 257.90951538086
74.086128234863 -1.4636092185974 266.88189697266
63.830585479736 6.5327339172363 257.30682373047
63.787551879883 6.0554747581482 257.42276000977
63.826454162598 5.5824537277222 257.55609130859
63.944736480713 5.1266598701477 257.7028503418
64.106086730957 4.6863117218018 257.85534667969
64.317733764648 4.2695293426514 258.0129699707
64.556297302246 3.8682975769043 258.17263793945
64.807754516602 3.4752871990204 258.33297729492
65.072052001953 3.0910623073578 258.49395751953
65.344078063965 2.7123968601227 258.65521240234
65.626152038574 2.3412737846375 258.81677246094
65.905097961426 1.9677567481995 258.9782409668
66.195686340332 1.6033279895782 259.13995361328
66.483917236328 1.2370051145554 259.30160522461
66.766273498535 0.86609971523285 259.4631652832
67.062530517578 0.50630015134811 259.62496948242
67.347175598145 0.13716055452824 259.78652954102
67.65071105957 -0.21650151908398 259.94836425781
67.957855224609 -0.56706857681274 260.11013793945
68.248100280762 -0.93175542354584 260.27188110352
68.552772521973 -1.2844582796097 260.43365478516
68.853500366211 -1.6405189037323 260.59548950195
69.152679443359 -1.9979008436203 260.75726318359
69.456909179688 -2.3509583473206 260.91909790039
69.812622070312 -2.6529729366302 261.0791015625
64.14461517334 6.3283429145813 257.17846679688
64.456039428711 5.8139061927795 257.28988647461
64.892845153809 5.3783955574036 257.30706787109
65.267478942871 4.8863444328308 257.28518676758
65.693222045898 4.4367208480835 257.28201293945
66.158569335938 4.0292220115662 257.28549194336
66.66480255127 3.672572851181 257.29455566406
67.149833679199 3.2871389389038 257.29879760742
67.63801574707 2.9057600498199 257.30480957031
68.132904052734 2.5332579612732 257.31652832031
68.62565612793 2.1584489345551 257.33984375
69.120697021484 1.7887631654739 257.37576293945
69.63005065918 1.4516752958298 257.4794921875
70.135292053223 1.1059154272079 257.5700378418
70.616966247559 0.71677458286285 257.5891418457
71.10758972168 0.33881470561028 257.60400390625
71.584777832031 -0.055680077522993 257.62582397461
72.072860717773 -0.43638736009598 257.6510925293
72.548301696777 -0.83255088329315 257.67532348633
73.06526184082 -1.17054438591 257.7236328125
73.578689575195 -1.5114991664886 257.78659057617
74.097595214844 -1.8474307060242 257.82800292969
74.602333068848 -2.204496383667 257.86727905273
75.086959838867 -2.5898478031158 257.84561157227
75.621681213379 -2.902322769165 257.82977294922
64.08275604248 6.4498910903931 257.66567993164
64.304428100586 5.98628282547 258.0341796875
64.620498657227 5.6327834129333 258.45428466797
64.941581726074 5.3000202178955 258.88732910156
65.28589630127 4.9697408676147 259.30401611328
65.664855957031 4.635977268219 259.68658447266
66.053955078125 4.3146657943726 260.06954956055
66.434700012207 4.0184602737427 260.48007202148
66.855010986328 3.721408367157 260.84951782227
67.275703430176 3.4178190231323 261.21313476562
67.684417724609 3.1114866733551 261.58798217773
68.093521118164 2.8090445995331 261.96551513672
68.51065826416 2.5190455913544 262.3440246582
68.940361022949 2.2444403171539 262.71987915039
69.388359069824 1.9460937976837 263.05395507812
69.850463867188 1.6262242794037 263.34631347656
70.291450500488 1.3210575580597 263.68362426758
70.715484619141 1.017413854599 264.04327392578
71.118637084961 0.71497988700867 264.42712402344
71.477478027344 0.38323658704758 264.83023071289
71.894325256348 0.088090606033802 265.20504760742
72.340263366699 -0.20967237651348 265.54248046875
72.785118103027 -0.52949947118759 265.86059570312
73.23494720459 -0.84227097034454 266.1787109375
73.662223815918 -1.1437085866928 266.5364074707
