71.794570922852 -1.2892526388168 267.02908325195
76.854095458984 0.59996420145035 270.47567749023
79.367660522461 -1.0650548934937 270.42440795898
78.85090637207 2.0978169441223 269.02691650391
71.826202392578 -1.1918954849243 267.26019287109
71.938385009766 -1.0970402956009 267.46630859375
72.074317932129 -1.0053639411926 267.65914916992
72.226531982422 -0.9166641831398 267.84088134766
72.399032592773 -0.83276790380478 268.00610351562
72.579605102539 -0.75122576951981 268.16369628906
72.770606994629 -0.67314803600311 268.31036376953
72.96817779541 -0.59753811359406 268.44943237305
73.167831420898 -0.52277618646622 268.58596801758
73.367790222168 -0.44816732406616 268.72210693359
73.576461791992 -0.3773797750473 268.84674072266
73.781387329102 -0.3048757314682 268.97650146484
73.988861083984 -0.23354034125805 269.10284423828
74.197471618652 -0.16274392604828 269.2275390625
74.415718078613 -0.096968613564968 269.33770751953
74.628807067871 -0.028392188251019 269.45596313477
74.848571777344 0.036493733525276 269.56359863281
75.073417663574 0.09819545596838 269.66223144531
75.293159484863 0.16308811306953 269.76989746094
75.519409179688 0.22382494807243 269.86590576172
75.745758056641 0.28449547290802 269.9616394043
75.981567382812 0.33765411376953 270.03680419922
76.198104858398 0.40436896681786 270.14971923828
76.426300048828 0.46375977993011 270.24188232422
76.636978149414 0.53355306386948 270.36367797852
72.048706054688 -1.2822052240372 267.2268371582
72.312408447266 -1.2226737737656 267.40191650391
72.57901763916 -1.216547369957 267.58258056641
72.859306335449 -1.1958389282227 267.7399597168
73.143646240234 -1.1706179380417 267.88919067383
73.438293457031 -1.1355123519897 268.01452636719
73.732948303223 -1.100403547287 268.13986206055
74.027976989746 -1.064174413681 268.2639465332
74.323722839355 -1.0258238315582 268.38571166992
74.618843078613 -0.99000352621078 268.50973510742
74.913131713867 -0.95712381601334 268.63650512695
75.206382751465 -0.92360335588455 268.76550292969
75.499053955078 -0.90294069051743 268.8984375
75.790939331055 -0.89232403039932 269.03427124023
76.099479675293 -0.87317824363708 269.12469482422
76.402976989746 -0.87557178735733 269.23254394531
76.700675964355 -0.89508938789368 269.35400390625
76.994491577148 -0.93005418777466 269.48132324219
77.294128417969 -0.97130143642426 269.59210205078
77.59602355957 -1.0095806121826 269.69769287109
77.89372253418 -1.0589736700058 269.81036376953
78.196701049805 -1.0932657718658 269.91418457031
78.497779846191 -1.0872617959976 270.02844238281
78.760787963867 -1.0457903146744 270.2096862793
79.062278747559 -1.0517299175262 270.32278442383
71.994743347168 -1.0602984428406 267.10461425781
72.240249633789 -0.91562652587891 267.23648071289
72.479667663574 -0.74520462751389 267.34704589844
72.742126464844 -0.6048526763916 267.44723510742
73.015823364258 -0.48749178647995 267.54702758789
73.29264831543 -0.37880074977875 267.64797973633
73.568771362305 -0.26998549699783 267.75067138672
73.853904724121 -0.17399844527245 267.84075927734
74.128807067871 -0.062685467302799 267.94409179688
74.408103942871 0.041461933404207 268.04293823242
74.699195861816 0.12433145195246 268.12683105469
74.985649108887 0.21459382772446 268.21868896484
75.269554138184 0.30728068947792 268.31588745117
75.55184173584 0.40581005811691 268.41192626953
75.824172973633 0.53865903615952 268.49450683594
76.105285644531 0.66063809394836 268.56332397461
76.388275146484 0.78350037336349 268.62216186523
76.672637939453 0.90717834234238 268.67193603516
76.95384979248 1.043941617012 268.70123291016
77.224517822266 1.1990674734116 268.73748779297
77.488456726074 1.3644278049469 268.77789306641
77.760765075684 1.5169072151184 268.81307983398
78.041748046875 1.6517432928085 268.85192871094
78.318046569824 1.7943909168243 268.89608764648
78.579551696777 1.9599537849426 268.94943237305
