61.096225738525 5.0517377853394 281.36874389648
71.967193603516 -1.5430407524109 282.53918457031
78.129249572754 -0.18135812878609 279.08160400391
77.019020080566 0.00016368165961467 286.78317260742
61.070278167725 4.5388450622559 281.37673950195
61.261032104492 4.0618720054626 281.40469360352
61.527164459229 3.6229152679443 281.43902587891
61.858467102051 3.2311885356903 281.47860717773
62.227905273438 2.8754971027374 281.52105712891
62.624980926514 2.5511829853058 281.56552124023
63.042144775391 2.253308057785 281.61138916016
63.471153259277 1.9728875160217 281.6579284668
63.915130615234 1.7169771194458 281.70547485352
64.359802246094 1.4622913599014 281.75308227539
64.807823181152 1.2135746479034 281.80084228516
65.260375976562 0.97330778837204 281.8489074707
65.733154296875 0.77598041296005 281.89794921875
66.193725585938 0.55151385068893 281.94638061523
66.660942077637 0.34129935503006 281.99520874023
67.133918762207 0.14447632431984 282.04431152344
67.612724304199 -0.037688069045544 282.09359741211
68.08935546875 -0.22546900808811 282.1428527832
68.568946838379 -0.40551480650902 282.19219970703
69.04468536377 -0.59556841850281 282.24139404297
69.528511047363 -0.76387822628021 282.29092407227
70.015449523926 -0.9228909611702 282.34060668945
70.496795654297 -1.0981812477112 282.39001464844
70.98551940918 -1.2516092061996 282.4397277832
71.471969604492 -1.4121421575546 282.48937988281
61.468082427979 4.5332593917847 281.13995361328
62.051372528076 4.1880941390991 281.15399169922
62.697463989258 3.9190640449524 281.16146850586
63.342124938965 3.6496574878693 281.14196777344
64.009399414062 3.4397811889648 281.08654785156
64.66340637207 3.2129399776459 280.97427368164
65.315452575684 2.9838192462921 280.85302734375
65.979606628418 2.7840671539307 280.7463684082
66.643760681152 2.5843150615692 280.63970947266
67.306663513184 2.3793721199036 280.53512573242
67.969512939453 2.1741845607758 280.43069458008
68.632591247559 1.9698250293732 280.32608032227
69.297706604004 1.771475315094 280.22396850586
69.973007202148 1.6032299995422 280.13433837891
70.646942138672 1.4309517145157 280.04208374023
71.320205688477 1.2558230161667 279.95043945312
71.993789672852 1.0795484781265 279.86468505859
72.677185058594 0.94798296689987 279.77499389648
73.356475830078 0.79580289125443 279.68698120117
74.035705566406 0.64946013689041 279.58941650391
74.716194152832 0.51062613725662 279.49005126953
75.40266418457 0.38833212852478 279.41180419922
76.087280273438 0.26796978712082 279.31591796875
76.766227722168 0.11437460035086 279.22830200195
77.450698852539 -0.023680651560426 279.16189575195
61.492374420166 4.6161766052246 281.71438598633
62.012702941895 4.2069139480591 281.88095092773
62.633441925049 3.9661116600037 282.03219604492
63.230907440186 3.6780803203583 282.19421386719
63.831932067871 3.4243581295013 282.39569091797
64.442413330078 3.1935615539551 282.59628295898
65.064262390137 2.9909570217133 282.79235839844
65.678527832031 2.7851729393005 283.00805664062
66.285041809082 2.566570520401 283.23287963867
66.897743225098 2.3609354496002 283.453125
67.518257141113 2.1686565876007 283.66333007812
68.14469909668 1.9822344779968 283.86083984375
68.771194458008 1.800584435463 284.06259155273
69.400917053223 1.6394608020782 284.27160644531
70.022308349609 1.4501194953918 284.48187255859
70.655029296875 1.2930703163147 284.6848449707
71.295852661133 1.1548110246658 284.87567138672
71.934143066406 1.0531340837479 285.09576416016
72.575675964355 0.9353341460228 285.29763793945
73.216255187988 0.81190729141235 285.49917602539
73.85514831543 0.68522220849991 285.70404052734
74.49055480957 0.55182188749313 285.91537475586
75.125991821289 0.42159897089005 286.12857055664
75.763961791992 0.29292625188828 286.33505249023
76.402381896973 0.16138343513012 286.53829956055
