-3.5965411663055 -27.522159576416 -18.785743713379
7.0604553222656 -6.9711422920227 -16.668998718262
-3.0967803001404 -9.4007682800293 -22.842275619507
-0.37575733661652 -12.421466827393 -9.1185169219971
-2.6174893379211 -27.34171295166 -18.921955108643
-1.6876440048218 -26.975784301758 -19.013650894165
-0.75235563516617 -26.621109008789 -19.108472824097
0.14920192956924 -26.18602180481 -19.181823730469
0.99860388040543 -25.653882980347 -19.227266311646
1.8188551664352 -25.074602127075 -19.25848197937
2.5769102573395 -24.419048309326 -19.264055252075
3.2655055522919 -23.688863754272 -19.243032455444
3.9175157546997 -22.925157546997 -19.209121704102
4.5414838790894 -22.139276504517 -19.166015625
5.1112284660339 -21.315074920654 -19.106008529663
5.6163530349731 -20.450395584106 -19.026865005493
6.0772233009338 -19.562543869019 -18.935497283936
6.4811849594116 -18.649461746216 -18.829296112061
6.7980036735535 -17.704540252686 -18.701692581177
7.0792565345764 -16.749526977539 -18.565919876099
7.3033986091614 -15.781322479248 -18.417608261108
7.4293975830078 -14.798988342285 -18.249397277832
7.5127763748169 -13.813372612 -18.07310295105
7.5269980430603 -12.826972961426 -17.884571075439
7.4712038040161 -11.844381332397 -17.684534072876
7.3685364723206 -10.86674785614 -17.4772605896
7.3113050460815 -9.8848066329956 -17.277097702026
7.2614440917969 -8.901496887207 -17.077959060669
7.2314696311951 -7.9173226356506 -16.882127761841
-3.5113656520844 -27.128517150879 -19.44197845459
-3.19464635849 -26.560564041138 -19.859247207642
-2.8195440769196 -26.007387161255 -20.246870040894
-2.4924669265747 -25.399473190308 -20.593971252441
-2.2304041385651 -24.75671005249 -20.933391571045
-2.0437016487122 -24.093963623047 -21.283870697021
-1.8958863019943 -23.377111434937 -21.530948638916
-1.9248741865158 -22.631210327148 -21.721326828003
-2.4209961891174 -22.039772033691 -21.755748748779
-2.9081747531891 -21.440277099609 -21.752311706543
-3.2170083522797 -20.734804153442 -21.71880531311
-3.2220904827118 -19.965112686157 -21.779113769531
-3.0899603366852 -19.212223052979 -21.891696929932
-2.9777746200562 -18.449647903442 -21.946208953857
-2.8514935970306 -17.687477111816 -21.963066101074
-2.7252881526947 -16.92523765564 -21.974073410034
-2.6435182094574 -16.157083511353 -21.954385757446
-2.5629916191101 -15.388774871826 -21.938104629517
-2.5081851482391 -14.619835853577 -21.991628646851
-2.454066991806 -13.850873947144 -22.045259475708
-2.4702560901642 -13.080965995789 -22.109420776367
-2.4922199249268 -12.311325073242 -22.175050735474
-2.5701849460602 -11.546669960022 -22.254722595215
-2.7101764678955 -10.788901329041 -22.312038421631
-2.9050204753876 -10.064302444458 -22.495738983154
-3.2409682273865 -27.433843612671 -18.112419128418
-2.7563939094543 -27.099954605103 -17.619525909424
-2.2127225399017 -26.729654312134 -17.22367477417
-1.7259665727615 -26.304944992065 -16.80890083313
-1.3008878231049 -25.824464797974 -16.387140274048
-0.92823439836502 -25.304439544678 -15.962682723999
-0.60390585660934 -24.752838134766 -15.538380622864
-0.30272427201271 -24.166570663452 -15.144594192505
-0.35131031274796 -23.567949295044 -14.690240859985
-0.92101955413818 -23.154563903809 -14.394011497498
-1.2544806003571 -22.56908416748 -14.040632247925
-1.2214735746384 -21.915790557861 -13.639390945435
-1.1711310148239 -21.220937728882 -13.318782806396
-0.97577810287476 -20.556781768799 -12.988409042358
-0.69421935081482 -19.940853118896 -12.628533363342
-0.51417088508606 -19.261430740356 -12.319602966309
-0.32514548301697 -18.58885383606 -12.001173019409
-0.13658736646175 -17.912982940674 -11.689709663391
0.030666783452034 -17.214353561401 -11.421023368835
0.036424584686756 -16.484094619751 -11.184615135193
0.066358014941216 -15.784349441528 -10.870088577271
0.096134535968304 -15.095375061035 -10.533041954041
0.025458721444011 -14.39176940918 -10.234088897705
-0.065535373985767 -13.712741851807 -9.8876285552979
-0.20094627141953 -13.072205543518 -9.4865770339966
