71.303451538086 -1.5842462778091 269.07308959961
77.441230773926 3.3441798686981 271.35736083984
78.487159729004 1.432544708252 273.97668457031
79.539024353027 2.3414721488953 268.95443725586
71.290054321289 -1.262195110321 269.11822509766
71.386619567871 -0.95906066894531 269.18814086914
71.538528442383 -0.68216282129288 269.26797485352
71.730888366699 -0.43350517749786 269.35372924805
71.945472717285 -0.20471289753914 269.44207763672
72.171257019043 0.012545109726489 269.53158569336
72.412460327148 0.21205973625183 269.62222290039
72.63134765625 0.43635559082031 269.71096801758
72.882652282715 0.62268680334091 269.80221557617
73.141792297363 0.79784351587296 269.89370727539
73.395233154297 0.98124992847443 269.98495483398
73.657402038574 1.1517820358276 270.07650756836
73.924682617188 1.31418800354 270.16812133789
74.193405151367 1.4741827249527 270.25973510742
74.46199798584 1.6343951225281 270.35134887695
74.731300354004 1.7934144735336 270.44293212891
75.005393981934 1.9440224170685 270.53451538086
75.290657043457 2.0726177692413 270.62557983398
75.562934875488 2.2265095710754 270.71713256836
75.831161499023 2.3873314857483 270.80874633789
76.106826782227 2.5350890159607 270.90026855469
76.371292114258 2.7020466327667 270.99179077148
76.623817443848 2.8867058753967 271.08309936523
76.883491516113 3.0610649585724 271.17459106445
77.159439086914 3.208304643631 271.26605224609
71.416633605957 -1.3867169618607 269.34799194336
71.660202026367 -1.1855000257492 269.51712036133
71.935531616211 -1.0419510602951 269.69686889648
72.215927124023 -0.88564497232437 269.85717773438
72.498626708984 -0.72989642620087 270.01397705078
72.776634216309 -0.57209950685501 270.17681884766
73.037673950195 -0.40877556800842 270.36096191406
73.311882019043 -0.26288884878159 270.54058837891
73.595542907715 -0.13471677899361 270.7190246582
73.879348754883 -0.027621321380138 270.91067504883
74.174270629883 0.068779833614826 271.09088134766
74.461494445801 0.16473051905632 271.28335571289
74.74259185791 0.27040255069733 271.4797668457
75.02222442627 0.38719502091408 271.67190551758
75.305526733398 0.486941665411 271.86807250977
75.616218566895 0.57398635149002 272.02474975586
75.894897460938 0.65710139274597 272.23495483398
76.17000579834 0.74853491783142 272.44638061523
76.456176757812 0.84448713064194 272.64041137695
76.752952575684 0.94155722856522 272.81713867188
77.041954040527 1.0049760341644 273.02014160156
77.327178955078 1.0562020540237 273.23165893555
77.625106811523 1.1480513811111 273.40930175781
77.924201965332 1.2337480783463 273.58804321289
78.221260070801 1.2927907705307 273.78039550781
71.56844329834 -1.3700225353241 268.97232055664
71.786010742188 -1.0915616750717 268.99215698242
72.126457214355 -0.9914818406105 269.01934814453
72.431289672852 -0.81245386600494 269.06329345703
72.719772338867 -0.60521358251572 269.09091186523
73.021537780762 -0.41810345649719 269.12017822266
73.33438873291 -0.24781022965908 269.12811279297
73.655242919922 -0.094726398587227 269.15188598633
73.972587585449 0.067117713391781 269.1589050293
74.286460876465 0.23537720739841 269.15258789062
74.618194580078 0.36151003837585 269.1838684082
74.940719604492 0.51218140125275 269.19885253906
75.263130187988 0.66369354724884 269.19372558594
75.591094970703 0.79831063747406 269.15856933594
75.909523010254 0.95818668603897 269.15676879883
76.226547241211 1.1205112934113 269.14749145508
76.542709350586 1.278880238533 269.10382080078
76.862434387207 1.422061920166 269.0387878418
77.181999206543 1.5574200153351 268.95809936523
77.506294250488 1.6902869939804 268.89401245117
77.840255737305 1.8131766319275 268.87631225586
78.181907653809 1.9137482643127 268.88684082031
78.51781463623 2.0317726135254 268.90090942383
78.857620239258 2.1376786231995 268.91735839844
79.201797485352 2.2277407646179 268.93704223633
