62.695579528809 -1.5391725301743 273.28631591797
69.202796936035 -3.790848493576 272.59069824219
72.105400085449 -1.3106223344803 271.0891418457
70.844924926758 -2.1093394756317 274.8310546875
62.762657165527 -1.8000128269196 273.22897338867
62.936115264893 -2.0092000961304 273.17889404297
63.134315490723 -2.1960091590881 273.13275146484
63.356842041016 -2.3547058105469 273.09170532227
63.589061737061 -2.4995019435883 273.05325317383
63.834114074707 -2.6226351261139 273.01898193359
64.086296081543 -2.7312610149384 272.98748779297
64.34342956543 -2.8283002376556 272.9582824707
64.605628967285 -2.9116334915161 272.93182373047
64.86890411377 -2.991685628891 272.9059753418
65.136085510254 -3.0585877895355 272.88284301758
65.403312683105 -3.1252841949463 272.85974121094
65.669479370117 -3.1957938671112 272.83584594727
65.939910888672 -3.2491183280945 272.81539916992
66.208869934082 -3.3089866638184 272.79370117188
66.479919433594 -3.3593306541443 272.77389526367
66.749938964844 -3.4145171642303 272.75314331055
67.022583007812 -3.4562041759491 272.73510742188
67.295364379883 -3.497020483017 272.71725463867
67.567939758301 -3.5390765666962 272.69912719727
67.84016418457 -3.5831921100616 272.68063354492
68.113059997559 -3.623343706131 272.66293334961
68.38745880127 -3.6526231765747 272.64743041992
68.659088134766 -3.6999831199646 272.62826538086
68.932441711426 -3.7371473312378 272.61120605469
62.977069854736 -1.6444656848907 273.05395507812
63.273231506348 -1.8474940061569 272.92889404297
63.640815734863 -1.7918282747269 272.85412597656
63.988906860352 -1.8460047245026 272.71133422852
64.347480773926 -1.8713537454605 272.58755493164
64.708465576172 -1.8957304954529 272.47067260742
65.076187133789 -1.8929611444473 272.37454223633
65.442039489746 -1.8802316188812 272.27182006836
65.808258056641 -1.8822462558746 272.16976928711
66.178955078125 -1.8849836587906 272.08554077148
66.545379638672 -1.8971201181412 271.98522949219
66.916084289551 -1.8999185562134 271.90151977539
67.290176391602 -1.8780241012573 271.83877563477
67.658515930176 -1.8658500909805 271.74768066406
68.030456542969 -1.8352859020233 271.6794128418
68.405822753906 -1.7939823865891 271.63589477539
68.779518127441 -1.7522659301758 271.58074951172
69.150207519531 -1.691902756691 271.52319335938
69.517272949219 -1.6429679393768 271.44094848633
69.875785827637 -1.5743668079376 271.33731079102
70.238555908203 -1.5143014192581 271.2434387207
70.611328125 -1.4867525100708 271.17727661133
70.982131958008 -1.4410690069199 271.11163330078
71.351440429688 -1.3717919588089 271.05493164062
71.72705078125 -1.3327518701553 271.05865478516
62.939388275146 -1.7220962047577 273.39956665039
63.15185546875 -1.9792451858521 273.38241577148
63.466815948486 -2.0542058944702 273.42251586914
63.752159118652 -2.105485200882 273.48077392578
64.026222229004 -2.1397202014923 273.59808349609
64.35920715332 -2.1482462882996 273.64309692383
64.685676574707 -2.1570372581482 273.68682861328
65.002250671387 -2.2292947769165 273.77947998047
65.329833984375 -2.2831380367279 273.84121704102
65.660491943359 -2.3214693069458 273.89889526367
65.98762512207 -2.3769733905792 273.96591186523
66.320014953613 -2.4079265594482 274.02279663086
66.654022216797 -2.4312167167664 274.07431030273
66.975769042969 -2.4717140197754 274.15594482422
67.309181213379 -2.4715876579285 274.21081542969
67.644500732422 -2.4727423191071 274.25888061523
67.977981567383 -2.4989912509918 274.31158447266
68.271301269531 -2.5106844902039 274.36633300781
68.597206115723 -2.4506947994232 274.38836669922
68.919403076172 -2.50093126297 274.47537231445
69.236633300781 -2.4458169937134 274.54635620117
69.563858032227 -2.4280104637146 274.61169433594
69.885749816895 -2.3686242103577 274.67391967773
70.206718444824 -2.2901225090027 274.73059082031
70.535118103027 -2.2350172996521 274.77639770508
