93.477584838867 8.3587198257446 373.75308227539
73.157409667969 -0.41488245129585 374.41467285156
67.891487121582 3.1047625541687 382.93762207031
65.768478393555 6.4046568870544 369.78991699219
93.45654296875 7.4697937965393 373.57708740234
93.133003234863 6.632396697998 373.44747924805
92.631362915039 5.8819994926453 373.35665893555
92.005325317383 5.2276258468628 373.29992675781
91.310966491699 4.6445512771606 373.26559448242
90.555435180664 4.1420364379883 373.25482177734
89.766304016113 3.6939384937286 373.25894165039
88.959465026855 3.2787466049194 373.27178955078
88.137924194336 2.8940181732178 373.29257202148
87.290351867676 2.5717670917511 373.32888793945
86.430236816406 2.2859075069427 373.37408447266
85.575202941895 1.9847977161407 373.41555786133
84.703033447266 1.7401155233383 373.4704284668
83.830459594727 1.497074842453 373.52572631836
82.946044921875 1.3049676418304 373.59259033203
82.071220397949 1.0705564022064 373.64987182617
81.190338134766 0.86168259382248 373.71301269531
80.305183410645 0.67333608865738 373.78073120117
79.415672302246 0.50905829668045 373.85385131836
78.523109436035 0.36448925733566 373.93121337891
77.628356933594 0.23633208870888 374.01217651367
76.733451843262 0.10943604260683 374.0934753418
75.843811035156 -0.054077014327049 374.16674804688
74.945823669434 -0.15127827227116 374.25433349609
74.053169250488 -0.29520031809807 374.33184814453
92.937461853027 7.5796871185303 374.28289794922
92.201431274414 6.7896437644958 374.32318115234
91.15648651123 6.5305519104004 374.50042724609
90.123908996582 6.3045711517334 374.7717590332
89.076797485352 6.1173024177551 375.01574707031
88.025459289551 5.9499230384827 375.25576782227
86.969230651855 5.8315529823303 375.50357055664
85.909797668457 5.7228765487671 375.74200439453
84.852783203125 5.6093964576721 375.98837280273
83.814727783203 5.4557886123657 376.28820800781
82.776794433594 5.3080682754517 376.59121704102
81.741012573242 5.2104845046997 376.92086791992
80.705665588379 5.1124029159546 377.25170898438
79.683876037598 4.9987010955811 377.61785888672
78.663635253906 4.8834939002991 377.98782348633
77.651329040527 4.7663640975952 378.37835693359
76.659408569336 4.6448636054993 378.81695556641
75.667816162109 4.5227074623108 379.25610351562
74.692604064941 4.3663172721863 379.72036743164
73.719932556152 4.2042450904846 380.18798828125
72.734786987305 4.0164284706116 380.6184387207
71.743263244629 3.8141715526581 381.0270690918
70.758026123047 3.6574680805206 381.46957397461
69.77645111084 3.5102272033691 381.92330932617
68.811218261719 3.3675165176392 382.41217041016
92.728500366211 7.8690514564514 373.11099243164
91.955093383789 7.1168413162231 372.89517211914
90.889167785645 6.8707227706909 372.74453735352
89.7958984375 6.7542934417725 372.63870239258
88.694198608398 6.6706128120422 372.63604736328
87.592384338379 6.5892367362976 372.64447021484
86.493072509766 6.4794244766235 372.63021850586
85.394950866699 6.3601841926575 372.60641479492
84.292671203613 6.2885537147522 372.58255004883
83.188865661621 6.2486071586609 372.5563659668
82.086921691895 6.2150778770447 372.48324584961
80.985870361328 6.185124874115 372.39685058594
79.886116027832 6.2000551223755 372.29177856445
78.78849029541 6.2458019256592 372.17395019531
77.690971374512 6.2919507026672 372.05529785156
76.597023010254 6.3499670028687 371.91149902344
75.503074645996 6.4021763801575 371.76553344727
74.407470703125 6.4329409599304 371.62747192383
73.330009460449 6.3817672729492 371.38827514648
72.253295898438 6.3268127441406 371.14651489258
71.176948547363 6.2708559036255 370.90362548828
70.094123840332 6.3022589683533 370.68618774414
69.01016998291 6.3260245323181 370.47351074219
67.925971984863 6.331681728363 370.26083374023
66.847579956055 6.3855133056641 370.02642822266
