86.131965637207 18.104627609253 404.98358154297
100.3872756958 12.470889091492 406.41912841797
104.37176513672 16.363796234131 402.65643310547
102.94314575195 17.288976669312 410.73007202148
86.220970153809 17.496269226074 405.03012084961
86.531585693359 16.965101242065 405.08825683594
86.959754943848 16.522571563721 405.14929199219
87.439308166504 16.136053085327 405.21051025391
87.947425842285 15.787991523743 405.27136230469
88.48454284668 15.48634147644 405.33129882812
89.04222869873 15.224175453186 405.39019775391
89.605972290039 14.975237846375 405.44863891602
90.180107116699 14.751054763794 405.50634765625
90.755676269531 14.530633926392 405.56384277344
91.340599060059 14.335976600647 405.62033081055
91.926086425781 14.143058776855 405.67672729492
92.519912719727 13.977107048035 405.73202514648
93.114776611328 13.814881324768 405.78713989258
93.710647583008 13.656338691711 405.84210205078
94.307609558105 13.501920700073 405.89691162109
94.907615661621 13.359614372253 405.95108032227
95.515296936035 13.253775596619 406.00344848633
96.122451782227 13.145059585571 406.05599975586
96.729904174805 13.037997245789 406.10845947266
97.340187072754 12.947904586792 406.16000366211
97.948394775391 12.845072746277 406.21221923828
98.558792114258 12.755699157715 406.26370239258
99.16764831543 12.656694412231 406.31573486328
99.776420593262 12.55714225769 406.36779785156
86.580406188965 17.761396408081 404.60211181641
86.960800170898 17.189945220947 404.5852355957
87.638648986816 16.920618057251 404.58483886719
88.365219116211 16.801578521729 404.55505371094
89.097457885742 16.73120880127 404.51870727539
89.830879211426 16.670938491821 404.48101806641
90.562210083008 16.600450515747 404.42611694336
91.292922973633 16.526908874512 404.36605834961
92.025123596191 16.471462249756 404.30743408203
92.758811950684 16.434299468994 404.2502746582
93.492202758789 16.394863128662 404.19134521484
94.223052978516 16.336547851562 404.11773681641
94.956481933594 16.324731826782 404.05093383789
95.689666748047 16.336936950684 403.9826965332
96.42098236084 16.386892318726 403.90756225586
97.149482727051 16.401805877686 403.80545043945
97.875709533691 16.388359069824 403.68148803711
98.602317810059 16.390014648438 403.55944824219
99.328605651855 16.397609710693 403.43566894531
100.04901123047 16.397298812866 403.28085327148
100.76910400391 16.383628845215 403.12542724609
101.49165344238 16.384773254395 402.98220825195
102.21504974365 16.389928817749 402.84371948242
102.93437194824 16.349039077759 402.68927001953
103.65141296387 16.311075210571 402.52386474609
86.467460632324 17.573329925537 405.24298095703
87.009407043457 17.19588470459 405.29742431641
87.67423248291 17.036546707153 405.474609375
88.351028442383 16.94669342041 405.65625
89.029518127441 16.868007659912 405.83499145508
89.71590423584 16.841650009155 406.00024414062
90.392196655273 16.802719116211 406.19689941406
91.055908203125 16.748121261597 406.43276977539
91.733932495117 16.750640869141 406.62503051758
92.41845703125 16.779090881348 406.79748535156
93.097602844238 16.767295837402 406.99124145508
93.776222229004 16.751998901367 407.18707275391
94.453239440918 16.778074264526 407.38729858398
95.125625610352 16.80291557312 407.60125732422
95.784523010254 16.824161529541 407.85528564453
96.437683105469 16.820819854736 408.12319946289
97.085922241211 16.796323776245 408.4030456543
97.740867614746 16.808704376221 408.66619873047
98.398880004883 16.838005065918 408.92169189453
99.045806884766 16.855939865112 409.20452880859
99.689300537109 16.870016098022 409.49578857422
100.33174133301 16.880868911743 409.78952026367
100.97518920898 16.899690628052 410.08053588867
101.62404632568 16.963258743286 410.34423828125
102.28303527832 17.115383148193 410.54776000977
