60.000438690186 3.1458537578583 270.46957397461
68.582389831543 -3.9801652431488 272.06942749023
72.172462463379 -2.9728145599365 270.4162902832
70.512687683105 -2.7044277191162 274.55453491211
60.0051612854 2.7157282829285 270.44705200195
60.223056793213 2.3293426036835 270.47637939453
60.477867126465 1.9669803380966 270.515625
60.758846282959 1.6252629756927 270.56204223633
61.057552337646 1.2996886968613 270.61346435547
61.370498657227 0.98832941055298 270.66897583008
61.683647155762 0.67721247673035 270.72454833984
62.005458831787 0.37559998035431 270.78265380859
62.337989807129 0.086408242583275 270.84393310547
62.672710418701 -0.19992007315159 270.90588378906
63.021591186523 -0.46797996759415 270.97210693359
63.370639801025 -0.73573124408722 271.03839111328
63.730529785156 -0.98789840936661 271.10803222656
64.093673706055 -1.2350684404373 271.17874145508
64.457618713379 -1.4809612035751 271.24966430664
64.826026916504 -1.7197046279907 271.32202148438
65.190803527832 -1.9643112421036 271.39321899414
65.557167053223 -2.2063438892365 271.46490478516
65.93212890625 -2.4339828491211 271.53939819336
66.307708740234 -2.6605143547058 271.61413574219
66.68701171875 -2.8803150653839 271.69009399414
67.071388244629 -3.0904726982117 271.76770019531
67.44246673584 -3.3247747421265 271.84094238281
67.822402954102 -3.5434417724609 271.91708374023
68.206604003906 -3.7539794445038 271.99468994141
60.370021820068 2.8492703437805 270.25158691406
60.679355621338 2.4255006313324 270.20861816406
61.129859924316 2.130487203598 270.23077392578
61.592063903809 1.8547756671906 270.26138305664
62.040264129639 1.558629989624 270.3037109375
62.498359680176 1.2800410985947 270.36096191406
62.944820404053 0.98118454217911 270.40765380859
63.404727935791 0.70490020513535 270.46194458008
63.866722106934 0.4308679997921 270.50924682617
64.330940246582 0.15897098183632 270.54614257812
64.797164916992 -0.11071783304214 270.57269287109
65.264663696289 -0.378841817379 270.59222412109
65.75707244873 -0.5958833694458 270.62432861328
66.255760192871 -0.79863393306732 270.63885498047
66.763198852539 -0.9772555232048 270.61254882812
67.27269744873 -1.1340488195419 270.54425048828
67.763778686523 -1.3557108640671 270.56719970703
68.223205566406 -1.6222952604294 270.52255249023
68.681434631348 -1.8416924476624 270.66494750977
69.17610168457 -2.0514876842499 270.61901855469
69.702476501465 -2.1481144428253 270.59741210938
70.186241149902 -2.3054773807526 270.55792236328
70.642036437988 -2.5440254211426 270.51538085938
71.154670715332 -2.7073037624359 270.52114868164
71.66471862793 -2.8516674041748 270.51876831055
60.343936920166 2.855277299881 270.67074584961
60.622035980225 2.4908266067505 270.85366821289
60.990814208984 2.18905377388 270.98828125
61.359119415283 1.8900662660599 271.12915039062
61.725940704346 1.5910074710846 271.26937866211
62.138286590576 1.3401769399643 271.37823486328
62.547813415527 1.0845094919205 271.48614501953
62.948928833008 0.82000851631165 271.60583496094
63.355674743652 0.56778794527054 271.7326965332
63.768299102783 0.32554242014885 271.86029052734
64.177635192871 0.087573200464249 272.00540161133
64.58561706543 -0.14344209432602 272.16387939453
64.991897583008 -0.36559385061264 272.33944702148
65.403907775879 -0.56780582666397 272.52542114258
65.829566955566 -0.74106055498123 272.70581054688
66.273513793945 -0.87626558542252 272.87838745117
66.707870483398 -1.0382589101791 273.05252075195
67.136795043945 -1.2230739593506 273.21566772461
67.562049865723 -1.4237898588181 273.3708190918
68.00691986084 -1.5807989835739 273.52139282227
68.39623260498 -1.7868460416794 273.73541259766
68.753936767578 -2.020788192749 273.98550415039
69.2001953125 -2.1892681121826 274.10961914062
69.645957946777 -2.3567411899567 274.24069213867
70.064971923828 -2.5392224788666 274.4313659668
