69.167236328125 -1.0583297014236 271.62322998047
82.700546264648 -2.9243531227112 271.91427612305
86.413459777832 2.6744983196259 268.88906860352
85.199699401855 0.20455692708492 277.04629516602
69.431411743164 -1.5257596969604 271.53924560547
69.853569030762 -1.8665404319763 271.4895324707
70.32356262207 -2.1404027938843 271.45617675781
70.818099975586 -2.368273973465 271.43356323242
71.331771850586 -2.5499806404114 271.42153930664
71.859016418457 -2.6882293224335 271.4192199707
72.389694213867 -2.8126451969147 271.41995239258
72.925109863281 -2.9146246910095 271.42565917969
73.46297454834 -3.0023710727692 271.43435668945
74.004638671875 -3.0614533424377 271.44927978516
74.547164916992 -3.1113011837006 271.4660949707
75.090950012207 -3.1423768997192 271.48690795898
75.635322570801 -3.1552128791809 271.51159667969
76.179733276367 -3.1640667915344 271.53707885742
76.724143981934 -3.1656851768494 271.56408691406
77.2685546875 -3.1683628559113 271.59085083008
77.812675476074 -3.155966758728 271.62075805664
78.356971740723 -3.1499674320221 271.64932250977
78.901382446289 -3.15460896492 271.67568969727
79.444900512695 -3.12934923172 271.70822143555
79.989181518555 -3.1228215694427 271.73690795898
80.532623291016 -3.0962107181549 271.76968383789
81.076095581055 -3.0701043605804 271.80239868164
81.61882019043 -3.0333633422852 271.83728027344
82.160934448242 -2.989729642868 271.87356567383
69.793045043945 -1.2480595111847 271.37704467773
70.479652404785 -1.3369598388672 271.28439331055
71.169464111328 -1.2913399934769 271.17984008789
71.865257263184 -1.2540990114212 271.12203979492
72.560821533203 -1.1858178377151 271.09982299805
73.255172729492 -1.1106048822403 271.06549072266
73.947898864746 -1.0190215110779 271.03961181641
74.642883300781 -0.95427370071411 270.99746704102
75.337997436523 -0.89908522367477 270.94781494141
76.022033691406 -0.76132196187973 270.90249633789
76.69995880127 -0.60611408948898 270.8323059082
77.381782531738 -0.52076375484467 270.70397949219
78.051399230957 -0.34630280733109 270.60333251953
78.714874267578 -0.1452880948782 270.51202392578
79.374160766602 0.076852351427078 270.44155883789
80.035667419434 0.28835046291351 270.36029052734
80.696731567383 0.48284560441971 270.24157714844
81.344841003418 0.68972903490067 270.07995605469
81.989524841309 0.89951354265213 269.90863037109
82.637069702148 1.1123278141022 269.75253295898
83.286834716797 1.3268626928329 269.60858154297
83.940368652344 1.5045282840729 269.43460083008
84.589256286621 1.7325301170349 269.30847167969
85.216979980469 2.0167927742004 269.18966674805
85.820686340332 2.343847990036 269.05718994141
69.752304077148 -1.2491286993027 271.87042236328
70.352867126465 -1.509485244751 271.97491455078
71.001419067383 -1.5630869865417 272.10479736328
71.652519226074 -1.5863505601883 272.23077392578
72.302581787109 -1.5650337934494 272.36248779297
72.952850341797 -1.5454285144806 272.4934387207
73.604057312012 -1.529988527298 272.62023925781
74.255645751953 -1.5020389556885 272.74261474609
74.901626586914 -1.4110118150711 272.8642578125
75.546279907227 -1.3344314098358 273.00177001953
76.188858032227 -1.297837138176 273.16339111328
76.826530456543 -1.235459446907 273.33618164062
77.455345153809 -1.1513471603394 273.53079223633
78.070274353027 -1.0827279090881 273.77062988281
78.679794311523 -0.97046238183975 274.0078125
79.272850036621 -0.83990573883057 274.27542114258
79.874252319336 -0.74711018800735 274.54010009766
80.474212646484 -0.60782796144485 274.787109375
81.073043823242 -0.51870948076248 275.05883789062
81.671661376953 -0.42942693829536 275.33099365234
82.269897460938 -0.32967230677605 275.60034179688
82.869590759277 -0.23161076009274 275.86703491211
83.481536865234 -0.1486601382494 276.11001586914
84.068252563477 -0.041656572371721 276.40103149414
84.640731811523 0.10580318421125 276.70251464844
