75.458351135254 6.7314004898071 272.16744995117
74.826309204102 -5.1749811172485 272.37057495117
79.416831970215 -3.5791773796082 269.22741699219
78.932037353516 -3.3679990768433 276.11880493164
74.997482299805 6.5172691345215 272.14038085938
74.643608093262 6.1529903411865 272.12377929688
74.327751159668 5.7542147636414 272.11050415039
74.040046691895 5.3345952033997 272.09954833984
73.777809143066 4.8985590934753 272.09066772461
73.548759460449 4.4441719055176 272.08441162109
73.347503662109 3.9767801761627 272.0803527832
73.177635192871 3.4970724582672 272.07864379883
73.033699035645 3.0089528560638 272.07891845703
72.938102722168 2.5091624259949 272.08270263672
72.855621337891 2.0070104598999 272.08749389648
72.812240600586 1.5000249147415 272.09503173828
72.778388977051 0.99231469631195 272.10317993164
72.786766052246 0.4836277961731 272.11431884766
72.813735961914 -0.024407088756561 272.1266784668
72.874137878418 -0.52949118614197 272.14120483398
72.969833374023 -1.0290211439133 272.15811157227
73.080238342285 -1.5254850387573 272.17587280273
73.224166870117 -2.013195514679 272.19583129883
73.391479492188 -2.4933314323425 272.21716308594
73.580726623535 -2.9651868343353 272.23983764648
73.791687011719 -3.427680015564 272.26382446289
74.018920898438 -3.8823537826538 272.28872680664
74.274353027344 -4.3217077255249 272.31527709961
74.545448303223 -4.7515196800232 272.34265136719
75.432754516602 6.5028057098389 271.7507019043
75.339065551758 6.0768694877625 271.56045532227
75.243560791016 5.6468229293823 271.38012695312
75.152305603027 5.2012162208557 271.23977661133
75.061698913574 4.753737449646 271.10510253906
75.007987976074 4.2962951660156 270.98492431641
74.970191955566 3.8374624252319 270.8639831543
74.980773925781 3.3830316066742 270.72271728516
75.028114318848 2.9330072402954 270.57528686523
75.222717285156 2.5288710594177 270.41598510742
75.477409362793 2.1511061191559 270.27813720703
75.767204284668 1.7857394218445 270.18273925781
76.023323059082 1.3878977298737 270.13088989258
76.310844421387 1.0089544057846 270.14810180664
76.573120117188 0.61832195520401 270.07601928711
76.883255004883 0.25784194469452 270.05456542969
77.135269165039 -0.1205613091588 269.91363525391
77.365760803223 -0.50431108474731 269.75180053711
77.563056945801 -0.90466177463531 269.58633422852
77.751426696777 -1.3147624731064 269.43508911133
77.990653991699 -1.716475725174 269.34573364258
78.22826385498 -2.1150350570679 269.23962402344
78.530143737793 -2.4812068939209 269.20373535156
78.867576599121 -2.8084778785706 269.27850341797
79.162048339844 -3.1822221279144 269.29144287109
75.2998046875 6.5290966033936 272.56326293945
75.182090759277 6.1325721740723 272.7966003418
75.089416503906 5.6856455802917 272.93063354492
74.983688354492 5.2316484451294 273.02603149414
74.894485473633 4.7741861343384 273.12173461914
74.827491760254 4.313464641571 273.21939086914
74.793617248535 3.8589479923248 273.35598754883
74.776306152344 3.4091575145721 273.50973510742
74.808662414551 2.9780282974243 273.70779418945
74.927848815918 2.5738184452057 273.92868041992
75.073768615723 2.1711077690125 274.134765625
75.346138000488 1.8075269460678 274.27627563477
75.621223449707 1.4396246671677 274.40032958984
75.899948120117 1.0734047889709 274.52114868164
76.206855773926 0.72388356924057 274.62133789062
76.52857208252 0.38305109739304 274.70159912109
76.768325805664 0.017695672810078 274.88912963867
76.918159484863 -0.35773515701294 275.14007568359
77.053375244141 -0.7599231004715 275.35513305664
77.268661499023 -1.1406384706497 275.54235839844
77.538414001465 -1.5132756233215 275.66394042969
77.793365478516 -1.891930937767 275.79821777344
78.041038513184 -2.2727346420288 275.93984985352
78.336990356445 -2.6344256401062 276.02917480469
78.606636047363 -3.024197101593 276.07095336914
