82.619239807129 -16.057992935181 342.17199707031
18.611780166626 -9.177960395813 349.27688598633
12.96028137207 2.5750403404236 355.65063476562
12.693431854248 -0.76141768693924 341.26385498047
81.105895996094 -18.007791519165 342.6623840332
78.692977905273 -18.749479293823 343.0830078125
76.183853149414 -19.093675613403 343.45523071289
73.645301818848 -19.173364639282 343.79077148438
71.108459472656 -19.244651794434 344.12484741211
68.569290161133 -19.082559585571 344.42364501953
66.033714294434 -18.857503890991 344.71234130859
63.50220489502 -18.581890106201 344.99282836914
60.974704742432 -18.265428543091 345.26651000977
58.449268341064 -17.930477142334 345.53713989258
55.927177429199 -17.56774520874 345.80313110352
53.409023284912 -17.175136566162 346.06402587891
50.894527435303 -16.757606506348 346.32070922852
48.390762329102 -16.273448944092 346.56579589844
45.887809753418 -15.784770965576 346.81008911133
43.391586303711 -15.259815216064 347.04800415039
40.897792816162 -14.722502708435 347.28372192383
38.410236358643 -14.154751777649 347.51400756836
35.918029785156 -13.609544754028 347.7483215332
33.436790466309 -13.01286315918 347.97338867188
30.967218399048 -12.36643409729 348.18939208984
28.497219085693 -11.721730232239 348.40567016602
26.025581359863 -11.083751678467 348.62316894531
23.559438705444 -10.423525810242 348.83660888672
21.104688644409 -9.7197437286377 349.04193115234
80.006164550781 -16.850999832153 343.04483032227
77.203460693359 -16.924160003662 343.66229248047
74.37434387207 -16.669107437134 344.11563110352
71.549476623535 -16.375232696533 344.57992553711
68.728988647461 -16.103893280029 345.08462524414
65.914817810059 -15.686290740967 345.49603271484
63.103572845459 -15.16551399231 345.82690429688
60.292198181152 -14.648480415344 346.16247558594
57.487815856934 -14.086356163025 346.48388671875
54.707714080811 -13.396355628967 346.75512695312
51.923023223877 -12.737483978271 347.05645751953
49.178249359131 -11.981953620911 347.4557800293
46.421195983887 -11.260899543762 347.84194946289
43.666923522949 -10.49517250061 348.1481628418
40.94172668457 -9.6058835983276 348.40563964844
38.233478546143 -8.6893787384033 348.73599243164
35.537246704102 -7.7539520263672 349.10763549805
32.872749328613 -6.755627155304 349.53610229492
30.227546691895 -5.7606835365295 350.0676574707
27.578105926514 -4.856406211853 350.73590087891
25.030637741089 -3.7517850399017 351.4899597168
22.492298126221 -2.6272275447845 352.24893188477
19.952850341797 -1.5004340410233 353.00085449219
17.333415985107 -0.5391446352005 353.69805908203
15.06734085083 0.90532773733139 354.62292480469
80.130783081055 -17.20884513855 342.07211303711
77.319519042969 -17.310998916626 342.22109985352
74.505714416504 -17.222644805908 342.26928710938
71.716094970703 -16.928152084351 342.49240112305
68.940856933594 -16.550132751465 342.79299926758
66.167083740234 -16.146305084229 343.07043457031
63.392074584961 -15.716694831848 343.29544067383
60.617450714111 -15.286717414856 343.52447509766
57.889656066895 -14.647442817688 343.79693603516
55.145656585693 -14.068040847778 344.02621459961
52.37084197998 -13.612580299377 344.19598388672
49.651065826416 -12.936264038086 344.43585205078
46.905666351318 -12.342445373535 344.65042114258
44.188236236572 -11.615797042847 344.78051757812
41.479583740234 -10.853665351868 344.91030883789
38.775959014893 -10.08641242981 345.10418701172
36.060710906982 -9.3437480926514 345.02429199219
33.375629425049 -8.5061492919922 344.93081665039
30.738178253174 -7.5199518203735 344.84637451172
28.094560623169 -6.580906867981 344.61676025391
25.447607040405 -5.6673583984375 344.30862426758
22.777700424194 -4.9143333435059 343.87017822266
20.164749145508 -4.0632076263428 343.34924316406
17.658092498779 -2.8554491996765 342.90893554688
15.175608634949 -1.807418346405 342.08880615234
