65.975883483887 3.7378349304199 282.43801879883
70.481719970703 -1.4972795248032 282.8815612793
81.08226776123 0.53888756036758 278.6630859375
77.056663513184 0.24466754496098 291.28216552734
65.943778991699 3.4536371231079 282.39196777344
65.947044372559 3.1668753623962 282.35452270508
65.979331970215 2.8810124397278 282.32455444336
66.036659240723 2.5984401702881 282.30136108398
66.117866516113 2.3211486339569 282.28497314453
66.21898651123 2.0499131679535 282.27438354492
66.329170227051 1.7821084260941 282.26657104492
66.450569152832 1.5191373825073 282.26223754883
66.581474304199 1.2607728242874 282.26092529297
66.730049133301 1.0126203298569 282.26547241211
66.895782470703 0.77543717622757 282.27584838867
67.075065612793 0.54866755008698 282.29104614258
67.270851135254 0.33643570542336 282.31237792969
67.48802947998 0.14703969657421 282.34213256836
67.716728210449 -0.027268441393971 282.37686157227
67.943420410156 -0.20441950857639 282.41067504883
68.174438476562 -0.37536191940308 282.44638061523
68.415199279785 -0.53058040142059 282.48669433594
68.668403625488 -0.66249525547028 282.53329467773
68.930465698242 -0.7745401263237 282.58480834961
69.1865234375 -0.90123248100281 282.63278198242
69.44010925293 -1.0332622528076 282.67947387695
69.701293945312 -1.1471742391586 282.73046875
69.964981079102 -1.255063533783 282.78289794922
70.224555969238 -1.3730827569962 282.83294677734
66.414123535156 3.3895676136017 282.12438964844
66.750823974609 2.8462333679199 282.03622436523
67.213882446289 2.3969750404358 282.00704956055
67.725143432617 2.0236306190491 281.87609863281
68.24161529541 1.691925406456 281.67193603516
68.760383605957 1.3782472610474 281.44659423828
69.29833984375 1.1151986122131 281.20263671875
69.874137878418 0.91011995077133 280.99084472656
70.446556091309 0.71581989526749 280.76208496094
71.006507873535 0.43859151005745 280.59643554688
71.607856750488 0.26078090071678 280.44091796875
72.229904174805 0.21230852603912 280.27188110352
72.863876342773 0.25449135899544 280.15036010742
73.493209838867 0.30761790275574 280.01110839844
74.123123168945 0.29724913835526 279.86416625977
74.750778198242 0.30083307623863 279.70767211914
75.378715515137 0.33830243349075 279.55688476562
76.009712219238 0.40353301167488 279.43008422852
76.643714904785 0.45925280451775 279.31427001953
77.271682739258 0.50888800621033 279.16696166992
77.901138305664 0.54880690574646 279.02325439453
78.526145935059 0.54311960935593 278.85665893555
79.147537231445 0.46465507149696 278.69552612305
79.793800354004 0.47697561979294 278.66931152344
80.438568115234 0.49192163348198 278.61895751953
66.186660766602 3.3562064170837 282.86026000977
66.500495910645 2.8332395553589 282.89370727539
66.86360168457 2.3484904766083 282.96990966797
67.267036437988 1.9374091625214 283.1728515625
67.660675048828 1.5772484540939 283.47039794922
68.048042297363 1.243826508522 283.80456542969
68.345664978027 0.88267320394516 284.197265625
68.664970397949 0.55283921957016 284.60034179688
69.001586914062 0.23692519962788 285.00024414062
69.402824401855 -0.0073650823906064 285.39068603516
69.854064941406 -0.19893012940884 285.75506591797
70.336555480957 -0.31151407957077 286.11245727539
70.821823120117 -0.37341678142548 286.47836303711
71.302558898926 -0.39759913086891 286.85458374023
71.772720336914 -0.40588694810867 287.24456787109
72.223411560059 -0.3988097012043 287.65698242188
72.681167602539 -0.37941032648087 288.06109619141
73.147972106934 -0.32862776517868 288.45193481445
73.624053955078 -0.28259214758873 288.83200073242
74.105484008789 -0.24524253606796 289.20626831055
74.590805053711 -0.21216024458408 289.57586669922
75.071166992188 -0.15426182746887 289.94888305664
75.5390625 -0.095092035830021 290.33724975586
76.025367736816 -0.045466430485249 290.70364379883
76.552177429199 0.049813665449619 290.99798583984
