84.012771606445 -1.7242628335953 328.71530151367
40.17374420166 6.0819511413574 361.71566772461
36.950714111328 10.654839515686 345.5641784668
40.697330474854 -10.034417152405 353.90704345703
84.994316101074 -0.61767160892487 330.67449951172
85.387840270996 0.47997838258743 332.83715820312
85.39949798584 1.5359731912613 335.05630493164
85.096199035645 2.537572145462 337.27996826172
84.480506896973 3.4667401313782 339.46905517578
83.496139526367 4.2858467102051 341.56573486328
82.191032409668 4.9830889701843 343.52697753906
80.637382507324 5.5656943321228 345.34072875977
78.909866333008 6.0517687797546 347.01693725586
76.949348449707 6.3859362602234 348.46124267578
74.88200378418 6.6351451873779 349.76705932617
72.666725158691 6.7401804924011 350.8251953125
70.347724914551 6.7030816078186 351.62326049805
67.935676574707 6.4652066230774 352.03369140625
65.560234069824 6.3334164619446 352.65371704102
63.249008178711 6.3168015480042 353.49194335938
60.933555603027 6.29376745224 354.31826782227
58.669506072998 6.3421792984009 355.27554321289
56.428798675537 6.4192900657654 356.28451538086
54.161151885986 6.4630446434021 357.23345947266
51.923736572266 6.5440821647644 358.24938964844
49.625003814697 6.5454983711243 359.12088012695
47.301422119141 6.5097942352295 359.92358398438
44.942756652832 6.412793636322 360.61047363281
42.585960388184 6.3194375038147 361.30435180664
83.520210266113 0.022046646103263 329.89877319336
82.970123291016 1.5039764642715 331.37921142578
82.308662414551 2.6215023994446 333.11288452148
81.293395996094 3.5098686218262 334.80783081055
79.989837646484 4.1585731506348 336.41207885742
78.42155456543 4.6750140190125 337.81552124023
76.731796264648 4.9881958961487 339.13192749023
74.843971252441 5.5819416046143 340.01513671875
72.856170654297 6.0297713279724 340.75421142578
70.839065551758 6.3970937728882 341.45755004883
68.802215576172 6.7534346580505 342.10723876953
66.729354858398 6.9960746765137 342.69146728516
64.641548156738 7.0535173416138 343.27044677734
62.543762207031 7.2610054016113 343.77346801758
60.42679977417 7.5872321128845 344.10430908203
58.291603088379 7.7394285202026 344.44473266602
56.171939849854 7.9845209121704 344.82568359375
54.033740997314 8.1764678955078 345.12506103516
51.901237487793 8.420018196106 345.42749023438
49.77494430542 8.7318983078003 345.70953369141
47.639259338379 9.0824298858643 345.82952880859
45.503536224365 9.4290714263916 345.95965576172
43.365665435791 9.7781257629395 346.03750610352
41.225234985352 10.1193151474 346.04940795898
39.08797454834 10.387077331543 345.80676269531
83.934417724609 -2.3746259212494 330.77105712891
83.575180053711 -2.1108343601227 332.8850402832
83.063438415527 -1.6265553236008 334.92694091797
82.133514404297 -1.246509552002 336.83932495117
80.863716125488 -0.90037846565247 338.55291748047
79.53638458252 -0.69235408306122 340.24459838867
77.938568115234 -0.58289778232574 341.69458007812
76.166717529297 -0.61765211820602 342.93008422852
74.25439453125 -0.84462320804596 343.91012573242
72.341339111328 -1.0830067396164 344.88595581055
70.396499633789 -1.3387846946716 345.7919921875
68.412872314453 -1.6471136808395 346.59121704102
66.464179992676 -2.1175591945648 347.39755249023
64.480087280273 -2.553563117981 348.13360595703
62.422679901123 -2.9028851985931 348.69390869141
60.389350891113 -3.2809646129608 349.3196105957
58.390213012695 -3.6961801052094 350.02667236328
56.378612518311 -4.1105723381042 350.69799804688
54.404304504395 -4.5491166114807 351.4587097168
52.429973602295 -5.0685992240906 352.16650390625
50.450073242188 -5.7320065498352 352.72216796875
48.501834869385 -6.5259056091309 353.21508789062
46.465209960938 -7.1609196662903 353.55838012695
44.466365814209 -7.9299983978271 353.84484863281
42.550098419189 -8.9232549667358 353.94573974609
