44.35107421875 -7.3278269767761 275.4040222168
74.071922302246 1.667543053627 276.60220336914
75.508804321289 -2.1068670749664 278.29913330078
75.570770263672 0.061445713043213 272.47131347656
45.152080535889 -6.4081625938416 275.65319824219
46.071128845215 -5.5947513580322 275.86172485352
47.031352996826 -4.82599401474 276.05352783203
48.016754150391 -4.087037563324 276.23443603516
49.034606933594 -3.3896751403809 276.40014648438
50.076648712158 -2.7260944843292 276.55364990234
51.146343231201 -2.1045665740967 276.69213867188
52.24084854126 -1.5244935750961 276.81594848633
53.362777709961 -0.9955290555954 276.92181396484
54.501197814941 -0.50062990188599 277.01586914062
55.658679962158 -0.04941363632679 277.09487915039
56.835395812988 0.35180312395096 277.15670776367
58.028442382812 0.7043981552124 277.20208740234
59.23201751709 1.0205260515213 277.23519897461
60.449474334717 1.2798939943314 277.24938964844
61.674163818359 1.502907037735 277.25149536133
62.905792236328 1.6836243867874 277.23965454102
64.143348693848 1.8158450126648 277.2119140625
65.383918762207 1.9108928442001 277.17211914062
66.626884460449 1.9481658935547 277.11367797852
67.869750976562 1.944712638855 277.04220581055
69.111022949219 1.9006474018097 276.95779418945
70.351486206055 1.8436321020126 276.86929321289
71.592391967773 1.7934544086456 276.7829284668
72.833976745605 1.755189538002 276.70037841797
45.372074127197 -6.7065777778625 275.83404541016
46.391204833984 -5.9691314697266 276.015625
47.450576782227 -5.2953734397888 276.21395874023
48.527656555176 -4.6478171348572 276.40396118164
49.624912261963 -4.0304708480835 276.57797241211
50.767387390137 -3.4942905902863 276.72909545898
51.91813659668 -2.975001335144 276.87619018555
53.086238861084 -2.502149105072 277.04208374023
54.260517120361 -2.0460398197174 277.21011352539
55.481033325195 -1.706889629364 277.31451416016
56.70189666748 -1.3690181970596 277.41842651367
57.944374084473 -1.111153960228 277.49127197266
59.195117950439 -0.89238464832306 277.54904174805
60.452339172363 -0.71271848678589 277.60067749023
61.71529006958 -0.57676976919174 277.64556884766
62.982906341553 -0.49615001678467 277.69277954102
64.251968383789 -0.44303801655769 277.73965454102
65.522895812988 -0.4546691775322 277.75250244141
66.792854309082 -0.50717508792877 277.75317382812
68.058296203613 -0.62479066848755 277.73468017578
69.310844421387 -0.84050077199936 277.74743652344
70.556114196777 -1.0936080217361 277.77545166016
71.798309326172 -1.3411839008331 277.8815612793
73.039360046387 -1.5968767404556 277.98147583008
74.28035736084 -1.8348888158798 278.11877441406
45.343158721924 -6.5068826675415 275.45288085938
46.392288208008 -5.7727994918823 275.5986328125
47.458583831787 -5.0605273246765 275.72702026367
48.527896881104 -4.3482031822205 275.82571411133
49.671566009521 -3.764139175415 275.9338684082
50.825901031494 -3.1986119747162 276.02597045898
51.997581481934 -2.6658115386963 276.08990478516
53.177379608154 -2.1486432552338 276.12750244141
54.367095947266 -1.6534268856049 276.13021850586
55.601123809814 -1.2826994657516 276.10678100586
56.837574005127 -0.92029398679733 276.08157348633
58.087860107422 -0.61120802164078 276.03625488281
59.347080230713 -0.34386086463928 275.97546386719
60.61107635498 -0.10404376685619 275.90072631836
61.882911682129 0.07562368363142 275.79602050781
63.158206939697 0.22558952867985 275.68692016602
64.439460754395 0.29263791441917 275.5657043457
65.716064453125 0.33788260817528 275.39526367188
66.98900604248 0.37068039178848 275.1969909668
68.241912841797 0.35180857777596 274.89587402344
69.489906311035 0.32257357239723 274.57580566406
70.717720031738 0.2528058886528 274.19055175781
71.94921875 0.19445390999317 273.81527709961
73.165245056152 0.15428911149502 273.39047241211
74.375297546387 0.12953653931618 272.94778442383
