62.11873626709 -9.0657358169556 270.0788269043
65.082443237305 2.3138749599457 273.23773193359
68.341117858887 -0.069355875253677 276.23892211914
68.174377441406 1.1248669624329 269.82641601562
61.876163482666 -8.6531963348389 270.16467285156
61.735382080078 -8.1995677947998 270.26947021484
61.656894683838 -7.7330169677734 270.38256835938
61.617240905762 -7.2625865936279 270.49987792969
61.608547210693 -6.7913947105408 270.61996459961
61.652500152588 -6.3229522705078 270.74362182617
61.696189880371 -5.8545083999634 270.86724853516
61.769523620605 -5.390115737915 270.99224853516
61.848384857178 -4.9267015457153 271.1174621582
61.944797515869 -4.4667572975159 271.24322509766
62.053573608398 -4.0096583366394 271.36926269531
62.175895690918 -3.5560603141785 271.49554443359
62.313709259033 -3.1069502830505 271.62191772461
62.461853027344 -2.6611597537994 271.74829101562
62.632991790771 -2.2235999107361 271.87445068359
62.80419921875 -1.7860562801361 272.00054931641
62.984066009521 -1.3519629240036 272.12652587891
63.17765045166 -0.92370074987411 272.25213623047
63.38024520874 -0.49953320622444 272.37741088867
63.602638244629 -0.085129432380199 272.50180053711
63.814571380615 0.3345565199852 272.62673950195
64.033966064453 0.7505190372467 272.7512512207
64.275100708008 1.1546323299408 272.87457275391
64.527153015137 1.552265048027 272.99713134766
64.797172546387 1.9384002685547 273.1181640625
62.217174530029 -8.7027788162231 270.28579711914
62.085403442383 -8.2781066894531 270.53009033203
62.128925323486 -7.8146457672119 270.72354125977
62.285091400146 -7.3828721046448 270.93936157227
62.497848510742 -6.9722075462341 271.1438293457
62.734130859375 -6.570415019989 271.34399414062
62.939323425293 -6.1588664054871 271.55828857422
63.158763885498 -5.7492418289185 271.76107788086
63.391822814941 -5.3414549827576 271.95288085938
63.568866729736 -4.9584379196167 272.22988891602
63.732967376709 -4.5806374549866 272.52600097656
63.906993865967 -4.1863555908203 272.7936706543
64.150161743164 -3.8130023479462 273.02087402344
64.466438293457 -3.4617788791656 273.20529174805
64.75700378418 -3.1121833324432 273.4280090332
65.033760070801 -2.7634625434875 273.67132568359
65.275054931641 -2.4351801872253 273.96734619141
65.523857116699 -2.1335387229919 274.28228759766
65.865539550781 -1.8552143573761 274.53366088867
66.234062194824 -1.5569230318069 274.69641113281
66.611213684082 -1.2558746337891 274.82949829102
66.931289672852 -1.0188143253326 275.14373779297
67.258308410645 -0.78345888853073 275.45062255859
67.642852783203 -0.56221336126328 275.69674682617
68.010147094727 -0.32870301604271 275.95501708984
62.16104888916 -8.6186399459839 270.0481262207
62.138404846191 -8.1534786224365 270.15863037109
62.175407409668 -7.7022304534912 270.18322753906
62.410697937012 -7.3722705841064 270.28890991211
62.472541809082 -6.8942079544067 270.19256591797
62.67041015625 -6.4703011512756 270.31744384766
62.882209777832 -6.0519413948059 270.46499633789
63.069332122803 -5.6085815429688 270.41394042969
63.251930236816 -5.160635471344 270.3264465332
63.458812713623 -4.732316493988 270.31741333008
63.717864990234 -4.346152305603 270.4768371582
63.975872039795 -3.9596107006073 270.63088989258
64.167304992676 -3.5489785671234 270.44012451172
64.364639282227 -3.1375901699066 270.26605224609
64.621589660645 -2.7185487747192 270.26052856445
64.890159606934 -2.3132441043854 270.28192138672
65.211761474609 -1.9706565141678 270.42633056641
65.530776977539 -1.619375705719 270.53219604492
65.841064453125 -1.2388451099396 270.50833129883
66.154487609863 -0.86216825246811 270.47613525391
66.484283447266 -0.50557827949524 270.40045166016
66.809150695801 -0.15639387071133 270.29598999023
67.1162109375 0.16607707738876 270.08770751953
67.472099304199 0.47397813200951 269.98831176758
67.862831115723 0.77147966623306 269.96658325195
