60.989082336426 7.0008869171143 281.97735595703
68.309898376465 -5.8830347061157 283.41229248047
74.58228302002 -7.3476724624634 278.03402709961
74.995513916016 -5.6859564781189 288.83779907227
60.671813964844 6.5017333030701 282.02893066406
60.547039031982 5.9112462997437 282.06649780273
60.517581939697 5.3077664375305 282.10803222656
60.587985992432 4.7109375 282.16949462891
60.731769561768 4.1286945343018 282.2333984375
60.926769256592 3.5587797164917 282.29626464844
61.160224914551 3.0053424835205 282.35397338867
61.451175689697 2.4765405654907 282.40396118164
61.742126464844 1.9477388858795 282.45391845703
62.040927886963 1.4239985942841 282.50570678711
62.384349822998 0.92904132604599 282.56784057617
62.72777557373 0.43408408761024 282.62994384766
63.080123901367 -0.054754614830017 282.68811035156
63.451892852783 -0.53026986122131 282.73764038086
63.823665618896 -1.0057851076126 282.78717041016
64.213371276855 -1.4674125909805 282.8293762207
64.605499267578 -1.9267246723175 282.87356567383
65.010765075684 -2.3717818260193 282.94036865234
65.416038513184 -2.8168392181396 283.00714111328
65.831848144531 -3.2529611587524 283.06762695312
66.248817443848 -3.6880955696106 283.12744140625
66.659202575684 -4.1309175491333 283.17462158203
67.068412780762 -4.5751128196716 283.21954345703
67.487426757812 -5.0083718299866 283.27853393555
67.903961181641 -5.443902015686 283.33837890625
61.014114379883 6.245584487915 281.73254394531
61.046588897705 5.4574165344238 281.71075439453
61.602184295654 4.8968954086304 281.61428833008
62.113876342773 4.2910585403442 281.55120849609
62.637554168701 3.6950323581696 281.49325561523
63.174633026123 3.1107649803162 281.43844604492
63.721530914307 2.5375173091888 281.36672973633
64.274505615234 1.9717339277267 281.28317260742
64.823928833008 1.4036211967468 281.19250488281
65.365844726562 0.83111810684204 281.08557128906
65.916831970215 0.26854905486107 280.97317504883
66.49520111084 -0.2620136141777 280.84329223633
67.071823120117 -0.79203587770462 280.70419311523
67.641700744629 -1.3177443742752 280.52618408203
68.230476379395 -1.8197239637375 280.34121704102
68.830123901367 -2.3069105148315 280.15170288086
69.413787841797 -2.8113515377045 279.95745849609
69.98233795166 -3.3303923606873 279.75698852539
70.534118652344 -3.8645489215851 279.54937744141
71.087043762207 -4.3978042602539 279.34262084961
71.656112670898 -4.9239163398743 279.16305541992
72.22583770752 -5.443724155426 278.96789550781
72.797554016113 -5.9574990272522 278.76284790039
73.372032165527 -6.4686145782471 278.5588684082
73.965721130371 -6.9533205032349 278.34582519531
61.040294647217 6.2539415359497 282.25286865234
61.058994293213 5.4810438156128 282.41049194336
61.603881835938 4.9272470474243 282.59326171875
62.120418548584 4.3526315689087 282.79321289062
62.618244171143 3.7617800235748 282.99154663086
63.168724060059 3.2229216098785 283.2008972168
63.721500396729 2.6877191066742 283.41342163086
64.280426025391 2.1634335517883 283.63690185547
64.835830688477 1.6391987800598 283.86904907227
65.38826751709 1.1172605752945 284.11306762695
65.957817077637 0.61431837081909 284.3576965332
66.54158782959 0.12950132787228 284.60504150391
67.141845703125 -0.321617603302 284.8759765625
67.744682312012 -0.7663015127182 285.1516418457
68.353652954102 -1.1897292137146 285.44671630859
68.962944030762 -1.6097184419632 285.74600219727
69.56046295166 -2.0431129932404 286.04989624023
70.153472900391 -2.481739282608 286.35494995117
70.718208312988 -2.9560341835022 286.6604309082
71.27717590332 -3.4368000030518 286.96636962891
71.809852600098 -3.9391438961029 287.28433227539
72.363777160645 -4.4240403175354 287.59274291992
72.971244812012 -4.8583807945251 287.87438964844
73.626205444336 -5.1973147392273 288.17984008789
74.305648803711 -5.4635310173035 288.50338745117
