90.056709289551 2.0209913253784 407.15368652344
110.37245178223 6.8585453033447 396.25869750977
109.51806640625 2.9485828876495 395.80001831055
107.44621276855 7.3357462882996 393.40808105469
90.797172546387 2.5356137752533 407.38131713867
91.645095825195 3.0374748706818 407.53109741211
92.522827148438 3.4983959197998 407.61358642578
93.433853149414 3.8862261772156 407.69055175781
94.34545135498 4.2865505218506 407.66098022461
95.255386352539 4.6774587631226 407.55746459961
96.152877807617 5.0687432289124 407.37744140625
97.068428039551 5.4088358879089 407.19454956055
97.978904724121 5.7193183898926 406.94494628906
98.882232666016 5.995053768158 406.62728881836
99.783920288086 6.2329306602478 406.28067016602
100.66107940674 6.4617199897766 405.8688659668
101.52084350586 6.6518840789795 405.4052734375
102.33903503418 6.8480362892151 404.87103271484
103.16947937012 6.9376392364502 404.33166503906
103.97203063965 6.9956021308899 403.74346923828
104.64043426514 7.2257285118103 403.05267333984
105.41249847412 7.1745467185974 402.42462158203
106.15454864502 7.0876364707947 401.76458740234
106.8162689209 7.0878429412842 401.02676391602
107.42699432373 7.1369252204895 400.24053955078
108.00928497314 7.1482009887695 399.43301391602
108.61647033691 7.0734190940857 398.64596557617
109.23434448242 6.9871768951416 397.86862182617
109.86960601807 6.8398003578186 397.11459350586
90.915946960449 2.4499671459198 407.32427978516
91.782066345215 2.872163772583 407.3356628418
92.672058105469 3.2543952465057 407.30010986328
93.55770111084 3.6425449848175 407.32861328125
94.448768615723 4.0079250335693 407.18167114258
95.353897094727 4.3425598144531 407.04086303711
96.278076171875 4.6195521354675 406.89947509766
97.16845703125 4.8432774543762 406.56915283203
98.075653076172 5.0696310997009 406.29168701172
99.015426635742 5.2054986953735 406.06866455078
99.905082702637 5.3369474411011 405.70269775391
100.76461029053 5.4527878761292 405.25665283203
101.61702728271 5.5351519584656 404.78964233398
102.44557952881 5.5781955718994 404.28002929688
103.23129272461 5.5880613327026 403.70223999023
103.98670196533 5.5608615875244 403.08569335938
104.69576263428 5.5093364715576 402.42318725586
105.13189697266 5.4508242607117 401.55239868164
105.92060852051 5.2907218933105 401.01739501953
106.43592834473 5.0583996772766 400.25732421875
106.85807037354 4.7998747825623 399.41812133789
107.4193649292 4.5009398460388 398.67816162109
107.99070739746 4.1947388648987 397.94915771484
108.56008911133 3.8652966022491 397.23071289062
109.03453826904 3.4175705909729 396.50518798828
90.891670227051 2.5342285633087 407.28973388672
91.757652282715 3.0099399089813 407.29916381836
92.645233154297 3.4347395896912 407.27355957031
93.559577941895 3.8016247749329 407.18936157227
94.4267578125 4.262622833252 407.11602783203
95.28441619873 4.6028604507446 406.92337036133
96.133018493652 4.9961915016174 406.70974731445
97.004020690918 5.2719402313232 406.396484375
97.888114929199 5.5241441726685 406.04132080078
98.725074768066 5.8808770179749 405.6530456543
99.513244628906 6.2859110832214 405.21600341797
100.3130569458 6.5513610839844 404.69744873047
101.11253356934 6.8311796188354 404.18600463867
101.85675811768 6.9722604751587 403.54992675781
102.55491638184 7.1261210441589 402.86581420898
103.22889709473 7.2501106262207 402.1530456543
103.90578460693 7.3640494346619 401.44100952148
104.57425689697 7.4587726593018 400.73110961914
105.00165557861 7.3263788223267 399.85076904297
105.50746154785 7.2907881736755 399.00106811523
105.91982269287 7.2869491577148 398.10266113281
106.27588653564 7.2595615386963 397.1806640625
106.60814666748 7.2304496765137 396.2497253418
106.92797851562 7.2872648239136 395.31509399414
107.21314239502 7.3254776000977 394.36965942383
