57.972999572754 6.1826915740967 273.30487060547
66.360000610352 0.33242145180702 271.64572143555
66.49144744873 1.9526770114899 268.94400024414
67.44841003418 3.0401468276978 272.51605224609
58.182117462158 5.8393445014954 273.31448364258
58.444568634033 5.5353188514709 273.29376220703
58.725925445557 5.2497987747192 273.26116943359
59.024642944336 4.9841818809509 273.21682739258
59.332317352295 4.7301812171936 273.16610717773
59.64368057251 4.4812688827515 273.11273193359
59.95923614502 4.2384262084961 273.05615234375
60.279682159424 4.0029897689819 272.9958190918
60.601757049561 3.7701253890991 272.93423461914
60.927082061768 3.5425226688385 272.8701171875
61.256198883057 3.3213884830475 272.80276489258
61.585487365723 3.100524187088 272.73538208008
61.916996002197 2.8836107254028 272.66607666016
62.250335693359 2.670027256012 272.59521484375
62.576930999756 2.4445836544037 272.53002929688
62.916301727295 2.2426187992096 272.45394897461
63.261001586914 2.0519225597382 272.37289428711
63.599254608154 1.8477292060852 272.29776000977
63.938270568848 1.6450583934784 272.22198486328
64.276672363281 1.441134929657 272.14678955078
64.622146606445 1.25217461586 272.06497192383
64.969429016113 1.0672982931137 271.98147583008
65.313377380371 0.87495017051697 271.90115356445
65.657821655273 0.68366175889969 271.82040405273
66.007530212402 0.50458294153214 271.73449707031
58.294151306152 6.1407041549683 273.17132568359
58.429649353027 5.8251671791077 272.95211791992
58.712368011475 5.5533938407898 272.84094238281
59.040332794189 5.3469686508179 272.70111083984
59.37476348877 5.1442446708679 272.56869506836
59.731033325195 4.9762334823608 272.44595336914
60.091175079346 4.815616607666 272.3232421875
60.451225280762 4.6611595153809 272.19256591797
60.79370880127 4.4710483551025 272.06451416016
61.128402709961 4.2647066116333 271.93814086914
61.46501159668 4.061014175415 271.81280517578
61.818756103516 3.9086136817932 271.66375732422
62.125286102295 3.7059161663055 271.47576904297
62.458625793457 3.5174658298492 271.32211303711
62.80627822876 3.3885464668274 271.14019775391
63.162628173828 3.2645311355591 270.97232055664
63.483749389648 3.0969264507294 270.77770996094
63.811100006104 2.9443323612213 270.58023071289
64.154319763184 2.8174571990967 270.38876342773
64.501976013184 2.7037651538849 270.1969909668
64.856086730957 2.5914306640625 270.01666259766
65.20093536377 2.4758179187775 269.8232421875
65.521697998047 2.35222864151 269.59429931641
65.838562011719 2.21950507164 269.36508178711
66.15697479248 2.0909860134125 269.13571166992
58.321350097656 6.1435570716858 273.33709716797
58.610553741455 5.9721994400024 273.44589233398
58.946685791016 5.8121719360352 273.40747070312
59.305500030518 5.6583437919617 273.36315917969
59.661087036133 5.4942941665649 273.32623291016
60.012317657471 5.3243112564087 273.2763671875
60.362991333008 5.1715755462646 273.18600463867
60.715026855469 5.0222797393799 273.09436035156
61.075115203857 4.8785209655762 273.02795410156
61.438926696777 4.7395377159119 272.97525024414
61.807579040527 4.6067657470703 272.94046020508
62.171073913574 4.4783525466919 272.86685180664
62.534496307373 4.3451457023621 272.80215454102
62.900135040283 4.2053117752075 272.76345825195
63.269283294678 4.078800201416 272.71527099609
63.640548706055 3.9590666294098 272.66571044922
64.013786315918 3.8363633155823 272.64617919922
64.387992858887 3.7245635986328 272.60006713867
64.76407623291 3.6203668117523 272.55255126953
65.147338867188 3.5421521663666 272.51086425781
65.525405883789 3.4361610412598 272.50503540039
65.902145385742 3.3230109214783 272.50848388672
66.287742614746 3.2477352619171 272.49075317383
66.674446105957 3.1778292655945 272.48590087891
67.062232971191 3.1134169101715 272.50057983398
