71.513252258301 6.437931060791 285.69940185547
64.641716003418 -3.6582891941071 281.98864746094
70.718605041504 -0.85764110088348 280.95794677734
67.910621643066 -1.6857322454453 287.47036743164
71.003974914551 6.4617261886597 285.51068115234
70.518547058105 6.3212747573853 285.31259155273
70.055335998535 6.1160306930542 285.11557006836
69.595497131348 5.9029064178467 284.9189453125
69.138877868652 5.6825618743896 284.72274780273
68.70174407959 5.4234862327576 284.52954101562
68.269523620605 5.1556687355042 284.3371887207
67.86149597168 4.8493728637695 284.14959716797
67.477958679199 4.5098700523376 283.9674987793
67.138381958008 4.1213479042053 283.79647827148
66.782104492188 3.7500638961792 283.62109375
66.438446044922 3.3655977249146 283.44897460938
66.151168823242 2.9315338134766 283.29251098633
65.877227783203 2.4874410629272 283.1399230957
65.641792297363 2.0181512832642 282.9990234375
65.417083740234 1.5426353216171 282.86141967773
65.227828979492 1.048936009407 282.73510742188
65.061553955078 0.54517823457718 282.61630249023
64.90266418457 0.038451295346022 282.49996948242
64.769660949707 -0.477544516325 282.3923034668
64.637725830078 -0.99390542507172 282.28500366211
64.499382019043 -1.508092880249 282.1755065918
64.469123840332 -2.0461549758911 282.10397338867
64.488693237305 -2.5868375301361 282.05093383789
64.526863098145 -3.1271770000458 282.00485229492
71.549911499023 6.3951859474182 285.34060668945
71.455924987793 6.2272152900696 285.03298950195
71.323997497559 6.0282678604126 284.7594909668
71.145858764648 5.8193345069885 284.52172851562
70.967681884766 5.6095266342163 284.2848815918
70.795051574707 5.3696208000183 284.07382202148
70.624847412109 5.1199049949646 283.8723449707
70.455673217773 4.8696994781494 283.67080688477
70.337211608887 4.5953903198242 283.46432495117
70.23169708252 4.316123008728 283.25747680664
70.135841369629 4.0321145057678 283.05276489258
70.125312805176 3.7167375087738 282.87295532227
70.115493774414 3.4011068344116 282.69378662109
70.171257019043 3.0622978210449 282.57540893555
70.229301452637 2.7230565547943 282.45944213867
70.300315856934 2.3809204101562 282.36038208008
70.376327514648 2.0383820533752 282.26657104492
70.468734741211 1.6970988512039 282.18353271484
70.541732788086 1.3575856685638 282.07717895508
70.593338012695 1.0217635631561 281.94885253906
70.619812011719 0.68718189001083 281.81005859375
70.634956359863 0.35620877146721 281.66128540039
70.625640869141 0.033772367984056 281.49438476562
70.574584960938 -0.28622689843178 281.33044433594
70.567245483398 -0.55304902791977 281.08453369141
71.297637939453 6.3189797401428 285.99346923828
70.962814331055 6.1677432060242 286.10330200195
70.646469116211 5.9534645080566 286.13656616211
70.333068847656 5.7338628768921 286.16247558594
70.025802612305 5.5060830116272 286.13397216797
69.719085693359 5.2779679298401 286.1022644043
69.42896270752 5.0293211936951 286.06884765625
69.145492553711 4.77188539505 286.04675292969
68.885322570801 4.4906530380249 286.06475830078
68.655426025391 4.1857132911682 286.10034179688
68.578224182129 3.8273756504059 286.21243286133
68.486457824707 3.4729759693146 286.3268737793
68.393928527832 3.1199767589569 286.44494628906
68.364562988281 2.7614090442657 286.57791137695
68.343452453613 2.3983891010284 286.6999206543
68.328369140625 2.0324161052704 286.8137512207
68.310676574707 1.6600114107132 286.90380859375
68.290451049805 1.2827780246735 286.97015380859
68.258323669434 0.90785157680511 287.04440307617
68.176856994629 0.54863381385803 287.15127563477
68.101615905762 0.18835109472275 287.25924682617
68.03678894043 -0.17481422424316 287.36422729492
67.984870910645 -0.54775321483612 287.4372253418
67.910209655762 -0.92275565862656 287.4670715332
67.871360778809 -1.3042199611664 287.47525024414
