60.370193481445 5.9738578796387 273.61724853516
70.130249023438 -11.284966468811 274.35134887695
74.537651062012 -4.0874652862549 268.27734375
75.37377166748 -2.8601005077362 279.20739746094
59.85657119751 5.3339676856995 273.73837280273
59.739646911621 4.520233631134 273.83493041992
59.692741394043 3.6970541477203 273.92492675781
59.743709564209 2.8730621337891 274.00451660156
59.897037506104 2.060741186142 274.07186889648
60.060493469238 1.2502813339233 274.13800048828
60.2571144104 0.44687992334366 274.19982910156
60.499584197998 -0.34434732794762 274.25552368164
60.801471710205 -1.1154316663742 274.30267333984
61.131191253662 -1.8752778768539 274.34573364258
61.484142303467 -2.6248152256012 274.38522338867
61.887542724609 -3.3488397598267 274.41668701172
62.297355651855 -4.0693030357361 274.44705200195
62.766204833984 -4.7531824111938 274.46737670898
63.236656188965 -5.435980796814 274.48733520508
63.770179748535 -6.070972442627 274.49560546875
64.290023803711 -6.7171812057495 274.50653076172
64.856140136719 -7.3233528137207 274.50839233398
65.461135864258 -7.8906898498535 274.50198364258
66.044235229492 -8.4805498123169 274.50030517578
66.672485351562 -9.0219430923462 274.48876953125
67.316497802734 -9.5443878173828 274.47357177734
67.986045837402 -10.033463478088 274.45220947266
68.670074462891 -10.501878738403 274.42721557617
69.394302368164 -10.904509544373 274.39105224609
60.85285949707 5.4739761352539 273.36120605469
61.190265655518 4.9005308151245 273.04379272461
61.510883331299 4.3166484832764 272.72183227539
61.919296264648 3.7529563903809 272.46914672852
62.285926818848 3.2333643436432 272.09902954102
62.656147003174 2.7187967300415 271.72885131836
63.09232711792 2.1586217880249 271.5188293457
63.484336853027 1.5693353414536 271.30093383789
63.962459564209 1.1066893339157 271.00735473633
64.496017456055 0.71466314792633 270.68225097656
65.012496948242 0.21544758975506 270.50219726562
65.541885375977 -0.27776953577995 270.3542175293
66.102561950684 -0.75644379854202 270.28414916992
66.692527770996 -1.1860584020615 270.20269775391
67.361351013184 -1.4835959672928 270.09069824219
67.986511230469 -1.8653322458267 270.09881591797
68.594390869141 -2.2780318260193 270.13436889648
69.229904174805 -2.6237289905548 269.97619628906
69.867721557617 -2.9539427757263 269.79733276367
70.508644104004 -3.2670156955719 269.60076904297
71.203102111816 -3.383113861084 269.37133789062
71.902290344238 -3.5519187450409 269.24346923828
72.60676574707 -3.7797472476959 269.22940063477
73.277648925781 -3.8301537036896 268.97595214844
73.92578125 -3.871190071106 268.6340637207
60.888355255127 5.5559849739075 273.94760131836
61.220203399658 4.9911012649536 274.29626464844
61.547283172607 4.4224524497986 274.64538574219
61.95964050293 3.9301223754883 275.01876831055
62.374416351318 3.4399538040161 275.3928527832
62.892753601074 2.9929254055023 275.67208862305
63.427574157715 2.5506644248962 275.93600463867
63.923252105713 2.0847101211548 276.23504638672
64.427207946777 1.6282660961151 276.53121948242
65.039833068848 1.2965623140335 276.78988647461
65.68839263916 0.95560723543167 276.9089050293
66.338996887207 0.61412483453751 277.01995849609
66.972846984863 0.2340611666441 277.0920715332
67.586723327637 -0.17228473722935 277.18826293945
68.192489624023 -0.58706855773926 277.30078125
68.835029602051 -0.96038556098938 277.30389404297
69.471229553223 -1.3414452075958 277.33554077148
70.098571777344 -1.7333089113235 277.40704345703
70.715171813965 -2.121444940567 277.54577636719
71.326835632324 -2.507866859436 277.71545410156
72.032661437988 -2.6586761474609 277.84548950195
72.761421203613 -2.7161521911621 277.96926879883
73.493583679199 -2.7138602733612 278.09643554688
74.141693115234 -2.6573204994202 278.4235534668
74.756454467773 -2.7108378410339 278.8215637207
