68.403739929199 68.24235534668 325.77297973633
59.77417755127 -7.8567957878113 336.02026367188
33.629295349121 -22.993259429932 351.96322631836
37.432144165039 -25.894527435303 318.99673461914
70.161476135254 65.799629211426 326.33767700195
71.919212341309 63.356910705566 326.90240478516
72.515594482422 60.415195465088 327.40628051758
73.030632019043 57.438529968262 327.90591430664
73.058532714844 54.419780731201 328.35531616211
72.965774536133 51.390609741211 328.7922668457
72.67017364502 48.374897003174 329.20373535156
72.257537841797 45.36695098877 329.60049438477
71.556930541992 42.423259735107 329.9543762207
70.551734924316 39.547527313232 330.26290893555
69.605430603027 36.654167175293 330.58087158203
68.770118713379 33.727577209473 330.91662597656
67.957832336426 30.79531288147 331.25592041016
67.240089416504 27.839775085449 331.60952758789
66.526679992676 24.883354187012 331.96380615234
65.930374145508 21.903099060059 332.33520507812
65.334075927734 18.922845840454 332.70660400391
64.749237060547 15.940523147583 333.07958984375
64.165916442871 12.957927703857 333.45278930664
63.592124938965 9.9736595153809 333.82739257812
63.020973205566 6.9889283180237 334.20233154297
62.432792663574 4.0072350502014 334.57485961914
61.833019256592 1.0276114940643 334.94570922852
61.238052368164 -1.9527535438538 335.31729125977
60.508483886719 -4.9050354957581 335.66906738281
68.253280639648 65.399299621582 327.99200439453
67.548675537109 62.034130096436 328.96279907227
67.430229187012 58.220794677734 330.20471191406
66.716590881348 54.418834686279 331.22326660156
65.729179382324 50.640674591064 332.14651489258
64.764831542969 46.875751495361 333.14151000977
63.709690093994 43.188892364502 334.32382202148
62.664516448975 39.533954620361 335.60842895508
61.46390914917 35.912509918213 336.83871459961
60.078025817871 32.31856918335 337.96383666992
58.650234222412 28.722482681274 339.02694702148
57.179042816162 25.115398406982 339.99063110352
55.966983795166 21.444965362549 341.06494140625
54.285778045654 17.891468048096 341.86492919922
52.260948181152 14.427663803101 341.92190551758
50.721122741699 10.837452888489 342.67782592773
49.676853179932 7.1130423545837 343.72894287109
48.660758972168 3.356422662735 344.70846557617
47.837741851807 -0.40143263339996 345.83203125
46.543212890625 -4.0634436607361 346.81546020508
45.333759307861 -7.6785430908203 348.05267333984
43.69554901123 -11.205059051514 349.04205322266
41.733730316162 -14.492060661316 350.17974853516
39.141101837158 -17.426303863525 351.01007080078
36.161914825439 -20.057382583618 351.55340576172
68.57152557373 65.097694396973 324.71475219727
67.753135681152 61.722045898438 324.65768432617
67.586410522461 57.798343658447 324.51565551758
67.192283630371 53.887645721436 324.31533813477
66.768577575684 49.990692138672 323.98641967773
65.584579467773 46.248107910156 324.03231811523
64.537315368652 42.467334747314 323.89569091797
63.37780380249 38.71711730957 323.625
62.207202911377 34.970397949219 323.4114074707
61.083511352539 31.234226226807 323.02383422852
59.87190246582 27.527139663696 322.66943359375
58.535850524902 23.829883575439 322.51171875
56.99373626709 20.232238769531 322.63125610352
55.742603302002 16.554441452026 322.25103759766
54.70915222168 12.766913414001 322.00662231445
53.468765258789 9.0321083068848 321.9176940918
52.28861618042 5.277711391449 321.84252929688
51.127712249756 1.5170556306839 321.77182006836
49.931987762451 -2.2307140827179 321.90795898438
48.58512878418 -5.9239230155945 321.7268371582
47.377731323242 -9.6577005386353 321.49880981445
46.279315948486 -13.423994064331 321.24478149414
44.745216369629 -17.000522613525 320.86727905273
42.636646270752 -20.215120315552 320.05511474609
40.132598876953 -23.030479431152 318.99966430664
