72.457641601562 2.7295198440552 271.04858398438
80.63996887207 -11.985799789429 277.76229858398
86.655479431152 -11.877002716064 273.40155029297
85.503128051758 -9.0419778823853 282.52389526367
72.231437683105 2.080374956131 271.24563598633
72.187103271484 1.4069980382919 271.4821472168
72.265602111816 0.74318593740463 271.73596191406
72.454788208008 0.1056409701705 271.99890136719
72.691452026367 -0.51502645015717 272.26373291016
72.983993530273 -1.1111552715302 272.52914428711
73.30689239502 -1.6916434764862 272.79403686523
73.647300720215 -2.2623355388641 273.05828857422
74.012870788574 -2.8178462982178 273.3212890625
74.397033691406 -3.3612451553345 273.58309936523
74.790840148926 -3.8980865478516 273.84411621094
75.191200256348 -4.4303274154663 274.10455322266
75.58031463623 -4.9703807830811 274.36596679688
75.982955932617 -5.500997543335 274.62622070312
76.386611938477 -6.0308794975281 274.88638305664
76.780532836914 -6.5676364898682 275.14739990234
77.179382324219 -7.1009478569031 275.40795898438
77.578590393066 -7.6340088844299 275.66851806641
77.987884521484 -8.15980052948 275.92816162109
78.372619628906 -8.7028379440308 276.18988037109
78.759544372559 -9.2443809509277 276.4514465332
79.10514831543 -9.8120355606079 276.71548461914
79.491218566895 -10.354147911072 276.97711181641
79.848815917969 -10.914616584778 277.24057006836
80.24422454834 -11.450301170349 277.50146484375
73.178718566895 2.489239692688 271.02282714844
73.485900878906 1.7670332193375 271.09948730469
73.88427734375 1.1053900718689 271.21389770508
74.420509338379 0.51539081335068 271.30361938477
74.920196533203 -0.098169311881065 271.43161010742
75.386253356934 -0.72990548610687 271.59539794922
75.832542419434 -1.3712443113327 271.77847290039
76.346321105957 -1.9571096897125 271.95782470703
76.897811889648 -2.5147876739502 272.12643432617
77.436851501465 -3.0937073230743 272.26165771484
78.014129638672 -3.6372082233429 272.38189697266
78.60285949707 -4.1699533462524 272.49841308594
79.190048217773 -4.7035884857178 272.61862182617
79.763732910156 -5.2544326782227 272.71850585938
80.317024230957 -5.8319458961487 272.78402709961
80.884658813477 -6.3958783149719 272.84545898438
81.455772399902 -6.9568662643433 272.90139770508
82.033843994141 -7.5090065002441 272.97155761719
82.610527038574 -8.0637998580933 273.02801513672
83.167221069336 -8.6373777389526 273.09310913086
83.75 -9.1827363967896 273.16006469727
84.360725402832 -9.6966037750244 273.22799682617
84.940132141113 -10.21388053894 273.42980957031
85.513870239258 -10.762232780457 273.34036254883
86.085517883301 -11.317366600037 273.32440185547
73.032035827637 2.557877779007 271.56555175781
73.27587890625 1.9353438615799 272.00189208984
73.580039978027 1.3402751684189 272.44650268555
74.080200195312 0.87986940145493 272.89605712891
74.597045898438 0.41815495491028 273.32641601562
75.073799133301 -0.12817314267159 273.70520019531
75.563941955566 -0.66564440727234 274.07955932617
76.060417175293 -1.1843929290771 274.47155761719
76.575691223145 -1.6840045452118 274.86190795898
77.137763977051 -2.136711359024 275.24713134766
77.660301208496 -2.5957016944885 275.67736816406
78.160614013672 -3.0643026828766 276.12316894531
78.64404296875 -3.5407748222351 276.57897949219
79.218902587891 -3.9583711624146 276.98443603516
79.733589172363 -4.3889713287354 277.45086669922
80.259880065918 -4.8018393516541 277.91925048828
80.840782165527 -5.1662864685059 278.36532592773
81.353446960449 -5.5874304771423 278.84268188477
81.856185913086 -6.0107884407043 279.32965087891
82.357849121094 -6.4226846694946 279.82760620117
82.873733520508 -6.8454856872559 280.30120849609
83.38094329834 -7.2776250839233 280.77569580078
83.881614685059 -7.7162160873413 281.25134277344
84.435676574707 -8.150390625 281.66458129883
84.980895996094 -8.5926351547241 282.0827331543
