68.444358825684 2.0417969226837 270.35556030273
79.699211120605 -3.3959977626801 270.63052368164
83.060546875 -1.3096774816513 268.26251220703
82.588775634766 -2.4675230979919 274.57962036133
68.516052246094 1.569992184639 270.23922729492
68.83666229248 1.1969964504242 270.18814086914
69.213523864746 0.87749963998795 270.16021728516
69.607002258301 0.57818382978439 270.14028930664
70.02685546875 0.31634387373924 270.13464355469
70.459899902344 0.076856262981892 270.1369934082
70.901069641113 -0.14719773828983 270.14483642578
71.350112915039 -0.35476121306419 270.15838623047
71.801727294922 -0.55652916431427 270.173828125
72.256744384766 -0.75025510787964 270.19198608398
72.708946228027 -0.95067399740219 270.20791625977
73.165534973145 -1.1405308246613 270.22735595703
73.628875732422 -1.3125118017197 270.25268554688
74.090644836426 -1.488868355751 270.2766418457
74.554183959961 -1.6602894067764 270.30218505859
75.018585205078 -1.8292155265808 270.32846069336
75.488174438477 -1.9822081327438 270.35992431641
75.955337524414 -2.1428897380829 270.38888549805
76.430168151855 -2.2772107124329 270.42620849609
76.89852142334 -2.4341785907745 270.4563293457
77.369415283203 -2.582807302475 270.48919677734
77.842002868652 -2.7254962921143 270.52386474609
78.31184387207 -2.8776395320892 270.55557250977
78.769393920898 -3.0651001930237 270.57583618164
79.241477966309 -3.2091054916382 270.61004638672
68.845664978027 1.8184311389923 269.99139404297
69.351036071777 1.5507982969284 269.85089111328
69.88646697998 1.34323823452 269.72012329102
70.441459655762 1.1779819726944 269.61224365234
71.005317687988 1.0357959270477 269.51824951172
71.572364807129 0.90683537721634 269.42428588867
72.142127990723 0.78817141056061 269.33334350586
72.716728210449 0.687923848629 269.2512512207
73.298179626465 0.61546206474304 269.19198608398
73.868354797363 0.47741317749023 269.13885498047
74.443969726562 0.35945048928261 269.09692382812
75.01904296875 0.2380395680666 269.05758666992
75.59154510498 0.1055810675025 269.01651000977
76.158546447754 -0.048213500529528 268.97415161133
76.738632202148 -0.14170531928539 268.93255615234
77.313735961914 -0.24106395244598 268.85266113281
77.88304901123 -0.35658371448517 268.75534057617
78.45751953125 -0.4848230779171 268.73223876953
79.031379699707 -0.61611205339432 268.7170715332
79.595428466797 -0.73268592357635 268.59390258789
80.172592163086 -0.84044843912125 268.54629516602
80.748382568359 -0.95462280511856 268.49713134766
81.315437316895 -1.0971735715866 268.42565917969
81.894882202148 -1.1897572278976 268.37411499023
82.480903625488 -1.2388106584549 268.33993530273
68.787811279297 1.6445121765137 270.64221191406
69.27978515625 1.3584023714066 270.82800292969
69.794960021973 1.1086468696594 271.0029296875
70.336219787598 0.91733318567276 271.1728515625
70.88005065918 0.7325314283371 271.34176635742
71.425163269043 0.55074107646942 271.50979614258
71.976303100586 0.37672826647758 271.66598510742
72.531799316406 0.21840670704842 271.82345581055
73.089012145996 0.065871953964233 271.98052978516
73.638771057129 -0.11528130620718 272.13342285156
74.200584411621 -0.28230622410774 272.25552368164
74.760879516602 -0.45184510946274 272.38107299805
75.318901062012 -0.62474131584167 272.51202392578
75.876190185547 -0.79201072454453 272.6530456543
76.433006286621 -0.94641816616058 272.80972290039
76.992935180664 -1.0882637500763 272.96716308594
77.555374145508 -1.2231503725052 273.1217956543
78.120651245117 -1.3477314710617 273.2746887207
78.676612854004 -1.4908136129379 273.4446105957
79.232307434082 -1.6378244161606 273.6120300293
79.786888122559 -1.7975331544876 273.77127075195
80.348175048828 -1.9446558952332 273.91876220703
80.916015625 -2.0717928409576 274.05953979492
81.47412109375 -2.204882144928 274.23056030273
82.034866333008 -2.3268139362335 274.40124511719
