77.381423950195 -6.2827038764954 266.84423828125
76.639686584473 10.958999633789 266.83819580078
80.305145263672 11.291348457336 271.78405761719
82.424522399902 10.894041061401 264.03094482422
76.640342712402 -6.023886680603 266.61877441406
75.928092956543 -5.6691370010376 266.44537353516
75.253150939941 -5.2384428977966 266.29467773438
74.647933959961 -4.7152938842773 266.14605712891
74.117347717285 -4.1159610748291 265.9928894043
73.683708190918 -3.4367260932922 265.86080932617
73.281784057617 -2.7307579517365 265.77658081055
73.060043334961 -1.9485728740692 265.7614440918
72.909103393555 -1.147558093071 265.76327514648
72.840019226074 -0.33985084295273 265.77737426758
73.096397399902 0.43374019861221 265.8307800293
73.378135681152 1.1972843408585 265.8896484375
73.698509216309 1.9455242156982 265.95684814453
74.02269744873 2.6868877410889 266.0637512207
74.325256347656 3.4316601753235 266.18127441406
74.14826965332 4.1231799125671 266.14163208008
74.056076049805 4.7811102867126 266.12026977539
73.832023620605 5.5446662902832 266.0703125
73.60425567627 6.2758655548096 266.04425048828
73.94002532959 6.997142791748 266.18322753906
74.479080200195 7.5988707542419 266.29946899414
75.053550720215 8.1510553359985 266.46664428711
75.557723999023 8.7834005355835 266.57369995117
75.95027923584 9.4927673339844 266.6565246582
76.326026916504 10.211958885193 266.73571777344
76.897033691406 -5.7242851257324 267.08901977539
76.394462585449 -5.1376910209656 267.18533325195
75.915260314941 -4.5280289649963 267.11489868164
75.526496887207 -3.8586375713348 267.03619384766
75.377792358398 -3.103093624115 266.92227172852
75.331108093262 -2.3262541294098 266.9035949707
75.211738586426 -1.5633754730225 267.0007019043
75.285514831543 -0.80482769012451 267.15872192383
75.52269744873 -0.0748660415411 267.28994750977
75.765296936035 0.64001381397247 267.48043823242
76.001014709473 1.3291819095612 267.75537109375
76.31787109375 2.0110867023468 267.95751953125
76.597274780273 2.6836302280426 268.23318481445
76.897346496582 3.3514013290405 268.49847412109
77.241905212402 4.0093812942505 268.73226928711
77.562637329102 4.6521596908569 269.03277587891
77.94303894043 5.2837843894958 269.28323364258
78.29264831543 5.921886920929 269.56066894531
78.645751953125 6.5566267967224 269.84140014648
78.942749023438 7.1988034248352 270.16662597656
79.258529663086 7.8350248336792 270.48583984375
79.582191467285 8.4715166091919 270.79647827148
79.923049926758 9.1237592697144 271.05093383789
80.160873413086 9.8198108673096 271.30624389648
80.283111572266 10.54727268219 271.55560302734
77.274169921875 -5.9175682067871 266.173828125
76.872398376465 -5.2842893600464 265.99545288086
76.439125061035 -4.6656694412231 265.84094238281
76.037696838379 -4.017165184021 265.72875976562
75.733268737793 -3.3149974346161 265.63635253906
75.569610595703 -2.5644087791443 265.57263183594
75.542068481445 -1.7961715459824 265.51574707031
75.588958740234 -1.0400235652924 265.37362670898
75.781005859375 -0.30345121026039 265.25244140625
76.089683532715 0.40247932076454 265.22732543945
76.45076751709 1.0802652835846 265.16012573242
76.797248840332 1.7655084133148 265.09173583984
77.177467346191 2.4346907138824 265.04806518555
77.576118469238 3.0891509056091 264.96411132812
77.98072052002 3.7374908924103 264.86291503906
78.401741027832 4.378559589386 264.78509521484
78.779563903809 5.0485339164734 264.7333984375
79.147468566895 5.7244162559509 264.68743896484
79.541862487793 6.379132270813 264.58697509766
79.972099304199 7.012843132019 264.49981689453
80.432998657227 7.6269884109497 264.43130493164
80.869155883789 8.2555913925171 264.3369140625
81.291015625 8.8907909393311 264.22357177734
81.649810791016 9.5652437210083 264.12026977539
82.01277923584 10.243434906006 264.06927490234
