55.933555603027 2.2408645153046 268.78948974609
70.316009521484 -0.10893930494785 267.8664855957
72.367858886719 3.3000371456146 263.89636230469
70.413009643555 3.6946535110474 270.25006103516
56.303718566895 1.8116844892502 268.81344604492
56.824016571045 1.5744431018829 268.79977416992
57.362148284912 1.38134765625 268.77883911133
57.908584594727 1.2135622501373 268.75393676758
58.457447052002 1.0540760755539 268.72778320312
59.00798034668 0.90064257383347 268.70065307617
59.560157775879 0.75343698263168 268.6725769043
60.115818023682 0.62044775485992 268.64239501953
60.674476623535 0.50117933750153 268.61013793945
61.234889984131 0.39080846309662 268.57662963867
61.796920776367 0.28948023915291 268.54180908203
62.360858917236 0.19998069107533 268.50527954102
62.924816131592 0.11066675186157 268.46871948242
63.490627288818 0.03487791121006 268.43023681641
64.057807922363 -0.028813805431128 268.39007568359
64.624420166016 -0.097824715077877 268.35070800781
65.192337036133 -0.15337473154068 268.30941772461
65.762405395508 -0.16768535971642 268.26263427734
66.332344055176 -0.18831473588943 268.21667480469
66.902252197266 -0.21011951565742 268.17086791992
67.472221374512 -0.22944614291191 268.1247253418
68.042114257812 -0.25174179673195 268.07891845703
68.610168457031 -0.20975507795811 268.0251159668
69.179504394531 -0.18620127439499 267.97348022461
69.746955871582 -0.13755041360855 267.91876220703
56.560752868652 2.1823930740356 268.56994628906
57.197761535645 2.1042940616608 268.37252807617
57.853561401367 2.122750043869 268.21676635742
58.512283325195 2.0659818649292 268.09042358398
59.179359436035 2.0416374206543 268.01657104492
59.84497833252 1.9805716276169 267.94219970703
60.514430999756 1.9992802143097 267.87307739258
61.179874420166 1.9626214504242 267.78863525391
61.844596862793 1.9754116535187 267.67626953125
62.492702484131 1.927122592926 267.50628662109
63.14879989624 2.0026149749756 267.37243652344
63.805103302002 2.0525448322296 267.22964477539
64.440284729004 2.1151101589203 267.01226806641
65.08341217041 2.1796085834503 266.82080078125
65.721992492676 2.1877338886261 266.61111450195
66.350151062012 2.2686429023743 266.37973022461
66.967864990234 2.3504645824432 266.1220703125
67.585220336914 2.4326543807983 265.86361694336
68.200149536133 2.521448135376 265.60159301758
68.81371307373 2.6012480258942 265.33428955078
69.418586730957 2.6503975391388 265.04110717773
69.999671936035 2.6751086711884 264.70956420898
70.572326660156 2.7752687931061 264.4543762207
71.169082641602 2.895357131958 264.16632080078
71.806335449219 3.0089447498322 263.97741699219
56.434501647949 2.2355909347534 268.95825195312
56.991744995117 2.2236030101776 269.05853271484
57.557235717773 2.2897424697876 269.08258056641
58.125686645508 2.2983994483948 269.12167358398
58.691688537598 2.2420358657837 269.15274047852
59.259620666504 2.2018647193909 269.15155029297
59.828960418701 2.1795361042023 269.14752197266
60.398422241211 2.1592910289764 269.14486694336
60.967830657959 2.1700162887573 269.13345336914
61.537174224854 2.1822967529297 269.13659667969
62.106101989746 2.2035849094391 269.13912963867
62.674667358398 2.2369158267975 269.14498901367
63.241870880127 2.2794005870819 269.1760559082
63.80708694458 2.340071439743 269.21429443359
64.371253967285 2.4140763282776 269.24176025391
64.933456420898 2.4730548858643 269.31298828125
65.493125915527 2.5492432117462 269.38854980469
66.047233581543 2.6554417610168 269.4684753418
66.598091125488 2.7766578197479 269.54806518555
67.145011901855 2.915908575058 269.62701416016
67.69506072998 3.0305006504059 269.72015380859
68.243156433105 3.1535227298737 269.81488037109
68.789482116699 3.2868249416351 269.90704345703
69.33203125 3.4124774932861 270.02462768555
69.872520446777 3.5535655021667 270.13735961914
