63.006805419922 -1.2223312854767 280.4475402832
70.829116821289 -4.9385614395142 283.63195800781
74.577774047852 -4.8827877044678 280.37005615234
73.854606628418 -1.6617298126221 285.43002319336
63.06029510498 -1.5296314954758 280.65405273438
63.113784790039 -1.8369317054749 280.86056518555
63.305912017822 -2.0879511833191 281.04592895508
63.532341003418 -2.3250439167023 281.22610473633
63.758773803711 -2.5621366500854 281.40625
64.054306030273 -2.7293441295624 281.56042480469
64.355659484863 -2.890661239624 281.71243286133
64.657012939453 -3.0519781112671 281.86444091797
64.958366394043 -3.2132949829102 282.01641845703
65.287132263184 -3.346652507782 282.13327026367
65.62003326416 -3.4757840633392 282.24478149414
65.952941894531 -3.6049156188965 282.35632324219
66.285842895508 -3.7340474128723 282.46786499023
66.623039245605 -3.8543815612793 282.57525634766
66.968887329102 -3.9569475650787 282.67428588867
67.314727783203 -4.0595135688782 282.77334594727
67.663856506348 -4.157265663147 282.865234375
68.014923095703 -4.2521710395813 282.95291137695
68.365989685059 -4.3470764160156 283.04058837891
68.716651916504 -4.441445350647 283.13040161133
69.06721496582 -4.5356845855713 283.22076416016
69.423316955566 -4.6163148880005 283.30154418945
69.781311035156 -4.6922998428345 283.37902832031
70.137153625488 -4.7705998420715 283.46371459961
70.492744445801 -4.8437204360962 283.54623413086
63.233386993408 -1.6434609889984 280.4328918457
63.544303894043 -1.9701188802719 280.59133911133
63.974002838135 -2.1793074607849 280.63400268555
64.428375244141 -2.3264496326447 280.68212890625
64.88353729248 -2.4715940952301 280.72875976562
65.340301513672 -2.612628698349 280.77233886719
65.796325683594 -2.7562589645386 280.81481933594
66.24503326416 -2.9236884117126 280.84719848633
66.693756103516 -3.091080904007 280.87948608398
67.143669128418 -3.2563805580139 280.90536499023
67.595611572266 -3.417564868927 280.91909790039
68.05012512207 -3.5715417861938 280.93005371094
68.512687683105 -3.6998026371002 280.93112182617
68.975257873535 -3.8280634880066 280.93218994141
69.436515808105 -3.9583494663239 280.90612792969
69.898719787598 -4.0852575302124 280.88006591797
70.369766235352 -4.1741261482239 280.8551940918
70.840911865234 -4.2626042366028 280.8303527832
71.313720703125 -4.3321423530579 280.7854309082
71.786407470703 -4.4002909660339 280.7370300293
72.25260925293 -4.5072689056396 280.697265625
72.721435546875 -4.5993604660034 280.65106201172
73.192100524902 -4.6782298088074 280.59942626953
73.659217834473 -4.7756419181824 280.54736328125
74.125396728516 -4.8879103660583 280.52639770508
63.238922119141 -1.3591194152832 280.82870483398
63.586765289307 -1.5490884780884 281.07855224609
63.981315612793 -1.6795636415482 281.29513549805
64.400245666504 -1.753326177597 281.49240112305
64.81916809082 -1.8270876407623 281.68969726562
65.238098144531 -1.9008493423462 281.88696289062
65.657028198242 -1.9746117591858 282.0842590332
66.076049804688 -2.0470886230469 282.28167724609
66.497680664062 -2.0849552154541 282.48333740234
66.919311523438 -2.1225116252899 282.68502807617
67.341064453125 -2.1597964763641 282.88647460938
67.768112182617 -2.1852035522461 283.07843017578
68.197998046875 -2.2037138938904 283.26473999023
68.627937316895 -2.2219846248627 283.45095825195
69.06298828125 -2.215660572052 283.62573242188
69.501762390137 -2.1838195323944 283.78799438477
69.940521240234 -2.1519792079926 283.95025634766
70.376190185547 -2.1067032814026 284.11761474609
70.810127258301 -2.0546882152557 284.28747558594
71.245574951172 -2.0035457611084 284.45370483398
71.683692932129 -1.9540770053864 284.61328125
72.119102478027 -1.910813331604 284.78182983398
72.547386169434 -1.8815740346909 284.97039794922
72.973999023438 -1.8128323554993 285.15231323242
73.406524658203 -1.7443362474442 285.31988525391
