18.629472732544 -17.327676773071 -15.040138244629
-7.8355293273926 -4.8567070960999 -30.756607055664
-17.048946380615 -12.8982629776 -19.142669677734
-12.290402412415 1.2151184082031 -15.548299789429
19.284513473511 -17.250518798828 -16.284267425537
19.464191436768 -16.985927581787 -17.655870437622
19.266067504883 -16.603639602661 -18.996475219727
18.667768478394 -16.126575469971 -20.177707672119
17.759052276611 -15.604131698608 -21.116222381592
16.63676071167 -15.076251029968 -21.7785987854
15.386684417725 -14.567338943481 -22.181697845459
14.085240364075 -14.081429481506 -22.415489196777
12.806982040405 -13.583044052124 -22.734544754028
11.570267677307 -13.070350646973 -23.172348022461
10.284077644348 -12.575650215149 -23.464710235596
8.9877099990845 -12.086544036865 -23.719137191772
7.7149395942688 -11.58568572998 -24.056348800659
6.447913646698 -11.082531929016 -24.411323547363
5.1869111061096 -10.577158927917 -24.78412437439
3.9131014347076 -10.076733589172 -25.118053436279
2.6623396873474 -9.5679578781128 -25.519617080688
1.4688107967377 -9.0462455749512 -26.056104660034
0.30808410048485 -8.5202655792236 -26.656583786011
-0.82138496637344 -7.9916820526123 -27.311880111694
-1.9877693653107 -7.466326713562 -27.901805877686
-3.2107491493225 -6.9501857757568 -28.373443603516
-4.4189720153809 -6.4310145378113 -28.87859916687
-5.6325001716614 -5.912871837616 -29.371936798096
-6.7953720092773 -5.3871331214905 -29.968416213989
17.882221221924 -18.45133972168 -15.777864456177
16.91937828064 -18.994611740112 -16.853311538696
16.102155685425 -19.412031173706 -18.081495285034
14.831934928894 -20.113391876221 -18.593309402466
13.380930900574 -20.621841430664 -18.700080871582
11.881931304932 -20.959606170654 -18.565811157227
10.357650756836 -21.124656677246 -18.391538619995
8.8345947265625 -21.317766189575 -18.260568618774
7.3046846389771 -21.154449462891 -18.145210266113
5.7940583229065 -20.896923065186 -17.964540481567
4.3007345199585 -20.604600906372 -17.709251403809
2.8318853378296 -20.190477371216 -17.483375549316
1.4052548408508 -19.625110626221 -17.321411132812
-0.011164660565555 -19.022773742676 -17.212110519409
-1.4283772706985 -18.412439346313 -17.195068359375
-2.853276014328 -17.820161819458 -17.190483093262
-4.2877917289734 -17.25531578064 -17.256416320801
-5.7182550430298 -16.676641464233 -17.264793395996
-7.1396479606628 -16.081069946289 -17.190052032471
-8.5874195098877 -15.559789657593 -17.30549621582
-10.000120162964 -14.939415931702 -17.330743789673
-11.435663223267 -14.3862657547 -17.451278686523
-12.908605575562 -13.934128761292 -17.536827087402
-14.398181915283 -13.57923412323 -17.727798461914
-15.766386032104 -13.245145797729 -18.357803344727
18.827781677246 -15.809909820557 -15.041420936584
18.454133987427 -14.399547576904 -15.51365852356
18.065431594849 -13.11355304718 -16.249187469482
17.485481262207 -11.706893920898 -16.389898300171
16.64009475708 -10.486288070679 -16.00675201416
15.612343788147 -9.4101028442383 -15.634347915649
14.500582695007 -8.4359560012817 -15.223581314087
13.33197593689 -7.5344457626343 -14.806609153748
12.04162979126 -6.7745552062988 -14.475591659546
10.646041870117 -6.203489780426 -14.192433357239
9.2302598953247 -5.6766076087952 -13.924427032471
7.7878761291504 -5.2060575485229 -13.697196006775
6.3250908851624 -4.7541842460632 -13.599437713623
4.825089931488 -4.4355764389038 -13.550982475281
3.3187086582184 -4.1468081474304 -13.588508605957
1.8161002397537 -3.8527398109436 -13.687072753906
0.32243010401726 -3.5158793926239 -13.784335136414
-1.1584659814835 -3.1184642314911 -13.839513778687
-2.6475923061371 -2.7575159072876 -13.918536186218
-4.1126589775085 -2.3153042793274 -14.028432846069
-5.5554757118225 -1.8086540699005 -14.153482437134
-7.003514289856 -1.3078870773315 -14.233861923218
-8.4231023788452 -0.72777330875397 -14.281029701233
-9.7944211959839 -0.04165530949831 -14.332556724548
-11.113639831543 0.59964865446091 -14.779873847961
