68.992919921875 6.3877120018005 273.35888671875
56.598499298096 -6.328357219696 271.02807617188
65.024810791016 -3.8073837757111 266.92709350586
62.839630126953 -4.3184614181519 277.69451904297
68.226013183594 6.6666302680969 273.27996826172
67.414138793945 6.701488494873 273.18048095703
66.602401733398 6.6550679206848 273.07604980469
65.79118347168 6.599618434906 272.97103881836
64.9892578125 6.4700140953064 272.86273193359
64.191551208496 6.3155694007874 272.75338745117
63.413204193115 6.0852513313293 272.64181518555
62.658477783203 5.7868528366089 272.52905273438
61.90678024292 5.4796476364136 272.41616821289
61.208847045898 5.0648794174194 272.30334472656
60.558128356934 4.5798578262329 272.19216918945
59.964611053467 4.025673866272 272.08389282227
59.403457641602 3.4375121593475 271.97763061523
58.878395080566 2.8165609836578 271.87390136719
58.381278991699 2.1726343631744 271.77215576172
57.955577850342 1.4787113666534 271.67636108398
57.585224151611 0.753073990345 271.58551025391
57.250598907471 0.0097530093044043 271.49810791016
56.956565856934 -0.75097388029099 271.41467285156
56.736129760742 -1.5368767976761 271.33892822266
56.561500549316 -2.3347671031952 271.26818847656
56.284645080566 -3.1019611358643 271.18649291992
56.246257781982 -3.9150569438934 271.1318359375
56.238636016846 -4.7332873344421 271.08074951172
56.465412139893 -5.5201406478882 271.06094360352
68.82299041748 6.2597160339355 272.85876464844
68.520889282227 6.1225380897522 272.42834472656
68.101905822754 5.9499702453613 272.12814331055
67.683280944824 5.688636302948 271.90026855469
67.269119262695 5.4222021102905 271.67016601562
66.895156860352 5.1295337677002 271.40579223633
66.538284301758 4.8129687309265 271.14526367188
66.203811645508 4.4932141304016 270.86010742188
65.925651550293 4.1429619789124 270.55151367188
65.717727661133 3.7187054157257 270.28381347656
65.538856506348 3.2820293903351 270.01409912109
65.342987060547 2.8372416496277 269.77081298828
65.18798828125 2.3414466381073 269.61325073242
65.42431640625 1.8657495975494 269.59326171875
65.718269348145 1.4235635995865 269.48861694336
65.857086181641 0.94317919015884 269.27648925781
65.919555664062 0.45723909139633 269.04208374023
65.899536132812 -0.031707156449556 268.80560302734
65.849983215332 -0.50806897878647 268.54904174805
65.74925994873 -0.95440572500229 268.25573730469
65.626945495605 -1.3778620958328 267.93792724609
65.454689025879 -1.8156546354294 267.66577148438
65.303047180176 -2.2827806472778 267.43325805664
65.205085754395 -2.7882876396179 267.25912475586
65.125648498535 -3.3010070323944 267.09704589844
68.706642150879 6.3778166770935 273.84155273438
68.310737609863 6.2191534042358 274.20693969727
67.852096557617 6.0115370750427 274.45593261719
67.373847961426 5.7456183433533 274.58343505859
66.938949584961 5.407482624054 274.69439697266
66.497482299805 5.0755829811096 274.79800415039
66.049903869629 4.7495493888855 274.89373779297
65.624877929688 4.3939967155457 274.98709106445
65.243278503418 4.0165638923645 275.1533203125
64.991226196289 3.5463120937347 275.32846069336
64.828109741211 3.0319709777832 275.48541259766
64.583023071289 2.5448977947235 275.62133789062
64.452613830566 2.0106778144836 275.67987060547
64.743392944336 1.539820432663 275.76733398438
64.94312286377 1.083228468895 276.02041625977
64.94507598877 0.5374082326889 276.15341186523
64.909706115723 0.0077543850056827 276.33618164062
64.768005371094 -0.49162316322327 276.55090332031
64.559906005859 -0.97058689594269 276.75811767578
64.299827575684 -1.4269570112228 276.95776367188
64.053886413574 -1.8837604522705 277.17315673828
63.877861022949 -2.3501305580139 277.43139648438
63.641918182373 -2.8467493057251 277.54748535156
63.395515441895 -3.3431890010834 277.6399230957
63.117576599121 -3.8308260440826 277.66720581055
