66.121612548828 -19.775396347046 339.67034912109
81.839073181152 7.7224817276001 333.33538818359
73.414566040039 14.39879322052 327.49407958984
74.820358276367 14.503769874573 339.02893066406
67.387702941895 -19.739826202393 339.43344116211
68.551666259766 -19.258047103882 339.15927124023
69.567283630371 -18.513975143433 338.87942504883
70.431037902832 -17.596250534058 338.60571289062
71.131408691406 -16.544496536255 338.34521484375
71.789375305176 -15.464640617371 338.08895874023
72.447067260742 -14.384664535522 337.8327331543
73.054862976074 -13.274566650391 337.58190917969
73.691047668457 -12.18120765686 337.32794189453
74.347221374512 -11.100246429443 337.07186889648
74.952896118164 -9.9889297485352 336.82125854492
75.522491455078 -8.85777759552 336.57482910156
76.066917419434 -7.7141146659851 336.33142089844
76.455139160156 -6.5040826797485 336.10836791992
76.927520751953 -5.3265633583069 335.87390136719
77.380355834961 -4.1412281990051 335.64208984375
77.720840454102 -2.9156701564789 335.42590332031
78.161346435547 -1.7250403165817 335.19561767578
78.586807250977 -0.52855831384659 334.96743774414
78.968360900879 0.68372309207916 334.74533081055
79.489837646484 1.8390190601349 334.50469970703
79.887741088867 3.0456554889679 334.28024291992
80.33430480957 4.23388671875 334.04925537109
80.822860717773 5.4043817520142 333.81274414062
81.260459899902 6.5961532592773 333.58291625977
66.787460327148 -19.18159866333 338.50747680664
67.430999755859 -18.15958404541 337.75714111328
68.067184448242 -16.965665817261 337.1962890625
68.704391479492 -15.74095249176 336.7041015625
69.100036621094 -14.414150238037 336.24029541016
69.439628601074 -13.06365776062 335.78305053711
69.800827026367 -11.724238395691 335.31137084961
70.194496154785 -10.401463508606 334.81793212891
70.586242675781 -9.0748834609985 334.33407592773
70.963470458984 -7.7196941375732 333.92254638672
71.340705871582 -6.3645048141479 333.5110168457
71.725639343262 -5.0105514526367 333.10260009766
72.075508117676 -3.6445920467377 332.71054077148
72.297843933105 -2.237566947937 332.3655090332
72.49235534668 -0.82735639810562 332.01699829102
72.702461242676 0.56873327493668 331.63995361328
73.107795715332 1.8385087251663 331.03039550781
73.122352600098 3.2326619625092 330.58392333984
73.126853942871 4.6300134658813 330.14166259766
73.164413452148 6.0200753211975 329.68298339844
73.298500061035 7.3888473510742 329.17636108398
73.419342041016 8.7539024353027 328.65762329102
73.495582580566 10.106446266174 328.09814453125
73.471656799316 11.517420768738 327.72534179688
73.425804138184 12.952200889587 327.47393798828
66.835708618164 -18.700220108032 340.19216918945
67.604698181152 -17.599779129028 340.44338989258
68.367500305176 -16.445554733276 340.41186523438
68.859931945801 -15.152557373047 340.25726318359
69.350242614746 -13.858810424805 340.10345458984
69.69620513916 -12.51408290863 340.0022277832
70.056335449219 -11.173535346985 339.89697265625
70.440238952637 -9.8400049209595 339.78497314453
70.861152648926 -8.5172748565674 339.69607543945
71.346954345703 -7.2134785652161 339.64764404297
71.699165344238 -5.884391784668 339.49569702148
71.938743591309 -4.533980846405 339.25646972656
72.221138000488 -3.180255651474 339.12048339844
72.528945922852 -1.8245632648468 339.04577636719
72.794845581055 -0.4698548913002 338.88470458984
73.031898498535 0.88417613506317 338.66415405273
73.307098388672 2.2450714111328 338.63262939453
73.591995239258 3.6077120304108 338.6491394043
73.893455505371 4.9656534194946 338.60668945312
74.201690673828 6.3216724395752 338.54010009766
74.54345703125 7.6706886291504 338.53564453125
74.876335144043 9.0092477798462 338.65237426758
75.087287902832 10.347771644592 338.89663696289
75.039436340332 11.739134788513 338.88952636719
74.955345153809 13.123208045959 338.96722412109
