7.9535636901855 -8.5575122833252 -26.184761047363
0.44633659720421 11.253163337708 -22.05104637146
-9.3228549957275 6.2079091072083 -31.95630645752
-10.239179611206 2.9307634830475 -17.836568832397
8.2252159118652 -7.7425284385681 -25.959014892578
8.4519948959351 -6.9136972427368 -25.734178543091
8.5958242416382 -6.0656599998474 -25.51259803772
8.7036447525024 -5.211817741394 -25.293046951294
8.7025785446167 -4.349081993103 -25.081764221191
8.7117023468018 -3.4866349697113 -24.869575500488
8.6502361297607 -2.6246449947357 -24.66427230835
8.5787029266357 -1.7631778717041 -24.46005821228
8.4648303985596 -0.9051239490509 -24.260746002197
8.303936958313 -0.053240779787302 -24.067455291748
8.1208333969116 0.79481846094131 -23.877233505249
7.8498940467834 1.6220555305481 -23.700542449951
7.5355052947998 2.4353885650635 -23.531421661377
7.180609703064 3.2334606647491 -23.369926452637
6.7697238922119 4.00652551651 -23.219932556152
6.3357372283936 4.767849445343 -23.075033187866
5.8849182128906 5.5200595855713 -22.933979034424
5.4024271965027 6.2537722587585 -22.800495147705
4.8585925102234 6.9461588859558 -22.683025360107
4.2927083969116 7.6217017173767 -22.571798324585
3.711062669754 8.2844848632812 -22.465208053589
3.0652463436127 8.8881568908691 -22.379253387451
2.4726285934448 9.5416822433472 -22.275985717773
1.8318507671356 10.150503158569 -22.188291549683
1.150897860527 10.71608543396 -22.115041732788
7.7328653335571 -7.9802241325378 -26.921678543091
7.5223894119263 -7.2809953689575 -27.508274078369
7.2886071205139 -6.4236898422241 -27.858171463013
6.9116473197937 -5.5562682151794 -28.029544830322
6.4355931282043 -4.7249417304993 -28.114892959595
5.9054083824158 -3.9349160194397 -28.146059036255
5.2407608032227 -3.2474839687347 -28.042629241943
4.5853667259216 -2.5540115833282 -28.002191543579
3.9592337608337 -1.8414365053177 -28.160970687866
3.3242568969727 -1.1440938711166 -28.341846466064
2.6580729484558 -0.50049984455109 -28.600694656372
1.9744015932083 0.12691584229469 -28.852394104004
1.2735774517059 0.73846316337585 -29.097080230713
0.55388498306274 1.3268307447433 -29.339548110962
-0.20975603163242 1.8612077236176 -29.576845169067
-0.9800215959549 2.384158372879 -29.81707572937
-1.7690823078156 2.87468957901 -30.065628051758
-2.563581943512 3.3482871055603 -30.328645706177
-3.3488740921021 3.7968666553497 -30.652158737183
-4.1553378105164 4.2579298019409 -30.87032699585
-4.9827451705933 4.7268624305725 -31.006183624268
-5.830650806427 5.0926809310913 -31.274974822998
-6.6785564422607 5.4584994316101 -31.543767929077
-7.4950227737427 5.9636526107788 -31.563076019287
-8.3906164169312 6.1578989028931 -31.725122451782
7.5826754570007 -8.4361228942871 -25.33373260498
7.2581377029419 -7.9313063621521 -24.651573181152
6.9004311561584 -7.2814421653748 -24.093595504761
6.4463820457458 -6.5859112739563 -23.663944244385
5.9195275306702 -5.9321131706238 -23.249803543091
5.2861380577087 -5.2874493598938 -23.034078598022
4.6478891372681 -4.6587748527527 -22.768878936768
4.0172076225281 -4.0346002578735 -22.470235824585
3.3387131690979 -3.4656383991241 -22.167085647583
2.6551325321198 -2.9025504589081 -21.863456726074
1.8632752895355 -2.4577097892761 -21.650346755981
1.1832810640335 -1.9340537786484 -21.27626991272
0.49612098932266 -1.4206652641296 -20.901653289795
-0.21144838631153 -0.93652069568634 -20.525499343872
-1.0363475084305 -0.55740404129028 -20.305160522461
-1.8415995836258 -0.23018775880337 -19.972770690918
-2.6340098381042 0.074749805033207 -19.580953598022
-3.4700028896332 0.41540867090225 -19.33274269104
-4.3147964477539 0.73850572109222 -19.093305587769
-5.174551486969 1.0334504842758 -18.879270553589
-5.9285321235657 1.5659931898117 -18.722896575928
-6.7293357849121 1.9531824588776 -18.492485046387
-7.5809922218323 2.1977853775024 -18.196041107178
-8.4246740341187 2.5444860458374 -17.984994888306
-9.3156518936157 2.8006727695465 -17.863412857056
