80.369552612305 22.13169670105 325.16735839844
3.1316714286804 24.274738311768 327.123046875
-12.577677726746 2.1375300884247 316.65045166016
-16.469478607178 4.2818031311035 343.14996337891
77.865600585938 23.812788009644 325.22427368164
75.087844848633 24.987298965454 325.29010009766
72.167167663574 25.739875793457 325.36141967773
69.212844848633 26.346771240234 325.43405151367
66.229583740234 26.790166854858 325.50811767578
63.24446105957 27.219318389893 325.58236694336
60.23685836792 27.444143295288 325.6579284668
57.230075836182 27.678823471069 325.7333984375
54.215335845947 27.764980316162 325.80975341797
51.199676513672 27.808156967163 325.88629150391
48.183876037598 27.839641571045 325.96286010742
45.167987823486 27.819784164429 326.03964233398
42.153034210205 27.742160797119 326.11663818359
39.139430999756 27.623174667358 326.19375610352
36.125164031982 27.525115966797 326.2707824707
33.127334594727 27.195106506348 326.34838867188
30.114057540894 27.072896957397 326.4255065918
27.114385604858 26.76012802124 326.50305175781
24.125352859497 26.358167648315 326.58068847656
21.125331878662 26.048698425293 326.65823364258
18.119596481323 25.800924301147 326.73568725586
15.146226882935 25.296009063721 326.81335449219
12.150670051575 24.945953369141 326.89096069336
9.1542377471924 24.603506088257 326.96853637695
6.1447649002075 24.406009674072 327.04586791992
76.956253051758 22.541221618652 323.88244628906
73.357521057129 21.838027954102 323.30871582031
69.774360656738 20.977657318115 322.92663574219
66.134262084961 20.281036376953 322.701171875
62.460556030273 19.990884780884 322.30557250977
58.775581359863 19.887439727783 321.83499145508
55.085968017578 19.703784942627 321.48690795898
51.423976898193 19.10627746582 321.3137512207
47.776760101318 18.441186904907 321.17596435547
44.090518951416 18.078296661377 320.8928527832
40.422885894775 17.531867980957 320.64916992188
36.760768890381 16.936592102051 320.4912109375
33.144191741943 16.09158706665 320.41381835938
29.544408798218 15.191945075989 320.36755371094
25.881265640259 14.60496711731 320.28146362305
22.293823242188 13.645182609558 320.15353393555
18.692855834961 12.777777671814 319.92193603516
15.088593482971 11.950837135315 319.60171508789
11.533899307251 10.954382896423 319.27606201172
8.0487060546875 9.7536573410034 318.80255126953
4.5757622718811 8.566068649292 318.23406982422
1.101621389389 7.4620518684387 317.53463745117
-2.4588069915771 6.4690861701965 317.1614074707
-5.9052844047546 5.0940790176392 316.95199584961
-9.4252500534058 3.9716281890869 317.35192871094
76.748847961426 22.331571578979 326.22338867188
73.023956298828 22.073017120361 327.1940612793
69.165985107422 22.030658721924 327.79443359375
65.352981567383 21.443319320679 328.30725097656
61.521945953369 20.995412826538 328.90219116211
57.673007965088 20.867040634155 329.53628540039
53.818393707275 20.491100311279 330.04397583008
49.977745056152 20.084087371826 330.62869262695
46.118385314941 19.663631439209 331.06127929688
42.268383026123 19.20366859436 331.53408813477
38.455509185791 18.844009399414 332.28271484375
34.642070770264 18.326835632324 332.94110107422
30.824504852295 17.718715667725 333.4990234375
27.054882049561 16.875694274902 334.07995605469
23.287878036499 15.983688354492 334.59326171875
19.550895690918 15.067262649536 335.24966430664
15.781513214111 14.504674911499 336.07412719727
11.9850730896 14.055458068848 336.85736083984
8.1612491607666 13.486066818237 337.1208190918
4.3678545951843 12.79178237915 337.03146362305
0.80101782083511 11.724921226501 338.17126464844
-2.7511055469513 10.318601608276 338.96063232422
-6.1826500892639 8.7509489059448 339.95938110352
-9.5932741165161 7.0595407485962 340.79370117188
-12.908395767212 5.6301898956299 342.27868652344
