69.608184814453 4.9008984565735 289.14846801758
64.158584594727 -2.9235482215881 280.76651000977
60.998912811279 5.0995540618896 266.08694458008
75.069747924805 -10.375628471375 270.87393188477
69.228744506836 4.6222596168518 289.42733764648
68.831352233887 4.2524280548096 289.46658325195
68.434516906738 3.8760809898376 289.48303222656
68.048271179199 3.491140127182 289.43862915039
67.674545288086 3.1028265953064 289.34432983398
67.322616577148 2.7154173851013 289.18505859375
66.982368469238 2.3303747177124 288.99703979492
66.669609069824 1.954182267189 288.75210571289
66.395347595215 1.5953131914139 288.44332885742
66.167709350586 1.2624199390411 288.07357788086
65.949996948242 0.93557524681091 287.69259643555
65.744819641113 0.61665856838226 287.29815673828
65.578712463379 0.32388442754745 286.86679077148
65.441467285156 0.051732629537582 286.41241455078
65.329696655273 -0.20134203135967 285.94033813477
65.173561096191 -0.48709470033646 285.50067138672
64.997817993164 -0.78651565313339 285.07775878906
64.842460632324 -1.0717264413834 284.6374206543
64.691261291504 -1.3539623022079 284.19369506836
64.55753326416 -1.6235319375992 283.73672485352
64.44645690918 -1.8760962486267 283.26422119141
64.350158691406 -2.1172621250153 282.78262329102
64.277374267578 -2.339834690094 282.2880859375
64.211547851562 -2.5567767620087 281.79010009766
64.144836425781 -2.774436712265 281.29254150391
68.699234008789 4.4619917869568 288.88464355469
67.930107116699 3.7932088375092 288.68264770508
67.358711242676 3.1497235298157 288.09777832031
66.788375854492 2.7708148956299 287.30722045898
66.142349243164 2.5069425106049 286.5276184082
65.56632232666 2.3123347759247 285.67630004883
65.036323547363 2.2272400856018 284.77746582031
64.535354614258 2.151166677475 283.86141967773
64.064079284668 2.1067280769348 282.92858886719
63.495239257812 2.1034049987793 282.05075073242
63.049747467041 2.0343999862671 281.10687255859
62.741455078125 1.9558938741684 280.10946655273
62.454395294189 1.9121443033218 279.10400390625
62.193344116211 1.9690749645233 278.091796875
61.964672088623 2.061511516571 277.07440185547
61.787910461426 2.1399526596069 276.04553222656
61.633033752441 2.2698180675507 275.01840209961
61.476890563965 2.4748170375824 274.00375366211
61.370624542236 2.7103250026703 272.98919677734
61.302207946777 2.9477233886719 271.97232055664
61.204242706299 3.3328943252563 271.00393676758
61.167442321777 3.6363530158997 270.00262451172
61.100128173828 3.9925625324249 269.02044677734
61.013648986816 4.3821506500244 268.05252075195
60.970432281494 4.7552847862244 267.07528686523
69.094299316406 4.0232448577881 289.02380371094
68.431907653809 3.2767217159271 288.80996704102
67.921920776367 2.6006066799164 288.24041748047
67.757713317871 1.7942016124725 287.62777709961
67.678421020508 1.012822508812 286.96807861328
67.725875854492 0.24564377963543 286.28826904297
67.842170715332 -0.50248438119888 285.59609985352
68.055320739746 -1.1988714933395 284.87322998047
68.24333190918 -1.8485182523727 284.10144042969
68.403984069824 -2.4692757129669 283.30044555664
68.653762817383 -3.0619919300079 282.50109863281
68.906059265137 -3.7300622463226 281.76449584961
69.132720947266 -4.3158488273621 280.95291137695
69.37914276123 -4.9160928726196 280.15789794922
69.681243896484 -5.4796919822693 279.35525512695
69.998603820801 -5.9907140731812 278.52380371094
70.300476074219 -6.4668669700623 277.66641235352
70.611793518066 -6.8616738319397 276.77221679688
71.058853149414 -7.3121728897095 275.96578979492
71.554878234863 -7.7796349525452 275.19857788086
72.091133117676 -8.2524995803833 274.46234130859
72.660507202148 -8.7098503112793 273.74133300781
73.270835876465 -9.1740617752075 273.05923461914
73.88752746582 -9.628345489502 272.3762512207
74.478630065918 -10.001982688904 271.62509155273
