66.148132324219 -20.456577301025 318.60656738281
49.171768188477 -2.1262032985687 322.03659057617
-1.4798775911331 -14.673274040222 313.82424926758
31.144355773926 -0.96549099683762 367.40591430664
66.008766174316 -19.416963577271 318.37066650391
65.949859619141 -18.379638671875 318.09341430664
65.800193786621 -17.34015083313 317.86294555664
65.641380310059 -16.300807952881 317.63729858398
65.435096740723 -15.264594078064 317.43740844727
65.079483032227 -14.256848335266 317.32397460938
64.62776184082 -13.282629013062 317.2707824707
64.111877441406 -12.339194297791 317.26022338867
63.545627593994 -11.425395011902 317.28482055664
62.92289352417 -10.551243782043 317.35073852539
62.259315490723 -9.7106580734253 317.44799804688
61.532550811768 -8.932445526123 317.59674072266
60.867298126221 -8.093334197998 317.69528198242
60.044086456299 -7.4444952011108 317.9328918457
59.207977294922 -6.816379070282 318.18341064453
58.37219619751 -6.1876626014709 318.43356323242
57.510818481445 -5.6070184707642 318.71139526367
56.618846893311 -5.0953087806702 319.0256652832
55.714282989502 -4.6171064376831 319.35650634766
54.798942565918 -4.1712532043457 319.70251464844
53.884315490723 -3.7231211662292 320.04751586914
52.958679199219 -3.312618970871 320.40948486328
52.019340515137 -2.9591197967529 320.79550170898
51.08740234375 -2.5729236602783 321.16793823242
50.130279541016 -2.3428401947021 321.5998840332
64.478569030762 -18.244354248047 317.76742553711
63.028644561768 -15.742803573608 317.66439819336
60.851482391357 -13.844058036804 317.80685424805
58.193923950195 -12.727111816406 317.47631835938
55.389385223389 -12.087425231934 317.07504272461
52.582969665527 -11.40870475769 316.80020141602
49.899421691895 -10.756678581238 315.9006652832
47.229995727539 -10.230319023132 314.88436889648
44.559906005859 -9.5508813858032 313.97113037109
42.200115203857 -9.0857343673706 312.44906616211
40.623928070068 -10.473229408264 310.59487915039
38.117366790771 -11.915823936462 310.58044433594
35.308700561523 -12.637825012207 310.70547485352
32.445980072021 -13.089301109314 310.89898681641
29.599113464355 -13.617553710938 311.13076782227
26.763008117676 -14.185550689697 311.36572265625
24.030080795288 -15.135704994202 311.62072753906
21.26612663269 -15.998160362244 311.82305908203
18.417081832886 -16.483484268188 312.11318969727
15.550149917603 -16.880662918091 312.35055541992
12.661666870117 -17.028163909912 312.61840820312
9.7686033248901 -17.06582069397 312.86990356445
6.8699908256531 -16.90683555603 312.94537353516
4.0176954269409 -16.448059082031 313.24340820312
1.2381956577301 -15.653129577637 313.52529907227
65.323600769043 -18.11625289917 319.57849121094
64.061935424805 -15.769874572754 319.56072998047
62.348335266113 -13.897685050964 320.4033203125
61.102325439453 -11.872596740723 321.61492919922
59.891246795654 -10.354914665222 323.46090698242
58.89278793335 -8.8694515228271 325.45516967773
58.029273986816 -7.2701864242554 327.42407226562
57.080257415771 -5.8698506355286 329.49871826172
55.649757385254 -4.6292996406555 331.39288330078
54.079967498779 -3.3931424617767 333.09741210938
53.514331817627 -3.2099347114563 335.71087646484
52.948699951172 -3.0267267227173 338.32434082031
52.376731872559 -2.8457682132721 340.93646240234
51.651023864746 -2.7259380817413 343.49868774414
50.04683303833 -3.0347421169281 345.62197875977
48.540775299072 -3.633109331131 347.75360107422
47.14497756958 -3.760570526123 350.03732299805
45.507724761963 -3.922004699707 352.15319824219
43.850395202637 -4.0415811538696 354.25601196289
42.265068054199 -4.0256314277649 356.41619873047
40.52229309082 -3.7111332416534 358.42785644531
38.892936706543 -3.2582850456238 360.50723266602
37.241104125977 -2.8025794029236 362.56777954102
35.402976989746 -2.1754946708679 364.41470336914
33.402992248535 -1.4869246482849 366.06042480469
