74.574493408203 42.078365325928 325.29769897461
56.934253692627 17.000566482544 335.65637207031
50.803131103516 24.321699142456 339.76626586914
51.245414733887 20.147504806519 327.96746826172
74.936294555664 40.933403015137 325.74035644531
74.904006958008 39.743377685547 326.21109008789
74.626281738281 38.583583831787 326.67620849609
74.178260803223 37.472385406494 327.12658691406
73.567535400391 36.431293487549 327.5534362793
72.88013458252 35.432872772217 327.96548461914
72.168960571289 34.449081420898 328.3723449707
71.444580078125 33.473735809326 328.77618408203
70.684753417969 32.522178649902 329.17156982422
69.915176391602 31.577465057373 329.56451416016
69.12979888916 30.644138336182 329.95343017578
68.328483581543 29.722667694092 330.33801269531
67.525596618652 28.802373886108 330.72216796875
66.691734313965 27.90633392334 331.09756469727
65.866424560547 27.003446578979 331.47543334961
65.007843017578 26.127893447876 331.84338378906
64.17618560791 25.230096817017 332.2194519043
63.328620910645 24.345262527466 332.59072875977
62.46350479126 23.475313186646 332.95666503906
61.595623016357 22.607730865479 333.32165527344
60.752464294434 21.719264984131 333.69430541992
59.911148071289 20.829299926758 334.06750488281
59.104530334473 19.91184425354 334.45065307617
58.279132843018 19.009027481079 334.82849121094
57.535034179688 18.04673576355 335.22772216797
74.119026184082 41.176345825195 326.04089355469
73.724967956543 40.137878417969 326.60140991211
72.928916931152 39.228569030762 327.04293823242
72.047996520996 38.441799163818 327.5556640625
71.07689666748 37.712341308594 327.99261474609
70.170181274414 36.941101074219 328.4928894043
69.224632263184 36.233055114746 329.00271606445
68.198715209961 35.599857330322 329.46383666992
67.214721679688 34.904102325439 329.92819213867
66.201393127441 34.222427368164 330.34866333008
65.200569152832 33.545246124268 330.80392456055
64.219253540039 32.857109069824 331.2848815918
63.254085540771 32.150970458984 331.77288818359
62.241352081299 31.503324508667 332.24432373047
61.224159240723 30.865827560425 332.72067260742
60.22290802002 30.23123550415 333.23361206055
59.256336212158 29.600057601929 333.80902099609
58.320697784424 28.971923828125 334.4401550293
57.386253356934 28.34545135498 335.07470703125
56.452297210693 27.719657897949 335.71063232422
55.524509429932 27.102352142334 336.36367797852
54.57124710083 26.519426345825 337.00924682617
53.576858520508 25.992013931274 337.64276123047
52.625816345215 25.433334350586 338.31408691406
51.697494506836 24.880281448364 339.02066040039
74.274963378906 41.068691253662 325.66757202148
74.105880737305 39.894874572754 325.96701049805
73.448677062988 38.871311187744 326.2194519043
72.583221435547 37.964725494385 326.40216064453
71.619964599609 37.145553588867 326.4997253418
70.640769958496 36.345684051514 326.61102294922
69.67170715332 35.540103912354 326.7653503418
68.672561645508 34.774696350098 326.9313659668
67.682739257812 33.995777130127 327.08975219727
66.708335876465 33.199989318848 327.25973510742
65.723251342773 32.41724395752 327.42498779297
64.705421447754 31.670351028442 327.55926513672
63.739242553711 30.862531661987 327.70593261719
62.79411315918 30.03048324585 327.86282348633
61.797500610352 29.26157951355 328.02838134766
60.81521987915 28.471855163574 328.14395141602
59.878440856934 27.616031646729 328.10070800781
58.92847442627 26.775959014893 328.09857177734
57.955417633057 25.963457107544 328.16827392578
56.984539031982 25.147953033447 328.22595214844
56.025764465332 24.315773010254 328.21664428711
55.067573547363 23.483276367188 328.19863891602
54.112033843994 22.649333953857 328.14086914062
53.156494140625 21.815391540527 328.08306884766
52.200954437256 20.981447219849 328.02526855469
