62.70650100708 3.6191456317902 266.70318603516
69.193649291992 0.74060553312302 267.29852294922
72.780586242676 3.3962788581848 264.79452514648
72.452003479004 3.1750078201294 270.41143798828
62.682567596436 3.3318889141083 266.69891357422
62.811653137207 3.0735623836517 266.70938110352
62.993812561035 2.8496565818787 266.72512817383
63.210777282715 2.659521818161 266.7444152832
63.445262908936 2.491708278656 266.76547241211
63.696807861328 2.3509674072266 266.78833007812
63.955020904541 2.2230229377747 266.81195068359
64.221565246582 2.1136615276337 266.83648681641
64.491500854492 2.0130472183228 266.86138916016
64.762680053711 1.915858745575 266.88641357422
65.03621673584 1.8256154060364 266.91174316406
65.313034057617 1.746112704277 266.93746948242
65.591178894043 1.6714491844177 266.96331787109
65.868698120117 1.5944594144821 266.98910522461
66.147911071777 1.5239520072937 267.01513671875
66.426628112793 1.4514602422714 267.04104614258
66.705909729004 1.3811945915222 267.06701660156
66.985076904297 1.3104994297028 267.09301757812
67.266784667969 1.2508467435837 267.11935424805
67.547904968262 1.1884527206421 267.14553833008
67.830902099609 1.1353379487991 267.17199707031
68.111907958984 1.0724495649338 267.1982421875
68.393203735352 1.0108627080917 267.22448730469
68.678535461426 0.97243350744247 267.25122070312
68.958549499512 0.90760833024979 267.27740478516
63.005489349365 3.3912220001221 266.56622314453
63.335960388184 3.191472530365 266.51327514648
63.714672088623 3.1700112819672 266.38146972656
64.101425170898 3.1274375915527 266.28210449219
64.495140075684 3.1175675392151 266.20156860352
64.887084960938 3.102970123291 266.11343383789
65.280242919922 3.0926432609558 266.03021240234
65.67448425293 3.0782806873322 265.9533996582
66.068115234375 3.0462574958801 265.87890625
66.463768005371 3.0380203723907 265.80822753906
66.859603881836 3.0225446224213 265.74005126953
67.257888793945 3.0164792537689 265.68807983398
67.655212402344 3.0521900653839 265.63946533203
68.054885864258 3.0564589500427 265.59637451172
68.454246520996 3.0570504665375 265.55038452148
68.854064941406 3.0646753311157 265.50927734375
69.253959655762 3.0814428329468 265.47454833984
69.645416259766 3.1043431758881 265.38598632812
70.037078857422 3.1240799427032 265.29766845703
70.429039001465 3.1660437583923 265.21960449219
70.829414367676 3.1924958229065 265.1953125
71.227317810059 3.221107006073 265.14596557617
71.619636535645 3.2815687656403 265.08239746094
72.013229370117 3.3355174064636 265.02105712891
72.40421295166 3.3636813163757 264.93197631836
62.913021087646 3.3980889320374 266.96771240234
63.22590637207 3.1602809429169 267.05206298828
63.581874847412 3.0903644561768 267.24865722656
63.951187133789 3.0530648231506 267.42962646484
64.320709228516 2.9939827919006 267.60452270508
64.696678161621 2.9452674388885 267.76528930664
65.09114074707 2.9514088630676 267.88592529297
65.46900177002 2.9269530773163 268.04943847656
65.842590332031 2.8530113697052 268.20794677734
66.233825683594 2.8224568367004 268.33679199219
66.626457214355 2.781530380249 268.45748901367
67.022285461426 2.784129858017 268.57556152344
67.416465759277 2.7801623344421 268.69888305664
67.805236816406 2.7751686573029 268.83813476562
68.202087402344 2.7829740047455 268.95199584961
68.588104248047 2.7681908607483 269.09802246094
68.972160339355 2.7916526794434 269.24829101562
69.359436035156 2.8186120986938 269.38943481445
69.750175476074 2.835390329361 269.52142333984
70.155815124512 2.9002685546875 269.5625
70.53352355957 2.9239008426666 269.72796630859
70.925926208496 2.9537553787231 269.85290527344
71.328872680664 3.0059220790863 269.92269897461
71.688926696777 3.0585181713104 270.11798095703
72.073974609375 3.1065495014191 270.25964355469
