60.456848144531 4.3179497718811 274.07339477539
66.700706481934 -8.2890071868896 271.83856201172
72.324440002441 -7.4854788780212 269.02169799805
71.363067626953 -7.8229365348816 274.81051635742
60.287696838379 3.7715101242065 273.98880004883
60.231292724609 3.2032487392426 273.89752197266
60.212432861328 2.6327385902405 273.80474853516
60.216594696045 2.0620450973511 273.71136474609
60.255058288574 1.492755651474 273.6171875
60.309299468994 0.92484986782074 273.52285766602
60.426696777344 0.3665292263031 273.42837524414
60.573768615723 -0.18474528193474 273.33416748047
60.762348175049 -0.72338408231735 273.24084472656
60.999061584473 -1.2429664134979 273.14932250977
61.28861618042 -1.7356486320496 273.06072998047
61.601184844971 -2.2143590450287 272.97375488281
61.939136505127 -2.6753499507904 272.88897705078
62.360790252686 -3.0639085769653 272.81369018555
62.792007446289 -3.4421164989471 272.73983764648
63.232570648193 -3.8096771240234 272.66744995117
63.638526916504 -4.2141785621643 272.59002685547
64.040283203125 -4.6227650642395 272.51205444336
64.402786254883 -5.0657343864441 272.42950439453
64.767974853516 -5.5065431594849 272.34725952148
65.123344421387 -5.9551191329956 272.26400756836
65.478790283203 -6.4036459922791 272.18081665039
65.850288391113 -6.8392663002014 272.09924316406
66.203765869141 -7.2893085479736 272.01583862305
66.551048278809 -7.7383942604065 271.93273925781
60.853038787842 4.1143155097961 273.56329345703
61.006393432617 3.6502325534821 273.07092285156
61.215175628662 3.0556180477142 272.76229858398
61.428859710693 2.4531879425049 272.4723815918
61.794219970703 1.8707036972046 272.37670898438
62.234836578369 1.3365470170975 272.29730224609
62.638553619385 0.78466838598251 272.19589233398
62.956985473633 0.16929550468922 272.08551025391
63.331020355225 -0.40032786130905 271.93661499023
63.804027557373 -0.89183872938156 271.77716064453
64.279991149902 -1.3627254962921 271.56713867188
64.725883483887 -1.8750398159027 271.39266967773
65.240463256836 -2.3049304485321 271.19039916992
65.803833007812 -2.6554789543152 270.96090698242
66.326072692871 -3.0831906795502 270.76651000977
66.847213745117 -3.5037841796875 270.5556640625
67.370323181152 -3.9062931537628 270.31625366211
67.924942016602 -4.2540249824524 270.06140136719
68.504524230957 -4.6034879684448 269.87567138672
69.039192199707 -5.0321764945984 269.75939941406
69.531532287598 -5.5287914276123 269.69268798828
70.054298400879 -5.9883170127869 269.59930419922
70.60334777832 -6.4041576385498 269.46878051758
71.153411865234 -6.8011574745178 269.29092407227
71.681907653809 -7.2056021690369 269.06958007812
60.963352203369 3.9037320613861 274.08038330078
61.105464935303 3.4041028022766 274.47366333008
61.252490997314 2.8393211364746 274.72848510742
61.412021636963 2.2174024581909 274.84759521484
61.747421264648 1.6637252569199 274.75210571289
62.064979553223 1.097403049469 274.68389892578
62.36754989624 0.5215939283371 274.64300537109
62.751544952393 0.010272664949298 274.5041809082
63.183044433594 -0.47253626585007 274.44924926758
63.63952255249 -0.94085830450058 274.44427490234
64.00456237793 -1.4822423458099 274.48690795898
64.388458251953 -2.0082974433899 274.51037597656
64.841400146484 -2.4782183170319 274.4635925293
65.293663024902 -2.9450278282166 274.52590942383
65.774208068848 -3.3838016986847 274.55340576172
66.278785705566 -3.7985324859619 274.55355834961
66.7744140625 -4.2194790840149 274.62655639648
67.271270751953 -4.6375756263733 274.67376708984
67.779792785645 -5.039764881134 274.59884643555
68.292320251465 -5.4459314346313 274.57952880859
68.790771484375 -5.8693985939026 274.59927368164
69.279441833496 -6.2795825004578 274.72772216797
69.762237548828 -6.7017397880554 274.84246826172
70.264610290527 -7.1143956184387 274.87130737305
70.817405700684 -7.4629921913147 274.83993530273
