98.928398132324 -3.8614857196808 333.03479003906
91.49242401123 -20.943782806396 331.27508544922
84.568840026855 -14.864814758301 339.19143676758
81.899604797363 -12.810670852661 327.19580078125
99.513809204102 -4.443660736084 332.86874389648
99.865341186523 -5.1916933059692 332.7060546875
100.15740966797 -5.9655733108521 332.54678344727
100.36109924316 -6.7685618400574 332.39410400391
100.49590301514 -7.5870928764343 332.24768066406
100.58061218262 -8.4131832122803 332.10638427734
100.58011627197 -9.24524974823 331.97494506836
100.54451751709 -10.077233314514 331.84790039062
100.54825592041 -10.909154891968 331.71597290039
100.43631744385 -11.735885620117 331.59942626953
100.241065979 -12.548740386963 331.49566650391
99.917991638184 -13.322437286377 331.41424560547
99.569808959961 -14.085666656494 331.3376159668
99.191780090332 -14.835144996643 331.26693725586
98.772789001465 -15.563301086426 331.20483398438
98.302291870117 -16.260213851929 331.15420532227
97.796112060547 -16.932239532471 331.11196899414
97.226638793945 -17.552434921265 331.0859375
96.625968933105 -18.142786026001 331.06860351562
95.965103149414 -18.665168762207 331.0696105957
95.273933410645 -19.146596908569 331.08090209961
94.569801330566 -19.608732223511 331.09692382812
93.827171325684 -20.005146026611 331.1282043457
93.081283569336 -20.395282745361 331.1608581543
92.288276672363 -20.673809051514 331.21716308594
98.889961242676 -4.5054187774658 333.49310302734
98.806709289551 -5.1781945228577 333.90121459961
98.580123901367 -5.9045877456665 334.11749267578
98.310516357422 -6.6198658943176 334.32202148438
97.918518066406 -7.2859702110291 334.4905090332
97.523666381836 -7.9509253501892 334.65814208984
97.101547241211 -8.590856552124 334.85403442383
96.66414642334 -9.2152109146118 335.06616210938
96.132911682129 -9.7380695343018 335.32904052734
95.48706817627 -10.157387733459 335.42193603516
95.034156799316 -10.690775871277 335.77728271484
94.391891479492 -11.070238113403 336.04025268555
93.715454101562 -11.413581848145 336.26522827148
93.024299621582 -11.729297637939 336.48602294922
92.324317932129 -12.027294158936 336.70370483398
91.618698120117 -12.31550693512 336.9162902832
90.911796569824 -12.595781326294 337.13278198242
90.249298095703 -12.885219573975 337.45443725586
89.593299865723 -13.172952651978 337.78866577148
88.869598388672 -13.414484024048 337.99865722656
88.144439697266 -13.656860351562 338.20141601562
87.42293548584 -13.962651252747 338.31137084961
86.702949523926 -14.274909973145 338.4123840332
85.985450744629 -14.563576698303 338.57965087891
85.271095275879 -14.788865089417 338.83483886719
98.541854858398 -4.1332578659058 332.35348510742
98.154159545898 -4.6371393203735 331.82174682617
97.787269592285 -5.2307457923889 331.3740234375
97.462463378906 -5.8952169418335 330.99926757812
97.118186950684 -6.5558032989502 330.63516235352
96.577850341797 -7.1411113739014 330.40557861328
96.016311645508 -7.7045931816101 330.171875
95.424575805664 -8.2333383560181 329.93161010742
94.868797302246 -8.7886476516724 329.66674804688
94.239143371582 -9.2589740753174 329.40316772461
93.522613525391 -9.6069841384888 329.1741027832
92.762855529785 -9.8888530731201 328.99920654297
91.987892150879 -10.143227577209 328.85037231445
91.202133178711 -10.375076293945 328.72280883789
90.397384643555 -10.56800365448 328.6748046875
89.667167663574 -10.926711082458 328.52157592773
88.951774597168 -11.280371665955 328.29702758789
88.220970153809 -11.535779953003 328.00112915039
87.40983581543 -11.690839767456 328.01257324219
86.600532531738 -11.867444992065 328.04827880859
85.813217163086 -12.126138687134 328.06555175781
85.049995422363 -12.40906047821 327.91329956055
84.26570892334 -12.642906188965 327.78125
83.457122802734 -12.743698120117 327.63162231445
82.716552734375 -12.711059570312 327.26412963867
