60.755630493164 0.87693852186203 273.68222045898
70.695930480957 -7.2161965370178 270.89880371094
72.017562866211 -4.76575756073 269.18765258789
70.732948303223 -4.5664262771606 273.43756103516
60.809421539307 0.36877104640007 273.58160400391
61.000949859619 -0.10407354682684 273.46954345703
61.225685119629 -0.56172895431519 273.35598754883
61.478488922119 -1.0042660236359 273.24160766602
61.761688232422 -1.4278124570847 273.12673950195
62.07905960083 -1.8265482187271 273.01205444336
62.418224334717 -2.2068777084351 272.89779663086
62.791526794434 -2.5545616149902 272.78524780273
63.174179077148 -2.8919718265533 272.67330932617
63.58519744873 -3.1951518058777 272.56402587891
64.019844055176 -3.4647846221924 272.45782470703
64.466018676758 -3.7156648635864 272.35363769531
64.927780151367 -3.9379055500031 272.25268554688
65.405799865723 -4.1249852180481 272.15609741211
65.861351013184 -4.3592863082886 272.05368041992
66.308700561523 -4.6082305908203 271.94967651367
66.758331298828 -4.8529257774353 271.84616088867
67.170867919922 -5.154239654541 271.73696899414
67.599815368652 -5.4325475692749 271.62994384766
68.037460327148 -5.6974411010742 271.52423095703
68.497283935547 -5.923351764679 271.42282104492
68.91178894043 -6.2220754623413 271.31390380859
69.334541320801 -6.5093941688538 271.20602416992
69.769393920898 -6.7787175178528 271.09985351562
70.224563598633 -7.0137476921082 270.99740600586
61.00159072876 0.70187419652939 273.24584960938
61.313064575195 0.40087485313416 272.97213745117
61.689060211182 0.069527983665466 272.80587768555
62.083251953125 -0.25786352157593 272.66937255859
62.462959289551 -0.60139828920364 272.53018188477
62.89427947998 -0.89684802293777 272.44290161133
63.308280944824 -1.2065768241882 272.33245849609
63.693832397461 -1.5403513908386 272.18579101562
64.13306427002 -1.8045583963394 272.06506347656
64.598457336426 -2.0214805603027 271.93792724609
65.060127258301 -2.1986286640167 271.74545288086
65.521797180176 -2.3757767677307 271.55297851562
65.971153259277 -2.6147487163544 271.40390014648
66.422302246094 -2.8463163375854 271.25109863281
66.889961242676 -3.0057833194733 271.05758666992
67.377532958984 -3.182957649231 270.96936035156
67.872985839844 -3.3671436309814 270.92282104492
68.333786010742 -3.513756275177 270.72103881836
68.785461425781 -3.6504845619202 270.47842407227
69.237152099609 -3.7873842716217 270.23593139648
69.688873291016 -3.9248428344727 269.99380493164
70.142097473145 -4.0753221511841 269.77368164062
70.606903076172 -4.3263359069824 269.72351074219
71.079536437988 -4.531831741333 269.61404418945
71.551712036133 -4.6683430671692 269.42230224609
61.000335693359 0.55240154266357 273.88684082031
61.273448944092 0.22828948497772 273.98217773438
61.587436676025 -0.095211304724216 273.92028808594
61.917869567871 -0.39379349350929 273.83422851562
62.263084411621 -0.66997653245926 273.72644042969
62.613845825195 -0.93457448482513 273.60818481445
62.981227874756 -1.1730036735535 273.48965454102
63.371067047119 -1.3766913414001 273.37298583984
63.762119293213 -1.5847419500351 273.27285766602
64.156623840332 -1.8051923513412 273.21957397461
64.551330566406 -2.0270802974701 273.17590332031
64.946319580078 -2.251056432724 273.14614868164
65.333686828613 -2.4883675575256 273.13107299805
65.713020324707 -2.7397170066833 273.13150024414
66.114883422852 -2.9450085163116 273.17584228516
66.523956298828 -3.1355674266815 273.23416137695
66.913536071777 -3.3653101921082 273.18402099609
67.313369750977 -3.5767273902893 273.14001464844
67.725471496582 -3.7661893367767 273.10336303711
68.13565826416 -3.9583039283752 273.05966186523
68.548309326172 -4.1381282806396 273.05529785156
68.967407226562 -4.2860126495361 273.1530456543
69.399284362793 -4.4010457992554 273.2333984375
69.840202331543 -4.4947142601013 273.29458618164
70.285415649414 -4.5528044700623 273.35635375977
