58.690227508545 4.0440263748169 270.83096313477
67.834480285645 -3.6918964385986 271.48782348633
69.785980224609 -1.2156783342361 269.61221313477
69.299934387207 -1.0621829032898 273.70959472656
58.910118103027 3.6349477767944 270.84753417969
59.214393615723 3.2841274738312 270.86962890625
59.507530212402 2.9239053726196 270.89105224609
59.80871963501 2.570424079895 270.91302490234
60.116165161133 2.2224185466766 270.93542480469
60.441078186035 1.8907191753387 270.95895385742
60.773063659668 1.5661289691925 270.98294067383
61.111530303955 1.2483388185501 271.00738525391
61.451293945312 0.93195682764053 271.03189086914
61.806858062744 0.63350558280945 271.05740356445
62.160793304443 0.33311557769775 271.08279418945
62.512466430664 0.030076008290052 271.10806274414
62.870956420898 -0.26482796669006 271.13381958008
63.240077972412 -0.54624718427658 271.16021728516
63.622127532959 -0.80977314710617 271.18746948242
63.991733551025 -1.0905401706696 271.21395874023
64.373985290527 -1.353772521019 271.2412109375
64.758186340332 -1.6141349077225 271.2685546875
65.141082763672 -1.8764163255692 271.29586791992
65.527870178223 -2.1329035758972 271.32342529297
65.917221069336 -2.3854699134827 271.35110473633
66.299789428711 -2.6482269763947 271.37841796875
66.67911529541 -2.9156820774078 271.40548706055
67.071914672852 -3.1628212928772 271.43338012695
67.457229614258 -3.4215166568756 271.46087646484
59.037300109863 3.7955179214478 270.61309814453
59.413871765137 3.5018537044525 270.55200195312
59.799346923828 3.2172169685364 270.50527954102
60.190719604492 2.9395339488983 270.46630859375
60.58646774292 2.6673221588135 270.4333190918
60.982444763184 2.3953866958618 270.40090942383
61.382255554199 2.1281280517578 270.37796020508
61.783645629883 1.8629249334335 270.35903930664
62.186302185059 1.5994803905487 270.3427734375
62.591682434082 1.3400259017944 270.33126831055
63.008701324463 1.0996145009995 270.32153320312
63.431888580322 0.87028342485428 270.31219482422
63.867881774902 0.66737580299377 270.28973388672
64.314376831055 0.49070537090302 270.25466918945
64.760971069336 0.31430640816689 270.21948242188
65.210731506348 0.14705362915993 270.18032836914
65.667327880859 0.0022457626182586 270.1318359375
66.127128601074 -0.13239344954491 270.08438110352
66.591194152832 -0.2521205842495 270.03845214844
67.055198669434 -0.37185660004616 269.99200439453
67.514808654785 -0.49222701787949 269.91412353516
67.973365783691 -0.61813282966614 269.83880615234
68.431205749512 -0.75442790985107 269.77871704102
68.893180847168 -0.88423806428909 269.73971557617
69.344879150391 -1.0274113416672 269.65447998047
59.008026123047 3.797723531723 271.08099365234
59.347763061523 3.4959716796875 271.21411132812
59.712596893311 3.2148847579956 271.32403564453
60.080150604248 2.9329040050507 271.42196655273
60.45044708252 2.6534032821655 271.5166015625
60.849712371826 2.4086570739746 271.58645629883
61.24946975708 2.164589881897 271.65588378906
61.665187835693 1.9440568685532 271.70822143555
62.078128814697 1.7186670303345 271.76184082031
62.491065979004 1.4932661056519 271.81546020508
62.902111053467 1.2655050754547 271.87344360352
63.312877655029 1.0373984575272 271.93206787109
63.726016998291 0.81490361690521 271.99536132812
64.151657104492 0.62924993038177 272.08782958984
64.577239990234 0.44303825497627 272.17947387695
65.003288269043 0.25915756821632 272.27365112305
65.43212890625 0.093239106237888 272.38662719727
65.868766784668 -0.051603063941002 272.49868774414
66.295776367188 -0.15950204432011 272.67242431641
66.729461669922 -0.25590923428535 272.83618164062
67.168441772461 -0.36813768744469 272.9736328125
67.602813720703 -0.48383963108063 273.12240600586
68.034080505371 -0.60424506664276 273.2763671875
68.455917358398 -0.74952429533005 273.43493652344
68.881202697754 -0.86625909805298 273.60726928711
