69.283958435059 -1.7632948160172 268.23385620117
79.233688354492 2.9948947429657 272.04266357422
82.798606872559 0.27956628799438 272.45373535156
81.424949645996 4.310417175293 269.11328125
69.361389160156 -1.4638763666153 268.57095336914
69.636596679688 -1.2018526792526 268.8291015625
69.959037780762 -0.96243506669998 269.05242919922
70.301216125488 -0.73498219251633 269.25814819336
70.660278320312 -0.51932680606842 269.44711303711
71.031623840332 -0.31326434016228 269.62261962891
71.40699005127 -0.11061976850033 269.79345703125
71.793571472168 0.081944584846497 269.95043945312
72.178375244141 0.2761577963829 270.10968017578
72.572082519531 0.46166598796844 270.25717163086
72.970520019531 0.64219391345978 270.39794921875
73.374351501465 0.81671875715256 270.53073120117
73.782272338867 0.986403465271 270.65710449219
74.192260742188 1.1535266637802 270.78015136719
74.607582092285 1.3137743473053 270.89416503906
75.025001525879 1.4711310863495 271.00445556641
75.443717956543 1.6266927719116 271.11236572266
75.861145019531 1.7840405702591 271.22265625
76.280372619629 1.9388632774353 271.32965087891
76.703536987305 2.0878663063049 271.42910766602
77.122062683105 2.2437007427216 271.5373840332
77.543647766113 2.3950941562653 271.6399230957
77.968307495117 2.541779756546 271.73641967773
78.387886047363 2.696121931076 271.84271240234
78.811988830566 2.8436725139618 271.94036865234
69.710418701172 -1.7664868831635 268.59146118164
70.167945861816 -1.6522676944733 268.88751220703
70.648399353027 -1.5197157859802 269.13580322266
71.13249206543 -1.3864271640778 269.37649536133
71.628555297852 -1.2524574995041 269.59103393555
72.131477355957 -1.1178740262985 269.78857421875
72.640968322754 -0.98288232088089 269.96813964844
73.157234191895 -0.85563206672668 270.13348388672
73.67586517334 -0.73132348060608 270.29354858398
74.201187133789 -0.62179976701736 270.44223022461
74.725563049316 -0.51435047388077 270.59564208984
75.247978210449 -0.40932175517082 270.75723266602
75.768035888672 -0.31183531880379 270.93069458008
76.302879333496 -0.22328661382198 271.05780029297
76.841781616211 -0.13916613161564 271.169921875
77.377510070801 -0.061605423688889 271.30041503906
77.908470153809 0.011725756339729 271.45132446289
78.444244384766 0.056937552988529 271.59609985352
78.989807128906 0.11171659082174 271.69311523438
79.537155151367 0.16613954305649 271.77978515625
80.080909729004 0.20628343522549 271.89282226562
80.618858337402 0.21113337576389 272.03649902344
81.154975891113 0.19089132547379 272.185546875
81.704940795898 0.21139343082905 272.2702331543
82.245613098145 0.24321816861629 272.39956665039
69.608810424805 -1.3481507301331 268.26391601562
70.024772644043 -1.0356230735779 268.35516357422
70.479804992676 -0.7804759144783 268.43844604492
70.93399810791 -0.5275239944458 268.53231811523
71.393745422363 -0.28359550237656 268.62295532227
71.859558105469 -0.047932215034962 268.70401000977
72.313919067383 0.20539979636669 268.79598999023
72.757781982422 0.47870805859566 268.88180541992
73.217353820801 0.72977238893509 268.9514465332
73.690017700195 0.9575788974762 269.01293945312
74.160125732422 1.1920335292816 269.06872558594
74.621200561523 1.4452737569809 269.11730957031
75.098205566406 1.6670118570328 269.16616821289
75.569229125977 1.9031819105148 269.20419311523
76.046035766602 2.129111289978 269.23062133789
76.532890319824 2.3334727287292 269.24768066406
77.026809692383 2.5205206871033 269.25973510742
77.522743225098 2.7025253772736 269.2633972168
78.014686584473 2.8950800895691 269.26116943359
78.505821228027 3.0895040035248 269.25253295898
78.993278503418 3.292751789093 269.23971557617
79.472473144531 3.5144364833832 269.22180175781
79.95223236084 3.7312605381012 269.17819213867
80.435943603516 3.9403445720673 269.14077758789
80.934204101562 4.1156640052795 269.13134765625
