58.008441925049 5.2446026802063 273.88192749023
64.15983581543 -7.9859952926636 271.18444824219
69.353454589844 -2.0996649265289 269.61859130859
67.819633483887 -4.1473712921143 277.06225585938
57.983100891113 4.6915836334229 273.71649169922
58.06107711792 4.1380262374878 273.57022094727
58.182262420654 3.5898401737213 273.43350219727
58.354721069336 3.0524423122406 273.30953979492
58.539928436279 2.5185415744781 273.18890380859
58.750896453857 1.9926838874817 273.07543945312
58.971881866455 1.4703356027603 272.96487426758
59.203971862793 0.95213264226913 272.85757446289
59.457630157471 0.44280353188515 272.75686645508
59.712169647217 -0.066150143742561 272.65643310547
59.974201202393 -0.57175755500793 272.55841064453
60.228469848633 -1.0808298587799 272.45791625977
60.47790145874 -1.591983795166 272.35586547852
60.723320007324 -2.1048307418823 272.25259399414
60.967685699463 -2.61811876297 272.14901733398
61.198066711426 -3.1369721889496 272.04119873047
61.443946838379 -3.649621963501 271.93807983398
61.662391662598 -4.1728825569153 271.82678222656
61.916641235352 -4.6819553375244 271.7262878418
62.182434082031 -5.1858201026917 271.62942504883
62.459316253662 -5.6843605041504 271.53616333008
62.768451690674 -6.1655831336975 271.45394897461
63.084976196289 -6.6424441337585 271.37445068359
63.420455932617 -7.1073060035706 271.30191040039
63.810554504395 -7.5305910110474 271.25164794922
58.382125854492 5.0611867904663 273.50701904297
58.653915405273 4.6332473754883 273.26266479492
59.026309967041 4.238883972168 273.11026000977
59.409374237061 3.8503458499908 272.9697265625
59.792861938477 3.4625632762909 272.82846069336
60.190509796143 3.099609375 272.66241455078
60.596614837646 2.7541477680206 272.48028564453
61.002819061279 2.4087741374969 272.29818725586
61.414497375488 2.0683360099792 272.11944580078
61.875755310059 1.778981924057 271.97467041016
62.336948394775 1.4895654916763 271.82983398438
62.79256439209 1.194984793663 271.67791748047
63.248638153076 0.90183967351913 271.52459716797
63.717132568359 0.62533605098724 271.37799072266
64.16650390625 0.34173730015755 271.19067382812
64.613510131836 0.053562629967928 271.00469970703
65.043754577637 -0.26447579264641 270.82815551758
65.451156616211 -0.58662265539169 270.60980224609
65.837310791016 -0.91946589946747 270.36999511719
66.258399963379 -1.2563859224319 270.20684814453
66.715766906738 -1.5794947147369 270.1448059082
67.228286743164 -1.8125085830688 270.12319946289
67.75749206543 -2.0051245689392 270.13323974609
68.310943603516 -2.037180185318 270.03271484375
68.848205566406 -2.0676698684692 269.86584472656
58.213550567627 4.860809803009 274.2209777832
58.427856445312 4.3535375595093 274.27548217773
58.717601776123 3.8826680183411 274.28527832031
59.096370697021 3.4790420532227 274.29608154297
59.479198455811 3.0794086456299 274.31106567383
59.87085723877 2.6888883113861 274.33544921875
60.262516021729 2.298365354538 274.35983276367
60.654037475586 1.9078706502914 274.38549804688
61.039810180664 1.5185118913651 274.46328735352
61.419834136963 1.1318522691727 274.57543945312
61.799964904785 0.74527233839035 274.68746948242
62.193138122559 0.36921659111977 274.78991699219
62.599720001221 0.0049255616031587 274.88198852539
63.004188537598 -0.36035677790642 274.97933959961
63.373600006104 -0.73546630144119 275.150390625
63.742668151855 -1.1106709241867 275.32217407227
64.116226196289 -1.4910118579865 275.47143554688
64.500137329102 -1.8838739395142 275.53918457031
64.864616394043 -2.2861902713776 275.64743041992
65.196159362793 -2.6963465213776 275.81536865234
65.582748413086 -3.0655708312988 275.95852661133
66.014808654785 -3.3882601261139 276.08309936523
66.510223388672 -3.5451171398163 276.27035522461
66.945701599121 -3.6972687244415 276.57592773438
67.426856994629 -3.894514799118 276.76525878906
