70.197792053223 -5.103039264679 267.26251220703
78.327621459961 -0.2874644100666 269.70526123047
82.39453125 -0.47640839219093 270.55816650391
82.357666015625 1.0939909219742 268.51382446289
70.410163879395 -4.8395180702209 267.43240356445
70.660301208496 -4.5967907905579 267.58038330078
70.932487487793 -4.369384765625 267.71313476562
71.212043762207 -4.1478424072266 267.84024047852
71.507774353027 -3.9404001235962 267.95391845703
71.812454223633 -3.7417905330658 268.05944824219
72.12866973877 -3.5557885169983 268.15341186523
72.447830200195 -3.3733103275299 268.24426269531
72.772567749023 -3.1978023052216 268.32888793945
73.098213195801 -3.0234787464142 268.41247558594
73.42546081543 -2.8512785434723 268.49411010742
73.756546020508 -2.6843209266663 268.57110595703
74.085144042969 -2.5139343738556 268.65118408203
74.413772583008 -2.3435750007629 268.73120117188
74.742126464844 -2.1728489398956 268.81155395508
75.07080078125 -2.0025641918182 268.89151000977
75.398849487305 -1.8314243555069 268.97222900391
75.72582244873 -1.6588425636292 269.05422973633
76.05061340332 -1.4834202528 269.13879394531
76.378944396973 -1.3126596212387 269.21917724609
76.710166931152 -1.1459076404572 269.29602050781
77.040077209473 -0.97732645273209 269.37448120117
77.374740600586 -0.81555336713791 269.44692993164
77.668609619141 -0.60958689451218 269.55981445312
78.025299072266 -0.48813995718956 269.59777832031
70.62996673584 -4.902382850647 267.46691894531
71.080390930176 -4.7152991294861 267.64279174805
71.540054321289 -4.537606716156 267.80389404297
71.994064331055 -4.3407516479492 267.95861816406
72.447822570801 -4.1416549682617 268.11120605469
72.912948608398 -3.9528594017029 268.2409362793
73.377555847168 -3.7588558197021 268.36474609375
73.842750549316 -3.5716116428375 268.49645996094
74.314109802246 -3.3845129013062 268.60430908203
74.783073425293 -3.2023644447327 268.72964477539
75.250885009766 -3.0218951702118 268.86157226562
75.723220825195 -2.8377962112427 268.97033691406
76.194648742676 -2.6497941017151 269.07626342773
76.664016723633 -2.4548745155334 269.17883300781
77.134391784668 -2.2646653652191 269.28552246094
77.605346679688 -2.0772953033447 269.39468383789
78.079071044922 -1.900911450386 269.50994873047
78.553382873535 -1.7265620231628 269.62594604492
79.026252746582 -1.5446758270264 269.7360534668
79.504203796387 -1.3774039745331 269.84741210938
79.98356628418 -1.2144787311554 269.95916748047
80.467056274414 -1.0628002882004 270.06890869141
80.950950622559 -0.91227477788925 270.17852783203
81.43342590332 -0.7741025686264 270.30865478516
81.917358398438 -0.63767844438553 270.43521118164
70.651069641113 -4.8305044174194 267.2698059082
71.084625244141 -4.5342497825623 267.33346557617
71.528045654297 -4.2494821548462 267.37902832031
71.980903625488 -3.986775636673 267.45452880859
72.437919616699 -3.7283246517181 267.5188293457
72.89973449707 -3.4769840240479 267.57669067383
73.36450958252 -3.2300300598145 267.62951660156
73.825805664062 -2.9757163524628 267.67767333984
74.288124084473 -2.7260191440582 267.73852539062
74.755836486816 -2.4864847660065 267.79907226562
75.228340148926 -2.2561318874359 267.85791015625
75.698440551758 -2.0213112831116 267.91839599609
76.168968200684 -1.7875161170959 267.97955322266
76.642539978027 -1.5612001419067 268.04510498047
77.11595916748 -1.3345423936844 268.1106262207
77.588455200195 -1.1058238744736 268.17565917969
78.060935974121 -0.87705439329147 268.24063110352
78.53254699707 -0.64175146818161 268.28533935547
79.01155090332 -0.42198583483696 268.33053588867
79.490768432617 -0.20266471803188 268.3757019043
79.965911865234 0.028157666325569 268.40280151367
80.4384765625 0.26518392562866 268.41986083984
80.910957336426 0.50240534543991 268.43661499023
81.386924743652 0.73279798030853 268.44961547852
81.840965270996 1.0038907527924 268.45733642578
