72.658714294434 2.4294276237488 266.82989501953
75.324592590332 -5.154495716095 265.96994018555
78.055648803711 -2.0024375915527 264.78970336914
76.782768249512 -2.9408841133118 269.28131103516
72.617683410645 2.1246328353882 266.75778198242
72.667900085449 1.8165488243103 266.70812988281
72.698257446289 1.5067995786667 266.65310668945
72.7646484375 1.2010804414749 266.60803222656
72.828384399414 0.89490860700607 266.56216430664
72.894622802734 0.58916413784027 266.51702880859
72.973495483398 0.28590142726898 266.47561645508
73.057792663574 -0.016117243096232 266.4358215332
73.145111083984 -0.31739917397499 266.39697265625
73.245536804199 -0.6150626540184 266.36212158203
73.343116760254 -0.91357600688934 266.3264465332
73.44799041748 -1.2098671197891 266.29299926758
73.557807922363 -1.5045381784439 266.26113891602
73.66178894043 -1.8011173009872 266.22750854492
73.755928039551 -2.1006014347076 266.1907043457
73.872596740723 -2.3928453922272 266.16107177734
73.976692199707 -2.689386844635 266.12744140625
74.073699951172 -2.9880607128143 266.09155273438
74.161964416504 -3.2890980243683 266.05294799805
74.319328308105 -3.5626873970032 266.03747558594
74.454658508301 -3.8473722934723 266.01409912109
74.595336914062 -4.1295986175537 265.99261474609
74.750617980957 -4.4044198989868 265.9762878418
74.912864685059 -4.6753253936768 265.96255493164
75.123229980469 -4.9108781814575 265.96826171875
72.845695495605 2.3741290569305 266.62435913086
73.002304077148 2.1550378799438 266.53213500977
73.161651611328 1.9273073673248 266.47052001953
73.316131591797 1.6981682777405 266.40216064453
73.486885070801 1.4860919713974 266.31903076172
73.669219970703 1.2775620222092 266.25357055664
73.884231567383 1.0955843925476 266.21228027344
74.101943969727 0.92055815458298 266.15734863281
74.309829711914 0.73288786411285 266.10620117188
74.520454406738 0.54969048500061 266.05029296875
74.736572265625 0.37498906254768 265.98846435547
74.954437255859 0.21128623187542 265.90609741211
75.176139831543 0.050633028149605 265.82803344727
75.401229858398 -0.10431105643511 265.74819946289
75.621154785156 -0.24998545646667 265.64120483398
75.851188659668 -0.40695804357529 265.58209228516
76.093742370605 -0.54002737998962 265.51495361328
76.322120666504 -0.69420874118805 265.443359375
76.54475402832 -0.85711491107941 265.37301635742
76.767524719238 -1.0223442316055 265.30880737305
76.995407104492 -1.179955124855 265.24337768555
77.227645874023 -1.3350744247437 265.18807983398
77.457130432129 -1.4825661182404 265.10662841797
77.664115905762 -1.6507428884506 265.00698852539
77.860656738281 -1.8262538909912 264.89920043945
72.712493896484 2.218713760376 267.00604248047
72.819358825684 1.9765375852585 267.09777832031
72.958793640137 1.7395911216736 267.15216064453
73.115356445312 1.5112537145615 267.19583129883
73.268966674805 1.2821332216263 267.2453918457
73.413444519043 1.0515681505203 267.31262207031
73.56436920166 0.82759320735931 267.38751220703
73.726142883301 0.61645430326462 267.4758605957
73.887046813965 0.40718346834183 267.5700378418
74.056022644043 0.20317722856998 267.66162109375
74.230041503906 0.0026328386738896 267.75137329102
74.401962280273 -0.1992262005806 267.84225463867
74.573127746582 -0.39865034818649 267.93951416016
74.738708496094 -0.57673639059067 268.07885742188
74.920989990234 -0.74194121360779 268.2131652832
75.105026245117 -0.91728436946869 268.33120727539
75.281196594238 -1.112798333168 268.42761230469
75.454376220703 -1.3153293132782 268.51449584961
75.624656677246 -1.5187883377075 268.60485839844
75.780410766602 -1.7258484363556 268.71173095703
75.964996337891 -1.9067908525467 268.82009887695
76.149604797363 -2.0936622619629 268.91784667969
76.328552246094 -2.2902054786682 269.00677490234
76.490417480469 -2.5030615329742 269.09072875977
76.634353637695 -2.7285938262939 269.17425537109
