29.02544593811 1.8093564510345 -19.43824005127
-9.3894214630127 -2.3775217533112 -26.686145782471
-8.880970954895 -6.8735957145691 -10.751057624817
-9.6571006774902 10.293923377991 -15.683311462402
29.275871276855 1.3306640386581 -21.024383544922
29.546377182007 0.85383468866348 -22.607789993286
28.211404800415 0.54870754480362 -23.374963760376
26.539426803589 0.49247223138809 -23.28369140625
24.878494262695 0.47197920084 -23.078844070435
23.237920761108 0.49444171786308 -22.738647460938
21.579858779907 0.48502403497696 -22.498519897461
19.918478012085 0.46838596463203 -22.281147003174
18.253219604492 0.44098106026649 -22.097904205322
16.581144332886 0.3855294585228 -22.004085540771
14.909302711487 0.3315541446209 -21.905548095703
13.23611831665 0.26633709669113 -21.843078613281
11.562740325928 0.1939847022295 -21.803606033325
9.8960275650024 0.071976982057095 -21.925514221191
8.2262697219849 -0.038826670497656 -22.010757446289
6.5624151229858 -0.16856542229652 -22.158092498779
4.9346461296082 -0.35896202921867 -22.507131576538
3.3087530136108 -0.55157232284546 -22.863618850708
1.6790777444839 -0.739661693573 -23.204885482788
0.062508270144463 -0.94259142875671 -23.596200942993
-1.5219694375992 -1.1753507852554 -24.089057922363
-3.0762243270874 -1.4309589862823 -24.660585403442
-4.6539964675903 -1.6691380739212 -25.172035217285
-6.2049956321716 -1.9269779920578 -25.751310348511
-7.8148999214172 -2.1367871761322 -26.165920257568
28.433126449585 0.12510588765144 -19.313886642456
28.056522369385 -1.6240677833557 -19.357528686523
27.517301559448 -3.3132498264313 -19.148704528809
27.056896209717 -4.9738807678223 -18.692096710205
26.189868927002 -6.1777830123901 -17.751932144165
25.032615661621 -7.1107606887817 -16.78614616394
23.709369659424 -7.8886590003967 -15.867008209229
22.282899856567 -8.2710199356079 -14.855904579163
20.715309143066 -8.5105171203613 -14.057327270508
19.063673019409 -8.6649322509766 -13.385317802429
17.410316467285 -8.52086353302 -12.721055030823
15.708855628967 -8.3838634490967 -12.182906150818
14.001688957214 -8.0662775039673 -11.760367393494
12.283151626587 -7.7068619728088 -11.428753852844
10.527591705322 -7.5155305862427 -11.26894569397
8.7477931976318 -7.6400637626648 -11.133273124695
6.9657983779907 -7.6237330436707 -10.967226028442
5.1871857643127 -7.5846099853516 -10.781409263611
3.4225978851318 -7.450975894928 -10.513613700867
1.654801607132 -7.4076418876648 -10.239658355713
-0.11085254698992 -7.270411491394 -10.000317573547
-1.8763417005539 -7.0548830032349 -9.8042240142822
-3.6511628627777 -6.8517985343933 -9.6941795349121
-5.404224395752 -6.7937798500061 -9.902979850769
-7.1425976753235 -6.8336877822876 -10.327018737793
28.271919250488 3.1641998291016 -20.301387786865
27.48851776123 4.5170655250549 -21.138879776001
26.673879623413 5.9610557556152 -21.655679702759
25.84827041626 7.4995231628418 -21.96343421936
24.9898853302 8.9938268661499 -22.289598464966
23.740291595459 10.225494384766 -22.022401809692
22.376527786255 11.243967056274 -21.545118331909
20.937454223633 12.049571037292 -20.902965545654
19.341693878174 12.3180103302 -20.227550506592
17.682821273804 12.643998146057 -19.689542770386
15.966320037842 12.942602157593 -19.351406097412
14.495134353638 12.655683517456 -18.438747406006
12.829459190369 12.486666679382 -17.872825622559
11.129710197449 12.284594535828 -17.405723571777
9.3931770324707 12.198199272156 -17.154312133789
7.6199336051941 12.25253868103 -17.116540908813
5.8585758209229 12.202731132507 -16.904369354248
4.1116242408752 12.120409011841 -16.611886978149
2.3774297237396 12.002692222595 -16.254039764404
0.65907841920853 11.831645965576 -15.85063457489
-1.0315918922424 11.606498718262 -15.377851486206
-2.7914142608643 11.492166519165 -15.202257156372
-4.5625352859497 11.383690834045 -15.167025566101
-6.2958455085754 11.073446273804 -14.947742462158
-7.9820532798767 10.691866874695 -15.252340316772
