69.599327087402 -4.3505597114563 268.18463134766
77.983039855957 2.905170917511 274.94888305664
80.896743774414 -1.2243603467941 275.52743530273
81.336967468262 3.5755195617676 270.29025268555
69.419593811035 -3.9932589530945 268.52542114258
69.424217224121 -3.6113524436951 268.88711547852
69.521530151367 -3.2354533672333 269.24194335938
69.709175109863 -2.877361536026 269.57873535156
69.937942504883 -2.5319020748138 269.90301513672
70.205604553223 -2.2012715339661 270.21273803711
70.498138427734 -1.8818225860596 270.51153564453
70.809013366699 -1.5715607404709 270.80136108398
71.136161804199 -1.270237326622 271.08258056641
71.47240447998 -0.97420525550842 271.35861206055
71.828178405762 -0.69044417142868 271.62283325195
72.195037841797 -0.41419863700867 271.87979125977
72.571113586426 -0.14454109966755 272.13031005859
72.951583862305 0.12182258814573 272.37768554688
73.345970153809 0.37728378176689 272.61456298828
73.744575500488 0.62927687168121 272.84808349609
74.145629882812 0.87915652990341 273.07958984375
74.566360473633 1.1113288402557 273.29406738281
74.990196228027 1.3404158353806 273.50552368164
75.369384765625 1.6075464487076 273.7536315918
75.824516296387 1.8022273778915 273.93215942383
76.276222229004 2.0011188983917 274.11468505859
76.703674316406 2.2267034053802 274.32278442383
77.144821166992 2.4377789497375 274.51702880859
77.561111450195 2.6741490364075 274.73553466797
69.802520751953 -4.1177644729614 268.62854003906
70.0458984375 -3.7974109649658 268.9875793457
70.492301940918 -3.7220277786255 269.28402709961
70.94206237793 -3.6136722564697 269.56460571289
71.358520507812 -3.4694087505341 269.87866210938
71.777366638184 -3.3140170574188 270.18405151367
72.221496582031 -3.1639792919159 270.45449829102
72.665061950684 -3.0136897563934 270.72570800781
73.094139099121 -2.8564305305481 271.01559448242
73.536071777344 -2.6952185630798 271.283203125
73.979850769043 -2.5494160652161 271.55651855469
74.431968688965 -2.4030711650848 271.81549072266
74.874641418457 -2.2502779960632 272.08676147461
75.322158813477 -2.1237723827362 272.36358642578
75.76904296875 -2.0073685646057 272.64581298828
76.208457946777 -1.8907206058502 272.93930053711
76.680770874023 -1.7620056867599 273.17001342773
77.13890838623 -1.6566237211227 273.43817138672
77.598297119141 -1.5701992511749 273.7109375
78.06812286377 -1.4837023019791 273.96527099609
78.542808532715 -1.421280503273 274.21755981445
79.023429870605 -1.4121834039688 274.46621704102
79.496032714844 -1.4161132574081 274.72988891602
79.965995788574 -1.3622733354568 274.99285888672
80.437294006348 -1.2970305681229 275.25079345703
69.764007568359 -3.8789300918579 268.44604492188
69.996231079102 -3.4501047134399 268.72900390625
70.408554077148 -3.0711114406586 268.79333496094
70.840606689453 -2.7140502929688 268.85385131836
71.269157409668 -2.3650486469269 268.96527099609
71.713882446289 -2.0405488014221 269.08685302734
72.171775817871 -1.7384635210037 269.21710205078
72.629638671875 -1.4363006353378 269.34732055664
73.085357666016 -1.1296564340591 269.47448730469
73.537986755371 -0.81671696901321 269.59729003906
73.995864868164 -0.51105922460556 269.71890258789
74.472938537598 -0.23420339822769 269.8356628418
74.949989318848 0.042838174849749 269.95202636719
75.425109863281 0.33635351061821 270.02947998047
75.899436950684 0.63338100910187 270.09783935547
76.378273010254 0.9241783618927 270.1614074707
76.860931396484 1.2095122337341 270.22061157227
77.339988708496 1.5041729211807 270.26019287109
77.817810058594 1.8015606403351 270.29382324219
78.301116943359 2.0901522636414 270.32565307617
78.808128356934 2.3356606960297 270.34909057617
79.315139770508 2.5811719894409 270.37252807617
79.821975708008 2.8281464576721 270.37478637695
80.327140808105 3.0766952037811 270.3444519043
80.832252502441 3.3254044055939 270.31454467773
