99.46459197998 -0.93766176700592 438.68130493164
85.026359558105 -0.946741938591 446.1181640625
87.023384094238 -3.8460502624512 451.59967041016
86.80558013916 3.6869807243347 448.96347045898
99.037307739258 -1.1042902469635 438.20086669922
98.40697479248 -1.2270691394806 438.01028442383
97.746604919434 -1.3228257894516 437.94897460938
97.081756591797 -1.3923451900482 438.00045776367
96.4248046875 -1.4437130689621 438.12426757812
95.781814575195 -1.47827231884 438.31164550781
95.150779724121 -1.5023005008698 438.53717041016
94.538261413574 -1.5127799510956 438.81015014648
93.936706542969 -1.5163245201111 439.10668945312
93.344711303711 -1.5142555236816 439.421875
92.761367797852 -1.5074028968811 439.75271606445
92.193382263184 -1.492604136467 440.10913085938
91.626998901367 -1.4770328998566 440.46792602539
91.08088684082 -1.4519090652466 440.8564453125
90.54793548584 -1.4210274219513 441.26245117188
90.02222442627 -1.3870820999146 441.67755126953
89.500595092773 -1.3514541387558 442.09762573242
88.991355895996 -1.3108533620834 442.53219604492
88.482734680176 -1.2700219154358 442.96746826172
87.97664642334 -1.2281854152679 443.40560913086
87.475395202637 -1.1845083236694 443.84909057617
86.988082885742 -1.1356245279312 444.30718994141
86.448745727539 -1.1074992418289 444.70486450195
85.96573638916 -1.0570273399353 445.16741943359
85.506294250488 -0.9983172416687 445.65249633789
98.914161682129 -1.3925634622574 438.74047851562
98.229377746582 -1.5811111927032 438.79885864258
97.644859313965 -1.6727464199066 439.19427490234
97.207313537598 -1.7307025194168 439.75848388672
96.661636352539 -1.8155262470245 440.21951293945
96.127868652344 -1.8760542869568 440.69708251953
95.628486633301 -1.8971530199051 441.21411132812
95.101753234863 -1.9518121480942 441.70108032227
94.574829101562 -2.0159859657288 442.18606567383
94.086982727051 -2.1154901981354 442.70532226562
93.600898742676 -2.1957733631134 443.22958374023
93.116104125977 -2.2768592834473 443.75473022461
92.651649475098 -2.3318724632263 444.30133056641
92.205261230469 -2.399890422821 444.86129760742
91.757202148438 -2.5068180561066 445.41384887695
91.307655334473 -2.6384732723236 445.95983886719
90.869758605957 -2.7539374828339 446.51852416992
90.429618835449 -2.8012614250183 447.08541870117
89.982490539551 -2.9073903560638 447.6389465332
89.547302246094 -3.0149726867676 448.20159912109
89.126098632812 -3.1341609954834 448.77249145508
88.718238830566 -3.2753562927246 449.34802246094
88.272048950195 -3.4002311229706 449.89837646484
87.829513549805 -3.5302321910858 450.45043945312
87.426452636719 -3.6881380081177 451.02505493164
98.858489990234 -0.67979001998901 438.55288696289
98.188529968262 -0.75103449821472 438.60552978516
97.534881591797 -0.71690851449966 438.69622802734
97.157012939453 -0.50622802972794 439.21392822266
96.654289245605 -0.34504875540733 439.63619995117
96.11840057373 -0.20901240408421 440.02471923828
95.630638122559 -0.087418630719185 440.47686767578
95.116592407227 0.045957490801811 440.89541625977
94.625633239746 0.1843110024929 441.33941650391
94.142219543457 0.32256779074669 441.79162597656
93.655090332031 0.48036929965019 442.23333740234
93.16039276123 0.64502424001694 442.66394042969
92.682998657227 0.81483942270279 443.11178588867
92.202651977539 1.0079997777939 443.54684448242
91.724700927734 1.213082075119 443.97900390625
91.265197753906 1.4089852571487 444.4348449707
90.814590454102 1.595321059227 444.90328979492
90.332763671875 1.7945953607559 445.33380126953
89.891815185547 2.031350851059 445.78857421875
89.473129272461 2.2738633155823 446.2610168457
89.059425354004 2.5013163089752 446.74508666992
88.596649169922 2.6975226402283 447.19744873047
88.143074035645 2.9361200332642 447.638671875
87.698104858398 3.1952781677246 448.07699584961
87.256019592285 3.4121572971344 448.54049682617
