60.290271759033 3.9553236961365 271.06378173828
68.268363952637 -1.3242024183273 271.53414916992
69.227638244629 1.2796851396561 269.00970458984
68.636711120605 1.3530271053314 273.81436157227
60.384525299072 3.5902407169342 271.08340454102
60.58903503418 3.2731807231903 271.10385131836
60.833606719971 2.9857029914856 271.12411499023
61.079578399658 2.6994588375092 271.14437866211
61.346603393555 2.432701587677 271.16427612305
61.627468109131 2.180511713028 271.18389892578
61.91096496582 1.9313006401062 271.20343017578
62.206378936768 1.6962975263596 271.22271728516
62.507164001465 1.4682406187057 271.24179077148
62.823585510254 1.2623263597488 271.26031494141
63.14693069458 1.0674284696579 271.27847290039
63.475788116455 0.88195502758026 271.29635620117
63.809680938721 0.70568561553955 271.31399536133
64.151390075684 0.54503399133682 271.33108520508
64.495903015137 0.39045518636703 271.34802246094
64.839179992676 0.23319126665592 271.36502075195
65.19401550293 0.1039432361722 271.38101196289
65.54419708252 -0.037380442023277 271.3974609375
65.892601013184 -0.1830038279295 271.4140625
66.241851806641 -0.32660359144211 271.43060302734
66.587677001953 -0.47819522023201 271.44741821289
66.905769348145 -0.6815230846405 271.46588134766
67.238456726074 -0.85992842912674 271.48352050781
67.565093994141 -1.0492820739746 271.50152587891
67.914321899414 -1.1928082704544 271.51800537109
60.571350097656 3.8432114124298 270.84606933594
60.898448944092 3.651015996933 270.78430175781
61.219635009766 3.4410092830658 270.7112121582
61.551300048828 3.2380154132843 270.65371704102
61.871276855469 3.0357558727264 270.57257080078
62.219135284424 2.8658363819122 270.50805664062
62.581020355225 2.7219414710999 270.45278930664
62.920360565186 2.5391030311584 270.373046875
63.280822753906 2.3964335918427 270.30773925781
63.659706115723 2.3010468482971 270.27154541016
64.027839660645 2.1839733123779 270.20056152344
64.405487060547 2.099677324295 270.13079833984
64.780548095703 2.0185348987579 270.0436706543
65.159286499023 1.9579480886459 269.95516967773
65.528549194336 1.8933637142181 269.83584594727
65.899627685547 1.8392601013184 269.71868896484
66.272888183594 1.7911466360092 269.60592651367
66.653419494629 1.7607275247574 269.50988769531
67.034492492676 1.7542780637741 269.41323852539
67.409912109375 1.7104345560074 269.3046875
67.75634765625 1.6007335186005 269.2200012207
68.028045654297 1.5205006599426 269.07110595703
68.369819641113 1.4368294477463 269.07620239258
68.640022277832 1.3315411806107 269.009765625
68.902038574219 1.220095872879 269.05108642578
60.502246856689 3.9079773426056 271.23281860352
60.761566162109 3.7299847602844 271.40768432617
61.041801452637 3.5386054515839 271.53723144531
61.351692199707 3.3739986419678 271.60049438477
61.652904510498 3.1970386505127 271.70193481445
61.96781539917 3.0376770496368 271.78924560547
62.289337158203 2.8871881961823 271.87130737305
62.615242004395 2.7402729988098 271.94046020508
62.931575775146 2.5994696617126 272.05059814453
63.264038085938 2.4759714603424 272.13375854492
63.587223052979 2.3427925109863 272.23364257812
63.930110931396 2.2548227310181 272.30731201172
64.268669128418 2.156907081604 272.39703369141
64.615188598633 2.0971190929413 272.49255371094
64.95955657959 2.0367138385773 272.59487915039
65.283813476562 1.9626858234406 272.73989868164
65.636032104492 1.9482367038727 272.82858276367
65.984962463379 1.9188396930695 272.92782592773
66.338554382324 1.9067380428314 273.01358032227
66.670532226562 1.8409762382507 273.14846801758
66.994781494141 1.7671948671341 273.29699707031
67.320419311523 1.7132570743561 273.45022583008
67.666152954102 1.6739495992661 273.55038452148
68.018646240234 1.6220654249191 273.62539672852
68.35196685791 1.5312900543213 273.73867797852
