68.67081451416 -32.690593719482 328.34313964844
52.32202911377 -35.24686050415 330.95309448242
45.585430145264 -27.519762039185 338.41104125977
42.611400604248 -27.535915374756 325.70980834961
68.252990722656 -33.202850341797 328.41497802734
67.713340759277 -33.58126449585 328.50445556641
67.156616210938 -33.933322906494 328.59634399414
66.553100585938 -34.195163726807 328.6946105957
65.954055786133 -34.467086791992 328.79229736328
65.332237243652 -34.680759429932 328.89291381836
64.713737487793 -34.903957366943 328.99304199219
64.07926940918 -35.075477600098 329.09515380859
63.43383026123 -35.198600769043 329.19848632812
62.782073974609 -35.281505584717 329.30230712891
62.13387298584 -35.388832092285 329.40588378906
61.478950500488 -35.440856933594 329.50985717773
60.83081817627 -35.54810333252 329.61334228516
60.174816131592 -35.584053039551 329.71734619141
59.520622253418 -35.644306182861 329.82131958008
58.863918304443 -35.664157867432 329.92517089844
58.208202362061 -35.704982757568 330.02914428711
57.551414489746 -35.721420288086 330.13305664062
56.894729614258 -35.698841094971 330.23648071289
56.237941741943 -35.680141448975 330.33987426758
55.583644866943 -35.618377685547 330.44244384766
54.928092956543 -35.572639465332 330.54541015625
54.272850036621 -35.5224609375 330.64825439453
53.621227264404 -35.436164855957 330.75015258789
52.966800689697 -35.375888824463 330.85278320312
67.807418823242 -32.850570678711 328.81307983398
66.936347961426 -32.68546295166 329.26995849609
66.018196105957 -32.522747039795 329.62442016602
65.082725524902 -32.373859405518 329.93734741211
64.141822814941 -32.220397949219 330.23110961914
63.192119598389 -32.058898925781 330.49032592773
62.242420196533 -31.897397994995 330.74954223633
61.292949676514 -31.735363006592 331.00921630859
60.352447509766 -31.552307128906 331.28695678711
59.419612884521 -31.352727890015 331.5788269043
58.487144470215 -31.153215408325 331.87182617188
57.572959899902 -30.957244873047 332.21975708008
56.666339874268 -30.762672424316 332.58767700195
55.76891708374 -30.564447402954 332.97567749023
54.887584686279 -30.360326766968 333.39611816406
54.005340576172 -30.146823883057 333.80996704102
53.120895385742 -29.899642944336 334.19961547852
52.256790161133 -29.659889221191 334.63665771484
51.431968688965 -29.434028625488 335.15029907227
50.569831848145 -29.197658538818 335.59307861328
49.68737411499 -28.955545425415 335.99035644531
48.80492401123 -28.71343421936 336.3876953125
47.965068817139 -28.449636459351 336.85699462891
47.184844970703 -28.162330627441 337.40826416016
46.399578094482 -27.848896026611 337.93771362305
67.664436340332 -32.787055969238 328.1247253418
66.666358947754 -32.571231842041 327.94989013672
65.645133972168 -32.399463653564 327.90933227539
64.62100982666 -32.240543365479 327.90612792969
63.595672607422 -32.091178894043 327.92752075195
62.569770812988 -31.95122718811 327.97290039062
61.543891906738 -31.811107635498 328.01815795898
60.518623352051 -31.665487289429 328.05978393555
59.494327545166 -31.51184463501 328.09609985352
58.470035552979 -31.358047485352 328.1318359375
57.446182250977 -31.197757720947 328.14196777344
56.424320220947 -31.027383804321 328.1123046875
55.40531539917 -30.843952178955 328.0676574707
54.399333953857 -30.614833831787 327.96960449219
53.393371582031 -30.391389846802 327.8591003418
52.388027191162 -30.180028915405 327.72225952148
51.383094787598 -29.960842132568 327.59515380859
50.380958557129 -29.712512969971 327.50482177734
49.379528045654 -29.473072052002 327.38714599609
48.386032104492 -29.264722824097 327.17819213867
47.399608612061 -29.032188415527 326.96142578125
46.437072753906 -28.728151321411 326.72650146484
45.456756591797 -28.447261810303 326.54159545898
44.512302398682 -28.12547492981 326.26129150391
43.557926177979 -27.77752494812 326.05584716797
