86.647819519043 10.025344848633 384.71395874023
80.794128417969 -0.39818194508553 388.36389160156
83.111656188965 -5.2222270965576 385.11700439453
84.740142822266 -3.2067606449127 392.19598388672
86.188819885254 9.8937797546387 384.83889770508
85.847343444824 9.5652379989624 384.9860534668
85.467224121094 9.281042098999 385.13070678711
85.101127624512 8.9797334671021 385.27655029297
84.77880859375 8.6325759887695 385.42416381836
84.46418762207 8.2784605026245 385.57183837891
84.152038574219 7.9222726821899 385.71954345703
83.881195068359 7.533353805542 385.86642456055
83.625305175781 7.1342315673828 386.01272583008
83.394989013672 6.7192802429199 386.15747070312
83.190361022949 6.2904539108276 386.30026245117
83.016548156738 5.8472766876221 386.44009399414
82.872695922852 5.3924050331116 386.57647705078
82.742767333984 4.932991027832 386.71118164062
82.675926208496 4.4576101303101 386.83666992188
82.598899841309 3.9841938018799 386.96371459961
82.52108001709 3.5110473632812 387.09097290039
82.35871887207 3.0631415843964 387.22952270508
82.15608215332 2.6332540512085 387.37210083008
81.977340698242 2.1921730041504 387.51248168945
81.810066223145 1.7462218999863 387.65155029297
81.626617431641 1.3072195053101 387.79235839844
81.428161621094 0.87526071071625 387.93460083008
81.246223449707 0.43558293581009 388.07522583008
81.039237976074 0.0078966151922941 388.21820068359
86.425224304199 9.5174283981323 384.53991699219
86.135330200195 8.9775705337524 384.59188842773
85.942405700684 8.4012813568115 384.67913818359
85.737800598145 7.829243183136 384.76873779297
85.490005493164 7.2731604576111 384.85565185547
85.250556945801 6.7128429412842 384.93817138672
85.017776489258 6.1491465568542 385.01721191406
84.784996032715 5.5854496955872 385.09625244141
84.67081451416 4.9855422973633 385.14782714844
84.575752258301 4.3797993659973 385.19500732422
84.511077880859 3.7703092098236 385.24374389648
84.451522827148 3.1602008342743 385.2926940918
84.442825317383 2.5473372936249 385.34280395508
84.421363830566 1.936029791832 385.39520263672
84.303810119629 1.336443066597 385.46493530273
84.216270446777 0.73468345403671 385.52954101562
84.184303283691 0.12780918180943 385.53512573242
84.087036132812 -0.47776108980179 385.5051574707
84.022987365723 -1.088715672493 385.49508666992
83.928108215332 -1.6952615976334 385.5241394043
83.778831481934 -2.2918145656586 385.5188293457
83.579719543457 -2.8727977275848 385.53759765625
83.540214538574 -3.4804184436798 385.51885986328
83.460960388184 -4.0770936012268 385.39282226562
83.294395446777 -4.6517052650452 385.25592041016
86.544227600098 9.8654222488403 385.23651123047
86.379089355469 9.3737649917603 385.54629516602
86.195442199707 8.8656396865845 385.80819702148
85.983451843262 8.3323001861572 385.9967956543
85.777038574219 7.826370716095 386.25369262695
85.642120361328 7.2959008216858 386.49014282227
85.580009460449 6.7278275489807 386.68212890625
85.472137451172 6.1619391441345 386.86407470703
85.374526977539 5.6005039215088 387.0641784668
85.280860900879 5.0407772064209 387.27130126953
85.248413085938 4.484676361084 387.50299072266
85.22972869873 3.9293897151947 387.74020385742
85.200462341309 3.379198551178 387.98669433594
85.142524719238 2.8448498249054 388.26232910156
85.093727111816 2.3224556446075 388.5617980957
85.061363220215 1.8008744716644 388.8639831543
85.062370300293 1.2809431552887 389.1716003418
85.05012512207 0.76006269454956 389.4772644043
85.027053833008 0.23962986469269 389.7825012207
84.940299987793 -0.27277970314026 390.09051513672
84.88597869873 -0.77862685918808 390.41311645508
84.882774353027 -1.2741322517395 390.75869750977
84.834846496582 -1.7551834583282 391.1203918457
84.819221496582 -2.2496266365051 391.46633911133
84.756225585938 -2.7158579826355 391.84423828125
