140.83421325684 9.8725109100342 642.37463378906
142.18724060059 -6.2735590934753 644.32507324219
140.11367797852 -7.3949542045593 648.76110839844
137.40580749512 -8.2494735717773 643.40093994141
141.41361999512 9.6248989105225 642.01092529297
141.91000366211 9.1881494522095 641.70654296875
142.42028808594 8.7182779312134 641.49084472656
142.82614135742 8.1424427032471 641.34796142578
143.14630126953 7.4957962036133 641.26892089844
143.42681884766 6.8254375457764 641.23364257812
143.62803649902 6.1278915405273 641.18127441406
143.75160217285 5.4162812232971 641.22796630859
143.84628295898 4.6994395256042 641.31140136719
143.8334197998 3.984436750412 641.41693115234
143.75569152832 3.2705430984497 641.53570556641
143.59083557129 2.6017251014709 641.75915527344
143.40330505371 1.9446460008621 642.00994873047
143.2105255127 1.2869930267334 642.25445556641
142.99223327637 0.62655454874039 642.46887207031
142.77395629883 -0.033883843570948 642.68328857422
142.64932250977 -0.71301436424255 642.90582275391
142.9069519043 -1.2224411964417 642.93670654297
142.98101806641 -1.8829646110535 643.04870605469
143.2294921875 -2.4994630813599 643.04815673828
143.42147827148 -3.1267657279968 643.06634521484
143.2770690918 -3.7982580661774 643.26013183594
142.96704101562 -4.4003682136536 643.52685546875
142.68960571289 -5.0193095207214 643.78747558594
142.45483398438 -5.6602745056152 644.04016113281
141.27085876465 9.4824056625366 642.82482910156
141.57957458496 8.8375215530396 642.77844238281
141.8983001709 8.1774072647095 642.77557373047
142.08793640137 7.4676089286804 642.77020263672
142.11285400391 6.7345209121704 642.87286376953
142.26637268066 6.0113348960876 642.93621826172
142.21965026855 5.2792081832886 643.07141113281
142.18327331543 4.552065372467 643.23474121094
142.08760070801 3.8434951305389 643.44482421875
141.91177368164 3.152615070343 643.65905761719
141.73347473145 2.4699280261993 643.90142822266
141.5076751709 1.8090264797211 644.16278076172
141.32453918457 1.1407474279404 644.43609619141
141.21170043945 0.46926200389862 644.74047851562
141.06988525391 -0.2003540545702 645.03668212891
140.91441345215 -0.84529799222946 645.37109375
140.75492858887 -1.4414609670639 645.79046630859
140.6487121582 -2.1449222564697 645.99609375
140.55160522461 -2.8148322105408 646.30346679688
140.48695373535 -3.4546239376068 646.67999267578
140.43173217773 -4.0932159423828 647.06182861328
140.36470031738 -4.7336287498474 647.43859863281
140.29313659668 -5.3807983398438 647.80194091797
140.24159240723 -6.0462779998779 648.13531494141
140.17762756348 -6.7206163406372 648.44818115234
140.58416748047 9.3512620925903 642.00592041016
140.82817077637 8.7336826324463 641.70611572266
141.11038208008 8.0576705932617 641.59521484375
141.2738494873 7.3317022323608 641.56414794922
141.39054870605 6.597541809082 641.59924316406
141.37023925781 5.8692007064819 641.68951416016
141.26118469238 5.14386510849 641.81500244141
141.20567321777 4.4105253219604 641.93267822266
141.18858337402 3.6712462902069 642.01263427734
141.04962158203 2.9520382881165 642.12738037109
140.87799072266 2.2393159866333 642.25744628906
140.66412353516 1.551466345787 642.44671630859
140.4518737793 0.84896206855774 642.5595703125
140.21983337402 0.14961855113506 642.64929199219
139.90725708008 -0.50525921583176 642.81707763672
139.64221191406 -1.1838847398758 642.96295166016
139.41513061523 -1.8814769983292 643.09149169922
139.1774597168 -2.5825378894806 643.169921875
138.95301818848 -3.2894144058228 643.23541259766
138.74978637695 -4.0031318664551 643.298828125
138.50897216797 -4.7074627876282 643.29302978516
138.2417755127 -5.4005303382874 643.3291015625
137.96179199219 -6.0877747535706 643.39245605469
137.74601745605 -6.7996473312378 643.40502929688
137.56869506836 -7.5227203369141 643.40423583984
