129.94805908203 9.7317276000977 640.57165527344
134.60522460938 -0.46244165301323 646.00604248047
128.55682373047 -3.2319386005402 646.06292724609
133.87451171875 -4.3851404190063 640.30072021484
130.31623840332 9.9625358581543 640.87756347656
130.71101379395 10.0187292099 641.22857666016
131.0927734375 9.9230337142944 641.58569335938
131.45088195801 9.738226890564 641.93206787109
131.78573608398 9.4938688278198 642.2646484375
132.0895690918 9.1892423629761 642.57611083984
132.30491638184 8.7697057723999 642.82116699219
132.51582336426 8.3459329605103 643.06268310547
132.71760559082 7.9137620925903 643.29705810547
132.89050292969 7.4577350616455 643.50811767578
133.04072570801 6.985698223114 643.70050048828
133.17930603027 6.5062971115112 643.88317871094
133.30406188965 6.0188856124878 644.05432128906
133.41444396973 5.5240206718445 644.21343994141
133.51945495605 5.0264897346497 644.36785888672
133.61424255371 4.5243005752563 644.51354980469
133.69314575195 4.01567029953 644.64575195312
133.76031494141 3.5028231143951 644.76776123047
133.83084106445 2.9911262989044 644.89263916016
133.95742797852 2.5050830841064 645.06530761719
134.01567077637 1.9897456169128 645.17950439453
134.1358795166 1.5003789663315 645.34680175781
134.26782226562 1.0170129537582 645.52386474609
134.40649414062 0.53769129514694 645.70672607422
134.49992370605 0.03493769094348 645.85131835938
130.06100463867 9.5178899765015 641.08294677734
130.22909545898 9.1631107330322 641.48815917969
130.24339294434 8.7313919067383 641.84826660156
130.24685668945 8.2749443054199 642.18041992188
130.25650024414 7.7931475639343 642.47442626953
130.19413757324 7.2598743438721 642.65228271484
130.19326782227 6.7691206932068 642.91003417969
130.23797607422 6.3094935417175 643.22991943359
130.20318603516 5.7932920455933 643.45843505859
130.14447021484 5.2639665603638 643.63604736328
130.05200195312 4.7161207199097 643.74188232422
129.99310302734 4.1892638206482 643.93151855469
129.94268798828 3.6659717559814 644.13946533203
129.88568115234 3.1344001293182 644.32403564453
129.79975891113 2.6143362522125 644.52825927734
129.70701599121 2.0969915390015 644.73718261719
129.62832641602 1.5733957290649 644.93566894531
129.54481506348 1.046743273735 645.1220703125
129.41207885742 0.51715433597565 645.26971435547
129.2826385498 -0.0080623459070921 645.43408203125
129.15588378906 -0.52975636720657 645.61199951172
129.01670837402 -1.0664753913879 645.72296142578
128.87704467773 -1.6015554666519 645.84143066406
128.75271606445 -2.138659954071 645.96264648438
128.7068939209 -2.6902937889099 646.07879638672
130.52236938477 9.5843982696533 640.64123535156
130.9529876709 9.3340072631836 640.95959472656
131.01745605469 8.8041200637817 641.08868408203
131.4161529541 8.3781471252441 641.04241943359
131.70414733887 7.8467359542847 641.06597900391
131.89839172363 7.2742509841919 641.087890625
132.15530395508 6.7277708053589 641.09436035156
132.31278991699 6.1510481834412 641.09362792969
132.40342712402 5.5529446601868 641.09106445312
132.5259552002 4.9608807563782 641.08465576172
132.65921020508 4.3708491325378 641.07702636719
132.78758239746 3.7803254127502 641.05316162109
132.91287231445 3.1894896030426 641.01898193359
133.05992126465 2.6045393943787 640.97784423828
133.22372436523 2.0242433547974 640.92987060547
133.35205078125 1.4376085996628 640.85675048828
133.44827270508 0.8453956246376 640.79357910156
133.48965454102 0.24365289509296 640.74725341797
133.67384338379 -0.3265193104744 640.67608642578
133.83415222168 -0.90379041433334 640.60455322266
133.94575500488 -1.4942935705185 640.53521728516
134.07676696777 -2.0830645561218 640.49536132812
134.18174743652 -2.6761317253113 640.46722412109
134.2220916748 -3.2787537574768 640.43444824219
134.15161132812 -3.8528838157654 640.37731933594
