72.312355041504 8.8693885803223 334.56372070312
78.192268371582 -8.5492277145386 313.83746337891
87.738204956055 -15.009984970093 326.9880065918
68.605369567871 -20.422912597656 323.51174926758
72.251007080078 9.5132789611816 333.49871826172
72.244186401367 9.9613876342773 332.33636474609
72.315444946289 10.10548210144 331.10052490234
72.410636901855 10.150267601013 329.85885620117
72.545066833496 10.025790214539 328.62612915039
72.69010925293 9.8537797927856 327.40042114258
72.859573364258 9.5697212219238 326.19891357422
73.054275512695 9.1645364761353 325.03677368164
73.280197143555 8.6005163192749 323.94860839844
73.512596130371 8.0017900466919 322.88067626953
73.76432800293 7.2948822975159 321.88565063477
74.026298522949 6.5267996788025 320.94018554688
74.307739257812 5.6306757926941 320.12106323242
74.594444274902 4.6951665878296 319.34930419922
74.889953613281 3.6843631267548 318.68313598633
75.191612243652 2.6007370948792 318.14651489258
75.494689941406 1.4879325628281 317.67425537109
75.79704284668 0.39203184843063 317.16357421875
76.094734191895 -0.64100313186646 316.53317260742
76.396179199219 -1.721120595932 315.98944091797
76.694999694824 -2.7666020393372 315.38043212891
76.998435974121 -3.9095501899719 314.98739624023
77.300262451172 -4.9958758354187 314.45639038086
77.602470397949 -6.1665596961975 314.15463256836
77.904769897461 -7.3368315696716 313.85083007812
72.908660888672 9.091534614563 333.46063232422
73.392189025879 9.0689582824707 332.28298950195
74.006645202637 8.8193483352661 331.1960144043
74.560508728027 8.3101644515991 330.16970825195
75.072525024414 7.5251107215881 329.30844116211
75.6689453125 6.6066384315491 328.65817260742
76.22314453125 5.644425868988 328.03448486328
76.711494445801 4.6198897361755 327.45678710938
77.264289855957 3.5737357139587 326.98541259766
77.831253051758 2.5238854885101 326.53997802734
78.434509277344 1.4567402601242 326.19442749023
79.086524963379 0.39705258607864 325.9241027832
79.667167663574 -0.73648566007614 325.92056274414
80.294929504395 -1.8430060148239 325.98056030273
80.97599029541 -2.9185726642609 325.99453735352
81.467582702637 -4.0899753570557 325.90292358398
81.961097717285 -5.260449886322 325.8147277832
82.558624267578 -6.3807778358459 325.91482543945
83.104469299316 -7.5270957946777 326.01602172852
83.63257598877 -8.6817865371704 326.11602783203
84.183883666992 -9.8288059234619 326.16738891602
84.764015197754 -10.960263252258 326.2412109375
85.405265808105 -12.053848266602 326.36389160156
86.154991149902 -13.070576667786 326.52627563477
86.975555419922 -14.023562431335 326.72805786133
71.631210327148 8.7890882492065 333.40515136719
71.415756225586 8.5328407287598 332.09722900391
71.30387878418 8.1034860610962 330.82189941406
71.238243103027 7.5180191993713 329.60766601562
71.166397094727 6.6994543075562 328.53860473633
71.198722839355 5.6218733787537 327.72521972656
71.215263366699 4.4672245979309 327.02478027344
71.237197875977 3.2610263824463 326.41744995117
71.269065856934 2.0181815624237 325.88943481445
71.327911376953 0.76366144418716 325.39318847656
71.282012939453 -0.53894048929214 325.03985595703
71.062507629395 -1.831947684288 324.71765136719
70.710121154785 -3.1070342063904 324.44750976562
70.555290222168 -4.4383230209351 324.28024291992
70.467475891113 -5.7825036048889 324.18063354492
70.33846282959 -7.1257042884827 324.1217956543
70.109786987305 -8.4565544128418 324.09124755859
69.966903686523 -9.7982206344604 324.0295715332
69.935287475586 -11.144805908203 323.92834472656
69.903633117676 -12.491822242737 323.83462524414
69.870941162109 -13.840432167053 323.90283203125
69.809173583984 -15.189663887024 323.88803100586
69.629135131836 -16.526275634766 323.81353759766
69.367172241211 -17.846374511719 323.69845581055
69.062690734863 -19.162097930908 323.67211914062
