76.007629394531 -0.4596004486084 284.17169189453
67.83780670166 0.54233485460281 287.00595092773
63.526412963867 -0.26991346478462 283.95114135742
64.973495483398 -3.6045362949371 288.75238037109
75.866104125977 -0.20645445585251 284.36175537109
75.637077331543 -0.014973906800151 284.53884887695
75.383995056152 0.15176403522491 284.70779418945
75.100479125977 0.27971038222313 284.86184692383
74.80330657959 0.38580283522606 285.00653076172
74.497924804688 0.47641578316689 285.14428710938
74.178321838379 0.53468841314316 285.2666015625
73.854103088379 0.57969027757645 285.38217163086
73.526428222656 0.6131209731102 285.49182128906
73.196769714355 0.63903772830963 285.59747314453
72.868751525879 0.67116922140121 285.70642089844
72.537017822266 0.6879865527153 285.80731201172
72.203239440918 0.69447255134583 285.90249633789
71.869010925293 0.69831913709641 285.99624633789
71.533279418945 0.69189232587814 286.08428955078
71.198471069336 0.69208186864853 286.17599487305
70.863952636719 0.69415962696075 286.26876831055
70.528968811035 0.69313567876816 286.35980224609
70.191459655762 0.66774302721024 286.43695068359
69.854438781738 0.64913684129715 286.51806640625
69.51823425293 0.63900965452194 286.60394287109
69.181480407715 0.62347292900085 286.6867980957
68.843719482422 0.57511019706726 286.75033569336
68.512886047363 0.59605079889297 286.85339355469
68.175346374512 0.56819748878479 286.92907714844
75.574172973633 -0.26936057209969 284.08148193359
75.156181335449 -0.082844220101833 284.23138427734
74.669944763184 -0.10123205184937 284.25216674805
74.186981201172 -0.052684962749481 284.29815673828
73.703247070312 -0.0037537689786404 284.33450317383
73.21800994873 0.030581634491682 284.36740112305
72.732215881348 0.050659719854593 284.40328979492
72.245750427246 0.047205228358507 284.43600463867
71.759002685547 0.045955497771502 284.46389770508
71.271545410156 0.054150741547346 284.47125244141
70.784118652344 0.064500898122787 284.47668457031
70.296836853027 0.080386035144329 284.47525024414
69.81005859375 0.077130198478699 284.44976806641
69.327941894531 0.043488912284374 284.38534545898
68.848762512207 0.012490671128035 284.30355834961
68.36206817627 0.04043397679925 284.30520629883
67.875640869141 0.037829965353012 284.27182006836
67.389572143555 0.030545856803656 284.23425292969
66.904624938965 0.011218370869756 284.18765258789
66.418502807617 -0.011170576326549 284.15753173828
65.933067321777 -0.012889637611806 284.11187744141
65.447387695312 -0.01074933167547 284.06967163086
64.962600708008 -0.060553733259439 284.08462524414
64.477653503418 -0.10771428793669 284.06634521484
63.993949890137 -0.1528804153204 284.02478027344
75.694862365723 -0.55541861057281 284.52053833008
75.308013916016 -0.41173201799393 284.76626586914
74.888122558594 -0.49124225974083 284.99133300781
74.444206237793 -0.56976598501205 285.16567993164
73.998718261719 -0.63905739784241 285.33990478516
73.550872802734 -0.69497632980347 285.51281738281
73.102119445801 -0.77180373668671 285.67514038086
72.653678894043 -0.8525356054306 285.8362121582
72.209770202637 -0.96448081731796 285.99124145508
71.769256591797 -1.0934644937515 286.14270019531
71.329551696777 -1.2237370014191 286.29544067383
70.890724182129 -1.355161190033 286.44967651367
70.45783996582 -1.4920637607574 286.61538696289
70.038772583008 -1.644424200058 286.80187988281
69.631378173828 -1.819353222847 286.99420166016
69.203666687012 -1.9816099405289 287.15029907227
68.772773742676 -2.1380803585052 287.30352783203
68.343688964844 -2.2913415431976 287.46481323242
67.921890258789 -2.4331822395325 287.65350341797
67.504661560059 -2.5703566074371 287.85531616211
67.077087402344 -2.6956107616425 288.04272460938
66.635223388672 -2.8082592487335 288.20294189453
66.220642089844 -2.9942162036896 288.36779785156
65.810531616211 -3.1896157264709 288.5329284668
65.391738891602 -3.3697671890259 288.69354248047
