78.61563873291 -19.542259216309 330.5456237793
54.249649047852 -3.1552019119263 351.8176574707
43.488441467285 0.58125364780426 333.61123657227
39.925052642822 -17.007320404053 342.70758056641
79.001258850098 -18.88892364502 331.85766601562
78.981315612793 -18.151802062988 333.18240356445
78.791549682617 -17.395917892456 334.48297119141
78.49634552002 -16.633281707764 335.75973510742
78.104454040527 -15.867832183838 337.0085144043
77.594093322754 -15.103603363037 338.21450805664
76.955268859863 -14.347053527832 339.36279296875
76.214935302734 -13.601717948914 340.45611572266
75.392723083496 -12.869137763977 341.49838256836
74.459861755371 -12.159937858582 342.46054077148
73.447235107422 -11.472764968872 343.3557434082
72.342361450195 -10.817679405212 344.16134643555
71.204864501953 -10.176008224487 344.931640625
69.966590881348 -9.584680557251 345.5764465332
68.75772857666 -8.9770555496216 346.26083374023
67.475028991699 -8.4134864807129 346.84036254883
66.164169311523 -7.8698496818542 347.37426757812
64.823455810547 -7.3499555587769 347.85504150391
63.457916259766 -6.8523473739624 348.28704833984
62.033992767334 -6.4213032722473 348.57897949219
60.617385864258 -5.980212688446 348.89144897461
59.294895172119 -5.4460434913635 349.40423583984
58.106967926025 -4.8276839256287 350.11517333984
56.834583282471 -4.2574191093445 350.71029663086
55.477508544922 -3.7521505355835 351.15911865234
78.615303039551 -18.088861465454 331.34088134766
78.128570556641 -16.850481033325 332.3310546875
77.338829040527 -15.634840011597 333.12878417969
76.080261230469 -14.592530250549 333.41577148438
74.671783447266 -13.758992195129 333.69177246094
73.25284576416 -12.943367004395 333.96752929688
71.806869506836 -12.188709259033 334.27456665039
70.335380554199 -11.500026702881 334.61401367188
68.863899230957 -10.811347007751 334.95349121094
67.392082214355 -10.122417449951 335.29040527344
65.899658203125 -9.4181022644043 335.46755981445
64.405570983887 -8.7122459411621 335.62329101562
62.911479949951 -8.0063848495483 335.7790222168
61.417346954346 -7.3005228042603 335.93365478516
59.915748596191 -6.5940790176392 335.90322875977
58.414199829102 -5.8877191543579 335.86865234375
56.921405792236 -5.1706571578979 335.75830078125
55.444145202637 -4.4423604011536 335.55322265625
53.966896057129 -3.7140536308289 335.34805297852
52.489521026611 -2.9816279411316 335.15911865234
51.012702941895 -2.2370073795319 335.02014160156
49.522102355957 -1.5095928907394 334.95938110352
47.9792137146 -0.89803028106689 334.95275878906
46.474140167236 -0.2204667031765 334.77926635742
44.929027557373 0.19355553388596 334.33828735352
78.288108825684 -19.691562652588 332.16403198242
77.68985748291 -19.311222076416 333.66366577148
76.606742858887 -19.025974273682 334.88739013672
75.20890045166 -18.879402160645 335.77374267578
73.69108581543 -18.76406288147 336.44131469727
72.163764953613 -18.494327545166 337.03890991211
70.692741394043 -18.071701049805 337.68829345703
69.196922302246 -17.648250579834 338.27697753906
67.65168762207 -17.345066070557 338.81048583984
66.088417053223 -17.092472076416 339.31723022461
64.518707275391 -16.856159210205 339.81155395508
62.933860778809 -16.579210281372 340.23101806641
61.338401794434 -16.29648399353 340.60266113281
59.702995300293 -16.139047622681 340.85778808594
58.063735961914 -16.005411148071 341.10125732422
56.41480255127 -15.948925971985 341.30679321289
54.761913299561 -15.940508842468 341.48641967773
53.106464385986 -16.00576210022 341.62655639648
51.464149475098 -16.148996353149 341.84274291992
49.814380645752 -16.303457260132 341.98004150391
48.170875549316 -16.390636444092 342.21597290039
46.513324737549 -16.311584472656 342.31732177734
44.853462219238 -16.403924942017 342.30038452148
43.199802398682 -16.518262863159 342.42868041992
41.571186065674 -16.82333946228 342.56393432617
