59.509265899658 2.353533744812 273.07913208008
64.135299682617 -4.7267107963562 269.18933105469
69.745849609375 -1.9366343021393 267.93249511719
65.741203308105 -8.4391222000122 274.66061401367
59.257923126221 2.3772730827332 272.76123046875
59.182941436768 2.2069363594055 272.40621948242
59.212535858154 1.9600230455399 272.08572387695
59.279796600342 1.6925227642059 271.78793334961
59.380504608154 1.4097888469696 271.51467895508
59.506015777588 1.1176199913025 271.26235961914
59.642971038818 0.82165056467056 271.02062988281
59.812915802002 0.51729881763458 270.81286621094
60.019119262695 0.20847876369953 270.64938354492
60.224285125732 -0.10047756880522 270.48428344727
60.436595916748 -0.40963912010193 270.32891845703
60.665184020996 -0.71813523769379 270.19732666016
60.891906738281 -1.026867389679 270.06286621094
61.105476379395 -1.3359966278076 269.90927124023
61.267551422119 -1.6384657621384 269.69320678711
61.486335754395 -1.9458683729172 269.54946899414
61.739627838135 -2.2493233680725 269.46130371094
61.811580657959 -2.5803306102753 269.27114868164
62.033618927002 -2.8606879711151 269.1579284668
62.344505310059 -3.0989010334015 269.26477050781
62.635437011719 -3.3709044456482 269.25735473633
62.917987823486 -3.6570987701416 269.20199584961
63.222236633301 -3.9235849380493 269.18228149414
63.535423278809 -4.1818447113037 269.17807006836
63.849506378174 -4.4390563964844 269.17706298828
59.69242477417 2.4223756790161 272.62539672852
59.892116546631 2.1214470863342 272.28244018555
60.078132629395 1.7986482381821 271.95278930664
60.393909454346 1.4698964357376 271.7522277832
60.73698425293 1.1814475059509 271.53527832031
61.131046295166 0.93399387598038 271.35763549805
61.512363433838 0.67800241708755 271.16528320312
61.844314575195 0.3985687494278 270.92175292969
62.187431335449 0.25199097394943 270.59228515625
62.602249145508 0.089926287531853 270.36929321289
63.009273529053 -0.092249989509583 270.14755249023
63.385440826416 -0.32616928219795 269.91983032227
63.769981384277 -0.56035304069519 269.70687866211
64.176307678223 -0.79304355382919 269.53759765625
64.643013000488 -0.82430982589722 269.36669921875
65.110336303711 -0.80562210083008 269.19607543945
65.560401916504 -0.8719294667244 268.9934387207
66.011962890625 -0.98336905241013 268.81536865234
66.46167755127 -1.1315701007843 268.66098022461
66.907150268555 -1.3160870075226 268.5364074707
67.374015808105 -1.4743299484253 268.46517944336
67.842002868652 -1.6267819404602 268.38903808594
68.298240661621 -1.7846351861954 268.26699829102
68.782875061035 -1.8289167881012 268.16094970703
69.267692565918 -1.867446064949 268.05352783203
59.216896057129 1.9907655715942 272.88986206055
59.254169464111 1.5025421380997 272.73648071289
59.396923065186 1.047508597374 272.54791259766
59.639675140381 0.62179231643677 272.39645385742
59.808109283447 0.1426165997982 272.32165527344
60.018993377686 -0.32585829496384 272.32891845703
60.282829284668 -0.76658630371094 272.35189819336
60.558490753174 -1.2003818750381 272.36581420898
60.833713531494 -1.6330142021179 272.40356445312
61.134143829346 -2.0475857257843 272.4494934082
61.464233398438 -2.4346141815186 272.52304077148
61.785140991211 -2.813684463501 272.65505981445
62.052047729492 -3.225049495697 272.80969238281
62.340091705322 -3.6273503303528 272.94964599609
62.634624481201 -4.0278735160828 273.08071899414
62.894939422607 -4.4533767700195 273.20513916016
63.106746673584 -4.9024214744568 273.33843994141
63.383361816406 -5.3172945976257 273.46343994141
63.711235046387 -5.6966052055359 273.57681274414
63.977012634277 -6.120698928833 273.69464111328
64.271194458008 -6.5199718475342 273.83038330078
64.588104248047 -6.8959827423096 273.98068237305
64.92455291748 -7.2550749778748 274.12991333008
65.235496520996 -7.613799571991 274.32745361328
65.493370056152 -8.0055541992188 274.5380859375
