79.892242431641 -6.5888996124268 406.54083251953
91.940956115723 3.7651257514954 412.5954284668
100.04556274414 -5.7089304924011 428.19927978516
109.59511566162 -3.3922526836395 406.35894775391
79.881927490234 -5.8841533660889 406.62454223633
79.978385925293 -5.1920275688171 406.74893188477
80.14151763916 -4.5174312591553 406.89749145508
80.400535583496 -3.8820073604584 407.07904052734
80.712921142578 -3.2764961719513 407.2780456543
81.043823242188 -2.6828637123108 407.48284912109
81.413581848145 -2.1170501708984 407.69955444336
81.79564666748 -1.5609184503555 407.91995239258
82.206695556641 -1.0293711423874 408.1487121582
82.637565612793 -0.51625168323517 408.38299560547
83.086441040039 -0.021132178604603 408.62216186523
83.556350708008 0.45123100280762 408.86688232422
84.058181762695 0.88513231277466 409.11932373047
84.579406738281 1.2927601337433 409.3762512207
85.120513916016 1.670734167099 409.63732910156
85.682151794434 2.0145268440247 409.90231323242
86.255081176758 2.3376622200012 410.16906738281
86.844360351562 2.6276743412018 410.43826293945
87.450065612793 2.8797497749329 410.70922851562
88.069328308105 3.0954174995422 410.98095703125
88.697662353516 3.2828788757324 411.25277709961
89.337745666504 3.4266512393951 411.52383422852
89.978820800781 3.5662043094635 411.79470825195
90.628944396973 3.6604437828064 412.06356811523
91.284317016602 3.7184352874756 412.32995605469
80.391494750977 -6.3638978004456 407.55642700195
81.079071044922 -5.6269254684448 408.12023925781
82.018455505371 -5.507306098938 408.80026245117
82.736213684082 -5.0280365943909 409.60296630859
83.534400939941 -4.6317105293274 410.37545776367
84.365943908691 -4.2337226867676 411.11117553711
85.184967041016 -3.8650584220886 411.87200927734
86.069473266602 -3.6891114711761 412.62738037109
86.787643432617 -3.540944814682 413.55004882812
87.533935546875 -3.5473608970642 414.46102905273
88.344696044922 -3.7065069675446 415.30029296875
89.011459350586 -3.8283400535583 416.26480102539
89.73072052002 -4.053840637207 417.17196655273
90.476638793945 -4.2321681976318 418.06652832031
91.122459411621 -4.2724952697754 419.052734375
91.786849975586 -4.3362407684326 420.02517700195
92.476051330566 -4.3497629165649 420.98175048828
93.192527770996 -4.507399559021 421.90521240234
93.941184997559 -4.5863184928894 422.81311035156
94.756568908691 -4.697012424469 423.65661621094
95.629325866699 -5.0093908309937 424.38464355469
96.417930603027 -5.1642475128174 425.24765014648
97.299461364746 -5.2308168411255 426.02853393555
98.210601806641 -5.2999339103699 426.77423095703
99.126350402832 -5.5137376785278 427.486328125
80.933242797852 -6.1114068031311 406.28259277344
81.773529052734 -5.3636469841003 406.5417175293
82.862693786621 -5.4140686988831 406.90469360352
83.898498535156 -4.8343868255615 406.80941772461
84.96947479248 -4.3156728744507 406.82897949219
86.068031311035 -3.8806457519531 406.98266601562
87.183082580566 -3.4975707530975 407.14852905273
88.339866638184 -3.2633035182953 407.29516601562
89.527320861816 -3.1708817481995 407.28747558594
90.703796386719 -3.0020678043365 407.20623779297
91.882942199707 -2.9029366970062 407.07113647461
93.071083068848 -2.9155008792877 406.98596191406
94.24877166748 -2.9623038768768 406.81097412109
95.421463012695 -2.9872643947601 406.60116577148
96.597045898438 -2.9893350601196 406.40670776367
97.772445678711 -2.9539604187012 406.21612548828
98.957336425781 -2.876784324646 406.12274169922
100.13242340088 -2.91712474823 405.93231201172
101.32332611084 -2.916298866272 405.89862060547
102.50713348389 -3.0270216464996 405.82104492188
103.68977355957 -3.1715695858002 405.81771850586
104.87822723389 -3.2196946144104 405.88433837891
106.05908966064 -3.0864560604095 405.96875
107.24130249023 -3.1335353851318 406.11029052734
108.42030334473 -3.2192022800446 406.26010131836
