59.411647796631 4.1565003395081 273.85903930664
64.423286437988 -1.6454112529755 275.03533935547
72.093360900879 -1.3530786037445 270.197265625
69.355262756348 -0.79496377706528 281.95227050781
59.396869659424 3.8506848812103 273.88027954102
59.464710235596 3.5529389381409 273.91293334961
59.571929931641 3.2675588130951 273.9504699707
59.701484680176 2.9919426441193 273.99047851562
59.853054046631 2.7281472682953 274.03280639648
60.020668029785 2.4745171070099 274.07672119141
60.195507049561 2.225926399231 274.12130737305
60.388622283936 1.9915643930435 274.16744995117
60.588001251221 1.7626028060913 274.21411132812
60.791362762451 1.5372264385223 274.2610168457
61.001770019531 1.3185448646545 274.30853271484
61.21284866333 1.1005067825317 274.35604858398
61.405990600586 0.86621499061584 274.40219116211
61.609622955322 0.64111715555191 274.44918823242
61.832859039307 0.43580624461174 274.49749755859
62.080272674561 0.2608634531498 274.54705810547
62.315692901611 0.069853648543358 274.59613037109
62.550048828125 -0.1225768327713 274.64511108398
62.790935516357 -0.30666270852089 274.69439697266
63.024482727051 -0.50005888938904 274.74328613281
63.255542755127 -0.69648104906082 274.79208374023
63.474346160889 -0.90654665231705 274.8401184082
63.708957672119 -1.0985169410706 274.88906860352
63.928031921387 -1.3083845376968 274.93716430664
64.149261474609 -1.515956401825 274.98538208008
59.763530731201 3.7838099002838 273.62460327148
60.202713012695 3.4310376644135 273.58236694336
60.635192871094 3.0748062133789 273.51095581055
61.088291168213 2.7488453388214 273.42367553711
61.549160003662 2.4315319061279 273.34671020508
62.018310546875 2.1387531757355 273.23132324219
62.499847412109 1.867070555687 273.1155090332
62.963150024414 1.5675921440125 272.99368286133
63.432136535645 1.274741768837 272.87789916992
63.909297943115 1.008315205574 272.73529052734
64.406951904297 0.79153567552567 272.57867431641
64.90355682373 0.58021831512451 272.41186523438
65.391311645508 0.38409468531609 272.20495605469
65.884391784668 0.1860131919384 272.01306152344
66.372421264648 -0.017490413039923 271.81503295898
66.891387939453 -0.12327711284161 271.61877441406
67.397590637207 -0.30025532841682 271.44094848633
67.900497436523 -0.47793492674828 271.25463867188
68.397163391113 -0.655437707901 271.05218505859
68.90625 -0.8155522942543 270.86676025391
69.421493530273 -0.97099375724792 270.69485473633
69.927207946777 -1.1154927015305 270.48870849609
70.424957275391 -1.338330745697 270.34146118164
70.972030639648 -1.4449151754379 270.25015258789
71.530609130859 -1.3995543718338 270.1787109375
59.735378265381 3.9061405658722 274.20095825195
60.051948547363 3.5084893703461 274.37799072266
60.447402954102 3.2219138145447 274.61218261719
60.817546844482 2.9080848693848 274.85229492188
61.224895477295 2.6409747600555 275.08963012695
61.611015319824 2.3693037033081 275.35534667969
61.967529296875 2.0791077613831 275.64239501953
62.336986541748 1.7959544658661 275.91983032227
62.7229347229 1.5385702848434 276.19976806641
63.089809417725 1.2988990545273 276.51858520508
63.45189666748 1.0756595134735 276.85440063477
63.824947357178 0.87051171064377 277.18951416016
64.162742614746 0.68680775165558 277.57141113281
64.521110534668 0.51933735609055 277.94186401367
64.905868530273 0.37355342507362 278.29461669922
65.288375854492 0.23458211123943 278.65255737305
65.692893981934 0.10177816450596 278.98788452148
66.102821350098 -0.017838302999735 279.32165527344
66.520820617676 -0.12311241030693 279.65014648438
66.924285888672 -0.2458830922842 279.99053955078
67.291076660156 -0.39026993513107 280.36233520508
67.656211853027 -0.58070880174637 280.71447753906
68.096778869629 -0.69096702337265 281.00872802734
68.435394287109 -0.76951426267624 281.42349243164
68.857986450195 -0.86470466852188 281.74920654297
