71.846046447754 -4.5523586273193 268.47323608398
77.307594299316 1.2427965402603 274.2412109375
82.139297485352 -2.7857992649078 273.38397216797
79.050384521484 5.6857137680054 269.32180786133
71.693367004395 -4.4881854057312 268.83963012695
71.757255554199 -4.2992506027222 269.18978881836
71.844268798828 -4.1006960868835 269.52947998047
71.956726074219 -3.8924641609192 269.85562133789
72.080848693848 -3.6801357269287 270.1748046875
72.231460571289 -3.4592487812042 270.47631835938
72.396492004395 -3.2342302799225 270.76705932617
72.561431884766 -3.0092463493347 271.05783081055
72.754890441895 -2.7772331237793 271.32452392578
72.964530944824 -2.5420019626617 271.57571411133
73.17212677002 -2.3071570396423 271.82897949219
73.401931762695 -2.0688500404358 272.05871582031
73.609329223633 -1.8340420722961 272.31216430664
73.873352050781 -1.5934880971909 272.49868774414
74.104118347168 -1.3550660610199 272.72735595703
74.371459960938 -1.1145159006119 272.90905761719
74.628761291504 -0.87404978275299 273.10488891602
74.899749755859 -0.6335716843605 273.28128051758
75.166847229004 -0.39300012588501 273.46340942383
75.470428466797 -0.15694439411163 273.58325195312
75.768493652344 0.080532893538475 273.71417236328
76.049682617188 0.32040640711784 273.87466430664
76.343490600586 0.55868166685104 274.01358032227
76.679801940918 0.77764999866486 274.04711914062
77.000823974609 1.007467508316 274.12762451172
72.181663513184 -4.6847715377808 268.73559570312
72.5263671875 -4.5646080970764 269.00134277344
72.877296447754 -4.4713425636292 269.26858520508
73.24137878418 -4.4673609733582 269.53524780273
73.59846496582 -4.4016933441162 269.80352783203
73.953437805176 -4.2920536994934 270.06018066406
74.309478759766 -4.1680054664612 270.30871582031
74.669990539551 -4.047082901001 270.5520324707
75.053382873535 -3.9189896583557 270.75302124023
75.45987701416 -3.8015711307526 270.91040039062
75.885063171387 -3.7101666927338 271.03192138672
76.304496765137 -3.6169595718384 271.17083740234
76.720123291016 -3.5263731479645 271.32232666016
77.139831542969 -3.4585933685303 271.47451782227
77.555770874023 -3.3967981338501 271.63912963867
77.97388458252 -3.3309531211853 271.79647827148
78.394889831543 -3.2593111991882 271.94323730469
78.81120300293 -3.1819608211517 272.10012817383
79.228378295898 -3.1047472953796 272.25479125977
79.647956848145 -3.0281751155853 272.40316772461
80.069953918457 -2.9521474838257 272.54476928711
80.49649810791 -2.8773131370544 272.67276000977
80.920738220215 -2.8239188194275 272.81796264648
81.345115661621 -2.7852110862732 272.96737670898
81.754806518555 -2.7398743629456 273.15179443359
71.901023864746 -4.0731778144836 268.54748535156
72.157699584961 -3.6731548309326 268.66333007812
72.467597961426 -3.297286272049 268.69677734375
72.646705627441 -2.8441948890686 268.73403930664
72.858520507812 -2.4336152076721 268.89596557617
73.101081848145 -2.0286169052124 269.02578735352
73.364974975586 -1.6313897371292 269.13626098633
73.667129516602 -1.256364107132 269.224609375
73.969688415527 -0.88145482540131 269.31192016602
74.282150268555 -0.50930416584015 269.37200927734
74.594039916992 -0.13434618711472 269.41534423828
74.904388427734 0.24308143556118 269.44631958008
75.196723937988 0.6355739235878 269.45892333984
75.456878662109 1.0499876737595 269.44140625
75.729591369629 1.4565904140472 269.44876098633
76.003890991211 1.8620475530624 269.45852661133
76.30037689209 2.2513494491577 269.47546386719
76.601402282715 2.6374247074127 269.48413085938
76.909034729004 3.0183041095734 269.4775390625
77.214866638184 3.400609254837 269.48449707031
77.52759552002 3.7767224311829 269.46252441406
77.843910217285 4.148148059845 269.42083740234
78.150169372559 4.5281171798706 269.38107299805
78.461563110352 4.9053268432617 269.35888671875
78.768486022949 5.286826133728 269.35607910156
