147.13681030273 6.3753924369812 644.52606201172
152.06300354004 -3.6478092670441 647.96844482422
146.46310424805 -6.2499904632568 650.67456054688
151.01972961426 -8.7255849838257 641.47589111328
147.55081176758 6.3489394187927 644.74224853516
147.91455078125 6.1351900100708 644.94934082031
148.24415588379 5.8620262145996 645.14398193359
148.55708312988 5.5660948753357 645.33209228516
148.8289642334 5.2226519584656 645.50335693359
149.09715270996 4.8756251335144 645.67297363281
149.3430480957 4.5079984664917 645.83288574219
149.59722900391 4.1478033065796 645.99645996094
149.82751464844 3.7673447132111 646.14947509766
150.04414367676 3.3766860961914 646.29644775391
150.23329162598 2.9675676822662 646.43072509766
150.41862487793 2.5561740398407 646.56329345703
150.5828704834 2.1329200267792 646.68609619141
150.7424621582 1.7072643041611 646.806640625
150.90408325195 1.2826581001282 646.92810058594
151.03298950195 0.84297263622284 647.03411865234
151.15153503418 0.39917969703674 647.13507080078
151.2671661377 -0.045695222914219 647.23461914062
151.38891601562 -0.48822844028473 647.33721923828
151.48760986328 -0.93891006708145 647.42852783203
151.57453918457 -1.3930909633636 647.51422119141
151.68104553223 -1.8412091732025 647.60931396484
151.77998352051 -2.2918136119843 647.70074462891
151.87510681152 -2.7435946464539 647.79040527344
151.97453308105 -3.1940350532532 647.88208007812
146.9708404541 6.0050630569458 644.89312744141
147.25816345215 5.7092986106873 645.27014160156
147.43650817871 5.2530918121338 645.49920654297
147.50141906738 4.7218308448792 645.67462158203
147.65289306641 4.25559425354 645.95660400391
147.6930847168 3.7286322116852 646.13623046875
147.7074432373 3.188579082489 646.29852294922
147.76657104492 2.6780631542206 646.53454589844
147.81253051758 2.162230014801 646.76135253906
147.8494720459 1.642972946167 646.98236083984
147.86231994629 1.13146007061 647.22320556641
147.85722351074 0.61945325136185 647.46295166016
147.83171081543 0.10566026717424 647.69482421875
147.71278381348 -0.4221525490284 647.85943603516
147.59768676758 -0.94568282365799 648.03784179688
147.49426269531 -1.4561333656311 648.25823974609
147.39083862305 -1.9665839672089 648.47863769531
147.26057434082 -2.4763879776001 648.68505859375
147.1202545166 -2.9859502315521 648.88629150391
147.00285339355 -3.5097441673279 649.06378173828
146.8765411377 -4.0231904983521 649.25756835938
146.71202087402 -4.4918947219849 649.5263671875
146.61138916016 -4.9884243011475 649.77734375
146.59527587891 -5.4610028266907 650.08758544922
146.61323547363 -5.848192691803 650.48358154297
147.47941589355 5.9829187393188 644.30328369141
147.91426086426 5.5705614089966 644.50384521484
148.11212158203 4.9973239898682 644.53979492188
148.29821777344 4.4116010665894 644.56390380859
148.51133728027 3.8195793628693 644.52966308594
148.6134185791 3.1850736141205 644.53619384766
148.87231445312 2.6427323818207 644.52111816406
149.03533935547 2.0251851081848 644.48291015625
149.21028137207 1.4099340438843 644.41937255859
149.32092285156 0.78968322277069 644.31182861328
149.38244628906 0.16561233997345 644.17065429688
149.53274536133 -0.44296008348465 644.02911376953
149.6713104248 -1.0512759685516 643.8759765625
149.78968811035 -1.6597752571106 643.70599365234
149.90257263184 -2.2689273357391 643.53576660156
149.94436645508 -2.8865122795105 643.36248779297
150.04187011719 -3.5040781497955 643.22015380859
150.17114257812 -4.1195793151855 643.08874511719
150.33753967285 -4.7165508270264 642.91809082031
150.49430847168 -5.3149046897888 642.74328613281
150.68800354004 -5.9071249961853 642.58825683594
150.89630126953 -6.4975523948669 642.44543457031
150.97229003906 -7.1349272727966 642.41137695312
151.05223083496 -7.6598925590515 642.11889648438
151.12231445312 -8.1291875839233 641.69262695312
