96.238761901855 -0.14859469234943 404.00662231445
107.41758728027 7.5112686157227 407.06777954102
110.71132659912 4.1166234016418 411.28179931641
112.02418518066 5.0642127990723 403.28741455078
96.332901000977 0.38316363096237 404.10012817383
96.541770935059 0.8779878616333 404.20834350586
96.861045837402 1.3078181743622 404.32635498047
97.239288330078 1.6859800815582 404.44717407227
97.658348083496 2.0183925628662 404.56854248047
98.068092346191 2.3622119426727 404.68984985352
98.491966247559 2.6884980201721 404.81115722656
98.916633605957 3.0137236118317 404.93240356445
99.355781555176 3.3192734718323 405.05331420898
99.810684204102 3.601131439209 405.1735534668
100.25453186035 3.8998568058014 405.29428100586
100.7140045166 4.17431640625 405.41427612305
101.17750549316 4.4420461654663 405.53396606445
101.63866424561 4.7137327194214 405.65383911133
102.10264587402 4.9806365966797 405.77349853516
102.57591247559 5.2310857772827 405.89236450195
103.0475769043 5.4844665527344 406.01141357422
103.52063751221 5.7352995872498 406.13031005859
103.99661254883 5.980676651001 406.24896240234
104.47862243652 6.2143335342407 406.3669128418
104.96482086182 6.4394187927246 406.48434448242
105.44644165039 6.673810005188 406.60241699219
105.94156646729 6.8792304992676 406.71859741211
106.43869018555 7.0799102783203 406.83444213867
106.91407775879 7.3264131546021 406.953125
96.648254394531 0.088485218584538 404.45220947266
97.184516906738 0.35456976294518 404.70855712891
97.763610839844 0.53745728731155 404.94464111328
98.346336364746 0.71906852722168 405.17254638672
98.943267822266 0.8949903845787 405.36560058594
99.540191650391 1.0709141492844 405.55868530273
100.13722991943 1.2469722032547 405.7512512207
100.73783111572 1.4274219274521 405.92797851562
101.34267425537 1.6136606931686 406.08297729492
101.9461517334 1.7972884178162 406.24600219727
102.53972625732 1.9649574756622 406.45602416992
103.13311004639 2.1322433948517 406.66674804688
103.71495819092 2.2769663333893 406.92178344727
104.29499053955 2.4198796749115 407.18182373047
104.83553314209 2.5883343219757 407.50427246094
105.38014984131 2.7518064975739 407.82241821289
105.92989349365 2.9087517261505 408.13497924805
106.46112823486 3.0722527503967 408.47497558594
106.98008728027 3.2368941307068 408.83291625977
107.48303985596 3.3847999572754 409.21981811523
108.02325439453 3.5031251907349 409.56433105469
108.59394073486 3.6050271987915 409.86172485352
109.14910125732 3.7114570140839 410.18576049805
109.68632507324 3.798148393631 410.54409790039
110.2085723877 3.9397902488708 410.90698242188
96.744049072266 0.2098183631897 403.81579589844
97.289932250977 0.55986070632935 403.84332275391
97.879791259766 0.82290858030319 403.90936279297
98.49250793457 1.0293699502945 403.96768188477
99.120834350586 1.1707475185394 404.04971313477
99.732231140137 1.3719280958176 404.13522338867
100.34332275391 1.5712214708328 404.22711181641
100.95445251465 1.7692033052444 404.32153320312
101.56932830811 1.9633769989014 404.39785766602
102.18553924561 2.1548206806183 404.47006225586
102.81394958496 2.3158493041992 404.4977722168
103.44226837158 2.4772803783417 404.52520751953
104.06938171387 2.6438300609589 404.54937744141
104.6969833374 2.8103184700012 404.54870605469
105.32364654541 2.9762842655182 404.51208496094
105.93221282959 3.1913673877716 404.44171142578
106.53754425049 3.4139754772186 404.36676025391
107.14231872559 3.6336469650269 404.27963256836
107.7483215332 3.8384718894958 404.16830444336
108.36668395996 3.9991075992584 404.05264282227
108.9934463501 4.1430277824402 403.96304321289
109.5818862915 4.3804340362549 403.82650756836
110.20899200439 4.5165104866028 403.7287902832
110.82227325439 4.6913089752197 403.60687255859
111.4241027832 4.8843717575073 403.45816040039
