52.863048553467 31.666088104248 320.16506958008
105.06755065918 -26.526399612427 383.53881835938
117.45481109619 -17.527805328369 360.10971069336
112.39572906494 -1.55735039711 380.95645141602
50.013572692871 28.60856628418 322.00909423828
48.515827178955 25.134567260742 324.56652832031
48.430088043213 21.642108917236 327.51477050781
48.841464996338 18.228744506836 330.52783203125
49.611522674561 14.899341583252 333.5647277832
50.629749298096 11.641682624817 336.60656738281
51.582843780518 8.3640565872192 339.64804077148
52.436557769775 5.0574970245361 342.68774414062
53.311283111572 1.7569669485092 345.72787475586
53.994438171387 -1.5948574542999 348.76080322266
54.93864440918 -4.8751473426819 351.80218505859
55.818351745605 -8.1741361618042 354.84237670898
57.018516540527 -11.371471405029 357.88119506836
58.615661621094 -14.414144515991 360.89392089844
61.111026763916 -16.978252410889 363.73815917969
64.150405883789 -19.137504577637 366.38250732422
67.651863098145 -20.851457595825 368.77084350586
71.369438171387 -22.30810546875 370.99765014648
75.274627685547 -23.503786087036 373.05236816406
79.32349395752 -24.464750289917 374.94549560547
83.49259185791 -25.194463729858 376.67388916016
87.656692504883 -25.934856414795 378.40997314453
91.858139038086 -26.594686508179 380.08758544922
96.202735900879 -26.876684188843 381.48168945312
100.68035888672 -26.396039962769 382.26235961914
52.1130027771 27.167362213135 321.64935302734
50.593559265137 23.35627746582 324.12271118164
50.788124084473 19.686820983887 327.21878051758
51.396884918213 15.829495429993 330.02117919922
52.063049316406 11.950368881226 332.78009033203
52.735618591309 8.0409564971924 335.49432373047
53.490547180176 4.1533641815186 338.21798706055
54.45129776001 0.33540469408035 340.97515869141
55.377559661865 -3.3623886108398 343.90274047852
56.46565246582 -7.0174283981323 346.82846069336
57.63858795166 -10.677718162537 349.71444702148
59.002834320068 -14.267004966736 352.60458374023
60.971382141113 -17.721448898315 355.30316162109
63.737644195557 -20.717399597168 357.84411621094
67.267486572266 -23.1301612854 360.03424072266
71.508934020996 -24.858432769775 361.48928833008
76.023796081543 -25.942804336548 362.72543334961
80.775245666504 -26.33794593811 363.33242797852
85.560943603516 -26.363906860352 363.76815795898
90.326889038086 -25.851263046265 363.42559814453
94.925720214844 -24.801507949829 362.50396728516
99.440032958984 -23.31848526001 361.77951049805
103.94878387451 -21.81201171875 361.0700378418
108.25700378418 -19.907989501953 360.11267089844
112.72216033936 -18.202215194702 359.60934448242
51.673404693604 29.762638092041 324.39535522461
51.092487335205 26.427526473999 327.80209350586
50.717014312744 22.810668945312 330.93902587891
50.550617218018 19.555988311768 334.46505737305
50.948883056641 16.521413803101 338.16754150391
51.438228607178 13.366714477539 341.75720214844
52.012901306152 10.18941783905 345.31274414062
52.498222351074 6.6698460578918 348.54571533203
53.215682983398 3.2622308731079 351.85467529297
54.099418640137 -0.0040523535571992 355.2646484375
55.047805786133 -3.2407119274139 358.68475341797
56.415100097656 -6.1621427536011 362.24417114258
58.313354492188 -8.8480033874512 365.74520874023
60.84806060791 -11.349041938782 368.96939086914
64.130744934082 -13.013412475586 372.05633544922
68.00870513916 -14.106297492981 374.67254638672
72.327751159668 -14.499853134155 376.73794555664
76.826622009277 -13.979341506958 378.33810424805
81.374389648438 -13.046723365784 379.57189941406
85.839454650879 -11.444488525391 380.32131958008
90.224670410156 -9.5013961791992 380.57263183594
94.692565917969 -7.7439522743225 380.4280090332
99.076766967773 -5.8103713989258 380.08920288086
103.32050323486 -3.6007304191589 379.6630859375
107.80093383789 -1.8739899396896 379.65405273438
