14.161421775818 -17.424339294434 337.7311706543
125.99432373047 -45.915699005127 379.74185180664
100.40071868896 -33.874244689941 394.9541015625
99.463104248047 -63.067607879639 379.82040405273
18.236175537109 -15.81413269043 334.40255737305
23.347780227661 -15.039679527283 332.51223754883
28.798156738281 -14.884298324585 331.72671508789
34.280639648438 -14.865955352783 331.18969726562
39.782928466797 -15.01831817627 330.96411132812
45.286521911621 -15.231079101562 330.84924316406
50.786247253418 -15.543978691101 330.91839599609
56.287750244141 -15.831532478333 330.94097900391
61.789207458496 -16.119606018066 330.96447753906
67.29224395752 -16.374347686768 330.92666625977
72.79517364502 -16.628253936768 330.88729858398
78.288803100586 -16.990169525146 331.04699707031
83.705535888672 -17.66587638855 331.78952026367
88.833992004395 -18.820558547974 333.43734741211
93.421081542969 -20.451807022095 336.00933837891
97.421531677246 -22.416208267212 339.24652099609
101.09473419189 -24.52109336853 342.77151489258
104.42490386963 -26.748359680176 346.55255126953
107.43717956543 -29.070878982544 350.53747558594
110.23546600342 -31.448945999146 354.64395141602
113.20460510254 -33.783218383789 358.65454101562
115.96772766113 -36.169788360596 362.77987670898
118.7657699585 -38.547927856445 366.88659667969
121.63626861572 -40.90803527832 370.95352172852
123.6848449707 -43.433605194092 375.39959716797
19.22599029541 -15.506026268005 337.91079711914
23.88356590271 -14.064311981201 335.34951782227
28.836402893066 -13.081713676453 333.35968017578
34.334678649902 -12.831997871399 333.14978027344
39.832794189453 -12.485285758972 333.19442749023
45.334899902344 -12.228181838989 333.30429077148
50.838920593262 -12.052642822266 333.47204589844
56.343269348145 -11.883032798767 333.63510131836
61.848148345947 -11.731818199158 333.79400634766
67.354095458984 -11.677456855774 333.97039794922
72.850158691406 -11.628561973572 334.34143066406
78.316680908203 -11.64494228363 334.99514770508
83.652900695801 -12.10707950592 336.22958374023
88.540344238281 -13.107707977295 338.55557250977
92.988250732422 -14.421566009521 341.51013183594
96.647094726562 -16.109178543091 345.26126098633
99.635215759277 -17.858911514282 349.53692626953
101.71946716309 -19.604021072388 354.32525634766
103.16580200195 -21.111940383911 359.42098999023
104.09084320068 -22.405038833618 364.6953125
104.68655395508 -23.572784423828 370.04479980469
104.89443969727 -25.275457382202 375.27850341797
104.52185821533 -27.434711456299 380.33099365234
103.34617614746 -29.858278274536 385.13668823242
102.08594512939 -31.966884613037 390.06787109375
18.956897735596 -18.988712310791 335.58590698242
23.486082077026 -17.682929992676 332.7131652832
28.793111801147 -16.969779968262 331.353515625
34.288600921631 -17.306663513184 330.75640869141
39.779125213623 -17.801176071167 330.2253112793
45.276245117188 -18.257516860962 329.74096679688
50.728748321533 -19.103639602661 329.26708984375
56.212024688721 -19.814477920532 328.95059204102
61.712436676025 -20.42725944519 328.74911499023
67.228080749512 -20.925653457642 328.71670532227
72.725471496582 -21.592205047607 328.7301940918
78.16911315918 -22.565456390381 329.02383422852
83.529792785645 -23.757766723633 329.69497680664
88.403907775879 -25.708240509033 331.44476318359
92.542877197266 -28.481212615967 333.85638427734
95.91185760498 -31.522855758667 337.02453613281
98.538383483887 -34.600708007812 340.8024597168
100.35511779785 -37.715389251709 345.00592041016
101.90599822998 -40.824375152588 349.31884765625
103.30158996582 -43.937393188477 353.68011474609
104.13864135742 -47.642314910889 357.71038818359
104.56427764893 -51.440643310547 361.71249389648
103.68579864502 -54.445125579834 366.28128051758
102.58087158203 -57.435146331787 370.80996704102
100.94523620605 -60.315975189209 375.24822998047
