61.144687652588 -2.0647478103638 280.73504638672
71.176872253418 5.4617834091187 284.1667175293
72.704750061035 0.27845087647438 287.4084777832
73.767425537109 0.96976721286774 281.01226806641
61.325592041016 -1.5980826616287 280.83013916016
61.628364562988 -1.2061105966568 280.95025634766
61.948230743408 -0.82895314693451 281.07342529297
62.244083404541 -0.43174308538437 281.19219970703
62.635768890381 -0.13460659980774 281.32653808594
62.993831634521 0.20418624579906 281.45602416992
63.355010986328 0.53946554660797 281.58602905273
63.725002288818 0.864402115345 281.71734619141
64.119194030762 1.1580789089203 281.85198974609
64.501953125 1.4671581983566 281.98513793945
64.891716003418 1.7669600248337 282.11917114258
65.275489807129 2.07470703125 282.25244140625
65.670272827148 2.367561340332 282.38714599609
66.063316345215 2.6628394126892 282.52160644531
66.475135803223 2.9301724433899 282.65829467773
66.862419128418 3.2332828044891 282.79205322266
67.267990112305 3.5103437900543 282.92807006836
67.664482116699 3.8008036613464 283.06295776367
68.058441162109 4.0947804450989 283.19757080078
68.473922729492 4.3562068939209 283.33465576172
68.899353027344 4.6005868911743 283.47265625
69.316612243652 4.8590664863586 283.60992431641
69.766403198242 5.0538325309753 283.74945068359
70.228507995605 5.2172136306763 283.88912963867
70.695938110352 5.3648643493652 284.02865600586
61.510482788086 -1.973121881485 281.11126708984
61.89086151123 -1.7790591716766 281.42974853516
62.309967041016 -1.5871652364731 281.69674682617
62.742794036865 -1.3910940885544 281.93759155273
63.183906555176 -1.1820026636124 282.15084838867
63.623069763184 -0.98242485523224 282.37683105469
64.04923248291 -0.82575458288193 282.65539550781
64.476486206055 -0.67007249593735 282.93286132812
64.925651550293 -0.53039085865021 283.18286132812
65.375053405762 -0.39086645841599 283.43258666992
65.824440002441 -0.25134575366974 283.68228149414
66.30224609375 -0.18696665763855 283.90859985352
66.782211303711 -0.12982867658138 284.1325378418
67.22681427002 -0.019993329420686 284.40435791016
67.670120239258 0.11308174580336 284.66806030273
68.11213684082 0.26668646931648 284.92260742188
68.552963256836 0.43123203516006 285.17233276367
69.013946533203 0.57625395059586 285.39639282227
69.5126953125 0.67115330696106 285.55700683594
69.971252441406 0.66744518280029 285.82675170898
70.422134399414 0.65360081195831 286.11010742188
70.877296447754 0.65769523382187 286.38684082031
71.329483032227 0.58392810821533 286.65823364258
71.782234191895 0.48897537589073 286.92236328125
72.235549926758 0.35738763213158 287.16915893555
61.593948364258 -1.9286916255951 280.53564453125
62.06995010376 -1.7438851594925 280.50473022461
62.529155731201 -1.5201284885406 280.53765869141
62.990535736084 -1.3030036687851 280.58255004883
63.453357696533 -1.0907084941864 280.63494873047
63.922992706299 -0.89517211914062 280.69171142578
64.400047302246 -0.72014880180359 280.75350952148
64.878387451172 -0.54763811826706 280.81219482422
65.363105773926 -0.3886122405529 280.85452270508
65.847839355469 -0.22961056232452 280.89672851562
66.33358001709 -0.072120025753975 280.93255615234
66.822135925293 0.079972170293331 280.94677734375
67.317604064941 0.2073430866003 280.92907714844
67.816139221191 0.32059356570244 280.90325927734
68.312156677246 0.44393521547318 280.93133544922
68.805648803711 0.57188534736633 280.97741699219
69.292266845703 0.70838642120361 281.05862426758
69.761871337891 0.9107283949852 281.07977294922
70.24974822998 1.0529898405075 281.14028930664
70.752548217773 1.1248710155487 281.20330810547
71.263832092285 1.1260339021683 281.22616577148
71.773132324219 1.172111749649 281.20526123047
72.283760070801 1.1986443996429 281.18118286133
72.79451751709 1.1910384893417 281.14855957031
73.302307128906 1.1663889884949 281.08908081055
