60.201972961426 2.6820890903473 269.83129882812
67.430618286133 0.64472985267639 271.33581542969
70.516380310059 2.1115946769714 269.1198425293
69.484718322754 3.0790002346039 273.43231201172
60.3645362854 2.4361135959625 269.89334106445
60.586055755615 2.2421135902405 269.95803833008
60.830543518066 2.0778493881226 270.02239990234
61.091503143311 1.9406641721725 270.0856628418
61.353176116943 1.805025100708 270.14889526367
61.62894821167 1.6995964050293 270.21017456055
61.904781341553 1.5943341255188 270.271484375
62.183017730713 1.4953566789627 270.3323059082
62.466484069824 1.4116612672806 270.39184570312
62.756530761719 1.3523322343826 270.44906616211
63.047023773193 1.2950092554092 270.50604248047
63.335029602051 1.2272415161133 270.56408691406
63.628410339355 1.1849547624588 270.6194152832
63.921821594238 1.142937541008 270.67477416992
64.214897155762 1.0989235639572 270.73034667969
64.510429382324 1.0721092224121 270.78384399414
64.80655670166 1.0511472225189 270.83666992188
65.103271484375 1.0374298095703 270.88858032227
65.39916229248 1.0140784978867 270.9416809082
65.695495605469 1.0011456012726 270.99340820312
65.976684570312 0.91038191318512 271.05355834961
66.270980834961 0.87567102909088 271.10800170898
66.562873840332 0.82519978284836 271.16430664062
66.85319519043 0.76705342531204 271.22134399414
67.147171020508 0.72859740257263 271.27627563477
60.562881469727 2.550567150116 269.71331787109
60.947010040283 2.4302587509155 269.71041870117
61.341205596924 2.3497989177704 269.72613525391
61.738151550293 2.2862470149994 269.74899291992
62.135963439941 2.2283384799957 269.77172851562
62.534915924072 2.1776497364044 269.79165649414
62.934196472168 2.1284997463226 269.80853271484
63.332263946533 2.0708465576172 269.82629394531
63.73363494873 2.0388662815094 269.82800292969
64.135467529297 2.0157423019409 269.81872558594
64.536270141602 2.0155172348022 269.78039550781
64.936424255371 1.9926109313965 269.74237060547
65.33878326416 1.9840234518051 269.73669433594
65.732429504395 1.9594610929489 269.65585327148
66.131561279297 1.9331706762314 269.60971069336
66.531402587891 1.9184719324112 269.56457519531
66.93155670166 1.9151813983917 269.51992797852
67.331466674805 1.9164307117462 269.47305297852
67.731948852539 1.9205105304718 269.43148803711
68.13272857666 1.9252759218216 269.39315795898
68.528961181641 1.9147726297379 269.32232666016
68.926109313965 1.9140955209732 269.25607299805
69.326080322266 1.9392827749252 269.21722412109
69.725646972656 1.9882711172104 269.20877075195
70.121910095215 2.0480608940125 269.16970825195
60.496463775635 2.6114935874939 270.07083129883
60.854965209961 2.5184104442596 270.18499755859
61.219841003418 2.4684836864471 270.30609130859
61.592105865479 2.4402723312378 270.41073608398
61.965339660645 2.4162178039551 270.51290893555
62.336196899414 2.3956155776978 270.62411499023
62.709476470947 2.371212720871 270.72592163086
63.074596405029 2.3381681442261 270.85198974609
63.445362091064 2.3299701213837 270.96502685547
63.819789886475 2.3368606567383 271.06533813477
64.190399169922 2.3719303607941 271.17343139648
64.550308227539 2.3784072399139 271.31741333008
64.916145324707 2.3988959789276 271.44412231445
65.273345947266 2.4429280757904 271.58822631836
65.615264892578 2.5015554428101 271.76138305664
65.952415466309 2.560617685318 271.94351196289
66.297241210938 2.605137348175 272.11508178711
66.650459289551 2.6547834873199 272.26705932617
67.005210876465 2.7060635089874 272.41488647461
67.365730285645 2.7289972305298 272.5556640625
67.710601806641 2.7786221504211 272.72576904297
68.060569763184 2.8434014320374 272.87951660156
68.430450439453 2.8915212154388 272.9853515625
68.796813964844 2.9374971389771 273.10354614258
69.140769958496 3.0082497596741 273.26791381836
