50.890033721924 8.4740314483643 262.59420776367
56.923271179199 3.0735256671906 263.28747558594
61.907379150391 4.9304494857788 261.43322753906
59.552772521973 3.9521660804749 267.26495361328
50.876628875732 8.1496658325195 262.53414916992
50.909427642822 7.8246626853943 262.48651123047
51.021106719971 7.5148649215698 262.46282958984
51.147911071777 7.2106018066406 262.44421386719
51.305038452148 6.920401096344 262.43627929688
51.509410858154 6.6612977981567 262.44653320312
51.721214294434 6.408401966095 262.45986938477
51.94856262207 6.1698207855225 262.47985839844
52.182350158691 5.9378709793091 262.50280761719
52.433029174805 5.7252287864685 262.53363037109
52.689037322998 5.519446849823 262.56713867188
52.954532623291 5.3269643783569 262.60546875
53.221992492676 5.1374335289001 262.64486694336
53.491790771484 4.9515337944031 262.68557739258
53.766948699951 4.7743535041809 262.72918701172
54.047454833984 4.6066026687622 262.77590942383
54.326438903809 4.4360852241516 262.82174682617
54.609493255615 4.2731213569641 262.87002563477
54.901584625244 4.1289753913879 262.92401123047
55.18563079834 3.967916727066 262.97283935547
55.468402862549 3.8044021129608 263.02093505859
55.756595611572 3.6517288684845 263.07232666016
56.051513671875 3.514226436615 263.12823486328
56.347545623779 3.3794660568237 263.18490600586
56.639827728271 3.2357592582703 263.23901367188
51.136318206787 8.159460067749 262.37884521484
51.393707275391 7.7890853881836 262.31143188477
51.801555633545 7.5881505012512 262.27062988281
52.195854187012 7.3598818778992 262.20071411133
52.619823455811 7.17396068573 262.18908691406
53.059761047363 7.0271935462952 262.16845703125
53.493556976318 6.8651986122131 262.13528442383
53.932334899902 6.7130465507507 262.14074707031
54.376766204834 6.5783362388611 262.14483642578
54.822944641113 6.4495329856873 262.14868164062
55.270748138428 6.3263735771179 262.15240478516
55.716075897217 6.1958699226379 262.1708984375
56.164070129395 6.076630115509 262.16687011719
56.615242004395 5.9727821350098 262.13174438477
57.066547393799 5.8798108100891 262.07357788086
57.517032623291 5.7823295593262 262.01644897461
57.969825744629 5.6912341117859 261.98318481445
58.427593231201 5.6155261993408 261.99392700195
58.87801361084 5.5157408714294 261.94033813477
59.327098846436 5.4000687599182 261.92861938477
59.774620056152 5.2802720069885 261.92327880859
60.173458099365 5.1787929534912 261.7688293457
60.607948303223 5.1393718719482 261.82290649414
61.002101898193 5.0441331863403 261.60754394531
61.454738616943 4.9872913360596 261.52038574219
51.055541992188 8.1334133148193 262.77548217773
51.256546020508 7.7738590240479 262.8440246582
51.56014251709 7.532949924469 263.03079223633
51.925754547119 7.3305072784424 263.1357421875
52.248413085938 7.1057515144348 263.3115234375
52.562061309814 6.8743672370911 263.49221801758
52.964286804199 6.7475237846375 263.58050537109
53.328762054443 6.594087600708 263.7028503418
53.570598602295 6.3460626602173 263.94451904297
53.912891387939 6.1489572525024 264.11672973633
54.2952003479 6.0066618919373 264.25503540039
54.647342681885 5.8338613510132 264.42953491211
55.027484893799 5.7224168777466 264.58084106445
55.414649963379 5.627028465271 264.73107910156
55.77579498291 5.4875731468201 264.91787719727
56.149208068848 5.3690028190613 265.0959777832
56.501564025879 5.2200675010681 265.29431152344
56.831115722656 5.0600872039795 265.52108764648
57.177417755127 4.9107189178467 265.72735595703
57.541007995605 4.7717547416687 265.91207885742
57.884212493896 4.5900583267212 266.09881591797
58.183715820312 4.4376630783081 266.36679077148
58.477436065674 4.2516679763794 266.6213684082
58.825157165527 4.1292128562927 266.83908081055
59.188617706299 4.033173084259 267.04931640625
