56.887378692627 -34.366939544678 333.78311157227
65.938819885254 -12.737194061279 339.13290405273
55.56653213501 -14.954015731812 333.17880249023
57.119384765625 -17.991979598999 345.22332763672
57.893501281738 -34.133762359619 333.71447753906
58.817203521729 -33.6682472229 333.72836303711
59.725242614746 -33.172080993652 333.75369262695
60.566833496094 -32.573322296143 333.81967163086
61.378253936768 -31.935955047607 333.90158081055
62.123622894287 -31.226787567139 334.01461791992
62.860988616943 -30.509798049927 334.1311340332
63.542705535889 -29.7435131073 334.27053833008
64.160591125488 -28.929237365723 334.43344116211
64.726737976074 -28.081676483154 334.61361694336
65.201019287109 -27.185485839844 334.82150268555
65.651321411133 -26.27854347229 335.03598022461
66.015785217285 -25.33904838562 335.27230834961
66.332359313965 -24.385164260864 335.51977539062
66.587707519531 -23.416496276855 335.78021240234
66.805335998535 -22.440662384033 336.04806518555
67.041595458984 -21.468202590942 336.31231689453
67.108154296875 -20.477809906006 336.60562133789
67.12646484375 -19.487373352051 336.90560913086
67.064872741699 -18.501682281494 337.21533203125
66.922012329102 -17.527006149292 337.53295898438
66.689392089844 -16.5719165802 337.85705566406
66.441841125488 -15.621334075928 338.18188476562
66.430351257324 -14.631942749023 338.48574829102
66.103065490723 -13.707901954651 338.81353759766
56.98526763916 -33.656761169434 333.3583984375
57.393760681152 -32.956676483154 333.15112304688
57.810390472412 -32.238212585449 333.04870605469
58.2174949646 -31.510963439941 332.9736328125
58.592700958252 -30.765350341797 332.91397094727
58.942707061768 -30.008716583252 332.84133911133
59.224361419678 -29.227958679199 332.73516845703
59.500484466553 -28.442739486694 332.64883422852
59.770500183105 -27.652986526489 332.58856201172
59.966976165771 -26.840301513672 332.55895996094
60.064960479736 -26.010576248169 332.51824951172
59.585903167725 -25.357149124146 332.39953613281
58.865039825439 -24.938302993774 332.34805297852
58.292346954346 -24.336082458496 332.31039428711
57.991374969482 -23.567493438721 332.19989013672
57.950565338135 -22.737012863159 332.12805175781
57.780288696289 -21.925073623657 332.23745727539
57.577381134033 -21.121307373047 332.35147094727
57.340770721436 -20.327440261841 332.4700012207
57.126125335693 -19.526885986328 332.58532714844
56.937255859375 -18.719856262207 332.6943359375
56.980583190918 -17.890176773071 332.60083007812
56.792209625244 -17.081539154053 332.70156860352
56.46586227417 -16.328321456909 332.86334228516
56.042652130127 -15.623980522156 333.02151489258
57.060546875 -34.225639343262 334.60049438477
57.533103942871 -33.676319122314 335.04748535156
57.96607208252 -33.041542053223 335.41439819336
58.405055999756 -32.411602020264 335.78247070312
58.830451965332 -31.771089553833 336.14828491211
59.246471405029 -31.123506546021 336.51239013672
59.617897033691 -30.435125350952 336.84866333008
59.916625976562 -29.75440788269 337.26336669922
60.225509643555 -29.098306655884 337.70953369141
60.466899871826 -28.369049072266 338.07556152344
60.579399108887 -27.663679122925 338.53723144531
60.222549438477 -27.237730026245 339.17416381836
59.596782684326 -26.96325302124 339.68115234375
59.104389190674 -26.478200912476 340.17721557617
58.932029724121 -25.824886322021 340.69317626953
58.872802734375 -25.142738342285 341.19915771484
58.808670043945 -24.355285644531 341.51507568359
58.876239776611 -23.579719543457 341.8596496582
58.86608505249 -22.865682601929 342.32327270508
58.686302185059 -22.170402526855 342.78063964844
58.51685333252 -21.459573745728 343.21771240234
58.321941375732 -20.731086730957 343.61303710938
58.036712646484 -20.021207809448 343.98657226562
57.805244445801 -19.320545196533 344.41122436523
57.45231628418 -18.646066665649 344.7917175293
