60.841865539551 -0.78541362285614 280.30206298828
73.756019592285 6.6518926620483 285.75570678711
73.771530151367 -1.4230916500092 289.92263793945
76.622741699219 -0.14009045064449 280.74649047852
61.121196746826 -0.25222846865654 280.46530151367
61.498664855957 0.20702300965786 280.65417480469
61.914077758789 0.62831372022629 280.85171508789
62.362174987793 1.0110810995102 281.05618286133
62.815784454346 1.3867080211639 281.26165771484
63.291473388672 1.7315680980682 281.47116088867
63.779815673828 2.0569286346436 281.68273925781
64.2783203125 2.3654313087463 281.89584350586
64.786041259766 2.6575825214386 282.11026000977
65.290893554688 2.9549520015717 282.32424926758
65.805244445801 3.2346577644348 282.53945922852
66.315994262695 3.5211975574493 282.75424194336
66.832733154297 3.7962543964386 282.96969604492
67.356300354004 4.0574321746826 283.18588256836
67.851982116699 4.3707304000854 283.39859008789
68.371223449707 4.6407356262207 283.61431884766
68.867164611816 4.9536075592041 283.82705688477
69.372337341309 5.2503743171692 284.04116821289
69.890754699707 5.522066116333 284.2568359375
70.40234375 5.8070664405823 284.4716796875
70.929046630859 6.061646938324 284.68817138672
71.464920043945 6.2956414222717 284.90536499023
72.018119812012 6.484365940094 285.12319946289
72.58309173584 6.6349945068359 285.34048461914
73.167289733887 6.6871819496155 285.55261230469
61.223171234131 -0.67357724905014 280.79580688477
61.709022521973 -0.52863371372223 281.17755126953
62.217926025391 -0.3795106112957 281.52590942383
62.762706756592 -0.30387511849403 281.84268188477
63.308795928955 -0.23188957571983 282.15802001953
63.850528717041 -0.16926217079163 282.48275756836
64.389266967773 -0.11275628209114 282.81353759766
64.92049407959 -0.069492481648922 283.15817260742
65.444839477539 -0.037621363997459 283.51440429688
65.968521118164 -0.018104365095496 283.87249755859
66.486991882324 -0.052587799727917 284.23693847656
67.000671386719 -0.07571192830801 284.60900878906
67.500160217285 -0.067020915448666 285.00048828125
67.99934387207 -0.057657662779093 285.39239501953
68.484825134277 -0.038021888583899 285.80072021484
68.959838867188 -0.010857781395316 286.22079467773
69.44206237793 0.014792824164033 286.63269042969
69.953025817871 0.033107955008745 287.00860595703
70.471244812012 0.04216343164444 287.37493896484
70.97679901123 -0.10072036087513 287.72891235352
71.370712280273 -0.36459237337112 288.14929199219
71.852363586426 -0.57335209846497 288.50482177734
72.341514587402 -0.77683329582214 288.85433959961
72.835433959961 -0.97629255056381 289.19946289062
73.33203125 -1.1577078104019 289.55059814453
61.386714935303 -0.54914277791977 280.12045288086
61.95287322998 -0.30291479825974 280.20849609375
62.549488067627 -0.1404272466898 280.28985595703
63.159973144531 -0.05380005016923 280.38507080078
63.768890380859 0.030735790729523 280.49151611328
64.379760742188 0.11047188192606 280.59020996094
64.992408752441 0.18565386533737 280.68118286133
65.605201721191 0.26383700966835 280.7685546875
66.218307495117 0.34629371762276 280.84921264648
66.837562561035 0.41211783885956 280.88735961914
67.457504272461 0.47498723864555 280.91806030273
68.079574584961 0.52184724807739 280.90817260742
68.70166015625 0.56838423013687 280.89822387695
69.324607849121 0.60134744644165 280.9084777832
69.947608947754 0.63153612613678 280.92321777344
70.568588256836 0.68842494487762 280.94354248047
71.189056396484 0.75022429227829 280.96499633789
71.807693481445 0.79039913415909 281.03524780273
72.426963806152 0.8332906961441 281.0979309082
73.048477172852 0.87109816074371 281.06524658203
73.63062286377 0.64833557605743 281.03842163086
74.207481384277 0.43900111317635 280.92587280273
74.815628051758 0.3012393116951 280.90496826172
75.428825378418 0.19212803244591 280.86825561523
76.037048339844 0.059849984943867 280.82540893555
