151.73820495605 19.471940994263 645.544921875
160.42301940918 -4.7660450935364 648.51336669922
152.27514648438 -7.702085018158 652.45239257812
156.4401550293 -8.2546615600586 640.08337402344
152.69041442871 19.360595703125 645.93151855469
153.48278808594 18.765558242798 646.24096679688
154.12585449219 17.986669540405 646.48510742188
154.70109558105 17.148555755615 646.70013427734
155.19688415527 16.253452301025 646.88140869141
155.63790893555 15.325801849365 647.03936767578
156.03929138184 14.377660751343 647.1806640625
156.4132232666 13.416745185852 647.31048583984
156.75677490234 12.44291973114 647.42755126953
157.08952331543 11.464819908142 647.54010009766
157.39622497559 10.477066993713 647.64178466797
157.68711853027 9.4838829040527 647.73687744141
157.96231079102 8.4856367111206 647.82543945312
158.21917724609 7.4818654060364 647.90637207031
158.47520446777 6.4778518676758 647.98687744141
158.71719360352 5.469925403595 648.06164550781
158.94012451172 4.4570536613464 648.12847900391
159.14306640625 3.4394733905792 648.18695068359
159.32591247559 2.4176485538483 648.23712158203
159.51289367676 1.3966611623764 648.28912353516
159.70159912109 0.37603119015694 648.34185791016
159.87855529785 -0.646948158741 648.38952636719
160.01364135742 -1.6769456863403 648.42010498047
160.16305541992 -2.7047719955444 648.45654296875
160.30485534668 -3.7337834835052 648.48980712891
151.88101196289 18.812698364258 646.37316894531
151.94152832031 17.73589515686 646.50085449219
152.04560852051 16.727128982544 646.90405273438
152.18577575684 15.713877677917 647.28356933594
152.25895690918 14.67706489563 647.61645507812
152.32096862793 13.626894950867 647.90612792969
152.33106994629 12.565263748169 648.15826416016
152.40190124512 11.513036727905 648.43957519531
152.45288085938 10.457724571228 648.71325683594
152.46202087402 9.3969535827637 648.97003173828
152.44059753418 8.3342609405518 649.2177734375
152.46298217773 7.2744274139404 649.47772216797
152.49508666992 6.2101693153381 649.71783447266
152.52201843262 5.141188621521 649.93670654297
152.52847290039 4.0745010375977 650.16796875
152.52279663086 3.003898859024 650.38006591797
152.49032592773 1.9265093803406 650.55187988281
152.44027709961 0.85102486610413 650.73120117188
152.41868591309 -0.22814351320267 650.89331054688
152.41955566406 -1.3082671165466 651.04943847656
152.39459228516 -2.3717525005341 651.29382324219
152.34547424316 -3.4383790493011 651.52020263672
152.31089782715 -4.5072312355042 651.73864746094
152.31463623047 -5.5740823745728 651.96917724609
152.29356384277 -6.6330633163452 652.23278808594
152.26792907715 18.703420639038 644.96887207031
152.51860046387 17.628824234009 644.84265136719
152.8016204834 16.579082489014 644.61376953125
153.13899230957 15.546027183533 644.38330078125
153.39614868164 14.498117446899 644.11828613281
153.59403991699 13.434420585632 643.86553955078
153.78843688965 12.35825920105 643.66876220703
154.00929260254 11.29514503479 643.43286132812
154.20021057129 10.218137741089 643.23706054688
154.42320251465 9.1441469192505 643.05987548828
154.59225463867 8.064341545105 642.85931396484
154.78260803223 6.9824628829956 642.69146728516
154.95823669434 5.8975706100464 642.52716064453
155.10119628906 4.8095488548279 642.35235595703
155.22534179688 3.7256174087524 642.14141845703
155.31747436523 2.635249376297 641.94775390625
155.40870666504 1.5460059642792 641.74761962891
155.52149963379 0.46434709429741 641.51928710938
155.60803222656 -0.62142908573151 641.30017089844
155.76222229004 -1.7154096364975 641.18090820312
155.88314819336 -2.8069760799408 641.01141357422
155.98715209961 -3.8963823318481 640.81842041016
156.07400512695 -4.9851398468018 640.61358642578
156.18505859375 -6.0723052024841 640.41204833984
156.31968688965 -7.158233165741 640.21838378906
