63.845539093018 -22.657997131348 325.22595214844
88.087860107422 0.16221368312836 332.24081420898
89.826553344727 -10.311595916748 342.02005004883
96.193954467773 -10.232930183411 323.10681152344
63.274791717529 -21.381216049194 325.18014526367
63.271144866943 -19.984493255615 325.2712097168
63.526782989502 -18.616674423218 325.41934204102
64.062675476074 -17.34009552002 325.62515258789
64.78727722168 -16.167028427124 325.8671875
65.614562988281 -15.068252563477 326.12762451172
66.541229248047 -14.056337356567 326.40493774414
67.53589630127 -13.114309310913 326.69314575195
68.531242370605 -12.173184394836 326.9814453125
69.612129211426 -11.335926055908 327.28234863281
70.692077636719 -10.497436523438 327.58316040039
71.773498535156 -9.6609010696411 327.88412475586
72.848152160645 -8.8154029846191 328.18417358398
73.979751586914 -8.0507478713989 328.49179077148
75.119934082031 -7.2994065284729 328.80053710938
76.237243652344 -6.5133128166199 329.10635375977
77.372024536133 -5.7535920143127 329.41445922852
78.518951416016 -5.0129327774048 329.72402954102
79.670471191406 -4.2796869277954 330.03421020508
80.83992767334 -3.5763168334961 330.34643554688
82.019058227539 -2.8897919654846 330.65975952148
83.191360473633 -2.1913311481476 330.97235107422
84.401344299316 -1.5624196529388 331.28890991211
85.620620727539 -0.95215249061584 331.60632324219
86.790802001953 -0.25004082918167 331.9186706543
64.32689666748 -21.548755645752 325.46725463867
64.698585510254 -20.307556152344 325.72991943359
65.481483459473 -19.919803619385 326.48651123047
66.645622253418 -20.298229217529 326.98336791992
67.54808807373 -19.531339645386 327.60064697266
68.449073791504 -18.679256439209 328.12112426758
69.490600585938 -18.020902633667 328.66900634766
70.51676940918 -17.393112182617 329.27923583984
71.530632019043 -16.801406860352 329.94595336914
72.576065063477 -16.269468307495 330.61380004883
73.623641967773 -15.769958496094 331.30264282227
74.670509338379 -15.282468795776 332.00109863281
75.682891845703 -14.783792495728 332.74188232422
76.722671508789 -14.308815002441 333.45703125
77.814529418945 -13.847792625427 334.10357666016
78.924461364746 -13.452033042908 334.76254272461
80.006355285645 -13.058072090149 335.4651184082
81.052032470703 -12.666431427002 336.22406005859
82.141616821289 -12.349160194397 336.9553527832
83.250122070312 -12.099220275879 337.67730712891
84.326385498047 -11.847036361694 338.42892456055
85.395690917969 -11.505393028259 339.17272949219
86.503410339355 -11.206944465637 339.88455200195
87.611122131348 -10.908494949341 340.5964050293
88.718841552734 -10.610045433044 341.30822753906
64.399627685547 -21.515781402588 324.92401123047
64.93921661377 -20.211072921753 324.9909362793
66.120140075684 -20.305027008057 325.29098510742
67.298355102539 -19.590509414673 325.25372314453
68.254425048828 -18.524188995361 325.29083251953
69.420875549316 -17.696327209473 325.32269287109
70.654830932617 -17.020107269287 325.54748535156
71.947700500488 -16.445255279541 325.76931762695
73.2783203125 -15.919981002808 325.85458374023
74.569915771484 -15.545577049255 325.46051025391
75.886085510254 -15.076183319092 325.47924804688
77.206092834473 -14.563222885132 325.33880615234
78.558578491211 -14.281543731689 324.96578979492
79.947395324707 -13.945424079895 324.83419799805
81.313026428223 -13.52161026001 324.74536132812
82.687347412109 -13.129219055176 324.6403503418
84.075645446777 -12.788515090942 324.51556396484
85.467323303223 -12.459755897522 324.39614868164
86.859008789062 -12.130995750427 324.27676391602
88.250061035156 -11.791128158569 324.19985961914
89.629653930664 -11.520329475403 324.03479003906
90.988998413086 -11.411190986633 323.58825683594
92.340240478516 -11.01047039032 323.42224121094
93.495491027832 -10.453080177307 323.96343994141
94.851448059082 -10.308824539185 323.60784912109
