2.2727618217468 -22.64087677002 -18.721294403076
16.47244644165 -12.6125831604 -19.32265663147
6.9866242408752 -9.0875425338745 -20.702505111694
11.549530029297 -13.400486946106 -10.940933227539
2.8977372646332 -22.868272781372 -19.048677444458
3.586971282959 -22.900819778442 -19.311527252197
4.2856721878052 -22.891416549683 -19.558921813965
4.9896082878113 -22.815656661987 -19.778331756592
5.6929926872253 -22.687629699707 -19.974039077759
6.3908004760742 -22.502412796021 -20.141988754272
7.0798916816711 -22.270084381104 -20.285614013672
7.7522921562195 -21.978651046753 -20.39662361145
8.4249744415283 -21.687837600708 -20.508020401001
9.0796232223511 -21.350425720215 -20.591949462891
9.7332038879395 -21.010549545288 -20.674402236938
10.356863975525 -20.61254119873 -20.719905853271
10.957098007202 -20.178073883057 -20.740568161011
11.549977302551 -19.733329772949 -20.75396156311
12.082062721252 -19.218807220459 -20.714069366455
12.607739448547 -18.69811630249 -20.669092178345
13.103728294373 -18.151369094849 -20.601696014404
13.583731651306 -17.59203338623 -20.522884368896
14.026194572449 -17.006500244141 -20.418756484985
14.423529624939 -16.394824981689 -20.286623001099
14.810921669006 -15.778105735779 -20.148643493652
15.145317077637 -15.138121604919 -19.981098175049
15.454933166504 -14.48989200592 -19.800928115845
15.929349899292 -13.926359176636 -19.718215942383
16.147499084473 -13.25606918335 -19.49517250061
2.3169221878052 -22.298652648926 -19.234844207764
2.5809061527252 -21.915040969849 -19.643453598022
2.94380402565 -21.535953521729 -19.97314453125
3.3392555713654 -21.151210784912 -20.2555103302
3.728307723999 -20.737939834595 -20.504472732544
4.0969023704529 -20.28484916687 -20.711853027344
4.4471669197083 -19.827470779419 -20.940496444702
4.7813596725464 -19.336149215698 -21.116664886475
5.1263341903687 -18.843168258667 -21.265352249146
5.4521775245667 -18.34161567688 -21.427885055542
5.5766825675964 -17.748203277588 -21.550992965698
5.3053708076477 -17.204553604126 -21.42989730835
5.1694874763489 -16.600471496582 -21.415016174316
5.2138867378235 -15.984146118164 -21.369915008545
5.3955702781677 -15.410537719727 -21.518657684326
5.6234092712402 -14.853551864624 -21.667011260986
5.8544039726257 -14.291025161743 -21.786825180054
6.0956892967224 -13.721514701843 -21.825212478638
6.3237471580505 -13.14616394043 -21.858583450317
6.5290293693542 -12.561735153198 -21.83988571167
6.6792850494385 -11.998271942139 -21.632303237915
6.8281245231628 -11.435361862183 -21.419843673706
6.9091248512268 -10.873247146606 -21.172105789185
6.9702415466309 -10.303288459778 -20.936428070068
6.9736680984497 -9.6996269226074 -20.798664093018
2.6083221435547 -22.847299575806 -18.216346740723
3.1516361236572 -22.880672454834 -17.877531051636
3.7224929332733 -22.78950881958 -17.5999584198
4.2913198471069 -22.60157585144 -17.370819091797
4.856041431427 -22.36431312561 -17.180513381958
5.3927903175354 -22.093700408936 -16.956657409668
5.9380612373352 -21.852272033691 -16.720363616943
6.4380431175232 -21.537595748901 -16.470586776733
6.9220376014709 -21.185258865356 -16.24031829834
7.38063621521 -20.824182510376 -15.974394798279
7.7510981559753 -20.412242889404 -15.651587486267
7.7592163085938 -20.02579498291 -15.14102268219
7.7465748786926 -19.622802734375 -14.642345428467
7.9389209747314 -19.154220581055 -14.248815536499
8.1786794662476 -18.724334716797 -13.83752822876
8.5185956954956 -18.357624053955 -13.435769081116
8.9129686355591 -18.004747390747 -13.073294639587
9.3077983856201 -17.552486419678 -12.847758293152
9.6777658462524 -17.076892852783 -12.627838134766
10.003356933594 -16.56582069397 -12.417644500732
10.328193664551 -16.05414390564 -12.20761680603
10.590044021606 -15.521037101746 -11.965752601624
10.838792800903 -14.984205245972 -11.718018531799
11.029716491699 -14.434609413147 -11.448289871216
11.195399284363 -13.880806922913 -11.17032623291
