121.14223480225 -36.815402984619 343.48822021484
46.73335647583 16.95313835144 332.19625854492
30.956077575684 -11.034786224365 321.85815429688
29.653734207153 -8.4167375564575 347.65765380859
121.6812286377 -33.139583587646 342.99981689453
121.01921081543 -29.491338729858 342.45474243164
119.50789642334 -26.108180999756 341.90405273438
117.12269592285 -23.265295028687 341.38507080078
114.16665649414 -21.027151107788 340.92218017578
110.73236846924 -19.586469650269 340.54699707031
107.11653137207 -18.64719581604 340.23303222656
103.49053955078 -17.746168136597 339.92391967773
100.06678009033 -16.268547058105 339.54409790039
96.722595214844 -14.623031616211 339.14471435547
93.26749420166 -13.216091156006 338.77319335938
89.861892700195 -11.696617126465 338.38842773438
86.521446228027 -10.042420387268 337.98803710938
83.317413330078 -8.1440916061401 337.56030273438
80.068130493164 -6.3216013908386 337.14093017578
76.880828857422 -4.3953166007996 336.71011352539
73.761894226074 -2.3626613616943 336.26779174805
70.585067749023 -0.41953983902931 335.83511352539
67.420135498047 1.5424616336823 335.400390625
64.374732971191 3.681272983551 334.94689941406
61.809543609619 6.3669056892395 334.44097900391
58.555988311768 8.177638053894 334.02301025391
55.139087677002 9.6717967987061 333.64120483398
52.091148376465 11.807053565979 333.18811035156
49.335475921631 14.301510810852 332.69931030273
120.38194274902 -36.721851348877 339.57669067383
118.31800079346 -35.124591827393 336.56854248047
115.89697265625 -33.35559463501 333.94317626953
113.14362335205 -31.747446060181 331.55368041992
109.93154907227 -30.80987739563 329.39337158203
106.10852050781 -30.637632369995 328.27917480469
102.25026702881 -30.540565490723 327.28439331055
98.351295471191 -30.11837387085 326.57263183594
94.450126647949 -29.646432876587 325.90570068359
90.524826049805 -29.014825820923 325.62295532227
86.599494934082 -28.365827560425 325.38330078125
82.70832824707 -27.524528503418 325.1891784668
78.841331481934 -26.573249816895 325.021484375
74.974578857422 -25.620843887329 324.85406494141
71.112365722656 -24.734975814819 324.42510986328
67.252059936523 -23.858919143677 323.95886230469
63.400379180908 -22.948904037476 323.48629760742
59.5602684021 -21.994789123535 323.00671386719
55.720527648926 -21.039264678955 322.52685546875
51.873077392578 -20.097944259644 322.08206176758
48.021129608154 -19.16526222229 321.65844726562
44.314403533936 -17.785949707031 321.17578125
40.769710540771 -16.028205871582 320.7018737793
37.792705535889 -13.393779754639 320.54064941406
34.624282836914 -10.983985900879 320.35589599609
119.14888763428 -34.679264068604 346.09237670898
117.01522064209 -32.456630706787 348.50592041016
114.3455657959 -30.007507324219 349.98602294922
111.35635375977 -28.039861679077 351.56997680664
107.6893157959 -27.298992156982 352.70651245117
103.86396026611 -27.050947189331 353.49462890625
99.991561889648 -26.588441848755 353.82437133789
96.129920959473 -25.988327026367 354.03842163086
92.292350769043 -25.222942352295 354.11148071289
88.448661804199 -24.495080947876 353.99230957031
84.608932495117 -23.809164047241 353.67022705078
80.769355773926 -23.124626159668 353.34271240234
76.930305480957 -22.444406509399 353.00036621094
73.091270446777 -21.76428604126 352.65771484375
69.300956726074 -20.792427062988 352.62948608398
65.513038635254 -19.807703018188 352.615234375
61.712066650391 -18.884027481079 352.48550415039
57.906410217285 -17.988634109497 352.3030090332
54.087696075439 -17.148797988892 352.12954711914
50.256824493408 -16.363777160645 351.96774291992
46.465522766113 -15.440468788147 351.66961669922
42.742618560791 -14.320838928223 351.22229003906
39.20255279541 -12.782257080078 350.58932495117
36.527976989746 -10.026431083679 349.94692993164
33.279270172119 -8.048716545105 349.0764465332
