95.094688415527 -5.5373749732971 275.51290893555
61.653327941895 -35.312694549561 371.56811523438
74.294120788574 -31.131965637207 378.00500488281
61.22269821167 -20.756563186646 377.96075439453
92.431594848633 -8.4412279129028 275.63092041016
90.086723327637 -10.956084251404 278.11520385742
87.901344299316 -13.107883453369 281.06201171875
85.942230224609 -15.194645881653 284.21127319336
84.104782104492 -17.037673950195 287.57705688477
82.408790588379 -18.666673660278 291.12411499023
80.808860778809 -20.143423080444 294.77844238281
79.267669677734 -21.52548789978 298.49771118164
77.834197998047 -22.76060295105 302.30868530273
76.548957824707 -23.896902084351 306.20358276367
75.328895568848 -24.959957122803 310.13955688477
74.160781860352 -25.928115844727 314.11642456055
73.080741882324 -26.755800247192 318.14962768555
72.056854248047 -27.522573471069 322.20837402344
71.098823547363 -28.217901229858 326.29702758789
70.195091247559 -28.878326416016 330.40356445312
69.314567565918 -29.523954391479 334.51770019531
68.47144317627 -30.168939590454 338.63977050781
67.562141418457 -30.825954437256 342.74475097656
66.566787719727 -31.495792388916 346.82788085938
65.772232055664 -32.10425567627 350.96459960938
65.001007080078 -32.68452835083 355.10903930664
64.149085998535 -33.288181304932 359.23397827148
63.367534637451 -33.84806060791 363.37973022461
62.550750732422 -34.36937713623 367.52435302734
94.145042419434 -9.2841596603394 277.41009521484
92.211074829102 -11.776229858398 280.36727905273
90.023590087891 -13.78125 283.51336669922
87.943939208984 -15.451725006104 286.91763305664
86.009101867676 -16.821868896484 290.53558349609
84.221229553223 -18.203905105591 294.22329711914
82.731346130371 -19.421951293945 298.09719848633
81.371109008789 -20.569818496704 302.03970336914
80.089019775391 -21.673826217651 306.0205078125
79.00553894043 -22.624242782593 310.09896850586
77.98095703125 -23.494745254517 314.21035766602
77.016716003418 -24.257411956787 318.35754394531
76.250015258789 -24.965244293213 322.55545043945
75.578125 -25.64514541626 326.7741394043
74.993423461914 -26.236433029175 331.01910400391
74.501480102539 -26.74609375 335.2864074707
74.051399230957 -27.230138778687 339.56127929688
73.628364562988 -27.753534317017 343.83422851562
73.401542663574 -28.13173866272 348.13735961914
73.229217529297 -28.469860076904 352.44635009766
73.111434936523 -28.888401031494 356.75012207031
73.025032043457 -29.367319107056 361.04833984375
73.001358032227 -30.042057037354 365.32098388672
72.943435668945 -30.839902877808 369.57205200195
73.116470336914 -31.430444717407 373.85342407227
91.425315856934 -6.7957487106323 277.48022460938
89.075981140137 -8.9225578308105 280.48458862305
87.179489135742 -11.14493560791 283.73083496094
85.522811889648 -13.149735450745 287.240234375
83.98380279541 -15.054072380066 290.85751342773
82.568092346191 -16.839878082275 294.58337402344
81.172714233398 -18.243991851807 298.47717285156
79.790390014648 -19.488288879395 302.42947387695
78.435371398926 -20.520654678345 306.45172119141
77.180465698242 -21.434539794922 310.53469848633
75.977783203125 -22.212604522705 314.66128540039
74.79133605957 -22.806844711304 318.8229675293
73.731620788574 -23.224603652954 323.04000854492
72.788711547852 -23.657825469971 327.28314208984
71.844764709473 -24.001335144043 331.5341796875
70.789398193359 -24.029016494751 335.77288818359
69.888916015625 -24.069776535034 340.04705810547
69.033172607422 -24.092729568481 344.33053588867
68.206413269043 -23.961517333984 348.61776733398
67.277015686035 -23.81715965271 352.88348388672
66.201171875 -23.616172790527 357.11233520508
65.069526672363 -23.334064483643 361.32192993164
63.876037597656 -23.132722854614 365.51907348633
62.831649780273 -23.069412231445 369.76000976562
61.686668395996 -22.306095123291 373.90441894531
