68.228866577148 -1.4880836009979 269.79132080078
82.493141174316 5.1095609664917 271.59832763672
80.778884887695 -1.532279253006 274.39022827148
82.074516296387 -0.65489733219147 266.56243896484
68.341354370117 -0.87790024280548 269.87844848633
68.750785827637 -0.40866112709045 269.96691894531
69.205596923828 0.017296582460403 270.05267333984
69.691192626953 0.40835681557655 270.13592529297
70.196380615234 0.77418905496597 270.21716308594
70.728721618652 1.100115776062 270.29504394531
71.265037536621 1.4195982217789 270.37228393555
71.814956665039 1.7155561447144 270.44738769531
72.385704040527 1.9702676534653 270.51849365234
72.955825805664 2.226325750351 270.58975219727
73.533058166504 2.4664051532745 270.65930175781
74.113639831543 2.698516368866 270.72811889648
74.703216552734 2.9074985980988 270.79449462891
75.287155151367 3.1312968730927 270.86239624023
75.876831054688 3.3399970531464 270.92874145508
76.450904846191 3.587327003479 270.99911499023
77.03197479248 3.8182559013367 271.06777954102
77.622314453125 4.0251302719116 271.13394165039
78.231864929199 4.168746471405 271.19305419922
78.841209411621 4.3132424354553 271.25228881836
79.449401855469 4.4622540473938 271.31207275391
80.047302246094 4.6470136642456 271.37582397461
80.64387512207 4.8358435630798 271.44006347656
81.267295837402 4.9002256393433 271.48974609375
81.86686706543 5.0796995162964 271.55294799805
68.496002197266 -1.328360080719 270.2135925293
68.938819885254 -1.0925694704056 270.38003540039
69.447685241699 -0.94796502590179 270.41387939453
69.94367980957 -0.80756396055222 270.53030395508
70.392036437988 -0.69181513786316 270.78475952148
70.906356811523 -0.62966108322144 270.89822387695
71.420341491699 -0.58258193731308 271.02014160156
71.933609008789 -0.54860496520996 271.14929199219
72.447250366211 -0.51737958192825 271.27731323242
72.965660095215 -0.52432382106781 271.38900756836
73.484184265137 -0.53169465065002 271.50015258789
74.004577636719 -0.5484037399292 271.60089111328
74.516296386719 -0.57636350393295 271.73541259766
74.991943359375 -0.6331781744957 271.96200561523
75.491432189941 -0.73592418432236 272.10635375977
75.981819152832 -0.76122379302979 272.30670166016
76.480590820312 -0.77587282657623 272.48629760742
76.974655151367 -0.82720685005188 272.67184448242
77.454536437988 -0.93655425310135 272.86938476562
77.931945800781 -1.0613602399826 273.06378173828
78.407539367676 -1.1947422027588 273.25665283203
78.883743286133 -1.2626032829285 273.48004150391
79.35865020752 -1.3122624158859 273.71084594727
79.84041595459 -1.3614861965179 273.92706298828
80.314582824707 -1.4361799955368 274.15258789062
68.675941467285 -1.2055922746658 269.59265136719
69.187530517578 -1.0256657600403 269.43493652344
69.683692932129 -0.75594407320023 269.41909790039
70.215866088867 -0.58262073993683 269.34170532227
70.76123046875 -0.46879211068153 269.24847412109
71.323440551758 -0.41339939832687 269.24615478516
71.871475219727 -0.28983834385872 269.1858215332
72.430908203125 -0.21256579458714 269.16644287109
72.991798400879 -0.14553213119507 269.15481567383
73.555213928223 -0.15129213035107 269.11193847656
74.116256713867 -0.1749030649662 269.04888916016
74.674667358398 -0.199637144804 268.96594238281
75.232780456543 -0.22334544360638 268.88079833984
75.784873962402 -0.23056589066982 268.76058959961
76.32884979248 -0.23189368844032 268.60772705078
76.848937988281 -0.22038079798222 268.38714599609
77.390419006348 -0.15950432419777 268.23754882812
77.938209533691 -0.07095330953598 268.130859375
78.492332458496 -0.025411766022444 268.02996826172
79.047706604004 -0.01942209713161 267.92694091797
79.566627502441 -0.15844643115997 267.75180053711
80.086273193359 -0.2348847836256 267.54339599609
80.600173950195 -0.30038204789162 267.31771850586
81.104164123535 -0.40057551860809 267.08264160156
81.593978881836 -0.521564245224 266.82818603516
