69.818778991699 -0.79107820987701 267.41943359375
78.97583770752 0.83853828907013 272.54803466797
81.360191345215 -1.9650076627731 270.71347045898
80.957733154297 3.0019409656525 269.71151733398
69.925117492676 -0.70128631591797 267.81408691406
70.137237548828 -0.61457163095474 268.16442871094
70.409912109375 -0.53334629535675 268.47174072266
70.715270996094 -0.45674693584442 268.74801635742
71.040885925293 -0.38383486866951 269.00115966797
71.387702941895 -0.3156476020813 269.22598266602
71.73983001709 -0.24883672595024 269.44271850586
72.105735778809 -0.18603751063347 269.63674926758
72.472007751465 -0.12334957718849 269.83010864258
72.839614868164 -0.06109457090497 270.02102661133
73.215003967285 -0.0015061453450471 270.19711303711
73.590476989746 0.05803881958127 270.37301635742
73.970558166504 0.11584444344044 270.53936767578
74.349731445312 0.17399999499321 270.70764160156
74.733322143555 0.23037156462669 270.86624145508
75.117652893066 0.28642329573631 271.0231628418
75.502540588379 0.34225317835808 271.17877197266
75.880821228027 0.40075078606606 271.34893798828
76.261650085449 0.45825347304344 271.513671875
76.638885498047 0.51714640855789 271.68600463867
77.018844604492 0.57499665021896 271.85260009766
77.405235290527 0.63015538454056 272.00469970703
77.791770935059 0.6852565407753 272.15646362305
78.184036254883 0.73763811588287 272.29379272461
78.578186035156 0.78906053304672 272.42596435547
70.134353637695 -0.99714630842209 267.69747924805
70.531898498535 -1.000932097435 267.94888305664
70.970970153809 -0.99422454833984 268.11865234375
71.409568786621 -0.94607496261597 268.28305053711
71.840614318848 -0.90906792879105 268.46896362305
72.280395507812 -0.87459951639175 268.63366699219
72.727836608887 -0.85663741827011 268.779296875
73.177169799805 -0.85351169109344 268.92004394531
73.621307373047 -0.87017923593521 269.07540893555
74.078910827637 -0.89089119434357 269.18450927734
74.537803649902 -0.9273499250412 269.28366088867
74.995223999023 -0.97794657945633 269.38342285156
75.45352935791 -1.0115684270859 269.48577880859
75.917327880859 -1.0745109319687 269.53665161133
76.369415283203 -1.1425120830536 269.64950561523
76.814643859863 -1.2171894311905 269.7834777832
77.260124206543 -1.2924152612686 269.91616821289
77.717803955078 -1.3546104431152 270.00775146484
78.166053771973 -1.4235730171204 270.13446044922
78.624664306641 -1.4641954898834 270.23324584961
79.08039855957 -1.5524920225143 270.31231689453
79.537353515625 -1.6475204229355 270.37481689453
79.998397827148 -1.7192850112915 270.43835449219
80.456451416016 -1.7998418807983 270.51208496094
80.902374267578 -1.9046286344528 270.62121582031
70.11856842041 -0.47661820054054 267.59094238281
70.496047973633 -0.31299665570259 267.81210327148
70.929832458496 -0.20355799794197 267.94631958008
71.356468200684 -0.10674367845058 268.10998535156
71.785751342773 -0.0093414401635528 268.26620483398
72.22142791748 0.090783849358559 268.4016418457
72.657485961914 0.19725902378559 268.53082275391
73.095397949219 0.30256918072701 268.65460205078
73.538055419922 0.39956203103065 268.7678527832
73.981292724609 0.5127090215683 268.86221313477
74.420532226562 0.64682847261429 268.94744873047
74.859619140625 0.78770583868027 269.02178955078
75.300033569336 0.92773175239563 269.08966064453
75.730339050293 1.0929396152496 269.16525268555
76.157043457031 1.2645426988602 269.24682617188
76.592597961426 1.4175295829773 269.31796264648
77.034934997559 1.5598393678665 269.36557006836
77.458656311035 1.7303645610809 269.46328735352
77.886405944824 1.9124867916107 269.50830078125
78.31632232666 2.0940053462982 269.52838134766
78.748107910156 2.2697422504425 269.55755615234
79.187812805176 2.4264838695526 269.57385253906
79.627601623535 2.5827414989471 269.59252929688
80.066429138184 2.7405097484589 269.61926269531
80.50772857666 2.8883764743805 269.65881347656
