61.351921081543 1.1909310817719 273.9860534668
65.096794128418 -6.2589592933655 272.05718994141
77.528984069824 -4.2292437553406 265.54016113281
71.546005249023 -11.057473182678 282.84698486328
61.232498168945 0.89977240562439 273.81298828125
61.113079071045 0.60861366987228 273.6399230957
61.043251037598 0.30055510997772 273.47946166992
61.032512664795 -0.027639403939247 273.33401489258
61.021774291992 -0.35583388805389 273.18853759766
61.048252105713 -0.6896658539772 273.06002807617
61.084251403809 -1.0243899822235 272.93539428711
61.165721893311 -1.3554006814957 272.82235717773
61.256397247314 -1.6847791671753 272.71279907227
61.371814727783 -2.0097699165344 272.61254882812
61.51277923584 -2.3287518024445 272.52691650391
61.67253112793 -2.6396796703339 272.44964599609
61.865287780762 -2.9361588954926 272.38696289062
62.072738647461 -3.2236790657043 272.33306884766
62.294990539551 -3.5021774768829 272.28802490234
62.520511627197 -3.7779779434204 272.24368286133
62.762680053711 -4.0400319099426 272.2028503418
63.010730743408 -4.2974872589111 272.17034912109
63.271797180176 -4.543128490448 272.16024780273
63.541721343994 -4.7799305915833 272.16741943359
63.806907653809 -5.0219764709473 272.16232299805
64.073379516602 -5.2624750137329 272.15255737305
64.346412658691 -5.4953474998474 272.13821411133
64.606986999512 -5.7416477203369 272.13034057617
64.850494384766 -6.0048604011536 272.11111450195
61.832775115967 0.79347598552704 273.5546875
61.937980651855 0.16635748744011 273.13388061523
62.235614776611 -0.49343872070312 272.89050292969
62.719108581543 -1.0058808326721 272.59680175781
63.310211181641 -1.3440371751785 272.24664306641
63.947978973389 -1.6035830974579 271.91021728516
64.58610534668 -1.8759491443634 271.58474731445
65.225387573242 -2.1522054672241 271.26507568359
65.876922607422 -2.3932321071625 270.94143676758
66.530883789062 -2.6225469112396 270.61459350586
67.182708740234 -2.8032872676849 270.25448608398
67.832145690918 -2.9550728797913 269.87701416016
68.491897583008 -3.1090683937073 269.51876831055
69.157257080078 -3.2624049186707 269.17095947266
69.844863891602 -3.3855164051056 268.8557434082
70.536499023438 -3.5027396678925 268.54718017578
71.230003356934 -3.6204340457916 268.24298095703
71.92552947998 -3.7386116981506 267.94366455078
72.619888305664 -3.8553450107574 267.64108276367
73.314079284668 -3.9644832611084 267.33532714844
74.021591186523 -4.0412497520447 267.05099487305
74.74356842041 -4.1123819351196 266.80413818359
75.437538146973 -4.1965928077698 266.49014282227
76.126106262207 -4.2037396430969 266.15380859375
76.840240478516 -4.2155117988586 265.87594604492
61.249893188477 0.4922268986702 274.19104003906
61.266983032227 -0.23067665100098 274.05056762695
61.564189910889 -0.90397065877914 273.99597167969
61.996932983398 -1.501007437706 273.99661254883
62.439987182617 -2.0438957214355 274.22924804688
62.87028503418 -2.5550000667572 274.54428100586
63.276203155518 -3.0896921157837 274.85241699219
63.709159851074 -3.5922100543976 275.17749023438
64.166343688965 -4.0657005310059 275.51284790039
64.621994018555 -4.5194330215454 275.87634277344
65.04369354248 -4.9767413139343 276.27474975586
65.462013244629 -5.4154810905457 276.69692993164
65.89917755127 -5.8452062606812 277.10916137695
66.32462310791 -6.2842655181885 277.52383422852
66.76001739502 -6.7129325866699 277.93905639648
67.208122253418 -7.1263475418091 278.35620117188
67.656982421875 -7.5346660614014 278.77752685547
68.076377868652 -7.9594035148621 279.21276855469
68.512268066406 -8.3799781799316 279.63562011719
68.977256774902 -8.7617111206055 280.06436157227
69.429161071777 -9.1357593536377 280.51336669922
69.88028717041 -9.5170850753784 280.95700073242
70.30086517334 -9.8960561752319 281.43157958984
70.727249145508 -10.259402275085 281.91314697266
71.15837097168 -10.638182640076 282.37829589844
