67.111450195312 36.611808776855 336.43548583984
47.827541351318 6.6321492195129 334.78814697266
44.429256439209 9.8701601028442 341.44885253906
42.685535430908 12.140338897705 331.01705932617
67.40682220459 35.248481750488 336.12808227539
67.31657409668 33.842555999756 335.8893737793
67.030960083008 32.456092834473 335.69293212891
66.715103149414 31.075275421143 335.50354003906
66.306610107422 29.716039657593 335.33648681641
65.815002441406 28.382165908813 335.19052124023
65.237121582031 27.08088684082 335.06759643555
64.604469299316 25.803964614868 334.95999145508
63.910743713379 24.557725906372 334.87014770508
63.208827972412 23.315910339355 334.78271484375
62.506370544434 22.074420928955 334.69540405273
61.731033325195 20.875703811646 334.63043212891
60.89811706543 19.715311050415 334.58383178711
60.054264068604 18.56270980835 334.54083251953
59.181579589844 17.431478500366 334.50738525391
58.264144897461 16.335838317871 334.48937988281
57.336231231689 15.249021530151 334.47503662109
56.350791931152 14.213982582092 334.48156738281
55.388767242432 13.157135009766 334.47946166992
54.387142181396 12.137900352478 334.49209594727
53.268054962158 11.251064300537 334.55218505859
52.229751586914 10.26941204071 334.57894897461
51.153285980225 9.3303232192993 334.62103271484
50.0364112854 8.4406461715698 334.68011474609
48.904518127441 7.5706224441528 334.7458190918
66.974906921387 35.435466766357 337.15158081055
66.501518249512 34.126895904541 337.3154296875
65.92862701416 32.85807800293 337.47332763672
65.459671020508 31.543920516968 337.60073852539
64.860038757324 30.280550003052 337.69021606445
64.15461730957 29.072570800781 337.78170776367
63.420234680176 27.88348197937 337.88662719727
62.597282409668 26.754016876221 337.99508666992
61.713447570801 25.671476364136 338.10568237305
60.827716827393 24.590505599976 338.21612548828
59.919338226318 23.528217315674 338.32418823242
59.004528045654 22.470920562744 338.4267578125
58.083137512207 21.418132781982 338.5146484375
57.116725921631 20.404935836792 338.58364868164
56.145557403564 19.398027420044 338.66055297852
55.207107543945 18.396598815918 338.94570922852
54.201934814453 17.44521522522 339.16683959961
53.118026733398 16.566495895386 339.29913330078
52.122097015381 15.603147506714 339.51202392578
51.094566345215 14.674072265625 339.72607421875
49.979072570801 13.848129272461 339.92282104492
48.838962554932 13.065963745117 340.15417480469
47.663208007812 12.357650756836 340.43881225586
46.567142486572 11.532360076904 340.7265625
45.483104705811 10.705381393433 341.05249023438
66.876823425293 35.761203765869 335.35647583008
66.290473937988 34.582576751709 334.89358520508
65.669174194336 33.393768310547 334.50885009766
65.023094177246 32.204593658447 334.16860961914
64.367286682129 31.013078689575 333.85632324219
63.71898651123 29.814960479736 333.5539855957
62.965522766113 28.659240722656 333.34457397461
62.121604919434 27.562288284302 333.16659545898
61.181293487549 26.540634155273 333.02746582031
60.267578125 25.49432182312 332.89450073242
59.353370666504 24.448434829712 332.76223754883
58.340015411377 23.489068984985 332.75964355469
57.324996948242 22.537256240845 332.654296875
56.315807342529 21.586805343628 332.49462890625
55.274406433105 20.666397094727 332.36953735352
54.204326629639 19.775506973267 332.27697753906
53.133880615234 18.889490127563 332.14883422852
52.06831741333 18.017349243164 331.92242431641
51.019412994385 17.114765167236 331.74224853516
49.88814163208 16.298742294312 331.70156860352
48.73946762085 15.506728172302 331.67733764648
47.556728363037 14.768116950989 331.62344360352
46.347610473633 14.072817802429 331.57977294922
45.120265960693 13.413197517395 331.50329589844
43.906967163086 12.758273124695 331.28829956055
