66.728034973145 -3.4037671089172 267.97848510742
78.608963012695 1.5161312818527 273.69381713867
81.471862792969 -3.5445928573608 274.40631103516
81.537086486816 2.6549129486084 268.91876220703
66.703048706055 -3.0247812271118 268.39263916016
66.854103088379 -2.654659986496 268.79772949219
67.09846496582 -2.3249199390411 269.19033813477
67.443580627441 -2.0269827842712 269.53451538086
67.85164642334 -1.7560056447983 269.8283996582
68.281219482422 -1.5105811357498 270.11303710938
68.720817565918 -1.2771656513214 270.39340209961
69.186752319336 -1.0673688650131 270.64840698242
69.655532836914 -0.8601239323616 270.9006652832
70.145706176758 -0.66947317123413 271.12365722656
70.637161254883 -0.4795303940773 271.34426879883
71.137413024902 -0.29431191086769 271.54867553711
71.640281677246 -0.11371829360723 271.75030517578
72.157905578613 0.040784601122141 271.93612670898
72.676803588867 0.19458904862404 272.11883544922
73.201026916504 0.34545007348061 272.28845214844
73.729827880859 0.48850667476654 272.45013427734
74.26188659668 0.62599861621857 272.60614013672
74.796966552734 0.75397205352783 272.75915527344
75.338912963867 0.86025261878967 272.90521240234
75.881019592285 0.96679335832596 273.05047607422
76.42610168457 1.0782960653305 273.18005371094
76.971122741699 1.1899299621582 273.30975341797
77.514419555664 1.3053611516953 273.44332885742
78.060752868652 1.4131208658218 273.57055664062
67.033866882324 -3.3920805454254 268.52127075195
67.416969299316 -3.126722574234 268.93649291992
67.97095489502 -3.0793817043304 269.22909545898
68.529357910156 -3.1378710269928 269.5139465332
69.099716186523 -3.1238441467285 269.78225708008
69.667213439941 -3.1303894519806 270.05694580078
70.235168457031 -3.1424307823181 270.33050537109
70.805587768555 -3.1643807888031 270.59780883789
71.388526916504 -3.2079780101776 270.83410644531
71.968215942383 -3.245169878006 271.07922363281
72.54125213623 -3.2718358039856 271.34088134766
73.114852905273 -3.2902719974518 271.60198974609
73.695686340332 -3.3048207759857 271.84680175781
74.283805847168 -3.3242392539978 272.07330322266
74.874122619629 -3.349360704422 272.29339599609
75.466743469238 -3.3663613796234 272.50802612305
76.062683105469 -3.3777167797089 272.71365356445
76.660751342773 -3.391350030899 272.91287231445
77.257293701172 -3.4115850925446 273.11602783203
77.858009338379 -3.4169492721558 273.30746459961
78.453018188477 -3.4234888553619 273.51596069336
79.053680419922 -3.4395871162415 273.70700073242
79.661460876465 -3.4677655696869 273.87237548828
80.273490905762 -3.500495672226 274.02026367188
80.875801086426 -3.4955847263336 274.20663452148
67.050468444824 -2.8713219165802 268.05599975586
67.396064758301 -2.4567079544067 268.37539672852
67.934501647949 -2.1446840763092 268.45031738281
68.528694152832 -1.9410660266876 268.46963500977
69.115074157715 -1.7186051607132 268.50881958008
69.697814941406 -1.4833097457886 268.51336669922
70.274421691895 -1.2333911657333 268.515625
70.855621337891 -0.9954514503479 268.53909301758
71.429077148438 -0.73865377902985 268.55294799805
71.999076843262 -0.47429901361465 268.56323242188
72.58073425293 -0.2383184581995 268.59243774414
73.156669616699 0.012849693186581 268.58489990234
73.744491577148 0.23309247195721 268.61526489258
74.339630126953 0.43214529752731 268.64947509766
74.931900024414 0.64149969816208 268.66918945312
75.52465057373 0.84999394416809 268.68121337891
76.125175476074 1.0348576307297 268.69522094727
76.727439880371 1.2127954959869 268.71990966797
77.330444335938 1.387212395668 268.75079345703
77.930786132812 1.5671558380127 268.79788208008
78.530700683594 1.7485083341599 268.84487915039
79.128639221191 1.9381965398788 268.88333129883
79.732383728027 2.1113324165344 268.9059753418
80.337966918945 2.2790360450745 268.91793823242
80.941825866699 2.4532663822174 268.91775512695
