-25.555416107178 -18.370290756226 -16.486330032349
-3.6864683628082 5.3889403343201 -6.0763320922852
-19.318563461304 8.1749534606934 -15.586016654968
-18.799522399902 0.4857511818409 2.6996612548828
-24.038871765137 -18.609954833984 -16.604089736938
-22.502815246582 -18.532510757446 -16.580917358398
-20.977264404297 -18.337846755981 -16.505512237549
-19.458173751831 -18.103578567505 -16.412439346313
-17.947523117065 -17.826898574829 -16.300434112549
-16.455570220947 -17.474945068359 -16.154806137085
-14.986874580383 -17.048442840576 -15.975838661194
-13.600368499756 -16.434144973755 -15.712715148926
-12.270884513855 -15.720978736877 -15.40518283844
-11.017290115356 -14.901048660278 -15.049600601196
-9.8271341323853 -14.005318641663 -14.659823417664
-8.7031373977661 -13.040822982788 -14.238966941833
-7.6972513198853 -11.973428726196 -13.771467208862
-6.7510190010071 -10.861001014709 -13.283492088318
-5.9478650093079 -9.6590881347656 -12.754651069641
-5.2322707176208 -8.4115571975708 -12.204874038696
-4.6339864730835 -7.1138916015625 -11.631932258606
-4.146176815033 -5.7783832550049 -11.041340827942
-3.8254835605621 -4.4020857810974 -10.43137550354
-3.5457725524902 -3.0178351402283 -9.8175716400146
-3.4343132972717 -1.6150567531586 -9.1942892074585
-3.3422219753265 -0.21040964126587 -8.570032119751
-3.3310844898224 1.1963140964508 -7.9442567825317
-3.3578796386719 2.602915763855 -7.3182578086853
-3.388571023941 4.009467124939 -6.6922516822815
-24.784357070923 -17.754917144775 -17.134141921997
-23.794923782349 -17.144948959351 -17.336473464966
-22.783262252808 -16.547391891479 -17.44563293457
-21.863103866577 -15.810822486877 -17.385282516479
-20.969816207886 -15.04273891449 -17.315422058105
-20.181762695312 -14.168459892273 -17.228984832764
-19.470008850098 -13.229331016541 -17.294723510742
-18.794607162476 -12.265791893005 -17.385812759399
-18.144805908203 -11.286024093628 -17.489177703857
-17.688076019287 -10.198207855225 -17.510972976685
-17.305166244507 -9.0818700790405 -17.512838363647
-17.716302871704 -7.9763889312744 -17.481966018677
-18.142333984375 -6.8768949508667 -17.531534194946
-18.355697631836 -5.7174482345581 -17.527711868286
-18.231027603149 -4.5494046211243 -17.419410705566
-18.349220275879 -3.3751878738403 -17.418998718262
-18.503805160522 -2.2082502841949 -17.334358215332
-18.683729171753 -1.0518040657043 -17.185480117798
-18.61176109314 0.12593849003315 -17.201019287109
-18.584390640259 1.293597817421 -17.031814575195
-18.621921539307 2.4530913829803 -16.815153121948
-18.762599945068 3.6027474403381 -16.588542938232
-18.958543777466 4.7384524345398 -16.334278106689
-19.138864517212 5.8844499588013 -16.117420196533
-19.234924316406 7.0406432151794 -15.901010513306
-24.816535949707 -18.519548416138 -15.549692153931
-23.813362121582 -18.172790527344 -14.964996337891
-22.866577148438 -17.653144836426 -14.413836479187
-21.900621414185 -17.165811538696 -13.866425514221
-20.961862564087 -16.661067962646 -13.2888879776
-20.135068893433 -16.086465835571 -12.613314628601
-19.37034034729 -15.45853805542 -11.912485122681
-18.610620498657 -14.857129096985 -11.183507919312
-17.874864578247 -14.278782844543 -10.412501335144
-17.185972213745 -13.683336257935 -9.6118040084839
-16.716154098511 -12.991097450256 -8.7347593307495
-17.012523651123 -12.220971107483 -7.8599491119385
-17.62469291687 -11.531279563904 -7.0886383056641
-17.790630340576 -10.80082988739 -6.1371250152588
-17.866207122803 -9.9325523376465 -5.2941555976868
-17.964147567749 -9.0546579360962 -4.4636344909668
-18.10112953186 -8.1959199905396 -3.6190085411072
-18.139221191406 -7.3341965675354 -2.7668399810791
-18.152210235596 -6.4548010826111 -1.9322209358215
-18.151895523071 -5.536395072937 -1.1407370567322
-18.230113983154 -4.5897245407104 -0.38710403442383
-18.317693710327 -3.6350567340851 0.35531693696976
-18.375463485718 -2.6706340312958 1.0878885984421
-18.385118484497 -1.6565347909927 1.751075387001
-18.779161453247 -0.67103719711304 2.3367540836334
