52.684226989746 -44.454265594482 302.83694458008
39.15202331543 -48.035099029541 318.53887939453
37.56563949585 -41.984638214111 328.35339355469
30.865577697754 -41.995822906494 321.26922607422
52.338451385498 -45.092403411865 303.22445678711
51.873081207275 -45.51598739624 303.75686645508
51.385608673096 -45.873794555664 304.31677246094
50.870391845703 -46.118511199951 304.9118347168
50.344360351562 -46.295845031738 305.52130126953
49.820373535156 -46.488063812256 306.1279296875
49.291313171387 -46.640502929688 306.7414855957
48.761081695557 -46.781532287598 307.3567199707
48.228580474854 -46.897529602051 307.97525024414
47.695476531982 -47.005786895752 308.59463500977
47.161727905273 -47.104644775391 309.21505737305
46.626308441162 -47.172813415527 309.83813476562
46.091659545898 -47.256210327148 310.46002197266
45.555583953857 -47.305229187012 311.08438110352
45.019077301025 -47.325542449951 311.70993041992
44.482585906982 -47.34704208374 312.33544921875
43.946189880371 -47.378036499023 312.9606628418
43.410305023193 -47.432571411133 313.5846862793
42.873821258545 -47.43807220459 314.21057128906
42.337322235107 -47.456176757812 314.8362121582
41.801170349121 -47.501399993896 315.46075439453
41.265651702881 -47.566780090332 316.08407592773
40.72917175293 -47.585018157959 316.70965576172
40.20267868042 -47.758716583252 317.31970214844
39.6662940979 -47.785285949707 317.94500732422
52.044605255127 -44.115856170654 303.73394775391
51.333293914795 -44.224655151367 304.63552856445
50.616268157959 -44.250686645508 305.5387878418
49.976070404053 -44.231376647949 306.49819946289
49.397941589355 -44.177448272705 307.49502563477
48.802299499512 -44.104900360107 308.48028564453
48.19522857666 -44.019958496094 309.45751953125
47.6008644104 -43.922016143799 310.44134521484
47.008525848389 -43.822010040283 311.42617797852
46.407905578613 -43.72444152832 312.40625
45.788093566895 -43.632606506348 313.37484741211
45.168212890625 -43.540790557861 314.34338378906
44.540714263916 -43.422988891602 315.30416870117
43.906902313232 -43.282657623291 316.25778198242
43.276287078857 -43.134017944336 317.21224975586
42.663124084473 -42.943778991699 318.17068481445
42.074409484863 -42.761554718018 319.14584350586
41.522113800049 -42.592296600342 320.14437866211
40.979431152344 -42.434391021729 321.15002441406
40.442123413086 -42.290435791016 322.16064453125
39.815757751465 -42.269145965576 323.12881469727
39.23970413208 -42.313674926758 324.12716674805
38.707622528076 -42.418045043945 325.14532470703
38.220924377441 -42.421230316162 326.19100952148
37.825870513916 -42.183433532715 327.24752807617
51.734062194824 -44.573436737061 303.39398193359
50.965431213379 -44.476036071777 304.18966674805
50.202716827393 -44.345657348633 304.986328125
49.411846160889 -44.241828918457 305.75909423828
48.620021820068 -44.138759613037 306.53094482422
47.801013946533 -44.057823181152 307.27661132812
46.9504737854 -44.003650665283 307.98870849609
46.108638763428 -43.928066253662 308.70916748047
45.274127960205 -43.835670471191 309.43612670898
44.450035095215 -43.734771728516 310.17379760742
43.635417938232 -43.626316070557 310.92083740234
42.820770263672 -43.516998291016 311.6676940918
42.005344390869 -43.367980957031 312.40682983398
41.190212249756 -43.205207824707 313.14337158203
40.393131256104 -43.029373168945 313.896484375
39.599437713623 -42.849849700928 314.65222167969
38.799682617188 -42.577659606934 315.37316894531
37.999019622803 -42.303169250488 316.09216308594
37.191970825195 -42.121082305908 316.83306884766
36.364456176758 -41.966735839844 317.55749511719
35.49133682251 -41.880760192871 318.23843383789
34.59992980957 -41.911720275879 318.90008544922
33.701206207275 -42.041000366211 319.53955078125
32.818992614746 -42.034446716309 320.21411132812
31.851289749146 -42.035552978516 320.75909423828
