68.176109313965 6.5994086265564 273.11218261719
75.142562866211 -10.051473617554 273.18713378906
81.080749511719 -9.6376333236694 270.14584350586
79.189765930176 -9.6502714157104 277.73107910156
67.795402526855 6.0090756416321 272.98901367188
67.710350036621 5.3025074005127 272.91583251953
67.760536193848 4.5901322364807 272.86938476562
67.917709350586 3.8920431137085 272.84552001953
68.121055603027 3.2057013511658 272.83178710938
68.363922119141 2.532164812088 272.82696533203
68.631355285645 1.8679682016373 272.82791137695
68.91081237793 1.2087464332581 272.83160400391
69.201477050781 0.55441731214523 272.837890625
69.509864807129 -0.091701805591583 272.84848022461
69.826057434082 -0.73400115966797 272.86090087891
70.145347595215 -1.3747580051422 272.8740234375
70.462898254395 -2.0163838863373 272.88668823242
70.781768798828 -2.6573233604431 272.89981079102
71.129348754883 -3.2829995155334 272.91983032227
71.474678039551 -3.909937620163 272.93930053711
71.824729919434 -4.5342135429382 272.95993041992
72.164451599121 -5.1642417907715 272.97802734375
72.53084564209 -5.7789196968079 273.0026550293
72.881050109863 -6.4031066894531 273.02334594727
73.245964050293 -7.0186805725098 273.04763793945
73.61499786377 -7.6317505836487 273.0729675293
73.991302490234 -8.2403125762939 273.10006713867
74.366218566895 -8.8497371673584 273.12689208984
74.760437011719 -9.4466190338135 273.15856933594
68.491798400879 6.0546517372131 272.60873413086
68.883110046387 5.3492136001587 272.49768066406
69.331504821777 4.6973719596863 272.29769897461
69.722213745117 4.0009641647339 272.12564086914
70.147445678711 3.3140292167664 272.01068115234
70.611976623535 2.6454524993896 271.94763183594
71.043403625488 1.9598504304886 271.84121704102
71.491737365723 1.2801967859268 271.77502441406
71.982231140137 0.62871181964874 271.72375488281
72.500640869141 -0.00012507001520135 271.66845703125
73.045928955078 -0.60722684860229 271.63931274414
73.543075561523 -1.2510169744492 271.56149291992
74.035942077637 -1.9011503458023 271.51443481445
74.538482666016 -2.5445144176483 271.47860717773
75.05101776123 -3.1781415939331 271.44705200195
75.552116394043 -3.7960472106934 271.26223754883
76.05103302002 -4.4354891777039 271.16751098633
76.635322570801 -5.0022048950195 271.09521484375
77.217445373535 -5.5678648948669 271.00238037109
77.832328796387 -6.1057167053223 270.98522949219
78.456809997559 -6.6254606246948 270.89749145508
79.065116882324 -7.1633610725403 270.80749511719
79.563140869141 -7.8004179000854 270.68939208984
80.074508666992 -8.4056692123413 270.48941040039
80.588066101074 -8.9937343597412 270.24822998047
68.258903503418 6.0214557647705 273.6318359375
68.376571655273 5.2762904167175 273.76605224609
68.8681640625 4.7154216766357 274.01470947266
69.195686340332 4.0183963775635 274.19525146484
69.590522766113 3.3377854824066 274.28561401367
69.95588684082 2.6580724716187 274.46871948242
70.324867248535 1.9748328924179 274.62261962891
70.775756835938 1.3282532691956 274.70892333984
71.199813842773 0.66934657096863 274.83123779297
71.623138427734 0.018121480941772 274.99044799805
72.00626373291 -0.65080976486206 275.17489624023
72.458511352539 -1.2866925001144 275.3171081543
72.915412902832 -1.919126868248 275.45745849609
73.30591583252 -2.5854723453522 275.63677978516
73.765510559082 -3.2125701904297 275.79302978516
74.270416259766 -3.8091742992401 275.92788696289
74.745063781738 -4.4256582260132 276.08190917969
75.190841674805 -5.0612745285034 276.24435424805
75.653701782227 -5.6869955062866 276.39712524414
76.126853942871 -6.3014512062073 276.56350708008
76.619476318359 -6.9060168266296 276.70822143555
77.006507873535 -7.5705060958862 276.90219116211
77.45987701416 -8.2001543045044 277.06640625
78.046363830566 -8.6825819015503 277.29208374023
78.540214538574 -9.270788192749 277.48751831055
