63.604724884033 -8.2663097381592 268.87518310547
81.224937438965 2.5979878902435 270.80694580078
80.70979309082 0.55437356233597 272.13168334961
80.820663452148 0.55454957485199 269.65353393555
63.836624145508 -7.4997744560242 268.9365234375
64.292831420898 -6.8308634757996 269.02700805664
64.844795227051 -6.2335958480835 269.10229492188
65.448905944824 -5.6890907287598 269.17590332031
66.078582763672 -5.1755485534668 269.24490356445
66.74299621582 -4.7046599388123 269.30718994141
67.407615661621 -4.2340898513794 269.36953735352
68.090858459473 -3.7917850017548 269.43740844727
68.773933410645 -3.3494787216187 269.5068359375
69.455696105957 -2.9071590900421 269.5881652832
70.148506164551 -2.4840517044067 269.67077636719
70.868789672852 -2.1087033748627 269.75659179688
71.588897705078 -1.733342051506 269.84371948242
72.307121276855 -1.35784304142 269.94479370117
73.02904510498 -0.98510599136353 270.02490234375
73.755218505859 -0.61553025245667 270.08102416992
74.491142272949 -0.2757979631424 270.17608642578
75.232711791992 0.054210565984249 270.26205444336
75.979263305664 0.38088628649712 270.31533813477
76.73420715332 0.68759548664093 270.37063598633
77.489677429199 0.98917156457901 270.44271850586
78.241050720215 1.2988634109497 270.52197265625
78.984153747559 1.6297389268875 270.59527587891
79.72981262207 1.9555792808533 270.66510009766
80.476608276367 2.2786536216736 270.73556518555
64.057907104492 -7.6933531761169 269.07843017578
64.594650268555 -7.1671109199524 269.17822265625
65.186790466309 -6.725013256073 269.34832763672
65.797821044922 -6.3034777641296 269.50314331055
66.417053222656 -5.8898458480835 269.6462097168
67.062965393066 -5.5051789283752 269.74545288086
67.705993652344 -5.1214008331299 269.86483764648
68.350196838379 -4.7428522109985 269.99417114258
69.003776550293 -4.378053188324 270.11572265625
69.659332275391 -4.0178937911987 270.24047851562
70.318046569824 -3.6604418754578 270.35595703125
70.984321594238 -3.3125827312469 270.45642089844
71.656761169434 -2.9732205867767 270.54403686523
72.333595275879 -2.651572227478 270.66006469727
73.015365600586 -2.3453500270844 270.78826904297
73.707214355469 -2.0501582622528 270.88436889648
74.402854919434 -1.7624546289444 270.97567749023
75.102005004883 -1.4850330352783 271.07177734375
75.802230834961 -1.2142918109894 271.17858886719
76.503662109375 -0.94671338796616 271.28549194336
77.202308654785 -0.6754047870636 271.40084838867
77.896423339844 -0.39810144901276 271.52862548828
78.588455200195 -0.11661476641893 271.65856933594
79.298011779785 0.10764875262976 271.80432128906
80.006759643555 0.32478791475296 271.96417236328
64.080780029297 -7.6833038330078 268.83746337891
64.612167358398 -7.1497068405151 268.86413574219
65.180541992188 -6.6616983413696 268.78268432617
65.794097900391 -6.2243828773499 268.76644897461
66.431274414062 -5.8225402832031 268.74472045898
67.078483581543 -5.4379687309265 268.77932739258
67.729316711426 -5.0631699562073 268.84197998047
68.390197753906 -4.7091913223267 268.91897583008
69.049034118652 -4.3477869033813 268.97650146484
69.709480285645 -3.9869515895844 269.01638793945
70.383239746094 -3.6546049118042 269.07623291016
71.055198669434 -3.319461107254 269.14059448242
71.724716186523 -2.980660200119 269.2109375
72.396522521973 -2.6446676254272 269.27243041992
73.076484680176 -2.3226504325867 269.31661987305
73.761947631836 -2.0188863277435 269.39309692383
74.454322814941 -1.7234828472137 269.42980957031
75.153427124023 -1.442569732666 269.44775390625
75.847999572754 -1.1606503725052 269.52575683594
76.546653747559 -0.87961202859879 269.55557250977
77.250160217285 -0.61674731969833 269.61862182617
77.952087402344 -0.35380437970161 269.69708251953
78.660530090332 -0.099598698318005 269.73550415039
79.381301879883 0.12016073614359 269.72229003906
80.108360290527 0.31858938932419 269.72366333008
