80.869445800781 22.83051109314 319.12731933594
95.903480529785 -17.421979904175 328.38153076172
78.297538757324 -18.578695297241 335.39093017578
79.558532714844 -20.589191436768 319.01525878906
82.581855773926 22.806367874146 319.26098632812
83.872177124023 21.67400932312 319.58660888672
84.839477539062 20.260427474976 319.94467163086
85.562004089355 18.708614349365 320.31219482422
86.088592529297 17.078851699829 320.6806640625
86.527900695801 15.423119544983 321.0478515625
86.880706787109 13.746291160583 321.41278076172
87.165870666504 12.05601978302 321.77532958984
87.458801269531 10.367295265198 322.13818359375
87.860809326172 8.70179271698 322.50454711914
88.236953735352 7.0300850868225 322.87017822266
88.621131896973 5.3602747917175 323.23608398438
88.985450744629 3.6859080791473 323.60137939453
89.394264221191 2.0221269130707 323.96789550781
89.755004882812 0.34719514846802 324.33303833008
90.279922485352 -1.2832641601562 324.70156860352
90.834159851074 -2.9038774967194 325.07037353516
91.313873291016 -4.5483450889587 325.43829345703
91.77074432373 -6.1993846893311 325.80581665039
92.267387390137 -7.8387479782104 326.17404174805
92.754112243652 -9.4811105728149 326.54208374023
93.298194885254 -11.105234146118 326.91073608398
93.912521362305 -12.704006195068 327.27966308594
94.402885437012 -14.345108032227 327.6477355957
95.087707519531 -15.915088653564 328.01605224609
80.932243347168 22.923183441162 320.97149658203
81.13175201416 22.469770431519 322.75173950195
80.65633392334 21.239002227783 324.04043579102
79.758544921875 19.775003433228 324.71353149414
79.083450317383 18.060935974121 324.82177734375
78.86181640625 16.286724090576 325.28530883789
78.92554473877 14.501853942871 325.75720214844
79.131484985352 12.688536643982 326.04534912109
79.259643554688 10.900957107544 326.4938659668
79.173683166504 9.1281661987305 327.0078125
78.98747253418 7.3709149360657 327.54754638672
78.645790100098 5.6376957893372 328.08868408203
78.394485473633 3.8458578586578 328.46377563477
78.099159240723 2.0652117729187 328.85903930664
77.647171020508 0.31039342284203 329.21960449219
77.179130554199 -1.3666248321533 329.83850097656
76.810600280762 -3.0507471561432 330.50366210938
76.506362915039 -4.7429313659668 331.18075561523
76.40535736084 -6.4853615760803 331.78762817383
76.340454101562 -8.227499961853 332.40026855469
76.43286895752 -9.9603853225708 333.03512573242
76.583198547363 -11.698053359985 333.64541625977
76.784027099609 -13.438327789307 334.23333740234
77.144218444824 -15.17707157135 334.74435424805
77.578536987305 -16.880094528198 335.31484985352
81.125839233398 22.190069198608 317.46853637695
81.60774230957 21.19527053833 316.05416870117
81.765922546387 19.681125640869 315.11233520508
81.077377319336 18.062379837036 314.76419067383
80.284996032715 16.470262527466 315.0002746582
79.966361999512 14.723604202271 315.26525878906
79.955963134766 12.953919410706 315.56280517578
80.115913391113 11.271111488342 316.17037963867
80.245506286621 9.5450010299683 316.63800048828
80.159301757812 7.7517695426941 316.70062255859
80.006141662598 5.9620513916016 316.72125244141
79.813766479492 4.1792416572571 316.82745361328
79.541023254395 2.413910150528 317.01852416992
79.295066833496 0.64999908208847 317.25286865234
79.122276306152 -1.1317136287689 317.40029907227
78.799964904785 -2.8982360363007 317.45443725586
78.491661071777 -4.6668076515198 317.51849365234
78.226791381836 -6.4351472854614 317.68966674805
78.14387512207 -8.2207403182983 317.86856079102
78.150550842285 -10.005934715271 318.06942749023
78.224945068359 -11.787544250488 318.28762817383
78.251991271973 -13.578449249268 318.42556762695
78.431205749512 -15.362747192383 318.53311157227
78.658233642578 -17.141048431396 318.64904785156
78.978073120117 -18.895986557007 318.86181640625
