71.421562194824 12.168229103088 391.72534179688
75.60604095459 -3.3530702590942 398.58203125
71.05542755127 -5.4874601364136 401.91360473633
71.368339538574 -7.0914707183838 397.20217895508
71.960502624512 11.792380332947 391.91604614258
72.377182006836 11.301795005798 392.14877319336
72.702133178711 10.754343986511 392.40063476562
72.991119384766 10.189529418945 392.65780639648
73.232200622559 9.6051092147827 392.92068481445
73.452018737793 9.0132541656494 393.185546875
73.644927978516 8.4129962921143 393.45248413086
73.826156616211 7.8094320297241 393.72015380859
73.983489990234 7.1997594833374 393.98907470703
74.146812438965 6.5915441513062 394.25772094727
74.281753540039 5.976912021637 394.52752685547
74.397560119629 5.3586230278015 394.79779052734
74.475318908691 4.7345323562622 395.06842041016
74.526885986328 4.1075925827026 395.33871459961
74.58374786377 3.4811630249023 395.60916137695
74.630142211914 2.8537998199463 395.87942504883
74.68497467041 2.2271459102631 396.14978027344
74.732299804688 1.5998440980911 396.42001342773
74.804466247559 0.9750662446022 396.69061279297
74.89623260498 0.35285675525665 396.9612121582
74.998695373535 -0.26772105693817 397.2317199707
75.111221313477 -0.88661557435989 397.50207519531
75.233924865723 -1.5036977529526 397.77212524414
75.387901306152 -2.1141452789307 398.04125976562
75.503730773926 -2.7324638366699 398.31155395508
71.454231262207 11.810659408569 392.39569091797
71.435401916504 11.176478385925 392.88388061523
71.71174621582 10.511636734009 393.1975402832
71.842552185059 9.8195362091064 393.57901000977
71.834785461426 9.1160373687744 393.96588134766
71.792999267578 8.420919418335 394.36505126953
71.930732727051 7.7529153823853 394.76168823242
71.84538269043 7.0667300224304 395.10424804688
71.819541931152 6.353720664978 395.47094726562
71.819931030273 5.64275598526 395.83386230469
71.778610229492 4.9129881858826 396.16186523438
71.775604248047 4.1711392402649 396.46890258789
71.761047363281 3.4326612949371 396.78381347656
71.710144042969 2.7099163532257 397.126953125
71.543769836426 2.0269539356232 397.49240112305
71.570594787598 1.2939336299896 397.79434204102
71.488761901855 0.58085501194 398.15423583984
71.43635559082 -0.1137912273407 398.55294799805
71.277946472168 -0.74450832605362 399.00942993164
71.176956176758 -1.4059028625488 399.43020629883
71.104370117188 -2.0666568279266 399.87258911133
71.011497497559 -2.7010643482208 400.35089111328
71.059638977051 -3.3866846561432 400.75765991211
71.006469726562 -4.0712246894836 401.17398071289
71.06861114502 -4.7996740341187 401.49945068359
71.531623840332 11.448266029358 391.59832763672
71.593246459961 10.705096244812 391.83856201172
71.722602844238 9.9668254852295 392.0563659668
71.791053771973 9.2251329421997 392.28851318359
71.770416259766 8.4863338470459 392.55358886719
71.741355895996 7.7440857887268 392.80776977539
71.710014343262 6.9983191490173 393.05041503906
71.787117004395 6.2502551078796 393.27407836914
71.786575317383 5.5078549385071 393.52981567383
71.786026000977 4.7654542922974 393.78558349609
71.82413482666 4.0259556770325 394.04678344727
71.823883056641 3.2963652610779 394.32745361328
71.73754119873 2.5853357315063 394.6457824707
71.712120056152 1.8496634960175 394.91909790039
71.639541625977 1.113741517067 395.18203735352
71.641296386719 0.37787517905235 395.44589233398
71.644844055176 -0.35575211048126 395.70672607422
71.55517578125 -1.0985264778137 395.93313598633
71.514450073242 -1.85475730896 396.1389465332
71.429122924805 -2.6145143508911 396.30950927734
71.369476318359 -3.3794627189636 396.43841552734
71.333404541016 -4.1447649002075 396.51669311523
71.470527648926 -4.785665512085 396.83865356445
71.356178283691 -5.5505404472351 396.9596862793
71.317321777344 -6.3274898529053 397.02810668945
