67.291801452637 -0.86930555105209 271.94970703125
77.79296875 -4.1644530296326 272.79760742188
80.652191162109 -1.4071640968323 270.13482666016
79.939407348633 -1.182888507843 275.23184204102
67.53182220459 -1.232039809227 271.99118041992
67.839797973633 -1.5394196510315 272.03225708008
68.14134979248 -1.852668762207 272.07336425781
68.503494262695 -2.0941383838654 272.11248779297
68.888473510742 -2.2975549697876 272.14990234375
69.287673950195 -2.4718012809753 272.18591308594
69.689140319824 -2.6408007144928 272.22164916992
70.093246459961 -2.8034672737122 272.25704956055
70.504249572754 -2.9480767250061 272.29141235352
70.917625427246 -3.0858235359192 272.32540893555
71.337783813477 -3.2016580104828 272.35806274414
71.760147094727 -3.3093013763428 272.39028930664
72.183288574219 -3.4139211177826 272.42230224609
72.610122680664 -3.5026195049286 272.45330810547
73.03897857666 -3.5812451839447 272.48358154297
73.468109130859 -3.6583797931671 272.51382446289
73.89616394043 -3.7411754131317 272.54440307617
74.32787322998 -3.8027296066284 272.57357788086
74.759498596191 -3.8648896217346 272.6028137207
75.193626403809 -3.907057762146 272.6305847168
75.626403808594 -3.960853099823 272.65927124023
76.055480957031 -4.0382976531982 272.68957519531
76.490463256836 -4.0707125663757 272.71667480469
76.926643371582 -4.081512928009 272.7421875
77.362693786621 -4.0937967300415 272.76779174805
67.717826843262 -0.97064334154129 271.65075683594
68.192909240723 -1.2051692008972 271.63256835938
68.703071594238 -1.3408989906311 271.58316040039
69.216094970703 -1.4725373983383 271.55844116211
69.729522705078 -1.6033755540848 271.53814697266
70.249771118164 -1.7051433324814 271.52716064453
70.770622253418 -1.8038201332092 271.51663208008
71.299301147461 -1.8440574407578 271.51361083984
71.827926635742 -1.8849329948425 271.50927734375
72.354782104492 -1.9373940229416 271.48080444336
72.882469177246 -1.9749540090561 271.44525146484
73.409484863281 -1.9657386541367 271.38772583008
73.935966491699 -1.9456714391708 271.32818603516
74.46028137207 -1.8997000455856 271.26406860352
74.98461151123 -1.8608679771423 271.19546508789
75.507125854492 -1.8567864894867 271.10549926758
76.029754638672 -1.8526954650879 271.01617431641
76.552955627441 -1.8481936454773 270.93029785156
77.0751953125 -1.8559355735779 270.83898925781
77.594520568848 -1.8878176212311 270.73690795898
78.119651794434 -1.8652569055557 270.66732788086
78.64217376709 -1.8401691913605 270.58087158203
79.161331176758 -1.8226361274719 270.47454833984
79.673690795898 -1.72551882267 270.37881469727
80.174758911133 -1.6038078069687 270.25531005859
67.683906555176 -0.90860682725906 272.27102661133
68.108764648438 -1.1526263952255 272.40838623047
68.620162963867 -1.1843185424805 272.42309570312
69.117492675781 -1.2758805751801 272.51055908203
69.623435974121 -1.3540682792664 272.54888916016
70.129020690918 -1.4220308065414 272.59530639648
70.60570526123 -1.5328820943832 272.73648071289
71.117134094238 -1.5469998121262 272.73583984375
71.614562988281 -1.6183106899261 272.83963012695
72.112701416016 -1.6480515003204 272.9596862793
72.615669250488 -1.6927306652069 273.05215454102
73.111549377441 -1.734471321106 273.17590332031
73.584342956543 -1.7681360244751 273.37313842773
74.061141967773 -1.7920445203781 273.56045532227
74.557151794434 -1.7593603134155 273.68884277344
75.053161621094 -1.7266757488251 273.81726074219
75.54914855957 -1.694015622139 273.94573974609
76.044845581055 -1.6618180274963 274.0754699707
76.540344238281 -1.6299176216125 274.20602416992
77.03581237793 -1.5976350307465 274.33657836914
77.529602050781 -1.5500828027725 274.46881103516
78.022064208984 -1.4925761222839 274.60205078125
78.514533996582 -1.4350693225861 274.73529052734
78.977478027344 -1.399982213974 274.95440673828
79.453689575195 -1.3084633350372 275.12280273438
