69.432319641113 -6.5479612350464 268.94607543945
71.965637207031 7.2212572097778 265.20025634766
77.747619628906 8.4971609115601 274.30429077148
81.508888244629 4.4358382225037 261.70520019531
69.092956542969 -6.1209306716919 268.69757080078
68.804145812988 -5.656397819519 268.45272827148
68.643600463867 -5.1250705718994 268.22640991211
68.458053588867 -4.6039590835571 267.99554443359
68.308601379395 -4.0685157775879 267.77145385742
68.209053039551 -3.5173721313477 267.5578918457
68.159004211426 -2.9550933837891 267.35632324219
68.093002319336 -2.3959844112396 267.15075683594
68.130393981934 -1.8244987726212 266.97384643555
68.132026672363 -1.2551733255386 266.78631591797
68.192092895508 -0.68346291780472 266.61651611328
68.329048156738 -0.11782274395227 266.47299194336
68.430541992188 0.45195540785789 266.31695556641
68.586318969727 1.0144474506378 266.18051147461
68.745262145996 1.5763522386551 266.04525756836
68.96541595459 2.122757434845 265.93447875977
69.180030822754 2.670881986618 265.82135009766
69.423530578613 3.2092616558075 265.72061157227
69.675338745117 3.7444889545441 265.62353515625
69.968444824219 4.2615022659302 265.54559326172
70.27067565918 4.7738928794861 265.47201538086
70.599433898926 5.2714648246765 265.41174316406
70.949928283691 5.7552671432495 265.36291503906
71.313446044922 6.2300395965576 265.32116699219
71.592895507812 6.7535247802734 265.23675537109
69.478782653809 -5.8527498245239 269.13537597656
69.427581787109 -5.1445932388306 268.98968505859
69.580123901367 -4.4473156929016 269.06326293945
69.93936920166 -3.8902142047882 269.33209228516
70.028282165527 -3.1751637458801 269.37222290039
70.338424682617 -2.5281715393066 269.48715209961
70.609046936035 -1.8625400066376 269.55389404297
70.734519958496 -1.1560347080231 269.61685180664
71.072158813477 -0.57376444339752 269.82595825195
71.58292388916 -0.14058074355125 269.98971557617
71.823600769043 0.53943282365799 270.05960083008
72.176818847656 1.1593148708344 270.18087768555
72.614044189453 1.7095776796341 270.36465454102
73.044960021973 2.2480063438416 270.59371948242
73.467781066895 2.7809927463531 270.84927368164
73.883209228516 3.3102157115936 271.12380981445
74.296607971191 3.8258938789368 271.42608642578
74.697204589844 4.3458089828491 271.73806762695
75.078033447266 4.8716111183167 272.0647277832
75.452789306641 5.3948888778687 272.40124511719
75.785957336426 5.900354385376 272.80337524414
76.11946105957 6.4086022377014 273.20138549805
76.457061767578 6.9510011672974 273.54788208008
76.800788879395 7.4947953224182 273.88549804688
77.204154968262 8.0465269088745 274.13168334961
69.711303710938 -6.053129196167 268.50802612305
69.708290100098 -5.4216613769531 268.16552734375
69.878067016602 -4.8422479629517 267.7854309082
70.501762390137 -4.5641012191772 267.57165527344
70.807373046875 -4.0123505592346 267.2278137207
71.180358886719 -3.4713904857635 266.93673706055
71.519515991211 -2.9373922348022 266.60348510742
71.716903686523 -2.3820087909698 266.22277832031
72.265815734863 -1.946294426918 266.07699584961
72.678176879883 -1.4291566610336 265.79846191406
73.053115844727 -0.90565258264542 265.49337768555
73.579772949219 -0.45143219828606 265.31359863281
74.133720397949 -0.023653950542212 265.15612792969
74.677238464355 0.37150183320045 264.90112304688
75.221076965332 0.76167684793472 264.63925170898
75.778549194336 1.1331611871719 264.37924194336
76.358581542969 1.471538901329 264.12298583984
76.938613891602 1.8099184036255 263.86672973633
77.51823425293 2.1451525688171 263.60614013672
78.09302520752 2.4425404071808 263.29342651367
78.667366027832 2.7375512123108 262.97766113281
79.240837097168 3.033408164978 262.66119384766
79.790733337402 3.3525280952454 262.32595825195
80.328857421875 3.6829490661621 261.98291015625
80.915771484375 4.0337986946106 261.76159667969
