10.590269088745 -15.291430473328 -16.489784240723
24.177055358887 3.8483700752258 -17.129304885864
12.220396995544 6.2644734382629 -23.175035476685
14.042657852173 5.1559543609619 -8.3183937072754
11.567897796631 -15.103510856628 -16.596187591553
12.525794029236 -14.829842567444 -16.695896148682
13.476227760315 -14.530568122864 -16.793418884277
14.402927398682 -14.162747383118 -16.884647369385
15.308735847473 -13.745038986206 -16.970863342285
16.19388961792 -13.284336090088 -17.052446365356
17.039213180542 -12.752866744995 -17.125713348389
17.840463638306 -12.156051635742 -17.190439224243
18.60796546936 -11.515808105469 -17.248952865601
19.347023010254 -10.842505455017 -17.30241394043
20.037902832031 -10.119291305542 -17.347631454468
20.689481735229 -9.3601169586182 -17.386362075806
21.285127639771 -8.5559425354004 -17.416170120239
21.831634521484 -7.7173595428467 -17.438402175903
22.309535980225 -6.8376793861389 -17.450412750244
22.73970413208 -5.9336199760437 -17.455526351929
23.122034072876 -5.00830078125 -17.453886032104
23.448049545288 -4.0617203712463 -17.444486618042
23.731664657593 -3.1016519069672 -17.429378509521
23.941854476929 -2.1230919361115 -17.40461730957
24.093673706055 -1.1340034008026 -17.372402191162
24.23614692688 -0.14355528354645 -17.339008331299
24.309017181396 0.85409426689148 -17.296991348267
24.294855117798 1.8537995815277 -17.244548797607
24.204225540161 2.8489956855774 -17.183269500732
10.934050559998 -14.740123748779 -17.208019256592
11.493975639343 -14.081691741943 -17.646982192993
12.118717193604 -13.422319412231 -17.985637664795
12.673910140991 -12.681385993958 -18.273265838623
13.207723617554 -11.942094802856 -18.602512359619
13.689210891724 -11.212678909302 -19.022146224976
14.117028236389 -10.450680732727 -19.442026138306
14.506504058838 -9.667929649353 -19.861038208008
14.898525238037 -8.8620376586914 -20.230894088745
15.291759490967 -8.0412445068359 -20.564977645874
15.605835914612 -7.1517443656921 -20.787666320801
15.7877368927 -6.2463293075562 -21.081842422485
15.069397926331 -5.6180648803711 -21.159084320068
14.4653673172 -4.8885998725891 -21.347751617432
14.294765472412 -3.9582788944244 -21.554870605469
14.361084938049 -3.0192131996155 -21.784860610962
14.274530410767 -2.0869908332825 -22.034973144531
14.024946212769 -1.1745949983597 -22.247205734253
13.746448516846 -0.25587582588196 -22.382593154907
13.489490509033 0.67337763309479 -22.484085083008
13.318084716797 1.6209409236908 -22.596698760986
13.093972206116 2.559442281723 -22.691209793091
12.795956611633 3.4776153564453 -22.78129196167
12.438509941101 4.3761749267578 -22.850492477417
12.233933448792 5.304563999176 -23.04013633728
10.847394943237 -14.826930046082 -15.709457397461
11.614972114563 -14.339702606201 -15.424777984619
12.338209152222 -13.773106575012 -15.172986984253
12.973610877991 -13.117446899414 -14.900579452515
13.577827453613 -12.435368537903 -14.622114181519
14.167795181274 -11.752907752991 -14.315437316895
14.753129959106 -11.070258140564 -14.000589370728
15.184401512146 -10.318357467651 -13.604968070984
15.604922294617 -9.5610208511353 -13.208144187927
15.87557888031 -8.7182626724243 -12.855792999268
16.213121414185 -7.8658237457275 -12.596665382385
16.450765609741 -6.9996132850647 -12.279089927673
16.077816009521 -6.1788759231567 -11.983392715454
15.412865638733 -5.6107006072998 -11.608439445496
15.235408782959 -4.7377061843872 -11.275072097778
15.321522712708 -3.842319726944 -10.960867881775
15.40057182312 -2.9413588047028 -10.661606788635
15.377074241638 -2.0311601161957 -10.383555412292
15.133578300476 -1.1413931846619 -10.146138191223
15.008646965027 -0.24774189293385 -9.8401765823364
14.890911102295 0.65803647041321 -9.5689430236816
14.770077705383 1.5663194656372 -9.3078746795654
14.560657501221 2.4719667434692 -9.098578453064
14.322982788086 3.3713154792786 -8.892391204834
14.086982727051 4.2456655502319 -8.5962791442871
