67.540100097656 -5.6441011428833 269.33096313477
76.096603393555 1.6862530708313 272.55267333984
81.838851928711 -3.8164556026459 277.60717773438
80.455871582031 1.2939436435699 265.86450195312
67.305252075195 -5.2601294517517 269.49856567383
67.338478088379 -4.8176574707031 269.69219970703
67.453651428223 -4.3868741989136 269.88088989258
67.634078979492 -3.975221157074 270.06130981445
67.863014221191 -3.5842695236206 270.23275756836
68.123374938965 -3.2103192806244 270.39682006836
68.428291320801 -2.8656413555145 270.54815673828
68.751510620117 -2.5352823734283 270.69323730469
69.099533081055 -2.2267942428589 270.82879638672
69.468635559082 -1.9395946264267 270.955078125
69.853149414062 -1.6698380708694 271.07373046875
70.238349914551 -1.4009487628937 271.19207763672
70.634468078613 -1.1456716060638 271.3044128418
71.03443145752 -0.8955043554306 271.41452026367
71.448333740234 -0.66512447595596 271.51602172852
71.858154296875 -0.4287024140358 271.62017822266
72.274909973145 -0.20267860591412 271.71978759766
72.686332702637 0.03139865770936 271.82287597656
73.087448120117 0.28003510832787 271.93231201172
73.501525878906 0.51015204191208 272.03369140625
73.910377502441 0.74799239635468 272.13842773438
74.314811706543 0.9920768737793 272.24594116211
74.758361816406 1.1702618598938 272.32467651367
75.200469970703 1.3514431715012 272.40469360352
75.656410217285 1.5011848211288 272.47094726562
67.905090332031 -5.3069896697998 269.76693725586
68.281890869141 -4.8969144821167 270.12222290039
68.757034301758 -4.5642728805542 270.44003295898
69.277397155762 -4.2582168579102 270.71060180664
69.82445526123 -3.9918596744537 270.97039794922
70.371215820312 -3.7559621334076 271.25863647461
70.917770385742 -3.557874917984 271.57415771484
71.496299743652 -3.4121861457825 271.86022949219
72.086601257324 -3.299174785614 272.1364440918
72.655868530273 -3.2241036891937 272.46527099609
73.226280212402 -3.1627767086029 272.794921875
73.797836303711 -3.1320855617523 273.12689208984
74.360473632812 -3.1065511703491 273.47396850586
74.947341918945 -3.1161592006683 273.77938842773
75.547409057617 -3.1429424285889 274.05667114258
76.120826721191 -3.179206609726 274.38485717773
76.684349060059 -3.2208297252655 274.72882080078
77.272987365723 -3.3160426616669 275.01568603516
77.859298706055 -3.4213287830353 275.30374145508
78.434028625488 -3.531661272049 275.61254882812
79.000427246094 -3.6317343711853 275.93969726562
79.561485290527 -3.7226514816284 276.27838134766
80.131072998047 -3.7445464134216 276.61444091797
80.712417602539 -3.7531597614288 276.93035888672
81.30770111084 -3.7452881336212 277.2190246582
67.815582275391 -5.1238160133362 269.21951293945
68.133316040039 -4.6190114021301 269.27926635742
68.560768127441 -4.1983070373535 269.31155395508
69.016990661621 -3.8097581863403 269.34600830078
69.524887084961 -3.4912509918213 269.38412475586
70.031967163086 -3.171614408493 269.41680908203
70.526420593262 -2.8343524932861 269.36560058594
71.021003723145 -2.4978485107422 269.31127929688
71.526527404785 -2.1822018623352 269.23641967773
72.043739318848 -1.8934028148651 269.13824462891
72.587684631348 -1.6714498996735 269.01290893555
73.127944946289 -1.4472193717957 268.87643432617
73.651000976562 -1.2003213167191 268.71496582031
74.200790405273 -1.0194933414459 268.55429077148
74.733306884766 -0.80289447307587 268.38006591797
75.258255004883 -0.57685536146164 268.1953125
75.773208618164 -0.36373823881149 267.97119140625
76.298225402832 -0.17856931686401 267.74557495117
76.82869720459 -0.012725844047964 267.51791381836
77.325782775879 0.16166509687901 267.22924804688
77.845603942871 0.32200601696968 266.97448730469
78.378784179688 0.47506567835808 266.74398803711
78.899620056152 0.66708874702454 266.51443481445
79.408615112305 0.86402624845505 266.26348876953
79.94149017334 1.0551427602768 266.06259155273
