69.531944274902 5.8836627006531 268.73132324219
82.125419616699 -0.67059355974197 273.86395263672
84.367897033691 1.119767665863 272.23379516602
83.120185852051 1.5162628889084 275.59637451172
69.73176574707 5.3547315597534 268.89694213867
70.10147857666 4.9386782646179 269.09194946289
70.513160705566 4.5661907196045 269.29104614258
70.954299926758 4.2301249504089 269.49197387695
71.414741516113 3.9213593006134 269.69329833984
71.89574432373 3.6454832553864 269.89437866211
72.390121459961 3.3937926292419 270.09475708008
72.895355224609 3.163827419281 270.29415893555
73.408164978027 2.9503583908081 270.49255371094
73.930946350098 2.7608525753021 270.68927001953
74.44953918457 2.5609443187714 270.88677978516
74.96516418457 2.3539717197418 271.08477783203
75.480529785156 2.1463787555695 271.28280639648
75.995544433594 1.9379765987396 271.48089599609
76.510299682617 1.7289550304413 271.67901611328
77.024993896484 1.5197994709015 271.87713623047
77.541091918945 1.3139411211014 272.07507324219
78.057464599609 1.1087033748627 272.27291870117
78.575149536133 0.90658229589462 272.47058105469
79.087158203125 0.69132936000824 272.66909790039
79.602027893066 0.48260343074799 272.86724853516
80.106155395508 0.25027710199356 273.06671142578
80.61060333252 0.018673591315746 273.26620483398
81.122314453125 -0.19726291298866 273.46481323242
81.633857727051 -0.41359838843346 273.6633605957
70.071304321289 5.5876822471619 268.67352294922
70.619064331055 5.3166542053223 268.76538085938
71.166465759277 5.055136680603 268.88317871094
71.725341796875 4.8306465148926 269.0217590332
72.278953552246 4.6019792556763 269.17388916016
72.843406677246 4.4260210990906 269.3537902832
73.40251159668 4.2289843559265 269.52841186523
73.966682434082 4.0903906822205 269.73919677734
74.53458404541 3.9177491664886 269.91128540039
75.103813171387 3.7404139041901 270.0739440918
75.675430297852 3.5703926086426 270.23608398438
76.249153137207 3.3993496894836 270.38943481445
76.826820373535 3.2491526603699 270.54965209961
77.40258026123 3.0940010547638 270.71203613281
77.976188659668 2.9333868026733 270.8766784668
78.556396484375 2.7856106758118 271.02981567383
79.13883972168 2.6424942016602 271.17883300781
79.720581054688 2.512314081192 271.34185791016
80.297050476074 2.3480036258698 271.49221801758
80.867851257324 2.1564912796021 271.63165283203
81.45304107666 2.0044538974762 271.75958251953
82.038261413574 1.8524832725525 271.88751220703
82.626625061035 1.6737864017487 271.94937133789
83.214530944824 1.4886139631271 271.99420166016
83.791702270508 1.3225246667862 272.13989257812
69.85620880127 5.6496520042419 269.19815063477
70.299308776855 5.3673319816589 269.51983642578
70.802284240723 5.1317911148071 269.78741455078
71.302268981934 4.8898034095764 270.05484008789
71.809844970703 4.6560940742493 270.31521606445
72.326683044434 4.4353423118591 270.56857299805
72.849784851074 4.2318830490112 270.8235168457
73.38786315918 4.0515203475952 271.06430053711
73.939842224121 3.8887133598328 271.28533935547
74.484428405762 3.7196295261383 271.51965332031
75.034767150879 3.5645117759705 271.75
75.60115814209 3.453768491745 271.966796875
76.168006896973 3.3438017368317 272.18276977539
76.742309570312 3.2478313446045 272.38522338867
77.295059204102 3.1283466815948 272.63067626953
77.846534729004 3.0070295333862 272.87811279297
78.402763366699 2.8883140087128 273.11596679688
78.953300476074 2.7610490322113 273.36245727539
79.44856262207 2.5672011375427 273.67425537109
79.955360412598 2.3708074092865 273.96517944336
80.482940673828 2.1702120304108 274.21310424805
81.005912780762 1.9796413183212 274.47814941406
81.523277282715 1.7998551130295 274.76110839844
82.036911010742 1.6137049198151 275.04675292969
82.578659057617 1.4736905097961 275.30535888672
