73.226348876953 -1.2974319458008 269.22323608398
77.486320495605 0.71657872200012 271.61734008789
77.97583770752 -1.743910908699 271.84353637695
78.656593322754 -0.38085821270943 269.58966064453
73.32933807373 -1.1569701433182 269.34060668945
73.420486450195 -1.0096461772919 269.45935058594
73.541152954102 -0.88107860088348 269.57348632812
73.665229797363 -0.75511461496353 269.68682861328
73.794746398926 -0.63345050811768 269.79879760742
73.93489074707 -0.52096396684647 269.90753173828
74.076461791992 -0.40977993607521 270.01574707031
74.220207214355 -0.30069801211357 270.12319946289
74.374565124512 -0.20242241024971 270.22631835938
74.528045654297 -0.10320799052715 270.32983398438
74.689933776855 -0.013635104522109 270.42922973633
74.856483459473 0.070033811032772 270.52606201172
75.026847839355 0.14857877790928 270.62051391602
75.200958251953 0.22174082696438 270.71240234375
75.379119873047 0.2886061668396 270.80133056641
75.559555053711 0.35175141692162 270.88833618164
75.743827819824 0.40806809067726 270.97192382812
75.929092407227 0.46246510744095 271.05456542969
76.117172241211 0.51129519939423 271.13427734375
76.307907104492 0.55436569452286 271.21096801758
76.50267791748 0.58753079175949 271.2822265625
76.698822021484 0.61690485477448 271.35137939453
76.895011901855 0.64600819349289 271.42044067383
77.085479736328 0.68970096111298 271.49743652344
77.283271789551 0.71402621269226 271.56378173828
73.386070251465 -1.3279536962509 269.36260986328
73.548934936523 -1.3345155715942 269.50152587891
73.727478027344 -1.3249635696411 269.61929321289
73.907539367676 -1.3033437728882 269.73318481445
74.087989807129 -1.2741576433182 269.84478759766
74.26985168457 -1.2553392648697 269.95626831055
74.458145141602 -1.2421290874481 270.0573425293
74.652587890625 -1.2313789129257 270.14636230469
74.849502563477 -1.2355177402496 270.23022460938
75.04704284668 -1.2479748725891 270.31201171875
75.241142272949 -1.256996512413 270.40194702148
75.430244445801 -1.2601834535599 270.50228881836
75.622161865234 -1.2650915384293 270.59710693359
75.821678161621 -1.2767926454544 270.67337036133
76.018188476562 -1.293070435524 270.7565612793
76.198951721191 -1.3155326843262 270.86785888672
76.374397277832 -1.3399966955185 270.98825073242
76.559844970703 -1.3719786405563 271.08929443359
76.751586914062 -1.4089082479477 271.17718505859
76.937934875488 -1.4542447328568 271.27200317383
77.118774414062 -1.5060628652573 271.37432861328
77.298362731934 -1.5592249631882 271.47821044922
77.477554321289 -1.6095985174179 271.58410644531
77.630165100098 -1.668928027153 271.71789550781
77.768753051758 -1.741730093956 271.86376953125
73.424186706543 -1.2163946628571 269.19128417969
73.624122619629 -1.1372973918915 269.21508789062
73.81510925293 -1.0420070886612 269.25039672852
74.01383972168 -0.95878672599792 269.26971435547
74.222846984863 -0.90982329845428 269.29663085938
74.435188293457 -0.87928640842438 269.32467651367
74.647392272949 -0.85209596157074 269.35598754883
74.838882446289 -0.77427905797958 269.41983032227
75.041702270508 -0.71757900714874 269.46926879883
75.253776550293 -0.69868105649948 269.50769042969
75.466720581055 -0.69473588466644 269.54574584961
75.678619384766 -0.68621492385864 269.5885925293
75.888717651367 -0.66142410039902 269.63391113281
76.10066986084 -0.62131881713867 269.65048217773
76.313667297363 -0.58362680673599 269.65469360352
76.528915405273 -0.56465047597885 269.66555786133
76.744171142578 -0.54576152563095 269.67645263672
76.958824157715 -0.53557670116425 269.70141601562
77.173408508301 -0.52599573135376 269.72732543945
77.379791259766 -0.48637348413467 269.6774597168
77.589073181152 -0.43991965055466 269.64852905273
77.80403137207 -0.45902326703072 269.65731811523
78.02025604248 -0.46159055829048 269.65185546875
78.227188110352 -0.41714259982109 269.60781860352
78.441802978516 -0.39163488149643 269.61285400391
