7.5433416366577 -18.513820648193 -23.44828414917
-11.755542755127 -4.1806993484497 -16.457984924316
-11.688820838928 -10.273413658142 -21.863054275513
-10.731812477112 -11.646262168884 -14.018454551697
7.1114859580994 -17.679626464844 -23.189105987549
6.5279531478882 -16.947492599487 -22.917966842651
5.9020795822144 -16.25189781189 -22.645086288452
5.2227029800415 -15.608810424805 -22.371288299561
4.5324006080627 -14.977460861206 -22.097501754761
3.824658870697 -14.365637779236 -21.823905944824
3.1052770614624 -13.767441749573 -21.550546646118
2.3689832687378 -13.189936637878 -21.277713775635
1.6197066307068 -12.629100799561 -21.005449295044
0.86576455831528 -12.074437141418 -20.733415603638
0.11433582752943 -11.516437530518 -20.461254119873
-0.63250118494034 -10.952414512634 -20.188869476318
-1.3851640224457 -10.396049499512 -19.916770935059
-2.1425688266754 -9.8460292816162 -19.644931793213
-2.9063634872437 -9.304726600647 -19.373470306396
-3.6786494255066 -8.7753190994263 -19.102579116821
-4.4449405670166 -8.2374782562256 -18.831274032593
-5.2183208465576 -7.7096309661865 -18.560459136963
-5.9853134155273 -7.1727662086487 -18.289203643799
-6.7581896781921 -6.644199848175 -18.018348693848
-7.5076603889465 -6.0836391448975 -17.746095657349
-8.3012962341309 -5.5862522125244 -17.477048873901
-9.091869354248 -5.0837655067444 -17.207637786865
-9.93137550354 -4.6644253730774 -16.944412231445
-10.836936950684 -4.4009003639221 -16.69825553894
6.8619871139526 -18.148500442505 -23.702344894409
6.1430959701538 -17.770433425903 -23.755023956299
5.4310073852539 -17.386995315552 -23.662200927734
4.7189102172852 -17.003580093384 -23.569347381592
4.0050468444824 -16.62536239624 -23.469104766846
3.2804043292999 -16.289737701416 -23.31111907959
2.555762052536 -15.954111099243 -23.153133392334
1.8311202526093 -15.61848449707 -22.995143890381
1.0987821817398 -15.287867546082 -22.864452362061
0.36109536886215 -14.961426734924 -22.755081176758
-0.3766285777092 -14.635014533997 -22.6458568573
-1.1143527030945 -14.308603286743 -22.53663444519
-1.8622574806213 -14.008333206177 -22.421850204468
-2.6216504573822 -13.741436958313 -22.300277709961
-3.3812267780304 -13.475075721741 -22.178596496582
-4.1395406723022 -13.193127632141 -22.088314056396
-4.885226726532 -12.86695766449 -22.09473991394
-5.6366963386536 -12.561838150024 -22.025783538818
-6.3876633644104 -12.27733707428 -21.892642974854
-7.1380929946899 -11.978269577026 -21.792184829712
-7.8863849639893 -11.662728309631 -21.736072540283
-8.633472442627 -11.339615821838 -21.743997573853
-9.4036731719971 -11.084956169128 -21.677719116211
-10.147060394287 -10.777083396912 -21.799127578735
-10.927445411682 -10.54762840271 -21.774599075317
7.161630153656 -18.40645980835 -22.722808837891
6.5039563179016 -18.125923156738 -22.274446487427
5.8265562057495 -17.783712387085 -21.903680801392
5.1508531570435 -17.407052993774 -21.564157485962
4.4652233123779 -17.03281211853 -21.24236869812
3.7660231590271 -16.673461914062 -20.932920455933
3.0596213340759 -16.325616836548 -20.62952041626
2.2966690063477 -16.068254470825 -20.373723983765
1.5313959121704 -15.816567420959 -20.119325637817
0.77686107158661 -15.555000305176 -19.843650817871
0.030434031039476 -15.286509513855 -19.552907943726
-0.71542870998383 -15.018122673035 -19.260673522949
-1.4531064033508 -14.751292228699 -18.94743347168
-2.1675181388855 -14.489142417908 -18.580465316772
-2.876039981842 -14.225384712219 -18.204374313354
-3.5291430950165 -13.947140693665 -17.746797561646
-4.2299251556396 -13.671967506409 -17.364152908325
-4.9804725646973 -13.429665565491 -17.061285018921
-5.7365465164185 -13.200005531311 -16.762468338013
-6.4742884635925 -12.97047996521 -16.420764923096
-7.1913356781006 -12.73085975647 -16.043701171875
-7.9057383537292 -12.512119293213 -15.649310112
-8.6175985336304 -12.308598518372 -15.242374420166
-9.318286895752 -12.110103607178 -14.814141273499
-10.000366210938 -11.868799209595 -14.377948760986
