61.132820129395 6.1703338623047 271.60888671875
66.251159667969 -0.30768921971321 271.01974487305
71.723587036133 1.5941641330719 266.62622070312
71.497993469238 -0.093810521066189 276.6428527832
61.019313812256 5.8581666946411 271.54977416992
61.0178565979 5.5244426727295 271.49673461914
61.046848297119 5.1915674209595 271.4465637207
61.115001678467 4.8638625144958 271.40048217773
61.223045349121 4.5463395118713 271.359375
61.367866516113 4.2430849075317 271.32369995117
61.521480560303 3.9440221786499 271.28945922852
61.68822479248 3.6519210338593 271.25744628906
61.887256622314 3.3800568580627 271.23135375977
62.100231170654 3.1186916828156 271.20809936523
62.322811126709 2.8652727603912 271.18698120117
62.553657531738 2.6192047595978 271.1676940918
62.78528213501 2.3738813400269 271.14862060547
63.037689208984 2.1495916843414 271.13467407227
63.284854888916 1.9196255207062 271.11929321289
63.535533905029 1.6934285163879 271.10488891602
63.79016494751 1.4716300964355 271.0915222168
64.050148010254 1.2560395002365 271.07955932617
64.311531066895 1.0421357154846 271.06796264648
64.57283782959 0.82813775539398 271.0563659668
64.844055175781 0.62670713663101 271.04763793945
65.123741149902 0.43709918856621 271.04147338867
65.39820098877 0.24007588624954 271.03366088867
65.685287475586 0.061801731586456 271.02993774414
65.967559814453 -0.12395112216473 271.02462768555
61.454643249512 5.8893976211548 271.29220581055
61.691829681396 5.4852933883667 271.15896606445
62.145092010498 5.3352079391479 270.88272094727
62.537433624268 5.0707268714905 270.56405639648
62.928665161133 4.8047008514404 270.24981689453
63.236949920654 4.5912866592407 270.62289428711
63.407238006592 4.5142226219177 270.18792724609
63.659244537354 4.4107570648193 269.83776855469
63.899909973145 4.3088006973267 270.01721191406
64.220977783203 4.2594828605652 269.57235717773
64.711471557617 4.0672087669373 269.37432861328
65.174461364746 3.8614871501923 269.10940551758
65.598777770996 3.6336255073547 268.98092651367
65.995887756348 3.4718086719513 268.62319946289
66.465629577637 3.2784788608551 268.36135864258
66.961036682129 3.1194620132446 268.13040161133
67.491065979004 2.9058837890625 268.14794921875
68.012359619141 2.7231340408325 268.00921630859
68.502052307129 2.5509037971497 267.78265380859
69.016906738281 2.4210307598114 267.59002685547
69.551544189453 2.3536112308502 267.4289855957
69.92529296875 2.2472791671753 267.15872192383
70.462455749512 2.0681176185608 267.14923095703
70.786987304688 2.015234708786 266.7041015625
71.282440185547 1.8211122751236 266.56359863281
61.360412597656 5.833429813385 272.06875610352
61.524024963379 5.2402548789978 272.14544677734
62.025146484375 5.0519223213196 272.41757202148
62.509246826172 4.6834254264832 272.68057250977
62.852180480957 4.51145362854 272.47796630859
63.069076538086 4.2510528564453 273.03091430664
63.58642578125 3.9277200698853 273.28704833984
64.110961914062 3.5924620628357 273.5168762207
64.606338500977 3.2591378688812 273.80709838867
65.147796630859 2.9273290634155 273.97909545898
65.684913635254 2.6318707466125 274.2160949707
66.213500976562 2.3271493911743 274.4255065918
66.609504699707 2.1099925041199 274.65454101562
67.097480773926 1.9370324611664 274.6208190918
67.481826782227 1.6645257472992 275.06210327148
67.716949462891 1.6109383106232 274.98522949219
68.139625549316 1.4360715150833 275.02389526367
68.495269775391 1.2221014499664 275.35430908203
69.039077758789 1.0073949098587 275.44720458984
69.309257507324 0.90584832429886 275.39276123047
69.734245300293 0.81175100803375 275.76104736328
70.012733459473 0.72887599468231 275.83795166016
70.364883422852 0.61346256732941 275.90481567383
70.899833679199 0.43851456046104 275.93035888672
71.403366088867 0.11084188520908 276.11096191406
