66.06616973877 -3.9394431114197 268.732421875
79.407562255859 5.6187887191772 267.46472167969
80.70329284668 2.4446971416473 271.57189941406
81.394371032715 0.95551460981369 265.59985351562
66.42586517334 -3.4173145294189 268.62997436523
66.792221069336 -2.8995110988617 268.52923583984
67.174034118652 -2.3922538757324 268.43267822266
67.604194641113 -1.9225734472275 268.35012817383
68.063362121582 -1.4795143604279 268.27703857422
68.540504455566 -1.0548101663589 268.21029663086
69.018035888672 -0.63051748275757 268.14373779297
69.503883361816 -0.21529249846935 268.08020019531
69.976425170898 0.21419797837734 268.01187133789
70.480209350586 0.60853087902069 267.9553527832
70.991996765137 0.99286580085754 267.90219116211
71.525703430176 1.3474509716034 267.85861206055
72.082862854004 1.6653198003769 267.82666015625
72.616432189941 2.0201351642609 267.78308105469
73.150413513184 2.3743047714233 267.73965454102
73.708847045898 2.6899833679199 267.70834350586
74.28002166748 2.9826672077179 267.68414306641
74.845855712891 3.2853014469147 267.65692138672
75.415542602539 3.5807454586029 267.63186645508
76.017272949219 3.8052232265472 267.62805175781
76.595947265625 4.0831489562988 267.60827636719
77.173278808594 4.3637847900391 267.58779907227
77.731544494629 4.679762840271 267.55639648438
78.302124023438 4.9735794067383 267.53186035156
78.875930786133 5.261191368103 267.50924682617
66.489562988281 -3.6633477210999 269.11013793945
66.990135192871 -3.3323230743408 269.30438232422
67.500030517578 -2.994343996048 269.45910644531
68.01668548584 -2.6373429298401 269.51995849609
68.563629150391 -2.3320548534393 269.59579467773
69.137084960938 -2.0873556137085 269.69256591797
69.7109375 -1.8435722589493 269.78961181641
70.280387878418 -1.5752342939377 269.83181762695
70.848922729492 -1.3037034273148 269.8664855957
71.420204162598 -1.0389295816422 269.90753173828
71.997734069824 -0.79128575325012 269.96466064453
72.575553894043 -0.54445648193359 270.02258300781
73.154922485352 -0.3036142885685 270.08959960938
73.734657287598 -0.064348384737968 270.15896606445
74.314422607422 0.1748336404562 270.22845458984
74.894737243652 0.41372534632683 270.2942199707
75.47550201416 0.65237146615982 270.35684204102
76.056304931641 0.89099478721619 270.41918945312
76.640739440918 1.1126626729965 270.50503540039
77.228340148926 1.3069254159927 270.62725830078
77.816261291504 1.4982994794846 270.75329589844
78.404182434082 1.6896719932556 270.87930297852
78.985458374023 1.877925992012 271.03649902344
79.560081481934 2.0662660598755 271.21661376953
80.113243103027 2.2681043148041 271.44256591797
66.464218139648 -3.9348230361938 268.23205566406
67.018409729004 -3.6757047176361 268.04006958008
67.579650878906 -3.4122262001038 267.87664794922
68.153221130371 -3.1623058319092 267.736328125
68.735946655273 -2.924352645874 267.61410522461
69.319641113281 -2.6829080581665 267.50396728516
69.904266357422 -2.4371650218964 267.40933227539
70.489768981934 -2.1899855136871 267.32437133789
71.077239990234 -1.9383516311646 267.2724609375
71.664794921875 -1.6869692802429 267.2204284668
72.266181945801 -1.4770367145538 267.14703369141
72.871505737305 -1.2815141677856 267.06649780273
73.477668762207 -1.0828419923782 267.00146484375
74.08422088623 -0.88169282674789 266.94888305664
74.685989379883 -0.6656636595726 266.90051269531
75.286506652832 -0.44595310091972 266.85317993164
75.890510559082 -0.24508371949196 266.77597045898
76.495170593262 -0.051793698221445 266.68563842773
77.099044799805 0.12230560928583 266.55853271484
77.702926635742 0.29640460014343 266.43145751953
78.313148498535 0.44524794816971 266.30258178711
78.924705505371 0.58815711736679 266.17330932617
79.537155151367 0.71933281421661 266.03607177734
80.150184631348 0.80431109666824 265.8684387207
80.767967224121 0.8818319439888 265.71527099609
