84.78791809082 -4.7682037353516 402.91265869141
104.63252258301 6.438232421875 406.08804321289
105.73378753662 2.8756542205811 410.82888793945
106.88547515869 2.276088476181 403.23538208008
85.238784790039 -3.9944534301758 402.92691040039
85.862884521484 -3.3544187545776 402.99468994141
86.535285949707 -2.7674672603607 403.07916259766
87.23949432373 -2.2209722995758 403.17523193359
87.9677734375 -1.7087663412094 403.28048706055
88.709030151367 -1.216654419899 403.39093017578
89.453903198242 -0.73036801815033 403.50280761719
90.210395812988 -0.2635238468647 403.6194152832
90.978034973145 0.18352630734444 403.74072265625
91.751792907715 0.61914336681366 403.86471557617
92.526519775391 1.0529216527939 403.98907470703
93.303977966309 1.4814558029175 404.11465454102
94.088638305664 1.8956639766693 404.24340820312
94.875923156738 2.304479598999 404.37335205078
95.668678283691 2.7017533779144 404.50579833984
96.460670471191 3.1006600856781 404.63793945312
97.26114654541 3.4808683395386 404.77401733398
98.059059143066 3.8668437004089 404.90893554688
98.865600585938 4.2328944206238 405.04797363281
99.669700622559 4.6047334671021 405.1858215332
100.47956085205 4.9627614021301 405.32647705078
101.29207611084 5.3141674995422 405.46850585938
102.11427307129 5.6400694847107 405.6155090332
102.93590545654 5.9675440788269 405.76220703125
103.77301025391 6.2485542297363 405.91748046875
85.37899017334 -4.2663712501526 403.40408325195
86.154769897461 -3.8549480438232 403.67211914062
86.93058013916 -3.4435567855835 403.94012451172
87.726112365723 -3.0539696216583 404.18154907227
88.541870117188 -2.6895129680634 404.3928527832
89.357627868652 -2.3250589370728 404.60418701172
90.173385620117 -1.9606050252914 404.81552124023
90.989135742188 -1.5961512327194 405.02685546875
91.822143554688 -1.2808890342712 405.24969482422
92.660232543945 -0.98210299015045 405.47616577148
93.498321533203 -0.68332612514496 405.70260620117
94.336402893066 -0.38454958796501 405.92910766602
95.170944213867 -0.13968643546104 406.22323608398
96.004859924316 0.1006636172533 406.52282714844
96.833305358887 0.34045976400375 406.83767700195
97.652931213379 0.57929217815399 407.17547607422
98.472518920898 0.81811666488647 407.51336669922
99.299346923828 1.0387169122696 407.84600830078
100.12774658203 1.2552018165588 408.17739868164
100.95524597168 1.4798755645752 408.50561523438
101.78023529053 1.7188656330109 408.82998657227
102.58641815186 1.9884796142578 409.17684936523
103.37562561035 2.2615573406219 409.55828857422
104.16217803955 2.5342502593994 409.94549560547
104.94597625732 2.7381174564362 410.3779296875
85.586311340332 -4.4708127975464 402.63101196289
86.406211853027 -4.1035332679749 402.60052490234
87.227798461914 -3.7390761375427 402.59527587891
88.059692382812 -3.4044654369354 402.65893554688
88.893211364746 -3.077957868576 402.7409362793
89.722610473633 -2.7393224239349 402.81488037109
90.54322052002 -2.3772387504578 402.87390136719
91.370483398438 -2.0417370796204 402.9792175293
92.201179504395 -1.729649066925 403.12280273438
93.035186767578 -1.4178830385208 403.24652099609
93.87345123291 -1.1074565649033 403.34140014648
94.721717834473 -0.82144981622696 403.42330932617
95.578353881836 -0.5580438375473 403.49298095703
96.442359924316 -0.31433030962944 403.53955078125
97.308486938477 -0.075400978326797 403.56799316406
98.174194335938 0.1667129099369 403.57083129883
99.036712646484 0.41866698861122 403.54626464844
99.91349029541 0.61696189641953 403.55078125
100.78827667236 0.82388615608215 403.5544128418
101.66307067871 1.030762553215 403.55813598633
102.53908538818 1.2321276664734 403.56942749023
103.40747833252 1.4644278287888 403.56979370117
104.2642364502 1.7325299978256 403.52331542969
105.12624359131 1.9747616052628 403.44372558594
106.00312042236 2.1504328250885 403.35260009766
