59.933292388916 6.4449911117554 269.99899291992
62.58415222168 -4.196280002594 274.87881469727
66.486206054688 -3.251161813736 268.86926269531
66.655067443848 0.92338389158249 277.48629760742
59.525852203369 6.1489334106445 270.18380737305
59.194358825684 5.7856392860413 270.39340209961
58.915447235107 5.3858604431152 270.61529541016
58.690444946289 4.9582028388977 270.84521484375
58.501556396484 4.5140743255615 271.07940673828
58.337833404541 4.0620231628418 271.31484985352
58.238826751709 3.5915241241455 271.55264282227
58.174140930176 3.1147639751434 271.78997802734
58.050422668457 2.6502017974854 272.02743530273
58.068004608154 2.1719350814819 272.25708007812
58.141296386719 1.6907860040665 272.48248291016
58.233325958252 1.2115193605423 272.70504760742
58.354049682617 0.73691946268082 272.92242431641
58.536674499512 0.27854073047638 273.12564086914
58.823986053467 -0.14002323150635 273.29891967773
59.079898834229 -0.57414627075195 273.48294067383
59.365390777588 -0.993543446064 273.65682983398
59.673583984375 -1.4000997543335 273.82217407227
59.991565704346 -1.800843834877 273.98370361328
60.318019866943 -2.1960389614105 274.14169311523
60.659801483154 -2.580638885498 274.29302978516
61.022331237793 -2.9496240615845 274.43463134766
61.41340637207 -3.294230222702 274.56158447266
61.787498474121 -3.6538817882538 274.6975402832
62.105472564697 -4.0532331466675 274.85836791992
59.876499176025 6.0760779380798 269.68334960938
59.844764709473 5.6392707824707 269.46640014648
59.858600616455 5.171404838562 269.32553100586
59.911544799805 4.6939911842346 269.23483276367
59.994571685791 4.213641166687 269.19885253906
60.112720489502 3.7403900623322 269.23089599609
60.124954223633 3.2522184848785 269.25268554688
60.304847717285 2.7983276844025 269.25064086914
60.604187011719 2.4150803089142 269.22714233398
61.033336639404 2.1896982192993 269.16482543945
61.435512542725 1.9246499538422 269.08160400391
61.816349029541 1.6343375444412 268.98706054688
62.094402313232 1.239600777626 268.9111328125
62.368179321289 0.83654743432999 268.87280273438
62.668525695801 0.45112100243568 268.86123657227
62.957939147949 0.060138519853354 268.81478881836
63.301162719727 -0.28717219829559 268.79364013672
63.670917510986 -0.60675173997879 268.80172729492
64.040809631348 -0.9234584569931 268.84371948242
64.374305725098 -1.2776443958282 268.89151000977
64.707084655762 -1.6330403089523 268.93402099609
65.072853088379 -1.9568945169449 268.91903686523
65.459251403809 -2.2528514862061 268.96441650391
65.848609924316 -2.542896270752 269.02084350586
66.212783813477 -2.8682477474213 269.00180053711
59.95779800415 6.572943687439 270.46331787109
60.002040863037 6.5569267272949 270.94314575195
60.053680419922 6.4736018180847 271.41497802734
60.069183349609 6.2115559577942 271.81948852539
60.109001159668 5.8989386558533 272.18453979492
60.163333892822 5.563729763031 272.52694702148
60.279579162598 5.246753692627 272.87127685547
60.457599639893 4.9587211608887 273.21469116211
60.647468566895 4.6733078956604 273.55389404297
61.055027008057 4.5027408599854 273.74673461914
61.475982666016 4.3594818115234 273.9333190918
61.869445800781 4.2154493331909 274.17181396484
62.206882476807 4.0401020050049 274.46826171875
62.573127746582 3.8298149108887 274.70111083984
62.922538757324 3.5970230102539 274.93838500977
63.256954193115 3.3473134040833 275.18002319336
63.582885742188 3.0972766876221 275.43267822266
63.908813476562 2.8472394943237 275.68533325195
64.290260314941 2.5778777599335 275.80548095703
64.675117492676 2.3079128265381 275.91311645508
65.013961791992 2.0904257297516 276.17810058594
65.346473693848 1.8762024641037 276.45391845703
65.704071044922 1.6306850910187 276.66464233398
66.034965515137 1.3715081214905 276.9010925293
66.349586486816 1.1304994821548 277.17587280273
