58.03927230835 -5.7425456047058 275.7658996582
63.841724395752 3.9158382415771 272.27908325195
73.520225524902 4.1060185432434 272.86013793945
69.963478088379 3.4916942119598 264.79150390625
57.86075592041 -5.3075518608093 275.80136108398
57.874465942383 -4.8377113342285 275.74920654297
57.953453063965 -4.3781843185425 275.66958618164
58.076721191406 -3.9319880008698 275.57186889648
58.207141876221 -3.488466501236 275.47131347656
58.349765777588 -3.0498676300049 275.36584472656
58.503555297852 -2.6162109375 275.25601196289
58.698307037354 -2.2038226127625 275.13024902344
58.922145843506 -1.8100163936615 274.99371337891
59.159587860107 -1.4260858297348 274.85211181641
59.412712097168 -1.054479598999 274.70489501953
59.665473937988 -0.68259644508362 274.55783081055
59.939708709717 -0.32945662736893 274.40316772461
60.212795257568 0.024736680090427 274.24890136719
60.500080108643 0.36529797315598 274.08975219727
60.782455444336 0.71069747209549 273.93228149414
61.077995300293 1.0427964925766 273.77041625977
61.381214141846 1.3665925264359 273.60595703125
61.678455352783 1.6968532800674 273.44345092773
61.985538482666 2.0163493156433 273.27774047852
62.298145294189 2.3294742107391 273.11019897461
62.608604431152 2.6451127529144 272.94338989258
62.926612854004 2.9517879486084 272.77410888672
63.246891021729 3.2557344436646 272.60418701172
63.547451019287 3.5824284553528 272.44058227539
58.515502929688 -5.208872795105 275.88088989258
58.881427764893 -4.5909204483032 275.79196166992
59.444229125977 -4.1541442871094 275.64779663086
60.037174224854 -3.778101682663 275.45864868164
60.629844665527 -3.4017133712769 275.26934814453
61.217597961426 -3.0193393230438 275.07675170898
61.797512054443 -2.6276669502258 274.87911987305
62.377418518066 -2.2359983921051 274.68145751953
62.957305908203 -1.8444041013718 274.48358154297
63.536598205566 -1.454593539238 274.28051757812
64.114868164062 -1.0679559707642 274.06866455078
64.695404052734 -0.68329852819443 273.85952758789
65.294921875 -0.31612014770508 273.67373657227
65.894836425781 0.050745002925396 273.48864746094
66.508178710938 0.40691518783569 273.32830810547
67.129951477051 0.75498646497726 273.18341064453
67.762031555176 1.0919319391251 273.05813598633
68.406959533691 1.4107197523117 272.95223999023
69.053779602051 1.7284110784531 272.85525512695
69.674736022949 2.0999865531921 272.78387451172
70.290412902832 2.4851777553558 272.74740600586
70.91185760498 2.8624696731567 272.73327636719
71.559661865234 3.1896557807922 272.68786621094
72.198722839355 3.5363864898682 272.6760559082
72.846481323242 3.860689163208 272.73910522461
58.14086151123 -5.1694893836975 275.32354736328
58.431358337402 -4.5838189125061 275.00485229492
58.945110321045 -4.2310419082642 274.62243652344
59.453033447266 -3.877518415451 274.23303222656
59.962394714355 -3.5110993385315 273.85778808594
60.477169036865 -3.1148748397827 273.5221862793
60.994194030762 -2.7166268825531 273.19281005859
61.549644470215 -2.3790957927704 272.85791015625
62.093795776367 -2.0275316238403 272.51895141602
62.616954803467 -1.6514799594879 272.17324829102
63.142143249512 -1.2806807756424 271.82495117188
63.668209075928 -0.91334301233292 271.47439575195
64.190292358398 -0.57487112283707 271.09039306641
64.695442199707 -0.23006290197372 270.68969726562
65.183280944824 0.12786427140236 270.27920532227
65.676963806152 0.46888396143913 269.86138916016
66.146018981934 0.79795032739639 269.40716552734
66.59839630127 1.1200224161148 268.93151855469
67.057106018066 1.4228544235229 268.44934082031
67.485626220703 1.7370632886887 267.94711303711
67.923889160156 2.0120396614075 267.43045043945
68.356239318848 2.2865223884583 266.90859985352
68.806457519531 2.5377542972565 266.39013671875
69.224662780762 2.8476390838623 265.87664794922
69.599502563477 3.1736497879028 265.34014892578
