146.8942565918 -18.354890823364 641.07336425781
147.19003295898 0.9295711517334 645.25506591797
152.11808776855 7.4639596939087 640.88958740234
143.55067443848 9.1522626876831 639.99700927734
146.93254089355 -17.957778930664 641.73834228516
146.85191345215 -17.436594009399 642.34875488281
146.79098510742 -16.877828598022 642.92321777344
146.77641296387 -16.259693145752 643.44213867188
146.73162841797 -15.598278999329 643.90258789062
146.70555114746 -14.922575950623 644.33953857422
146.74081420898 -14.202988624573 644.70361328125
146.74617004395 -13.465867042542 645.02471923828
146.70155334473 -12.699491500854 645.27423095703
146.6644744873 -11.923072814941 645.4755859375
146.64813232422 -11.118914604187 645.54376220703
146.63180541992 -10.314756393433 645.61199951172
146.62091064453 -9.508113861084 645.59997558594
146.61056518555 -8.7012195587158 645.57989501953
146.63415527344 -7.8955059051514 645.56030273438
146.70109558105 -7.0913009643555 645.54132080078
146.74513244629 -6.2859396934509 645.51202392578
146.7825012207 -5.4802417755127 645.47979736328
146.82606506348 -4.6756381988525 645.43328857422
146.87316894531 -3.8716609477997 645.37860107422
146.92637634277 -3.0677738189697 645.34661865234
146.99615478516 -2.2641313076019 645.37622070312
147.04154968262 -1.4589947462082 645.40875244141
147.07800292969 -0.65330797433853 645.4423828125
147.10165405273 0.15342253446579 645.4306640625
147.76023864746 -17.789525985718 641.1171875
147.90588378906 -16.798978805542 641.40869140625
147.86006164551 -15.804865837097 641.72076416016
147.95640563965 -14.833477973938 642.08813476562
148.1513671875 -13.840087890625 642.34014892578
148.37821960449 -12.842432022095 642.54412841797
148.61610412598 -11.841988563538 642.7197265625
148.8073425293 -10.823926925659 642.84368896484
148.98892211914 -9.8004264831543 642.93035888672
149.13505554199 -8.7683734893799 642.88653564453
149.29776000977 -7.7388606071472 642.8466796875
149.61213684082 -6.7440886497498 642.84466552734
149.90472412109 -5.7428569793701 642.83111572266
150.10827636719 -4.7213773727417 642.77142333984
150.31141662598 -3.6999073028564 642.71081542969
150.47918701172 -2.6786992549896 642.57885742188
150.64410400391 -1.6578065156937 642.44110107422
150.80433654785 -0.64151245355606 642.26824951172
150.95933532715 0.36855870485306 642.05810546875
151.10939025879 1.3822638988495 641.86242675781
151.25241088867 2.4007856845856 641.68756103516
151.4250793457 3.4253969192505 641.59393310547
151.59057617188 4.4511160850525 641.49938964844
151.73480224609 5.4741349220276 641.35437011719
151.84120178223 6.4808650016785 641.10217285156
146.20304870605 -17.53275680542 641.05975341797
146.07086181641 -16.531421661377 641.45855712891
146.19886779785 -15.470790863037 641.67242431641
146.2113494873 -14.390726089478 641.78936767578
145.94911193848 -13.360868453979 642.03131103516
145.74369812012 -12.300917625427 642.18304443359
145.56782531738 -11.231391906738 642.29833984375
145.47196960449 -10.146745681763 642.35412597656
145.36196899414 -9.0622081756592 642.37457275391
145.23069763184 -7.9806923866272 642.35083007812
144.99226379395 -6.924464225769 642.22326660156
144.76501464844 -5.8614144325256 642.13958740234
144.58038330078 -4.7882971763611 642.08782958984
144.49661254883 -3.7037892341614 642.01397705078
144.4141998291 -2.6266415119171 641.86639404297
144.33227539062 -1.552267074585 641.69952392578
144.25305175781 -0.47637590765953 641.54132080078
144.17936706543 0.60216856002808 641.39959716797
144.11102294922 1.6729706525803 641.20593261719
144.04821777344 2.7334921360016 640.96057128906
143.98623657227 3.7942123413086 640.71624755859
144.00552368164 4.8761124610901 640.58227539062
144.05012512207 5.9610242843628 640.48364257812
143.94772338867 7.0326733589172 640.31072998047
143.77008056641 8.0912208557129 640.11907958984
