75.181282043457 -27.031036376953 334.61135864258
66.319053649902 -12.648406028748 340.01138305664
75.013137817383 -8.9941282272339 347.7321472168
74.70711517334 -4.0310616493225 335.14428710938
74.468269348145 -27.161876678467 334.59020996094
73.81746673584 -26.866273880005 334.71765136719
73.236465454102 -26.462488174438 334.88098144531
72.673454284668 -26.03674697876 335.05139160156
72.134552001953 -25.584196090698 335.23046875
71.627235412598 -25.100317001343 335.41955566406
71.164810180664 -24.577831268311 335.62069702148
70.736656188965 -24.029811859131 335.82962036133
70.306938171387 -23.482906341553 336.03823852539
69.901092529297 -22.919862747192 336.2516784668
69.525787353516 -22.338088989258 336.470703125
69.161750793457 -21.749897003174 336.69158935547
68.820732116699 -21.149379730225 336.916015625
68.502227783203 -20.53777885437 337.14361572266
68.20849609375 -19.9150390625 337.37426757812
67.934364318848 -19.284214019775 337.60708618164
67.683219909668 -18.644721984863 337.84216308594
67.465476989746 -17.994081497192 338.07992553711
67.269577026367 -17.337100982666 338.31927490234
67.106887817383 -16.671739578247 338.56036376953
66.94002532959 -16.007360458374 338.80130004883
66.747291564941 -15.349507331848 339.04080200195
66.595893859863 -14.681654930115 339.28234863281
66.476554870605 -14.007730484009 339.52499389648
66.396331787109 -13.328223228455 339.76812744141
74.771049499512 -26.709337234497 335.33996582031
74.525085449219 -26.136959075928 335.98355102539
74.253623962402 -25.467138290405 336.5129699707
73.934898376465 -24.796367645264 337.01409912109
73.588722229004 -24.157640457153 337.53823852539
73.343444824219 -23.465307235718 338.05120849609
73.161026000977 -22.746215820312 338.55346679688
72.976318359375 -22.043615341187 339.07778930664
72.809814453125 -21.343593597412 339.61141967773
72.764961242676 -20.600032806396 340.10916137695
72.738647460938 -19.844421386719 340.58978271484
72.753509521484 -19.0647315979 341.03082275391
72.726661682129 -18.303071975708 341.50177001953
72.65650177002 -17.563194274902 342.00207519531
72.614463806152 -16.816902160645 342.49572753906
72.794929504395 -16.047887802124 342.91845703125
72.975128173828 -15.278688430786 343.34097290039
73.109832763672 -14.480949401855 343.72583007812
73.248176574707 -13.694764137268 344.13232421875
73.420799255371 -13.084010124207 344.7646484375
73.606101989746 -12.471506118774 345.39169311523
73.810340881348 -11.856653213501 346.0104675293
74.032081604004 -11.216463088989 346.59664916992
74.317527770996 -10.49178981781 347.03939819336
74.673980712891 -9.7586889266968 347.41110229492
74.728103637695 -26.295988082886 334.26922607422
74.319892883301 -25.508134841919 334.0302734375
73.964874267578 -24.657827377319 333.91339111328
73.67015838623 -23.780723571777 333.87588500977
73.404602050781 -22.890665054321 333.87677001953
73.142219543457 -21.999805450439 333.88000488281
72.926986694336 -21.097057342529 333.91806030273
72.711753845215 -20.194311141968 333.95608520508
72.637016296387 -19.271953582764 334.03247070312
72.565933227539 -18.349084854126 334.10986328125
72.520431518555 -17.426887512207 334.2106628418
72.475936889648 -16.504716873169 334.31237792969
72.360214233398 -15.585713386536 334.36715698242
72.254028320312 -14.669199943542 334.41702270508
72.462684631348 -13.772912025452 334.54293823242
72.608512878418 -12.862538337708 334.63653564453
72.662322998047 -11.941891670227 334.67333984375
72.722732543945 -11.031300544739 334.61566162109
72.910270690918 -10.125051498413 334.57284545898
72.954879760742 -9.1998720169067 334.50369262695
73.066162109375 -8.289210319519 334.4762878418
73.388885498047 -7.4246673583984 334.58166503906
73.709609985352 -6.5693483352661 334.74984741211
73.962623596191 -5.6795878410339 334.79187011719
74.298461914062 -4.8355054855347 334.923828125
