89.503921508789 11.722399711609 397.7135925293
101.86840057373 -3.0066106319427 396.5856628418
106.71133422852 0.086799092590809 392.66412353516
105.31651306152 -0.45543646812439 401.4143371582
89.37565612793 10.976880073547 397.59167480469
89.468940734863 10.223258972168 397.48754882812
89.67781829834 9.4914216995239 397.39666748047
89.975059509277 8.7893686294556 397.31784057617
90.346771240234 8.1224012374878 397.25054931641
90.762489318848 7.481183052063 397.19094848633
91.220558166504 6.8687615394592 397.13916015625
91.700042724609 6.2725939750671 397.09173583984
92.193244934082 5.6875042915344 397.04711914062
92.706047058105 5.119197845459 397.00662231445
93.227233886719 4.5584411621094 396.9680480957
93.760154724121 4.0086407661438 396.93206787109
94.30541229248 3.4708926677704 396.89898681641
94.863296508789 2.9460818767548 396.8688659668
95.427955627441 2.4284608364105 396.84039306641
96.007858276367 1.927778840065 396.81579589844
96.590843200684 1.4306567907333 396.79196166992
97.176162719727 0.93624812364578 396.76873779297
97.754188537598 0.4334237575531 396.74365234375
98.337844848633 -0.062927909195423 396.72003173828
98.92204284668 -0.55864560604095 396.69650268555
99.51318359375 -1.0461465120316 396.67477416992
100.09298706055 -1.5469350814819 396.65014648438
100.67464447021 -2.0456008911133 396.6259765625
101.26861572266 -2.5296874046326 396.60504150391
89.968154907227 11.206636428833 397.27880859375
90.282890319824 10.486915588379 397.02627563477
90.847282409668 9.9081201553345 396.82067871094
91.467636108398 9.3763580322266 396.65072631836
92.114593505859 8.8652009963989 396.5207824707
92.779388427734 8.3713645935059 396.41571044922
93.454147338867 7.8883867263794 396.32473754883
94.135749816895 7.4149765968323 396.23849487305
94.797332763672 6.9298315048218 396.08413696289
95.464286804199 6.4551267623901 395.92123413086
96.15340423584 6.0078902244568 395.77294921875
96.836654663086 5.5555334091187 395.61340332031
97.51456451416 5.0996975898743 395.44183349609
98.184768676758 4.6472606658936 395.23446655273
98.862754821777 4.210569858551 395.01934814453
99.571166992188 3.8111653327942 394.83081054688
100.27612304688 3.4116671085358 394.62997436523
100.9768371582 3.0125477313995 394.4140625
101.68045043945 2.6195044517517 394.19644165039
102.38634490967 2.2317476272583 393.97674560547
103.09091949463 1.8492268323898 393.74398803711
103.80101013184 1.468362569809 393.52581787109
104.51998901367 1.0891634225845 393.33557128906
105.24275970459 0.7184636592865 393.14303588867
105.97587585449 0.3857070505619 392.92233276367
89.827133178711 11.086659431458 398.05963134766
90.159339904785 10.371242523193 398.1369934082
90.69921875 9.7993431091309 398.2373046875
91.257194519043 9.2499408721924 398.36138916016
91.794975280762 8.670298576355 398.4186706543
92.425025939941 8.192681312561 398.47799682617
93.03271484375 7.6861095428467 398.52996826172
93.665512084961 7.2113733291626 398.58288574219
94.292922973633 6.7325339317322 398.658203125
94.902687072754 6.2352533340454 398.75567626953
95.532089233398 5.7666730880737 398.86923217773
96.179321289062 5.3226208686829 398.98098754883
96.862129211426 4.9340615272522 399.08767700195
97.518653869629 4.5110211372375 399.22415161133
98.170181274414 4.0823364257812 399.36676025391
98.795562744141 3.6270236968994 399.54052734375
99.43293762207 3.1865313053131 399.70886230469
100.07518768311 2.754711151123 399.88107299805
100.70529937744 2.3131201267242 400.07229614258
101.358253479 1.8973702192307 400.24377441406
102.00927734375 1.4847931861877 400.42965698242
102.65257263184 1.0664293766022 400.62905883789
103.29113769531 0.64464938640594 400.83627319336
103.94621276855 0.24255119264126 401.03070068359
104.62023162842 -0.12806235253811 401.22296142578
