65.49927520752 9.5743465423584 344.11087036133
95.400047302246 33.702308654785 338.24029541016
72.422790527344 32.5426902771 324.64782714844
73.919792175293 40.418598175049 349.53765869141
66.991958618164 8.6193933486938 344.37692260742
68.706184387207 8.1207437515259 344.52770996094
70.449028015137 7.7236194610596 344.65255737305
72.223724365234 7.4909152984619 344.73516845703
73.999961853027 7.7030220031738 344.64477539062
75.776206970215 7.9203495979309 344.55233764648
77.552459716797 8.137677192688 344.45989990234
79.284049987793 8.5177631378174 344.34112548828
80.933250427246 9.1981735229492 344.17370605469
82.582443237305 9.8785848617554 344.00628662109
84.038642883301 10.852915763855 343.67782592773
85.452117919922 11.892308235168 343.31369018555
86.865592956543 12.931701660156 342.94958496094
87.999626159668 14.267161369324 342.60586547852
89.094604492188 15.643992424011 342.26501464844
90.090805053711 17.083152770996 341.92221069336
90.871871948242 18.658052444458 341.57513427734
91.631156921387 20.241170883179 341.22155761719
92.277404785156 21.866960525513 340.8342590332
92.863105773926 23.517835617065 340.46472167969
93.372016906738 25.200523376465 340.11773681641
93.817451477051 26.887945175171 339.71807861328
94.273506164551 28.578134536743 339.34133911133
94.670188903809 30.269485473633 338.90542602539
95.097854614258 31.969472885132 338.54809570312
66.790023803711 9.3782777786255 343.49337768555
68.09147644043 9.3371133804321 342.86871337891
69.381698608398 9.5214786529541 342.24661254883
70.696678161621 9.7766180038452 341.7067565918
71.996192932129 10.137822151184 341.19055175781
73.21076965332 10.674200057983 340.6227722168
74.295509338379 11.423069953918 340.03341674805
75.159568786621 12.506862640381 339.62982177734
75.593589782715 13.729393005371 338.99551391602
75.989212036133 14.951791763306 338.33596801758
76.128318786621 16.141651153564 337.52981567383
76.245498657227 17.322128295898 336.70608520508
76.194183349609 18.408708572388 335.7565612793
76.200149536133 19.504133224487 334.81546020508
76.334823608398 20.673723220825 333.97946166992
76.374099731445 21.928745269775 333.26644897461
76.309326171875 23.147994995117 332.4953918457
76.056503295898 24.272296905518 331.62573242188
75.726020812988 25.312591552734 330.68032836914
75.308242797852 26.267616271973 329.68103027344
74.672470092773 27.279188156128 328.87173461914
74.46354675293 28.479784011841 328.10147094727
73.974838256836 29.495058059692 327.20101928711
73.537864685059 30.391271591187 326.15667724609
73.025802612305 31.363285064697 325.21957397461
66.605239868164 9.9524364471436 344.94424438477
67.862152099609 10.481524467468 345.39166259766
69.151306152344 11.032049179077 345.70092773438
70.474128723145 11.545768737793 345.91744995117
71.822235107422 11.994619369507 346.12185668945
73.036102294922 12.755869865417 346.20181274414
73.952140808105 13.859093666077 346.24029541016
74.523933410645 15.169774055481 346.11944580078
74.810676574707 16.575819015503 346.0813293457
75.061141967773 17.988918304443 346.05438232422
75.168212890625 19.41619682312 346.16421508789
75.268310546875 20.843441009521 346.2802734375
75.151268005371 22.259843826294 346.48205566406
74.963134765625 23.677192687988 346.60873413086
74.793449401855 25.0992603302 346.51132202148
74.774101257324 26.534231185913 346.47784423828
74.802024841309 27.968997955322 346.51354980469
74.77416229248 29.389291763306 346.72006225586
74.669143676758 30.805715560913 346.92825317383
74.483581542969 32.213676452637 347.13766479492
74.277587890625 33.602970123291 347.43432617188
74.045234680176 34.957317352295 347.84939575195
74.124519348145 36.355381011963 348.1633605957
74.084243774414 37.752338409424 348.49105834961
73.965255737305 39.097312927246 348.97839355469
