49.600234985352 -7.2154202461243 341.96008300781
92.389999389648 -15.608665466309 341.20989990234
104.89935302734 -1.1892024278641 337.84106445312
103.55550384521 -8.0253086090088 356.85787963867
49.554832458496 -8.8617534637451 341.24694824219
50.611949920654 -10.227515220642 340.7287902832
51.877250671387 -11.435963630676 340.29238891602
53.301620483398 -12.482719421387 339.93643188477
54.880180358887 -13.316669464111 339.68264770508
56.56275177002 -13.946395874023 339.52380371094
58.293357849121 -14.444261550903 339.42517089844
60.065776824951 -14.777589797974 339.40029907227
61.848896026611 -15.048182487488 339.40316772461
63.647686004639 -15.158650398254 339.47619628906
65.447944641113 -15.198680877686 339.57968139648
67.247657775879 -15.281770706177 339.66452026367
69.046005249023 -15.249531745911 339.79904174805
70.846260070801 -15.287291526794 339.90347290039
72.644004821777 -15.243710517883 340.04287719727
74.43189239502 -15.093997001648 340.22738647461
76.230018615723 -15.057090759277 340.36392211914
78.027290344238 -15.005278587341 340.50677490234
79.820014953613 -14.898711204529 340.67303466797
81.619979858398 -14.97306728363 340.76165771484
83.417686462402 -14.928664207458 340.90142822266
85.216903686523 -14.930092811584 341.021484375
86.99828338623 -15.212896347046 341.01898193359
88.797645568848 -15.299143791199 341.10247802734
90.594711303711 -15.441802024841 341.16143798828
51.153476715088 -7.1307950019836 340.45840454102
53.225429534912 -7.835352897644 340.15371704102
55.393196105957 -7.81019115448 339.69052124023
57.579307556152 -7.4085116386414 339.59063720703
59.752918243408 -6.9481735229492 339.48297119141
61.936534881592 -6.5238566398621 339.53094482422
64.12939453125 -6.1499733924866 339.51696777344
66.333251953125 -5.8814611434937 339.37088012695
68.547668457031 -5.6950664520264 339.26107788086
70.765960693359 -5.5249195098877 339.23947143555
72.981887817383 -5.3850951194763 339.09439086914
75.195816040039 -5.2318997383118 338.93310546875
77.410346984863 -5.0687432289124 338.79110717773
79.626647949219 -4.909294128418 338.67465209961
81.830841064453 -4.828914642334 338.38159179688
84.048797607422 -4.6971616744995 338.26446533203
86.261108398438 -4.5690984725952 338.06430053711
88.466575622559 -4.4368119239807 337.80120849609
90.658813476562 -4.3266186714172 337.43731689453
92.837615966797 -4.241174697876 336.99453735352
95.047508239746 -4.0742225646973 336.80911254883
97.256828308105 -4.289888381958 336.70468139648
99.405960083008 -3.8039915561676 336.4931640625
101.39807128906 -2.825053691864 336.47180175781
103.46412658691 -2.0023901462555 336.45196533203
51.008186340332 -8.4264602661133 343.05270385742
53.090362548828 -9.0746574401855 343.4719543457
55.27677154541 -9.2212619781494 343.92535400391
57.411144256592 -9.3218908309937 344.57473754883
59.518295288086 -9.1204862594604 345.30017089844
61.644611358643 -8.8463382720947 345.94229125977
63.782558441162 -8.8550853729248 346.60494995117
65.934913635254 -9.0399522781372 347.18334960938
68.102081298828 -9.1951446533203 347.71835327148
70.275505065918 -9.3092832565308 348.2409362793
72.447570800781 -9.387264251709 348.77575683594
74.621994018555 -9.4661998748779 349.30001831055
76.812202453613 -9.5515155792236 349.75357055664
78.998458862305 -9.6440935134888 350.22283935547
81.166305541992 -9.7705612182617 350.76550292969
83.333801269531 -9.8999824523926 351.30862426758
85.49388885498 -10.09303188324 351.86245727539
87.65372467041 -10.283126831055 352.41806030273
89.807350158691 -10.401032447815 353.01635742188
91.92797088623 -10.610376358032 353.68768310547
94.052963256836 -11.006128311157 354.208984375
96.196640014648 -11.316301345825 354.57315063477
98.187286376953 -10.74031829834 355.41906738281
100.21954345703 -10.14115524292 356.13589477539
102.25311279297 -9.5655927658081 356.86837768555
