72.039604187012 -4.1461191177368 267.77224731445
74.273742675781 1.1719019412994 275.77026367188
80.95972442627 -3.0026407241821 275.16543579102
78.487983703613 5.1803107261658 270.43753051758
71.950614929199 -3.9830231666565 268.1064453125
71.987228393555 -3.7845866680145 268.43130493164
72.044609069824 -3.5824484825134 268.75082397461
72.116516113281 -3.378128528595 269.06597900391
72.204849243164 -3.1716928482056 269.37554931641
72.302169799805 -2.9642822742462 269.68173217773
72.409141540527 -2.7559340000153 269.98406982422
72.524360656738 -2.546954870224 270.28289794922
72.643394470215 -2.3377118110657 270.58001708984
72.763519287109 -2.1283946037292 270.8766784668
72.888412475586 -1.9187703132629 271.17114257812
73.014450073242 -1.7091031074524 271.46508789062
73.145767211914 -1.4991213083267 271.75646972656
73.273544311523 -1.2893538475037 272.04959106445
73.410514831543 -1.0791697502136 272.33822631836
73.524322509766 -0.8702774643898 272.63766479492
73.641265869141 -0.66117012500763 272.93572998047
73.745895385742 -0.45304992794991 273.23901367188
73.828140258789 -0.24736753106117 273.55075073242
73.907440185547 -0.042052358388901 273.86346435547
73.971099853516 0.16107499599457 274.18115234375
74.016487121582 0.3611615896225 274.50387573242
74.061302185059 0.56113231182098 274.82675170898
74.119400024414 0.76337885856628 275.14608764648
74.164779663086 0.96344697475433 275.46881103516
72.396606445312 -4.1908249855042 268.06378173828
72.758644104004 -4.107223033905 268.34091186523
73.130020141602 -4.0081796646118 268.60006713867
73.505348205566 -3.9069011211395 268.85256958008
73.887359619141 -3.8202912807465 269.10046386719
74.262260437012 -3.733127117157 269.35882568359
74.623268127441 -3.6387763023376 269.63388061523
75.000869750977 -3.546594619751 269.88641357422
75.355255126953 -3.4653878211975 270.17388916016
75.731971740723 -3.4348990917206 270.44198608398
76.082855224609 -3.3851327896118 270.74060058594
76.420013427734 -3.3409399986267 271.05560302734
76.793884277344 -3.3098945617676 271.3274230957
77.121994018555 -3.2413003444672 271.64678955078
77.445518493652 -3.2012987136841 271.97622680664
77.7880859375 -3.1930093765259 272.28820800781
78.141616821289 -3.18004322052 272.58773803711
78.507446289062 -3.1550872325897 272.87124633789
78.888084411621 -3.1221857070923 273.13363647461
79.285171508789 -3.1998555660248 273.35580444336
79.655258178711 -3.257875919342 273.62762451172
80.03059387207 -3.3269534111023 273.89059448242
80.464790344238 -3.3170149326324 274.04214477539
80.745452880859 -3.157208442688 274.35797119141
80.925399780273 -2.9259598255157 274.71597290039
72.181770324707 -3.7114021778107 267.79739379883
72.469085693359 -3.3707423210144 267.91003417969
72.773284912109 -3.0526440143585 268.04266357422
73.061660766602 -2.7197377681732 268.17431640625
73.365348815918 -2.3984467983246 268.30029296875
73.65648651123 -2.0695345401764 268.4358215332
73.920349121094 -1.7121686935425 268.55410766602
74.199035644531 -1.366231918335 268.67239379883
74.483093261719 -1.0206876993179 268.77841186523
74.742454528809 -0.64937889575958 268.85699462891
74.975662231445 -0.26678562164307 268.9596862793
75.144172668457 0.15804953873158 269.0071105957
75.333885192871 0.56366312503815 269.11050415039
75.574951171875 0.93642270565033 269.22937011719
75.842063903809 1.286942243576 269.36001586914
76.128555297852 1.6293756961823 269.46929931641
76.423332214355 1.9493763446808 269.61734008789
76.660781860352 2.339423418045 269.65493774414
76.882225036621 2.7421810626984 269.65585327148
77.168647766113 3.0997395515442 269.6266784668
77.405960083008 3.4914789199829 269.65649414062
77.650741577148 3.8695740699768 269.74685668945
77.949073791504 4.210865020752 269.82095336914
78.285751342773 4.521785736084 269.85247802734
78.39884185791 4.8054537773132 270.18716430664
