80.321098327637 40.092777252197 325.0768737793
87.256988525391 18.971746444702 319.43615722656
82.65007019043 23.297668457031 328.10409545898
78.528396606445 24.684301376343 317.50375366211
81.26522064209 40.010597229004 324.66848754883
82.156387329102 39.697685241699 324.25274658203
83.014945983887 39.30090713501 323.83999633789
83.845245361328 38.844219207764 323.4313659668
84.632530212402 38.310573577881 323.03094482422
85.374526977539 37.708751678467 322.64086914062
86.061111450195 37.036239624023 322.26501464844
86.679191589355 36.290679931641 321.90866088867
87.238487243652 35.492198944092 321.57025146484
87.72501373291 34.638355255127 321.25537109375
88.180725097656 33.763996124268 320.95083618164
88.561790466309 32.8464012146 320.67218017578
88.88582611084 31.901285171509 320.41400146484
89.152809143066 30.933074951172 320.17694091797
89.298774719238 29.929557800293 319.98623657227
89.350257873535 28.91032409668 319.83337402344
89.337959289551 27.886257171631 319.7067565918
89.262535095215 26.861959457397 319.60665893555
89.126182556152 25.84174156189 319.53277587891
88.997383117676 24.820766448975 319.45565795898
88.838729858398 23.803102493286 319.39154052734
88.745719909668 22.779541015625 319.29904174805
88.457893371582 21.788776397705 319.29272460938
88.22615814209 20.783676147461 319.26098632812
87.714088439941 19.893983840942 319.36224365234
80.728614807129 39.554576873779 325.35601806641
81.162017822266 38.967819213867 325.40655517578
81.673820495605 38.450244903564 325.33242797852
82.13313293457 37.886352539062 325.2522277832
82.554649353027 37.294132232666 325.16842651367
82.979827880859 36.703353881836 325.09359741211
83.429946899414 36.126949310303 325.07257080078
83.920104980469 35.590072631836 325.15557861328
84.31861114502 34.981483459473 325.23455810547
84.6533203125 34.334251403809 325.3014831543
84.828239440918 33.628131866455 325.37930297852
84.830833435059 32.913898468018 325.53637695312
84.567886352539 32.266941070557 325.75454711914
84.282180786133 31.615734100342 325.919921875
84.182243347168 30.90486907959 326.06167602539
84.07593536377 30.197467803955 326.21517944336
83.94507598877 29.505596160889 326.41421508789
83.814270019531 28.813726425171 326.61328125
83.68531036377 28.122159957886 326.81457519531
83.566970825195 27.432476043701 327.02847290039
83.447982788086 26.742868423462 327.24221801758
83.296577453613 26.057102203369 327.44763183594
83.100700378418 25.379068374634 327.64071655273
82.970687866211 24.688663482666 327.84524536133
82.880920410156 23.98900604248 328.03942871094
80.334663391113 39.720390319824 324.44213867188
80.643951416016 39.113636016846 324.16448974609
80.954925537109 38.505870819092 323.88940429688
81.333206176758 38.097919464111 323.40948486328
81.715393066406 37.819068908691 322.85037231445
81.997611999512 37.268035888672 322.45233154297
82.271049499512 36.718589782715 322.04614257812
82.506797790527 36.175102233887 321.60958862305
82.685302734375 35.589302062988 321.20141601562
82.816665649414 34.975566864014 320.81860351562
82.798194885254 34.302143096924 320.52215576172
82.742782592773 33.631240844727 320.22787475586
82.467086791992 33.003757476807 319.95956420898
82.203468322754 32.364418029785 319.70782470703
81.970520019531 31.698457717896 319.49813842773
81.72883605957 31.033348083496 319.29580688477
81.466835021973 30.370889663696 319.11074829102
81.201637268066 29.710144042969 318.92440795898
80.874885559082 29.085094451904 318.71398925781
80.54133605957 28.462270736694 318.50790405273
80.140922546387 27.865892410278 318.34744262695
79.744483947754 27.267738342285 318.18395996094
79.416084289551 26.644237518311 317.97149658203
79.086883544922 26.014869689941 317.77847290039
78.771301269531 25.369735717773 317.61743164062
