62.728698730469 4.5293769836426 274.29119873047
67.76050567627 -5.7943949699402 273.41967773438
71.39917755127 -0.20923137664795 269.8083190918
71.234230041504 -1.375163435936 279.21166992188
62.519790649414 4.1083388328552 274.21267700195
62.420570373535 3.6479938030243 274.14019775391
62.384922027588 3.177586555481 274.0729675293
62.391529083252 2.7053000926971 274.00988769531
62.446807861328 2.2355225086212 273.95220947266
62.523376464844 1.7684245109558 273.89709472656
62.608814239502 1.3027373552322 273.84307861328
62.739601135254 0.8470424413681 273.79510498047
62.888397216797 0.3966164290905 273.74978637695
63.057117462158 -0.047024119645357 273.70736694336
63.222766876221 -0.49177184700966 273.66448974609
63.413593292236 -0.9266893863678 273.62561035156
63.610980987549 -1.358763217926 273.58776855469
63.84447479248 -1.7729436159134 273.55609130859
64.087524414062 -2.1817371845245 273.52615356445
64.343460083008 -2.5827553272247 273.49853515625
64.615196228027 -2.9734411239624 273.47399902344
64.903991699219 -3.3519003391266 273.45291137695
65.198738098145 -3.7258112430573 273.43301391602
65.508255004883 -4.0877537727356 273.4162902832
65.826248168945 -4.4423532485962 273.40142822266
66.16259765625 -4.7797451019287 273.39080810547
66.525489807129 -5.0885639190674 273.38677978516
66.910377502441 -5.3695116043091 273.38879394531
67.32145690918 -5.6103081703186 273.39895629883
62.878684997559 4.4186458587646 273.89126586914
63.040668487549 4.122456073761 273.60397338867
63.194072723389 3.8019881248474 273.33901977539
63.392292022705 3.4949917793274 273.08810424805
63.61990737915 3.2140862941742 272.8317565918
63.883460998535 2.9700307846069 272.57208251953
64.183990478516 2.7517378330231 272.33026123047
64.519454956055 2.5561442375183 272.11633300781
64.85181427002 2.3539638519287 271.90374755859
65.174133300781 2.1370747089386 271.69021606445
65.514038085938 1.9378747940063 271.48696899414
65.866470336914 1.7506341934204 271.29385375977
66.219078063965 1.5614401102066 271.10308837891
66.587814331055 1.3874351978302 270.92901611328
66.961807250977 1.2182766199112 270.76162719727
67.345687866211 1.0352934598923 270.63632202148
67.723587036133 0.84180349111557 270.50869750977
68.089958190918 0.62879681587219 270.37866210938
68.47420501709 0.42608213424683 270.29028320312
68.861633300781 0.22884048521519 270.20343017578
69.252166748047 0.037204526364803 270.11865234375
69.680122375488 -0.076913550496101 270.09927368164
70.111808776855 -0.17477457225323 270.07440185547
70.545745849609 -0.25966712832451 270.04348754883
70.972564697266 -0.23484592139721 269.92620849609
62.810287475586 4.2450842857361 274.66174316406
62.921932220459 3.8365640640259 274.87728881836
63.076141357422 3.4284706115723 275.06536865234
63.298114776611 3.0531005859375 275.25411987305
63.517112731934 2.7026908397675 275.48883056641
63.751407623291 2.3841359615326 275.75238037109
64.028038024902 2.0875589847565 276.00015258789
64.324119567871 1.8048233985901 276.24154663086
64.628440856934 1.5225666761398 276.47308349609
64.932182312012 1.2336198091507 276.69702148438
65.247383117676 0.95676666498184 276.92037963867
65.56640625 0.68510782718658 277.14468383789
65.893089294434 0.41387268900871 277.35818481445
66.234558105469 0.13631024956703 277.53771972656
66.627822875977 -0.045771185308695 277.73284912109
66.994491577148 -0.28856700658798 277.91305541992
67.337059020996 -0.57197165489197 278.08099365234
67.721008300781 -0.82107651233673 278.20907592773
68.12574005127 -1.0477083921432 278.31262207031
68.544921875 -1.2449460029602 278.41857910156
68.99275970459 -1.3601251840591 278.52841186523
69.443176269531 -1.4614363908768 278.6413269043
69.899978637695 -1.5017607212067 278.76620483398
70.356781005859 -1.5420858860016 278.89105224609
70.80248260498 -1.4836575984955 279.0451965332
