62.831642150879 6.6275177001953 282.02713012695
68.663543701172 -3.4250686168671 282.74282836914
69.955490112305 -0.81702899932861 279.63906860352
70.234405517578 -1.354280591011 286.65188598633
62.543407440186 6.2564811706543 281.95602416992
62.439224243164 5.7962484359741 281.90637207031
62.400363922119 5.3212518692017 281.92346191406
62.447917938232 4.8536014556885 281.98760986328
62.589519500732 4.3990454673767 282.01501464844
62.751819610596 3.9533309936523 282.05944824219
62.946140289307 3.5213344097137 282.10845947266
63.165679931641 3.1001584529877 282.15133666992
63.413284301758 2.6944971084595 282.18389892578
63.676815032959 2.2989723682404 282.22039794922
63.948108673096 1.9105368852615 282.27462768555
64.229515075684 1.5282008647919 282.31842041016
64.516403198242 1.1491665840149 282.35653686523
64.812004089355 0.77661627531052 282.39138793945
65.11457824707 0.41015702486038 282.4309387207
65.422073364258 0.048064243048429 282.47286987305
65.736106872559 -0.30757939815521 282.52047729492
66.053314208984 -0.66007739305496 282.57098388672
66.374649047852 -1.0109915733337 282.60263061523
66.689605712891 -1.3672729730606 282.6376953125
67.000595092773 -1.7268224954605 282.67556762695
67.306831359863 -2.0896472930908 282.72015380859
67.632026672363 -2.435733795166 282.75399780273
67.975028991699 -2.7662487030029 282.77709960938
68.319206237793 -3.0957305431366 282.76257324219
62.917575836182 6.2547316551208 281.84594726562
62.845409393311 5.8428111076355 281.77877807617
62.970691680908 5.4404511451721 281.81396484375
63.190097808838 5.0809755325317 281.76596069336
63.440967559814 4.7484312057495 281.68740844727
63.72509765625 4.4438805580139 281.60873413086
64.024230957031 4.146924495697 281.56509399414
64.343254089355 3.8815882205963 281.48345947266
64.593803405762 3.5760662555695 281.32949829102
64.844787597656 3.2666227817535 281.18502807617
65.12451171875 2.9670915603638 281.07641601562
65.390487670898 2.6663553714752 280.9401550293
65.681869506836 2.3890981674194 280.80581665039
65.98397064209 2.1207075119019 280.67727661133
66.279945373535 1.842494726181 280.55584716797
66.602279663086 1.5873688459396 280.45184326172
66.914558410645 1.3297691345215 280.32556152344
67.218124389648 1.0708807706833 280.18188476562
67.527290344238 0.8074404001236 280.06033325195
67.862289428711 0.5568020939827 279.99145507812
68.18928527832 0.31663221120834 279.86810302734
68.529327392578 0.085719607770443 279.76513671875
68.896438598633 -0.12635889649391 279.77331542969
69.255233764648 -0.35061818361282 279.74517822266
69.603507995605 -0.5852078795433 279.68600463867
62.808219909668 6.1736588478088 282.18408203125
62.696571350098 5.7057514190674 282.19577026367
62.771125793457 5.2375311851501 282.25701904297
63.086269378662 4.9134726524353 282.42449951172
63.386177062988 4.5727481842041 282.58688354492
63.677459716797 4.2323775291443 282.76480102539
63.947410583496 3.8934979438782 282.97622680664
64.233489990234 3.5751776695251 283.19812011719
64.512466430664 3.2584502696991 283.43014526367
64.858627319336 2.9846012592316 283.61950683594
65.062622070312 2.6768038272858 283.9221496582
65.475761413574 2.4678466320038 284.02679443359
65.673431396484 2.1081345081329 284.27258300781
65.972938537598 1.8107345104218 284.50527954102
66.286964416504 1.5145117044449 284.71905517578
66.619300842285 1.2428027391434 284.93780517578
66.924598693848 0.94372844696045 285.16088867188
67.242004394531 0.65010070800781 285.36810302734
67.631729125977 0.41907274723053 285.5224609375
67.92064666748 0.12204238772392 285.76586914062
68.294868469238 -0.12278598546982 285.94595336914
68.672988891602 -0.36720845103264 286.11828613281
69.051849365234 -0.6156417131424 286.2829284668
69.448509216309 -0.85864269733429 286.40942382812
69.819969177246 -1.1241433620453 286.56411743164
