69.481582641602 -0.82939165830612 267.74066162109
78.223770141602 2.1649022102356 271.69241333008
79.057907104492 -0.50343406200409 271.12948608398
79.09398651123 2.4236264228821 268.97174072266
69.512268066406 -0.59181600809097 268.05810546875
69.691192626953 -0.37678840756416 268.34454345703
69.925605773926 -0.18174654245377 268.60388183594
70.209800720215 -0.011885997839272 268.82928466797
70.524261474609 0.13772436976433 269.02746582031
70.856834411621 0.27252817153931 269.20574951172
71.201965332031 0.39552885293961 269.3681640625
71.551658630371 0.51378017663956 269.52423095703
71.907089233398 0.62570381164551 269.67172241211
72.268310546875 0.73070174455643 269.81002807617
72.632835388184 0.83148777484894 269.94262695312
73.002510070801 0.92526227235794 270.06579589844
73.365364074707 1.0282065868378 270.20126342773
73.734992980957 1.1220484972 270.32455444336
74.106132507324 1.2136998176575 270.44494628906
74.476524353027 1.3064391613007 270.56674194336
74.846870422363 1.3992537260056 270.68865966797
75.21932220459 1.4889492988586 270.80642700195
75.592353820801 1.5777988433838 270.92297363281
75.96516418457 1.6669648885727 271.03994750977
76.344879150391 1.7448296546936 271.14184570312
76.718704223633 1.8324346542358 271.25677490234
77.085708618164 1.9299297332764 271.38494873047
77.460739135742 2.0156767368317 271.49737548828
77.842185974121 2.0904085636139 271.59506225586
69.727409362793 -0.83797460794449 268.05102539062
70.012153625488 -0.7170587182045 268.29751586914
70.387329101562 -0.67376464605331 268.4225769043
70.753555297852 -0.60187184810638 268.56063842773
71.119110107422 -0.52242606878281 268.69613647461
71.493911743164 -0.45351085066795 268.81072998047
71.868743896484 -0.38480284810066 268.92532348633
72.244110107422 -0.31933736801147 269.04006958008
72.619613647461 -0.25475120544434 269.15487670898
72.995361328125 -0.19152747094631 269.26947021484
73.375854492188 -0.15477672219276 269.38000488281
73.757949829102 -0.13050585985184 269.48846435547
74.140106201172 -0.1069964542985 269.59680175781
74.523849487305 -0.10187170654535 269.70199584961
74.908020019531 -0.10833140462637 269.80548095703
75.288955688477 -0.13279466331005 269.91790771484
75.668914794922 -0.1622429639101 270.03240966797
76.050102233887 -0.20077113807201 270.13995361328
76.431396484375 -0.24098086357117 270.24649047852
76.809112548828 -0.28261995315552 270.36459350586
77.184745788574 -0.32250127196312 270.48971557617
77.563873291016 -0.34579056501389 270.60833740234
77.942169189453 -0.37125864624977 270.72915649414
78.31999206543 -0.39790117740631 270.85119628906
78.690620422363 -0.44232189655304 270.98907470703
69.73518371582 -0.52426671981812 267.78823852539
70.028442382812 -0.29512017965317 267.93435668945
70.377014160156 -0.14562267065048 268.06130981445
70.744201660156 -0.038431536406279 268.17846679688
71.110885620117 0.067679785192013 268.29806518555
71.483139038086 0.18296192586422 268.38851928711
71.857933044434 0.29321366548538 268.474609375
72.235961914062 0.38786908984184 268.56463623047
72.623229980469 0.43127691745758 268.65472412109
73.00691986084 0.52259904146194 268.72164916992
73.390243530273 0.62386381626129 268.77499389648
73.774772644043 0.72673308849335 268.81503295898
74.159271240234 0.82862198352814 268.8576965332
74.544784545898 0.92165523767471 268.91024780273
74.927825927734 1.0311346054077 268.94659423828
75.306785583496 1.1582934856415 268.96264648438
75.688751220703 1.2772016525269 268.95932006836
76.070777893066 1.3958557844162 268.95593261719
76.458824157715 1.4927002191544 268.94671630859
76.84415435791 1.6000190973282 268.95297241211
77.222305297852 1.7270275354385 268.98281860352
77.599884033203 1.8575140237808 268.96173095703
77.97371673584 1.99948823452 268.97338867188
78.350570678711 2.1331236362457 268.98648071289
78.730476379395 2.2581720352173 268.99481201172
