57.430927276611 1.3234288692474 272.37664794922
78.407135009766 -1.1851359605789 273.02447509766
80.000732421875 4.1393270492554 271.10565185547
80.065376281738 2.4278061389923 277.62985229492
57.831497192383 0.59593397378922 272.2038269043
58.446411132812 0.022695925086737 272.08657836914
59.157207489014 -0.43484178185463 272.00695800781
59.916275024414 -0.8113027215004 271.95254516602
60.710693359375 -1.1094437837601 271.92169189453
61.528167724609 -1.3389009237289 271.91107177734
62.359336853027 -1.5125108957291 271.91650390625
63.19942855835 -1.634707570076 271.93655395508
64.042663574219 -1.7311205863953 271.96380615234
64.888931274414 -1.7904567718506 272.00134277344
65.736083984375 -1.8302147388458 272.04428100586
66.583625793457 -1.8527549505234 272.09191894531
67.431190490723 -1.8600263595581 272.14370727539
68.278663635254 -1.8607864379883 272.19732666016
69.125473022461 -1.8390911817551 272.25698852539
69.972267150879 -1.8172709941864 272.31674194336
70.819320678711 -1.8023729324341 272.37457275391
71.662696838379 -1.7343511581421 272.44665527344
72.506568908691 -1.6712139844894 272.51739501953
73.350608825684 -1.6099042892456 272.58770751953
74.196334838867 -1.569226026535 272.65246582031
75.040054321289 -1.5046699047089 272.7236328125
75.885375976562 -1.4583938121796 272.78994750977
76.727798461914 -1.381533741951 272.86431884766
77.567726135254 -1.2851933240891 272.94390869141
58.120613098145 1.1069935560226 271.84582519531
58.931564331055 0.81822472810745 271.58981323242
59.789848327637 0.63608700037003 271.39794921875
60.676658630371 0.55543994903564 271.27938842773
61.569583892822 0.51499879360199 271.19082641602
62.467430114746 0.5422625541687 271.17700195312
63.365100860596 0.57601940631866 271.17010498047
64.259864807129 0.65124017000198 271.19830322266
65.151672363281 0.74886798858643 271.24530029297
66.041923522949 0.85981297492981 271.29220581055
66.928550720215 0.99680387973785 271.33892822266
67.812461853027 1.1521192789078 271.37957763672
68.69571685791 1.3114397525787 271.41891479492
69.576789855957 1.4829460382462 271.45581054688
70.457572937012 1.6577697992325 271.48226928711
71.336647033691 1.8421831130981 271.46524047852
72.212913513184 2.0394978523254 271.4482421875
73.080123901367 2.2734382152557 271.4313659668
73.944313049316 2.5185761451721 271.41906738281
74.809432983398 2.7604928016663 271.40866088867
75.675880432129 2.997688293457 271.39929199219
76.543907165527 3.2290685176849 271.39172363281
77.416000366211 3.4444484710693 271.3798828125
78.27108001709 3.6894340515137 271.25393676758
79.127105712891 3.9311516284943 271.12799072266
58.095672607422 0.86565321683884 272.8024597168
58.916767120361 0.48702612519264 272.95379638672
59.769866943359 0.18361516296864 273.08953857422
60.667812347412 0.045006059110165 273.21176147461
61.568798065186 -0.027777807787061 273.36358642578
62.480278015137 -0.022378170862794 273.46343994141
63.387577056885 -0.0059953616000712 273.59548950195
64.294792175293 0.012568922713399 273.72747802734
65.200553894043 0.067307017743587 273.85934448242
66.103126525879 0.16196800768375 273.99084472656
67.005386352539 0.25879293680191 274.12246704102
67.90079498291 0.40104684233665 274.25900268555
68.796531677246 0.47242364287376 274.4416809082
69.688659667969 0.50755482912064 274.65060424805
70.57576751709 0.60610568523407 274.86013793945
71.454795837402 0.80706912279129 275.02496337891
72.324401855469 0.92465245723724 275.29110717773
73.192985534668 1.0273170471191 275.56646728516
74.06160736084 1.180455327034 275.81729125977
74.929557800293 1.3602970838547 276.0517578125
75.798965454102 1.6079957485199 276.20504760742
76.675468444824 1.782502412796 276.40994262695
77.534233093262 1.900280714035 276.70904541016
78.36873626709 2.0661187171936 277.05108642578
79.203758239746 2.214248418808 277.39987182617
