83.744445800781 -5.4923739433289 400.80349731445
115.34899139404 8.0251722335815 405.10330200195
118.08757019043 5.6802396774292 408.49548339844
119.12797546387 4.7641978263855 403.72351074219
84.431770324707 -4.4074864387512 400.77453613281
85.555267333984 -3.6803116798401 400.88916015625
86.74201965332 -3.0625238418579 401.03353881836
87.956481933594 -2.5054097175598 401.19293212891
89.187377929688 -1.9875664710999 401.36172485352
90.423301696777 -1.4829250574112 401.53356933594
91.663734436035 -0.99037611484528 401.70825195312
92.904258728027 -0.49807247519493 401.88296508789
94.143814086914 -0.003119902452454 402.05703735352
95.380760192871 0.49866980314255 402.22955322266
96.612037658691 1.0150842666626 402.39865112305
97.85595703125 1.4979763031006 402.5754699707
99.098594665527 1.9844114780426 402.75152587891
100.33786010742 2.4801437854767 402.92541503906
101.57958984375 2.9691197872162 403.10089111328
102.82179260254 3.4567716121674 403.2766418457
104.06778717041 3.933792591095 403.45483398438
105.31320953369 4.4123978614807 403.63269042969
106.55976867676 4.8877086639404 403.8112487793
107.81363677979 5.3414664268494 403.99462890625
109.06032562256 5.8162336349487 404.17327880859
110.32230377197 6.24454164505 404.36224365234
111.57566070557 6.6999335289001 404.54525756836
112.83085632324 7.149745464325 404.7294921875
114.08899688721 7.5903959274292 404.9157409668
85.01538848877 -4.9180679321289 401.09530639648
86.247749328613 -4.2957253456116 401.43466186523
87.526504516602 -3.7843754291534 401.79635620117
88.867713928223 -3.3679633140564 402.04232788086
90.18684387207 -2.9126846790314 402.33532714844
91.516204833984 -2.4748108386993 402.60736083984
92.856506347656 -2.0693752765656 402.79010009766
94.144775390625 -1.5801010131836 403.14703369141
95.476684570312 -1.1425106525421 403.40478515625
96.820129394531 -0.71818047761917 403.62457275391
98.145706176758 -0.26440408825874 403.89044189453
99.46671295166 0.19867321848869 404.16284179688
100.81851959229 0.58970296382904 404.37725830078
102.17263031006 0.97228217124939 404.59704589844
103.51168060303 1.3973749876022 404.83587646484
104.85623168945 1.79567694664 405.07769775391
106.18726348877 2.197998046875 405.39224243164
107.51386260986 2.6225819587708 405.6960144043
108.82416534424 3.058721780777 406.05187988281
110.16970825195 3.4207546710968 406.35424804688
111.5433883667 3.714864730835 406.59185791016
112.86360931396 4.117214679718 406.93606567383
114.19425964355 4.4927930831909 407.27813720703
115.54653930664 4.7971215248108 407.61099243164
116.87310028076 5.1137290000916 408.00775146484
84.950645446777 -4.8579268455505 400.64794921875
86.289100646973 -4.355339050293 400.72518920898
87.623420715332 -3.8363173007965 400.73132324219
88.983139038086 -3.4508366584778 400.86575317383
90.337463378906 -3.1078979969025 401.1803894043
91.710052490234 -2.7365853786469 401.34814453125
93.056610107422 -2.2499299049377 401.36657714844
94.412994384766 -1.8146554231644 401.50048828125
95.771614074707 -1.3910281658173 401.66024780273
97.129295349121 -0.97392606735229 401.84268188477
98.486541748047 -0.5598708987236 402.03573608398
99.845329284668 -0.14318649470806 402.21139526367
101.20628356934 0.26854547858238 402.38171386719
102.57177734375 0.66696852445602 402.54763793945
103.93603515625 1.0685435533524 402.71603393555
105.30465698242 1.4591265916824 402.87344360352
106.67568206787 1.8419966697693 403.02416992188
107.99617767334 2.3282625675201 403.29000854492
109.36183929443 2.7183270454407 403.44692993164
110.75165557861 3.0425131320953 403.56350708008
112.14066314697 3.3240051269531 403.75897216797
113.53981018066 3.6145989894867 403.84619140625
114.93497467041 3.9343011379242 403.88168334961
116.33046722412 4.2415671348572 403.97671508789
117.71697235107 4.5618481636047 403.82086181641
