84.976745605469 7.2149724960327 409.96694946289
93.314041137695 -7.2571277618408 413.76031494141
99.29141998291 -1.1186695098877 408.26614379883
96.533203125 0.66259241104126 418.10900878906
84.787551879883 6.542498588562 410.03561401367
84.692642211914 5.8607177734375 410.1233215332
84.710891723633 5.1677660942078 410.23385620117
84.781364440918 4.4798884391785 410.35339355469
84.886047363281 3.79829454422 410.47833251953
85.042991638184 3.127179145813 410.61135864258
85.245849609375 2.4702398777008 410.75079345703
85.465423583984 1.8188297748566 410.89248657227
85.701347351074 1.1735495328903 411.03631591797
85.95206451416 0.53436535596848 411.1819152832
86.215805053711 -0.099046066403389 411.32907104492
86.517387390137 -0.71455186605453 411.48049926758
86.850326538086 -1.3121528625488 411.6350402832
87.206871032715 -1.8959352970123 411.79183959961
87.61540222168 -2.4436180591583 411.95272827148
88.045303344727 -2.9735770225525 412.11486816406
88.496543884277 -3.4858462810516 412.27825927734
88.982002258301 -3.965224981308 412.44296264648
89.473724365234 -4.4381833076477 412.60784912109
89.972145080566 -4.9040870666504 412.77288818359
90.490539550781 -5.3473906517029 412.93817138672
91.025466918945 -5.7695817947388 413.10327148438
91.59105682373 -6.1513586044312 413.26782226562
92.166397094727 -6.518349647522 413.43194580078
92.74348449707 -6.8827118873596 413.5959777832
85.370162963867 6.8100819587708 409.58227539062
85.789878845215 6.2904124259949 409.44061279297
86.258255004883 5.8011422157288 409.35195922852
86.743721008301 5.3253421783447 409.28402709961
87.24885559082 4.8688983917236 409.22778320312
87.804893493652 4.4768137931824 409.16766357422
88.393905639648 4.1310391426086 409.16470336914
88.990745544434 3.7989816665649 409.17831420898
89.55598449707 3.4156942367554 409.19021606445
90.066818237305 2.9631879329681 409.21548461914
90.437255859375 2.3935375213623 409.27737426758
90.805305480957 1.81900203228 409.31048583984
91.217567443848 1.2744896411896 409.31909179688
91.785148620605 1.0300180912018 409.59378051758
92.405860900879 0.75135499238968 409.6526184082
93.075965881348 0.62032163143158 409.66680908203
93.753791809082 0.59308570623398 409.5869140625
94.429473876953 0.57718420028687 409.48751831055
95.033912658691 0.29877188801765 409.33673095703
95.577644348145 -0.070137843489647 409.14981079102
96.127670288086 -0.42371025681496 408.95202636719
96.710525512695 -0.73204296827316 408.77346801758
97.320129394531 -0.99808603525162 408.61761474609
97.959228515625 -1.1925082206726 408.47463989258
98.617248535156 -1.2251994609833 408.29409790039
85.113578796387 6.9223346710205 410.5146484375
85.369499206543 6.4952058792114 410.91143798828
85.765785217285 6.1031341552734 411.22009277344
86.188751220703 5.7225184440613 411.50695800781
86.620231628418 5.3555388450623 411.79885864258
87.061531066895 5.0051875114441 412.09646606445
87.51985168457 4.6733446121216 412.38952636719
88.017127990723 4.3895988464355 412.66925048828
88.516952514648 4.1011543273926 412.93951416016
89.023742675781 3.7977874279022 413.17861938477
89.508415222168 3.4099802970886 413.32131958008
89.93741607666 2.9613049030304 413.46463012695
90.159164428711 2.4490628242493 413.76861572266
90.363418579102 1.9488694667816 414.10464477539
90.89037322998 1.6218746900558 414.24450683594
91.506278991699 1.5158482789993 414.36221313477
92.059516906738 1.3944113254547 414.65383911133
92.589683532715 1.3113572597504 414.99658203125
93.033798217773 1.1989703178406 415.43951416016
93.474685668945 1.0858392715454 415.88531494141
93.973526000977 0.99539422988892 416.27117919922
94.517478942871 0.9247727394104 416.59548950195
95.073867797852 0.84910404682159 416.89660644531
95.556770324707 0.72404986619949 417.29302978516
96.039840698242 0.677430331707 417.70599365234
