62.482387542725 -21.559450149536 314.24346923828
79.342636108398 7.0997061729431 319.60552978516
87.119010925293 -3.4113109111786 328.15548706055
89.499366760254 -1.042356133461 310.97607421875
61.810035705566 -20.319240570068 314.35882568359
61.463573455811 -18.966659545898 314.52508544922
61.187767028809 -17.589712142944 314.70236206055
61.041130065918 -16.187503814697 314.8268737793
61.133750915527 -14.798281669617 315.0446472168
61.345539093018 -13.420749664307 315.28137207031
61.644340515137 -12.05593585968 315.50827026367
62.124225616455 -10.747284889221 315.71621704102
62.69083404541 -9.4655313491821 315.91506958008
63.259750366211 -8.1850776672363 316.11434936523
64.003860473633 -7.0032415390015 316.34466552734
64.759216308594 -5.8312640190125 316.57577514648
65.814552307129 -4.9224195480347 316.82824707031
66.867485046387 -4.0110635757446 317.08065795898
67.813201904297 -2.9877536296844 317.32952880859
68.763160705566 -1.9669625759125 317.57147216797
69.743064880371 -0.96393340826035 317.7643737793
70.722961425781 0.039095833897591 317.95724487305
71.722106933594 1.0225803852081 318.15142822266
72.727500915527 1.9997225999832 318.34600830078
73.77384185791 2.926825761795 318.55032348633
74.890953063965 3.767430305481 318.77154541016
76.008056640625 4.6080350875854 318.99273681641
77.148475646973 5.4151282310486 319.21789550781
78.30793762207 6.2018237113953 319.4111328125
62.873519897461 -20.844617843628 315.33197021484
63.225852966309 -19.786016464233 316.11004638672
63.59211730957 -18.594305038452 316.65454101562
63.96215057373 -17.386253356934 317.15802001953
64.624137878418 -16.310739517212 317.66381835938
65.311729431152 -15.250533103943 318.16744995117
66.144508361816 -14.253252983093 318.57083129883
66.993629455566 -13.265771865845 318.96353149414
67.939910888672 -12.435891151428 319.47991943359
68.903678894043 -11.63164806366 320.00439453125
69.933181762695 -10.901907920837 320.51272583008
70.976020812988 -10.205151557922 321.03979492188
72.032875061035 -9.5321664810181 321.56985473633
73.106414794922 -8.8820753097534 322.09490966797
74.175674438477 -8.2405319213867 322.63882446289
75.209907531738 -7.6605496406555 323.30572509766
76.301567077637 -7.1203618049622 323.91174316406
77.443641662598 -6.5884456634521 324.42492675781
78.6279296875 -6.0276875495911 324.79055786133
79.828155517578 -5.6048655509949 325.27169799805
81.02424621582 -5.168466091156 325.7509765625
82.254501342773 -4.7304134368896 326.13226318359
83.49494934082 -4.3251080513 326.51669311523
84.708892822266 -4.0077166557312 327.04244995117
85.913955688477 -3.709511756897 327.59896850586
63.165390014648 -20.602832794189 313.50326538086
63.57986831665 -19.317092895508 313.18087768555
63.94026184082 -17.997455596924 312.94052124023
64.416358947754 -16.695449829102 312.85345458984
64.929466247559 -15.405114173889 312.81799316406
65.488883972168 -14.134960174561 312.79028320312
66.387237548828 -13.076173782349 312.82479858398
67.386909484863 -12.112631797791 312.86447143555
68.460655212402 -11.232503890991 312.90734863281
69.58667755127 -10.419156074524 312.90530395508
70.742721557617 -9.6497793197632 312.87393188477
71.913856506348 -8.9153108596802 312.73794555664
73.09016418457 -8.2009773254395 312.54956054688
74.298446655273 -7.5311331748962 312.40505981445
75.52320098877 -6.8869915008545 312.2844543457
76.740921020508 -6.2423005104065 312.10842895508
77.974731445312 -5.6083040237427 312.03576660156
79.200759887695 -4.9610662460327 311.94931030273
80.431175231934 -4.3234820365906 311.85403442383
81.679573059082 -3.7190628051758 311.77868652344
82.967147827148 -3.1991028785706 311.74291992188
84.24439239502 -2.6758971214294 311.5869140625
85.494804382324 -2.1422324180603 311.30249023438
86.840507507324 -1.8078345060349 311.22015380859
88.177398681641 -1.44553565979 311.115234375
