67.705688476562 0.58749085664749 274.73037719727
66.336608886719 -1.0552982091904 267.50015258789
65.932792663574 2.6009206771851 265.58401489258
69.993141174316 -1.3507342338562 265.41809082031
67.504875183105 0.37073051929474 274.64721679688
67.330635070801 0.18032731115818 274.48095703125
67.171821594238 0.0056610656902194 274.28469848633
67.033630371094 -0.14770729839802 274.05749511719
66.921669006348 -0.27376264333725 273.80093383789
66.82772064209 -0.38094249367714 273.52899169922
66.743125915527 -0.47828030586243 273.25039672852
66.675262451172 -0.5579816699028 272.96179199219
66.617713928223 -0.62678349018097 272.66818237305
66.565200805664 -0.69025665521622 272.37240600586
66.518272399902 -0.7478209733963 272.07452392578
66.482093811035 -0.79395478963852 271.7731628418
66.452766418457 -0.83280336856842 271.47003173828
66.428146362305 -0.86666655540466 271.16589355469
66.400123596191 -0.90413212776184 270.86245727539
66.363639831543 -0.95060306787491 270.56118774414
66.346206665039 -0.97678750753403 270.25579833984
66.332458496094 -0.99906200170517 269.94989013672
66.337966918945 -1.0007926225662 269.64297485352
66.31209564209 -1.0359779596329 269.33908081055
66.294395446777 -1.0624601840973 269.03372192383
66.291114807129 -1.0735642910004 268.72695922852
66.301177978516 -1.0703918933868 268.42013549805
66.307861328125 -1.0708528757095 268.11318969727
66.326210021973 -1.0588246583939 267.80697631836
67.465049743652 0.62423503398895 274.4485168457
67.264747619629 0.46049621701241 274.18060302734
67.154388427734 0.47950705885887 273.82333374023
67.080101013184 0.55101388692856 273.46310424805
67.002990722656 0.5989196896553 273.099609375
66.9365234375 0.67521440982819 272.73876953125
66.87134552002 0.75650370121002 272.37881469727
66.810371398926 0.84454435110092 272.01971435547
66.758438110352 0.94340115785599 271.66201782227
66.705810546875 1.0426254272461 271.30450439453
66.640571594238 1.1476074457169 270.95074462891
66.562339782715 1.2328286170959 270.59439086914
66.466499328613 1.2873779535294 270.236328125
66.394180297852 1.3735270500183 269.87890625
66.343627929688 1.4831227064133 269.5241394043
66.293075561523 1.5927181243896 269.16937255859
66.242523193359 1.7023134231567 268.81457519531
66.191963195801 1.8119088411331 268.45980834961
66.141410827637 1.9215042591095 268.10504150391
66.090934753418 2.0308015346527 267.75018310547
66.045623779297 2.1203064918518 267.38912963867
66.002082824707 2.2130167484283 267.02868652344
65.999954223633 2.2917754650116 266.66232299805
65.984451293945 2.4054598808289 266.30557250977
65.959381103516 2.49680352211 265.94302368164
67.698249816895 0.32217127084732 274.45388793945
67.561141967773 0.10707367956638 274.16928100586
67.57901763916 -0.040765795856714 273.81439208984
67.662841796875 -0.13914126157761 273.45126342773
67.760879516602 -0.198332041502 273.0830078125
67.858940124512 -0.25817185640335 272.71487426758
67.957214355469 -0.32689315080643 272.3483581543
68.056549072266 -0.40436831116676 271.98391723633
68.169273376465 -0.49113610386848 271.62545776367
68.285858154297 -0.58222895860672 271.26937866211
68.381896972656 -0.68559801578522 270.91055297852
68.49861907959 -0.75950413942337 270.55053710938
68.61442565918 -0.81616687774658 270.18713378906
68.706199645996 -0.89169543981552 269.82028198242
68.795951843262 -0.97159320116043 269.4538269043
68.88639831543 -1.051083445549 269.08749389648
69.001113891602 -1.1163840293884 268.72515869141
69.13703918457 -1.1682122945786 268.36804199219
69.248565673828 -1.2153193950653 268.00189208984
69.346351623535 -1.2597035169601 267.63150024414
69.447006225586 -1.3037589788437 267.26184082031
69.557144165039 -1.3448678255081 266.89456176758
69.662902832031 -1.3636085987091 266.52416992188
69.770172119141 -1.362820982933 266.15374755859
69.876136779785 -1.3870822191238 265.78375244141
