67.989196777344 -6.0155777931213 270.81582641602
80.411926269531 8.0684223175049 271.56918334961
87.274993896484 3.8185865879059 278.06454467773
87.203369140625 4.4468030929565 265.90484619141
67.732124328613 -5.3023204803467 270.84741210938
67.750694274902 -4.5443329811096 270.88305664062
67.945114135742 -3.8111357688904 270.91888427734
68.235961914062 -3.1104254722595 270.95394897461
68.576599121094 -2.4325084686279 270.98831176758
68.973045349121 -1.7855937480927 271.02163696289
69.42024230957 -1.1725767850876 271.05374145508
69.906578063965 -0.59003436565399 271.08465576172
70.412307739258 -0.024204276502132 271.11502075195
70.924591064453 0.53570979833603 271.14508056641
71.44987487793 1.0834574699402 271.17468261719
71.999099731445 1.6072653532028 271.20333862305
72.54158782959 2.1380290985107 271.23229980469
73.095962524414 2.6563968658447 271.2607421875
73.666137695312 3.1573643684387 271.28851318359
74.239646911621 3.6545143127441 271.31607055664
74.847145080566 4.1096200942993 271.34197998047
75.448997497559 4.5721497535706 271.3681640625
76.087799072266 4.9822607040405 271.39215087891
76.692771911621 5.44069480896 271.41821289062
77.310600280762 5.8817081451416 271.44348144531
77.935813903809 6.3122148513794 271.46838378906
78.568550109863 6.7316131591797 271.49270629883
79.187240600586 7.1714148521423 271.51797485352
79.804275512695 7.6135239601135 271.54333496094
68.405784606934 -5.4131479263306 271.31509399414
68.833480834961 -4.6674480438232 271.47180175781
69.622947692871 -4.2963500022888 271.67593383789
70.317253112793 -3.7862868309021 271.93432617188
71.017402648926 -3.2598962783813 272.14007568359
71.724380493164 -2.7409734725952 272.33941650391
72.470771789551 -2.2653088569641 272.50137329102
73.227325439453 -1.803539276123 272.65600585938
73.997123718262 -1.3676881790161 272.82028198242
74.780059814453 -0.95955616235733 272.99252319336
75.587211608887 -0.60244953632355 273.16744995117
76.39493560791 -0.25298002362251 273.35208129883
77.166946411133 0.12138994038105 273.62313842773
77.933235168457 0.49576896429062 273.90960693359
78.707695007324 0.8300986289978 274.22271728516
79.48607635498 1.1490007638931 274.54177856445
80.29313659668 1.4214704036713 274.83166503906
81.100555419922 1.6813620328903 275.13165283203
81.888793945312 1.927281498909 275.4889831543
82.650390625 2.2319920063019 275.8586730957
83.388137817383 2.5813984870911 276.23718261719
84.12264251709 2.935257434845 276.61779785156
84.884742736816 3.2211208343506 277.00134277344
85.640937805176 3.4901349544525 277.40808105469
86.424369812012 3.7052226066589 277.79483032227
68.285079956055 -5.2830839157104 270.43478393555
68.741065979004 -4.5439500808716 270.36309814453
69.498352050781 -4.175892829895 270.10971069336
70.176643371582 -3.675402879715 269.85461425781
70.898178100586 -3.1913607120514 269.70501708984
71.636627197266 -2.7244830131531 269.58813476562
72.347595214844 -2.2108376026154 269.49856567383
73.086753845215 -1.7397148609161 269.40588378906
73.861595153809 -1.3299757242203 269.30947875977
74.632392883301 -0.91318112611771 269.21151733398
75.408630371094 -0.5156586766243 269.08145141602
76.191864013672 -0.13840982317924 268.93441772461
76.985794067383 0.22941955924034 268.82550048828
77.765998840332 0.61433851718903 268.68341064453
78.517524719238 1.0261918306351 268.47668457031
79.307441711426 1.3720415830612 268.29232788086
80.097549438477 1.7149170637131 268.1037902832
80.874450683594 2.0491423606873 267.85440063477
81.654968261719 2.3476316928864 267.5732421875
82.461570739746 2.5809671878815 267.30514526367
83.250961303711 2.9262511730194 267.11773681641
84.038948059082 3.2400441169739 266.87655639648
84.829574584961 3.5350589752197 266.6208190918
85.634559631348 3.836817741394 266.42459106445
86.424354553223 4.1595258712769 266.20181274414
