57.367851257324 -2.547048330307 276.64831542969
64.269691467285 6.0442333221436 282.00241088867
64.856903076172 0.10858852416277 282.37176513672
64.486465454102 2.8809499740601 276.51458740234
57.222236633301 -2.1406934261322 276.87139892578
57.318786621094 -1.7299271821976 277.11251831055
57.468742370605 -1.3328137397766 277.34915161133
57.661373138428 -0.95092672109604 277.57986450195
57.852981567383 -0.56861817836761 277.81076049805
58.068164825439 -0.19641570746899 278.03735351562
58.323810577393 0.15512831509113 278.25469970703
58.577732086182 0.50763428211212 278.47253417969
58.839553833008 0.85561203956604 278.68826293945
59.109897613525 1.1984956264496 278.9016418457
59.393619537354 1.5329321622849 279.11102294922
59.693424224854 1.8563877344131 279.3151550293
59.988368988037 2.1832716464996 279.52090454102
60.294578552246 2.5020976066589 279.72283935547
60.607524871826 2.8159079551697 279.92224121094
60.926677703857 3.1248915195465 280.11935424805
61.222309112549 3.4512755870819 280.3249206543
61.53490447998 3.7653453350067 280.52447509766
61.845497131348 4.0809092521667 280.72479248047
62.126235961914 4.4172902107239 280.93505859375
62.44605255127 4.7257442474365 281.13189697266
62.756649017334 5.041286945343 281.33224487305
63.094718933105 5.3346419334412 281.52154541016
63.457508087158 5.604808807373 281.69924926758
63.862831115723 5.8255228996277 281.85137939453
57.519985198975 -2.6501235961914 276.98181152344
57.790740966797 -2.5972833633423 277.24682617188
58.073959350586 -2.447446346283 277.45706176758
58.357307434082 -2.2912998199463 277.66241455078
58.646095275879 -2.1614866256714 277.87832641602
58.936939239502 -2.0434215068817 278.09817504883
59.231834411621 -1.916678071022 278.30755615234
59.52808380127 -1.7970999479294 278.51916503906
59.82852935791 -1.705838561058 278.73889160156
60.127872467041 -1.6109195947647 278.95855712891
60.426658630371 -1.5172545909882 279.17950439453
60.726676940918 -1.4466477632523 279.4072265625
61.031703948975 -1.3927129507065 279.63290405273
61.335147857666 -1.3472969532013 279.86251831055
61.628051757812 -1.289092540741 280.10269165039
61.919853210449 -1.2179936170578 280.34072875977
62.209213256836 -1.1257784366608 280.57446289062
62.508693695068 -1.0191789865494 280.78851318359
62.810432434082 -0.90923875570297 280.99761962891
63.130172729492 -0.78945595026016 281.17166137695
63.459339141846 -0.66400194168091 281.3225402832
63.747901916504 -0.50923961400986 281.52163696289
64.017059326172 -0.34116870164871 281.73654174805
64.268524169922 -0.15376625955105 281.95678710938
64.558570861816 -0.016149695962667 282.16607666016
57.563976287842 -2.3650250434875 276.42337036133
57.786205291748 -2.0968923568726 276.3938293457
58.014316558838 -1.8368992805481 276.44638061523
58.281177520752 -1.6126977205276 276.47982788086
58.54899597168 -1.3896135091782 276.51220703125
58.833335876465 -1.1857222318649 276.52557373047
59.118354797363 -0.98270952701569 276.53775024414
59.403247833252 -0.77921450138092 276.54263305664
59.687973022461 -0.57542526721954 276.54345703125
59.971286773682 -0.36973503232002 276.53851318359
60.253242492676 -0.16237802803516 276.52844238281
60.531963348389 0.04893895983696 276.51232910156
60.810111999512 0.26040136814117 276.49053955078
61.096652984619 0.45435610413551 276.43692016602
61.387882232666 0.64264351129532 276.38864135742
61.684726715088 0.82371658086777 276.34756469727
61.974388122559 1.0186705589294 276.32138061523
62.258625030518 1.222499370575 276.30517578125
62.543224334717 1.42589199543 276.28994750977
62.832454681396 1.6232256889343 276.28765869141
63.121646881104 1.8206079006195 276.28549194336
63.399768829346 2.0320353507996 276.3088684082
63.670616149902 2.2506964206696 276.3466796875
63.927822113037 2.4836268424988 276.39346313477
64.189521789551 2.7118508815765 276.4384765625
