69.88102722168 -2.4096186161041 268.2331237793
80.24186706543 3.5106365680695 274.51651000977
80.593353271484 -0.6021500825882 273.98568725586
81.635841369629 3.65851521492 270.3625793457
69.882392883301 -2.0403208732605 268.62719726562
70.044372558594 -1.6873508691788 269.00329589844
70.274063110352 -1.3522481918335 269.36013793945
70.537956237793 -1.0291100740433 269.7041015625
70.843467712402 -0.7235341668129 270.02917480469
71.181518554688 -0.43443024158478 270.33657836914
71.553787231445 -0.16562485694885 270.62216186523
71.945381164551 0.090008690953255 270.89367675781
72.348091125488 0.33744889497757 271.15637207031
72.761688232422 0.5763293504715 271.40991210938
73.188171386719 0.80435818433762 271.65185546875
73.622268676758 1.0255706310272 271.8864440918
74.072242736816 1.2313584089279 272.10458374023
74.514228820801 1.4451172351837 272.33120727539
74.975090026855 1.6393024921417 272.53695678711
75.434791564941 1.8348088264465 272.74401855469
75.894073486328 2.030720949173 272.95159912109
76.360488891602 2.2186076641083 273.15054321289
76.825782775879 2.4077475070953 273.35089111328
77.277496337891 2.6117751598358 273.5671081543
77.757598876953 2.7826347351074 273.74783325195
78.240745544434 2.9495210647583 273.92431640625
78.738670349121 3.0945479869843 274.07745361328
79.228446960449 3.2520847320557 274.24395751953
79.728424072266 3.3937451839447 274.39349365234
70.160934448242 -2.4797785282135 268.61727905273
70.459503173828 -2.2850968837738 268.94021606445
70.817405700684 -2.1479244232178 269.23083496094
71.192092895508 -2.0184042453766 269.5032043457
71.598915100098 -1.8810797929764 269.72006225586
72.001983642578 -1.7373644113541 269.93975830078
72.410705566406 -1.5970779657364 270.15106201172
72.826858520508 -1.4649475812912 270.35290527344
73.248596191406 -1.349201798439 270.55322265625
73.66584777832 -1.2227149009705 270.75643920898
74.089859008789 -1.1175742149353 270.95776367188
74.53018951416 -1.035172700882 271.13299560547
74.95336151123 -0.9455960392952 271.34344482422
75.384834289551 -0.87975376844406 271.5456237793
75.821617126465 -0.81949067115784 271.73794555664
76.258155822754 -0.75265276432037 271.92858886719
76.688064575195 -0.6965149641037 272.13696289062
77.100807189941 -0.65955626964569 272.38122558594
77.534248352051 -0.64586383104324 272.58938598633
77.977355957031 -0.64515590667725 272.77658081055
78.406341552734 -0.66078579425812 272.99362182617
78.841674804688 -0.66017413139343 273.1982421875
79.286064147949 -0.64063107967377 273.38131713867
79.714126586914 -0.6586531996727 273.59997558594
80.150161743164 -0.63697791099548 273.80197143555
70.134033203125 -1.9533476829529 268.23226928711
70.462684631348 -1.6043417453766 268.44488525391
70.883644104004 -1.3360728025436 268.60848999023
71.326995849609 -1.0810002088547 268.72866821289
71.771606445312 -0.84129250049591 268.87335205078
72.204330444336 -0.59427380561829 269.04022216797
72.643508911133 -0.35430294275284 269.20037841797
73.090423583984 -0.12333039194345 269.35202026367
73.550758361816 0.090112149715424 269.48858642578
74.008613586426 0.30652901530266 269.62875366211
74.473136901855 0.51039636135101 269.76547241211
74.930480957031 0.74482297897339 269.87432861328
75.4140625 0.92986524105072 269.96371459961
75.886337280273 1.1414618492126 270.05477905273
76.364433288574 1.3467379808426 270.12826538086
76.841415405273 1.5558223724365 270.19818115234
77.317344665527 1.7703213691711 270.25790405273
77.795501708984 1.9868575334549 270.28234863281
78.274375915527 2.2026591300964 270.29711914062
78.761474609375 2.3990631103516 270.31378173828
79.247207641602 2.5995035171509 270.31188964844
79.729972839355 2.8062374591827 270.32818603516
80.224624633789 2.9705896377563 270.39453125
80.702255249023 3.1832680702209 270.44647216797
81.169052124023 3.4208900928497 270.40454101562
