59.66796875 7.0779957771301 270.53967285156
65.615875244141 -0.12203162163496 269.35235595703
68.106353759766 1.0300530195236 266.17752075195
68.458877563477 0.88055026531219 271.9553527832
59.555488586426 6.719868183136 270.53439331055
59.592979431152 6.3462357521057 270.50848388672
59.702194213867 5.9873142242432 270.47396850586
59.833866119385 5.6363768577576 270.43692016602
60.006774902344 5.304274559021 270.3955078125
60.208583831787 4.9892091751099 270.3512878418
60.425872802734 4.684823513031 270.30557250977
60.656970977783 4.3909573554993 270.25866699219
60.896251678467 4.1038341522217 270.21102905273
61.144031524658 3.8241314888 270.16271972656
61.399322509766 3.5513758659363 270.11380004883
61.663307189941 3.2871398925781 270.0641784668
61.929985046387 3.0256547927856 270.01440429688
62.195812225342 2.7633061408997 269.96463012695
62.465480804443 2.5049819946289 269.91467285156
62.748790740967 2.2618751525879 269.86367797852
63.024959564209 2.0105905532837 269.8132019043
63.290710449219 1.7482539415359 269.76348876953
63.587440490723 1.5218864679337 269.71176147461
63.88064956665 1.2909560203552 269.66012573242
64.179328918457 1.0672024488449 269.60827636719
64.466636657715 0.82887405157089 269.55709838867
64.762367248535 0.60129106044769 269.50534057617
65.031837463379 0.34272187948227 269.45538330078
65.320236206055 0.10575821995735 269.40408325195
59.820274353027 6.8712134361267 270.18112182617
59.934352874756 6.4639701843262 270.05090332031
60.227890014648 6.1367950439453 270.00680541992
60.584003448486 5.9117202758789 269.8688659668
60.901264190674 5.6258654594421 269.74783325195
61.227195739746 5.3477945327759 269.63195800781
61.567558288574 5.0836682319641 269.52508544922
61.907978057861 4.8207926750183 269.41567993164
62.248828887939 4.5714302062988 269.27905273438
62.58948135376 4.322910785675 269.14041137695
62.92981338501 4.0782556533813 268.9944152832
63.277545928955 3.8502242565155 268.8391418457
63.626895904541 3.6318731307983 268.67391967773
63.981731414795 3.4207901954651 268.51095581055
64.329139709473 3.2076549530029 268.33535766602
64.65559387207 2.990391254425 268.12753295898
65.005844116211 2.7870583534241 267.94589233398
65.361976623535 2.602264881134 267.7561340332
65.733123779297 2.4455661773682 267.56979370117
66.09774017334 2.2839081287384 267.375
66.458236694336 2.1089262962341 267.18411254883
66.804817199707 1.9096833467484 266.9912109375
67.138496398926 1.6985185146332 266.78851318359
67.455131530762 1.473111987114 266.57415771484
67.747909545898 1.2347750663757 266.34072875977
59.903079986572 6.8188900947571 270.77514648438
60.019020080566 6.4118947982788 270.81134033203
60.305355072021 6.0981998443604 270.8161315918
60.660430908203 5.8619918823242 270.81576538086
60.992645263672 5.5943126678467 270.81869506836
61.315544128418 5.3155226707458 270.82662963867
61.645881652832 5.0456209182739 270.83489990234
61.98556137085 4.7875442504883 270.84368896484
62.326126098633 4.530704498291 270.85302734375
62.675434112549 4.2861495018005 270.86837768555
63.027835845947 4.0462923049927 270.88668823242
63.382823944092 3.8114452362061 270.9162902832
63.737419128418 3.5784199237823 270.96084594727
64.091041564941 3.3491613864899 271.02728271484
64.45783996582 3.1398997306824 271.08834838867
64.824226379395 2.9314703941345 271.15454101562
65.189262390137 2.7224471569061 271.22592163086
65.54662322998 2.5070133209229 271.31442260742
65.928977966309 2.329475402832 271.38034057617
66.315536499023 2.1609637737274 271.44546508789
66.701843261719 1.9916714429855 271.51000976562
67.083793640137 1.8114087581635 271.57040405273
67.446113586426 1.5994814634323 271.64694213867
67.789329528809 1.3628749847412 271.73791503906
68.12223815918 1.120240688324 271.84912109375
