64.499214172363 9.0161952972412 251.75503540039
76.305976867676 2.4522564411163 252.29508972168
83.821479797363 6.4151225090027 247.29885864258
81.27857208252 4.4148359298706 260.56140136719
64.42887878418 8.4635419845581 251.66804504395
64.532981872559 7.9127311706543 251.60302734375
64.729843139648 7.3863401412964 251.55302429199
65.020561218262 6.9037780761719 251.52087402344
65.383155822754 6.4714651107788 251.50480651855
65.782165527344 6.0723176002502 251.49795532227
66.221992492676 5.7185578346252 251.50262451172
66.689315795898 5.4022207260132 251.51600646973
67.177215576172 5.1190428733826 251.53662109375
67.676422119141 4.856659412384 251.56159973145
68.181434631348 4.6058950424194 251.58894348145
68.695755004883 4.3753123283386 251.62030029297
69.214790344238 4.1558537483215 251.65382385254
69.734657287598 3.9385452270508 251.68775939941
70.269096374512 3.7615661621094 251.72923278809
70.81071472168 3.60915184021 251.77502441406
71.355186462402 3.4679260253906 251.82279968262
71.89527130127 3.3098745346069 251.86763000488
72.439117431641 3.166152715683 251.91496276855
72.992126464844 3.0668668746948 251.9697265625
73.543739318848 2.9593994617462 252.0231628418
74.096305847168 2.8574540615082 252.07748413086
74.644493103027 2.7325210571289 252.12802124023
75.199508666992 2.6464986801147 252.18489074707
75.750900268555 2.5377731323242 252.23811340332
64.92130279541 8.5002555847168 251.32330322266
65.360305786133 7.8690028190613 251.1537322998
66.093482971191 7.7087545394897 250.88757324219
66.783782958984 7.4891891479492 250.55754089355
67.498008728027 7.4089274406433 250.21458435059
68.234649658203 7.4067707061768 249.91207885742
69.002174377441 7.4015369415283 249.69906616211
69.773513793945 7.3790469169617 249.50152587891
70.54517364502 7.3380670547485 249.30824279785
71.318565368652 7.2781391143799 249.12728881836
72.08837890625 7.1817684173584 248.94686889648
72.868995666504 7.100154876709 248.81143188477
73.630187988281 7.0158257484436 248.59283447266
74.411178588867 7.0135107040405 248.43615722656
75.197120666504 7.0075063705444 248.30711364746
75.992774963379 6.9869728088379 248.27526855469
76.786926269531 6.9688630104065 248.21615600586
77.576637268066 6.9218530654907 248.12313842773
78.369262695312 6.8822174072266 248.05471801758
79.160011291504 6.872013092041 247.95922851562
79.94758605957 6.8758101463318 247.8399810791
80.738792419434 6.8812952041626 247.74795532227
81.511215209961 6.7951459884644 247.57368469238
82.290115356445 6.7369513511658 247.4174041748
83.050354003906 6.6001009941101 247.22364807129
64.843727111816 8.4441814422607 252.14176940918
65.117881774902 7.7344608306885 252.17658996582
65.742149353027 7.4438028335571 252.53230285645
66.252433776855 7.1169757843018 253.02085876465
66.829055786133 6.8989472389221 253.49588012695
67.463478088379 6.7782053947449 253.93257141113
68.111038208008 6.6982569694519 254.35925292969
68.782791137695 6.604335308075 254.7437286377
69.469757080078 6.4919004440308 255.09503173828
70.159622192383 6.3487663269043 255.42890930176
70.844863891602 6.1636357307434 255.75183105469
71.529708862305 5.9738893508911 256.07257080078
72.217346191406 5.8255381584167 256.40878295898
72.926239013672 5.6960458755493 256.70642089844
73.640090942383 5.6182174682617 257.01028442383
74.351753234863 5.5772013664246 257.32629394531
75.07381439209 5.5098533630371 257.6125793457
75.816070556641 5.4376831054688 257.8391418457
76.551528930664 5.2692890167236 258.03518676758
77.260398864746 5.107647895813 258.31680297852
77.968399047852 5.0058660507202 258.62707519531
78.646324157715 4.9342894554138 259.00524902344
79.267967224121 4.798876285553 259.45617675781
79.907005310059 4.6538462638855 259.87875366211
80.57511138916 4.4533939361572 260.22705078125
