70.725532531738 -1.5780094861984 268.35018920898
80.843383789062 4.4576773643494 277.31652832031
80.856330871582 -3.933765411377 275.9841003418
82.183250427246 2.6366376876831 269.21096801758
70.414512634277 -1.0942060947418 268.73687744141
70.40306854248 -0.59738153219223 269.22512817383
70.286827087402 -0.092185467481613 269.69064331055
70.307144165039 0.39999786019325 270.18371582031
70.428184509277 0.86985373497009 270.68441772461
70.588531494141 1.3273406028748 271.1845703125
70.617698669434 1.8182356357574 271.67895507812
70.821434020996 2.2610237598419 272.17742919922
71.122230529785 2.661402463913 272.66259765625
71.467300415039 3.0379686355591 273.13732910156
71.838928222656 3.398693561554 273.6042175293
72.244338989258 3.7373697757721 274.05932617188
72.695503234863 4.0424408912659 274.49472045898
73.201591491699 4.3000373840332 274.89935302734
73.738845825195 4.5260848999023 275.28201293945
74.316650390625 4.7042856216431 275.62933349609
74.898582458496 4.8770289421082 275.97241210938
75.519218444824 4.9912185668945 276.26907348633
76.154167175293 5.0786681175232 276.54354858398
76.82691192627 5.0620622634888 276.72616577148
77.481727600098 5.1046419143677 276.96200561523
78.155006408691 5.0857472419739 277.14251708984
78.836761474609 5.0060935020447 277.26544189453
79.51806640625 4.8775858879089 277.33990478516
80.192665100098 4.7031788825989 277.3669128418
70.792747497559 -1.8878706693649 268.77770996094
70.935531616211 -1.9174393415451 269.28985595703
71.086654663086 -1.8441823720932 269.79516601562
71.336898803711 -1.7930645942688 270.2624206543
71.619522094727 -1.7556388378143 270.71215820312
71.954086303711 -1.6886563301086 271.12094116211
72.298820495605 -1.643425822258 271.52426147461
72.734710693359 -1.7282567024231 271.8176574707
73.118003845215 -1.7396392822266 272.18698120117
73.536293029785 -1.7494474649429 272.51629638672
73.945724487305 -1.8483972549438 272.83724975586
74.402008056641 -1.9254492521286 273.10070800781
74.858291625977 -2.0025012493134 273.36419677734
75.319816589355 -2.1054191589355 273.6037902832
75.792427062988 -2.2539701461792 273.79794311523
76.269844055176 -2.3462653160095 274.01498413086
76.74568939209 -2.3483774662018 274.25134277344
77.239929199219 -2.3798539638519 274.44415283203
77.709594726562 -2.4952247142792 274.66549682617
78.150909423828 -2.6782474517822 274.89895629883
78.581939697266 -2.9140439033508 275.09588623047
79.006973266602 -3.1936206817627 275.25314331055
79.445281982422 -3.4347779750824 275.43536376953
79.902839660645 -3.6285192966461 275.62112426758
80.377853393555 -3.7818949222565 275.80648803711
70.976509094238 -1.1753716468811 268.16192626953
71.251953125 -0.74582481384277 268.14874267578
71.497550964355 -0.3224288225174 268.29354858398
71.774291992188 0.080323569476604 268.44104003906
72.108535766602 0.43659481406212 268.58901977539
72.494110107422 0.75285369157791 268.69793701172
72.879653930664 1.0477874279022 268.85580444336
73.32600402832 1.2686810493469 268.96774291992
73.798316955566 1.4139051437378 269.09567260742
74.217216491699 1.6693067550659 269.23651123047
74.690765380859 1.8408844470978 269.31918334961
75.191787719727 1.9384709596634 269.32113647461
75.688430786133 2.0411384105682 269.37905883789
76.189155578613 2.1280398368835 269.42669677734
76.689506530762 2.2276411056519 269.4430847168
77.198364257812 2.2519421577454 269.47494506836
77.697723388672 2.269727230072 269.57922363281
78.187194824219 2.3684849739075 269.68508911133
78.692352294922 2.4210922718048 269.73599243164
79.199111938477 2.4737467765808 269.76696777344
79.69970703125 2.5448935031891 269.6969909668
80.189407348633 2.6170816421509 269.57238769531
80.673843383789 2.6558470726013 269.41625976562
81.170188903809 2.6721432209015 269.29827880859
81.673988342285 2.6709363460541 269.21618652344
