87.273460388184 -2.9546740055084 407.6491394043
99.664474487305 0.68145477771759 410.55557250977
102.52507019043 -2.8262393474579 414.05807495117
103.99402618408 -2.3423113822937 406.97201538086
87.479675292969 -2.4955325126648 407.79702758789
87.837692260742 -2.1454689502716 407.94213867188
88.246528625488 -1.8494831323624 408.08200073242
88.684547424316 -1.5951834917068 408.21612548828
89.140083312988 -1.3701285123825 408.34579467773
89.608528137207 -1.1708022356033 408.47113037109
90.086029052734 -0.99100708961487 408.5930480957
90.563903808594 -0.81232506036758 408.71475219727
91.051666259766 -0.65872097015381 408.8317565918
91.54256439209 -0.51407080888748 408.94708251953
92.036750793457 -0.37943494319916 409.06039428711
92.531929016113 -0.24790117144585 409.17309570312
93.031059265137 -0.13017876446247 409.28298950195
93.532005310059 -0.018625117838383 409.39163208008
94.033203125 0.091849267482758 409.50003051758
94.537544250488 0.18978124856949 409.60583496094
95.045394897461 0.27213662862778 409.70834350586
95.553535461426 0.35312423110008 409.81048583984
96.063278198242 0.42579314112663 409.91088867188
96.576721191406 0.47479900717735 410.00592041016
97.086807250977 0.54385811090469 410.10543823242
97.598167419434 0.60526770353317 410.20324707031
98.113090515137 0.6431690454483 410.29577636719
98.629234313965 0.66975247859955 410.38565063477
99.146781921387 0.67665493488312 410.47085571289
87.734031677246 -2.8327214717865 408.08813476562
88.317901611328 -2.6196217536926 408.27450561523
88.913864135742 -2.457368850708 408.4733581543
89.518608093262 -2.3534080982208 408.68444824219
90.125709533691 -2.2526431083679 408.89028930664
90.737945556641 -2.1591353416443 409.08395385742
91.35018157959 -2.06565117836 409.27767944336
91.962478637695 -1.9754415750504 409.47271728516
92.574234008789 -1.924959897995 409.68316650391
93.185989379883 -1.8744963407516 409.89364624023
93.791648864746 -1.8367366790771 410.12350463867
94.383544921875 -1.8231211900711 410.38912963867
94.966705322266 -1.8092223405838 410.67343139648
95.532669067383 -1.7948478460312 410.99057006836
96.123054504395 -1.7964800596237 411.25985717773
96.714279174805 -1.7987122535706 411.52734375
97.308258056641 -1.8193371295929 411.7878112793
97.904685974121 -1.8605362176895 412.04013061523
98.502296447754 -1.9188704490662 412.28616333008
99.10066986084 -2.0268099308014 412.51278686523
99.679557800293 -2.1495742797852 412.7790222168
100.21765136719 -2.2954061031342 413.11099243164
100.81233978271 -2.4107208251953 413.34320068359
101.42976379395 -2.5077233314514 413.51770019531
102.0503616333 -2.5731432437897 413.69564819336
87.836471557617 -2.6226918697357 407.55847167969
88.468254089355 -2.4337363243103 407.58010864258
89.110527038574 -2.2934896945953 407.63693237305
89.752746582031 -2.1530811786652 407.69393920898
90.388763427734 -1.9940876960754 407.76892089844
91.024307250977 -1.8339048624039 407.84524536133
91.671829223633 -1.7238117456436 407.9084777832
92.324401855469 -1.6434826850891 407.96405029297
92.979011535645 -1.6195524930954 408.04360961914
93.635581970215 -1.587700009346 408.10070800781
94.290977478027 -1.5204458236694 408.06393432617
94.948104858398 -1.4703497886658 408.03121948242
95.607574462891 -1.4650299549103 408.00909423828
96.267044067383 -1.459689617157 407.98699951172
96.926330566406 -1.4413820505142 407.9665222168
97.585563659668 -1.4207336902618 407.94635009766
98.245109558105 -1.4238569736481 407.92630004883
98.904235839844 -1.4477261304855 407.90643310547
99.56005859375 -1.4745376110077 407.83868408203
100.21311187744 -1.5166001319885 407.75402832031
100.8530960083 -1.6073920726776 407.62149047852
101.49092102051 -1.6957865953445 407.47732543945
102.12702941895 -1.8016364574432 407.33743286133
102.75423431396 -1.9764219522476 407.23043823242
103.37056732178 -2.1506190299988 407.07174682617
