112.34446716309 28.565063476562 380.40530395508
116.16013336182 10.615829467773 373.37591552734
121.36227416992 14.410568237305 371.15698242188
119.06108093262 10.866624832153 379.24169921875
111.73530578613 28.201641082764 380.04312133789
111.32918548584 27.636478424072 379.65322875977
111.03888702393 27.001436233521 379.26824951172
110.91504669189 26.301284790039 378.90673828125
110.91533660889 25.57618522644 378.57348632812
110.97640228271 24.846101760864 378.25741577148
111.12084960938 24.116399765015 377.96823120117
111.25904846191 23.386363983154 377.67687988281
111.43132781982 22.658845901489 377.39761352539
111.62897491455 21.934209823608 377.12777709961
111.84168243408 21.211708068848 376.86376953125
112.05265045166 20.488935470581 376.59909057617
112.29954528809 19.77244758606 376.34878540039
112.56327056885 19.059543609619 376.10549926758
112.83981323242 18.34966468811 375.86770629883
113.13745117188 17.64525604248 375.63925170898
113.44253540039 16.942966461182 375.41412353516
113.7409362793 16.238786697388 375.18597412109
114.06134033203 15.5411195755 374.96789550781
114.37642669678 14.841804504395 374.74731445312
114.67335510254 14.137206077576 374.5185546875
114.9775390625 13.434677124023 374.29293823242
115.27033996582 12.728949546814 374.06234741211
115.55501556396 12.02110004425 373.82809448242
115.87720489502 11.324138641357 373.61090087891
112.44283294678 27.967401504517 379.9538269043
112.21150970459 27.457420349121 379.44683837891
112.46842956543 26.880880355835 379.04431152344
112.90052032471 26.346677780151 378.73904418945
113.22225952148 25.709997177124 378.49118041992
113.52048492432 25.1376953125 378.09188842773
113.79423522949 24.578121185303 377.65942382812
114.11602783203 23.983053207397 377.31555175781
114.46351623535 23.388053894043 377.00296020508
114.78899383545 22.836051940918 376.60986328125
115.16506958008 22.201038360596 376.4309387207
115.54238128662 21.601169586182 376.17318725586
115.91053009033 21.101345062256 375.73748779297
116.28680419922 20.528310775757 375.41473388672
116.66361236572 19.902030944824 375.21011352539
117.06768035889 19.322507858276 374.93096923828
117.47646331787 18.767614364624 374.61642456055
117.86391448975 18.313470840454 374.14672851562
118.28829956055 17.865901947021 373.70443725586
118.7674331665 17.38064956665 373.37023925781
119.21683502197 16.83687210083 373.08999633789
119.58463287354 16.326313018799 372.66442871094
119.94439697266 15.82744884491 372.21896362305
120.36145782471 15.316061973572 371.84265136719
120.81396484375 14.832838058472 371.47027587891
112.20082855225 27.830106735229 380.3532409668
111.98027801514 27.188203811646 380.03283691406
112.15999603271 26.492467880249 380.02685546875
112.59369659424 25.931573867798 380.06704711914
112.75309753418 25.20943069458 379.9287109375
112.9098815918 24.482364654541 379.81573486328
113.10820770264 23.762933731079 379.72381591797
113.35057067871 23.054178237915 379.65148925781
113.61136627197 22.353199005127 379.57614135742
113.92794036865 21.675750732422 379.49157714844
114.23793792725 20.994777679443 379.41323852539
114.52247619629 20.300304412842 379.35818481445
114.80171966553 19.603731155396 379.30319213867
115.08855438232 18.911737442017 379.23126220703
115.37745666504 18.220403671265 379.16171264648
115.68058013916 17.533779144287 379.10858154297
116.00068664551 16.853378295898 379.07986450195
116.30940246582 16.167175292969 379.06958007812
116.6102142334 15.477447509766 379.07077026367
116.88875579834 14.778948783875 379.09487915039
117.13498687744 14.070276260376 379.15286254883
117.42230224609 13.377298355103 379.19442749023
117.84871673584 12.757490158081 379.17672729492
118.27545928955 12.137926101685 379.1584777832
118.70541381836 11.521076202393 379.13446044922
