52.408176422119 10.836892127991 276.00311279297
68.523414611816 -3.7052128314972 272.2004699707
70.752891540527 -1.3749234676361 270.2395324707
72.151206970215 -3.3051927089691 275.8115234375
52.434127807617 9.9896984100342 275.82708740234
52.768993377686 9.2052011489868 275.64862060547
53.179042816162 8.4564113616943 275.47375488281
53.651794433594 7.7442750930786 275.30331420898
54.172077178955 7.065055847168 275.13732910156
54.737903594971 6.4218807220459 274.97650146484
55.336254119873 5.8075079917908 274.81991577148
55.928386688232 5.1873717308044 274.66244506836
56.531787872314 4.5777564048767 274.50665283203
57.14510345459 3.9778094291687 274.35232543945
57.78076171875 3.4005658626556 274.20159912109
58.425029754639 2.8325710296631 274.05236816406
59.084995269775 2.2821156978607 273.9059753418
59.755584716797 1.7441153526306 273.76156616211
60.439056396484 1.2218656539917 273.61975097656
61.131511688232 0.71104300022125 273.47985839844
61.82502746582 0.20164036750793 273.34020996094
62.535308837891 -0.28523394465446 273.2043762207
63.256500244141 -0.7565068602562 273.07119750977
63.99861907959 -1.1958107948303 272.9436340332
64.737937927246 -1.6395851373672 272.81527709961
65.470321655273 -2.0941536426544 272.68499755859
66.218170166016 -2.5241072177887 272.55902099609
66.976203918457 -2.9367392063141 272.43609619141
67.747680664062 -3.3250317573547 272.31753540039
52.739109039307 10.222776412964 275.50665283203
53.245475769043 9.5225439071655 275.25451660156
53.776912689209 8.8293905258179 275.03784179688
54.381404876709 8.2007713317871 274.81530761719
55.007968902588 7.5856337547302 274.6169128418
55.585693359375 6.9342112541199 274.4020690918
56.213687896729 6.3172807693481 274.21246337891
56.820133209229 5.6914901733398 273.98773193359
57.503917694092 5.1315059661865 273.81393432617
58.21964263916 4.6040744781494 273.67077636719
58.957836151123 4.103355884552 273.54867553711
59.664043426514 3.5731048583984 273.3713684082
60.380500793457 3.058572769165 273.19024658203
61.122848510742 2.5805115699768 273.013671875
61.886817932129 2.1383895874023 272.83645629883
62.686878204346 1.7692279815674 272.64944458008
63.491714477539 1.4196585416794 272.44866943359
64.305282592773 1.1059460639954 272.22274780273
65.117401123047 0.78630483150482 272.00030517578
65.9248046875 0.44744864106178 271.78903198242
66.736251831055 0.12855415046215 271.56393432617
67.551315307617 -0.17245461046696 271.32641601562
68.37939453125 -0.46994587779045 271.13626098633
69.194030761719 -0.76848983764648 270.90856933594
69.97346496582 -1.0717066526413 270.57406616211
52.802326202393 10.061679840088 276.06628417969
53.319553375244 9.2683448791504 275.88827514648
53.920162200928 8.5412158966064 275.67764282227
54.481628417969 7.7664918899536 275.53280639648
55.130950927734 7.0712904930115 275.33059692383
55.819213867188 6.4069089889526 275.15582275391
56.500118255615 5.7310900688171 275.00076293945
57.222640991211 5.0973453521729 274.85852050781
57.939205169678 4.4540452957153 274.7229309082
58.712596893311 3.8860156536102 274.56973266602
59.498573303223 3.3251843452454 274.45718383789
60.272411346436 2.7466685771942 274.35180664062
61.063358306885 2.189270734787 274.27239990234
61.85424041748 1.6258674860001 274.2239074707
62.687099456787 1.1268566846848 274.19442749023
63.541900634766 0.66350930929184 274.19201660156
64.404716491699 0.21533355116844 274.21789550781
65.277618408203 -0.20073989033699 274.31909179688
66.151504516602 -0.613694190979 274.42761230469
66.999549865723 -1.0784200429916 274.52780151367
67.850067138672 -1.5411541461945 274.61383056641
68.722579956055 -1.9675158262253 274.66778564453
69.580215454102 -2.3789608478546 274.85681152344
70.460990905762 -2.7323474884033 275.05932617188
71.318016052246 -3.021249294281 275.39782714844
