62.398433685303 4.7917098999023 272.86331176758
66.231582641602 -4.2756485939026 271.41366577148
70.382675170898 -0.40995237231255 269.07379150391
69.317199707031 -1.858834028244 275.80264282227
62.274280548096 4.428210735321 272.77258300781
62.275531768799 4.0416421890259 272.69171142578
62.299140930176 3.6552274227142 272.6135559082
62.308048248291 3.2686228752136 272.53363037109
62.369342803955 2.8853747844696 272.46054077148
62.445453643799 2.5043997764587 272.3896484375
62.551349639893 2.1296999454498 272.32357788086
62.662227630615 1.7562899589539 272.25839233398
62.783176422119 1.3857234716415 272.19491577148
62.922996520996 1.0212527513504 272.13497924805
63.066059112549 0.65794622898102 272.07568359375
63.226444244385 0.30138927698135 272.01977539062
63.38948059082 -0.054049924015999 271.96444702148
63.561870574951 -0.40535074472427 271.91107177734
63.749794006348 -0.74910879135132 271.86114501953
63.933242797852 -1.0951285362244 271.81018066406
64.131240844727 -1.4335124492645 271.76254272461
64.351402282715 -1.7586624622345 271.72027587891
64.570579528809 -2.0844397544861 271.677734375
64.80655670166 -2.3988246917725 271.63958740234
65.02906036377 -2.7224502563477 271.59790039062
65.254325866699 -3.0442488193512 271.5569152832
65.480537414551 -3.3654220104218 271.51617431641
65.727691650391 -3.6714470386505 271.48107910156
65.971969604492 -3.9796998500824 271.44522094727
62.619144439697 4.613254070282 272.55041503906
62.82201385498 4.2628965377808 272.42526245117
63.06965637207 3.9571707248688 272.26770019531
63.327194213867 3.6485571861267 272.13330078125
63.581214904785 3.3303897380829 272.01553344727
63.828762054443 3.0231144428253 271.86087036133
64.111396789551 2.7327163219452 271.73678588867
64.397392272949 2.4498765468597 271.6032409668
64.691345214844 2.1739070415497 271.47265625
65.002883911133 1.9092767238617 271.36074829102
65.270439147949 1.6313843727112 271.18585205078
65.532852172852 1.3506672382355 271.00704956055
65.790634155273 1.0739076137543 270.81582641602
66.02946472168 0.81588035821915 270.57946777344
66.292434692383 0.55822169780731 270.36972045898
66.559913635254 0.30060142278671 270.16549682617
66.884475708008 0.040519449859858 270.09454345703
67.24048614502 -0.18631049990654 270.05920410156
67.639427185059 -0.31623214483261 270.00579833984
68.023773193359 -0.3988356590271 269.84979248047
68.410820007324 -0.40384981036186 269.67828369141
68.794975280762 -0.32176870107651 269.52053833008
69.201644897461 -0.22363464534283 269.45602416992
69.583267211914 -0.24831077456474 269.27331542969
69.972068786621 -0.315005838871 269.11865234375
62.514148712158 4.4810996055603 273.10815429688
62.706836700439 4.1149053573608 273.1181640625
62.942924499512 3.7794756889343 273.17514038086
63.187347412109 3.4535975456238 273.24935913086
63.440803527832 3.1278493404388 273.28338623047
63.688697814941 2.8008251190186 273.33929443359
63.937267303467 2.4763300418854 273.40591430664
64.200218200684 2.1631407737732 273.4714050293
64.479804992676 1.8710242509842 273.56097412109
64.762382507324 1.5830377340317 273.65444946289
65.021041870117 1.2638721466064 273.70651245117
65.289833068848 0.9745956659317 273.83081054688
65.554443359375 0.68773722648621 273.96942138672
65.803497314453 0.36890056729317 274.05743408203
66.007713317871 0.02671131119132 274.16973876953
66.208114624023 -0.30203276872635 274.32214355469
66.383415222168 -0.67514228820801 274.31362915039
66.656311035156 -0.98080515861511 274.36938476562
66.974281311035 -1.2235667705536 274.47598266602
67.342338562012 -1.3895725011826 274.56741333008
67.746856689453 -1.3795062303543 274.65567016602
68.121673583984 -1.3677077293396 274.82958984375
68.410316467285 -1.3730264902115 275.12606811523
68.689666748047 -1.4923683404922 275.40740966797
69.003921508789 -1.6598118543625 275.6188659668
