122.25249481201 6.6739816665649 347.15231323242
62.568061828613 28.864013671875 338.03189086914
61.213886260986 -4.9386610984802 313.89459228516
58.060489654541 -2.9513125419617 361.09399414062
123.17385101318 9.7528810501099 347.30895996094
123.40795898438 12.962720870972 347.36001586914
123.28852844238 16.178750991821 347.35647583008
122.60346984863 19.322298049927 347.26513671875
121.51120758057 22.345865249634 347.11032104492
120.02222442627 25.191278457642 346.89343261719
118.23084259033 27.852239608765 346.62890625
116.1231918335 30.264696121216 346.31436157227
113.76414489746 32.425533294678 345.95980834961
111.17186737061 34.29301071167 345.56790161133
108.3610458374 35.802490234375 345.14059448242
105.40143585205 36.984062194824 344.68869018555
102.3032913208 37.717399597168 344.21331787109
99.146072387695 38.114974975586 343.72723388672
95.964721679688 38.103015899658 343.23556518555
92.783561706543 38.076168060303 342.7438659668
89.629951477051 37.657577514648 342.25457763672
86.600746154785 36.676376342773 341.7819519043
83.706047058105 35.343761444092 341.3283996582
80.635444641113 34.507949829102 340.85003662109
77.460525512695 34.305324554443 340.35842895508
74.380470275879 33.506416320801 339.87878417969
71.363784790039 32.486358642578 339.40789794922
68.313140869141 31.575271606445 338.93225097656
65.329559326172 30.460222244263 338.46597290039
121.42472076416 8.9503078460693 345.30670166016
120.2727432251 11.581880569458 344.20541381836
118.61934661865 13.914856910706 343.06365966797
116.35056304932 15.590773582458 341.93161010742
113.69064331055 16.447345733643 340.80313110352
110.80437469482 15.918803215027 340.04766845703
108.02246856689 15.416632652283 338.85266113281
105.131980896 14.603322029114 338.36013793945
102.39302825928 14.471165657043 336.97549438477
99.727363586426 14.108312606812 335.50210571289
96.817420959473 13.456993103027 334.97720336914
94.095550537109 12.467297554016 333.93124389648
91.341171264648 11.443858146667 333.00775146484
88.519508361816 10.788866043091 331.9889831543
85.752166748047 9.9856662750244 330.91305541992
83.112823486328 9.1847333908081 329.54763793945
80.517204284668 8.1277856826782 328.27606201172
78.225463867188 6.5806713104248 326.95040893555
75.996627807617 4.9797616004944 325.55670166016
73.688461303711 3.5884392261505 324.07177734375
71.373802185059 2.2413687705994 322.57287597656
69.245758056641 0.58719104528427 321.09094238281
66.929443359375 -0.68606740236282 319.50964355469
64.896827697754 -2.4002287387848 317.98907470703
63.019142150879 -3.9326269626617 316.17846679688
121.12825012207 9.0583534240723 348.41653442383
119.80324554443 11.505880355835 349.24111938477
118.09493255615 13.797496795654 349.81524658203
115.91885375977 15.588321685791 350.32052612305
113.36460113525 16.56533241272 350.63967895508
110.49945068359 16.379135131836 350.89910888672
107.62562561035 15.860604286194 350.91540527344
104.76097869873 15.285043716431 351.00088500977
101.92734527588 14.800505638123 351.4328918457
99.101951599121 14.566255569458 352.13034057617
96.227416992188 14.229367256165 352.53717041016
93.541107177734 13.334317207336 352.25463867188
90.872276306152 12.187650680542 352.30767822266
88.139694213867 11.227081298828 352.58001708984
85.27262878418 10.767539978027 352.75003051758
82.466423034668 10.020894050598 352.4912109375
79.748657226562 9.0655765533447 352.86145019531
77.302932739258 7.6232147216797 353.50350952148
74.852760314941 6.3203940391541 354.41708374023
72.354011535645 5.1233716011047 355.34899902344
69.611541748047 4.1930088996887 355.71701049805
67.205261230469 2.8870809078217 356.74255371094
64.860221862793 1.502777338028 357.79989624023
62.593647003174 0.018080675974488 358.89791870117
60.327068328857 -1.4666159152985 359.99597167969
