111.9460067749 38.20943069458 356.80661010742
98.381973266602 22.799844741821 343.69714355469
61.322151184082 -3.6517601013184 351.8024597168
53.784465789795 15.394277572632 339.23745727539
112.57146453857 37.941909790039 355.91320800781
113.19692230225 37.674385070801 355.0198059082
113.77603912354 37.386848449707 354.11151123047
114.04975128174 36.962833404541 353.10980224609
114.14761352539 36.340957641602 352.1799621582
114.11312866211 35.682010650635 351.29473876953
113.81307220459 34.948684692383 350.49905395508
113.38552093506 34.234272003174 349.75448608398
112.86933135986 33.533008575439 349.04547119141
112.22557067871 32.830230712891 348.45864868164
111.5481338501 32.127059936523 347.90408325195
110.71126556396 31.486959457397 347.51791381836
109.83171081543 30.879272460938 347.1789855957
108.893699646 30.316741943359 346.93551635742
107.92632293701 29.775907516479 346.75500488281
106.97590637207 29.178119659424 346.73834228516
106.02016448975 28.593006134033 346.68045043945
105.06098175049 28.025653839111 346.55453491211
104.11632537842 27.470136642456 346.31405639648
103.24417877197 26.840751647949 345.99194335938
102.38990783691 26.185150146484 345.67395019531
101.62442779541 25.477378845215 345.25677490234
100.80265808105 24.856454849243 344.81155395508
99.988716125488 24.19411277771 344.41693115234
99.185340881348 23.496978759766 344.05703735352
112.56888580322 35.662460327148 357.65179443359
112.41865539551 32.918994903564 357.41494750977
112.29986572266 30.21216583252 357.28039550781
110.85530090332 28.050157546997 358.16610717773
108.80974578857 26.354806900024 358.89651489258
106.5287322998 24.909999847412 359.45272827148
104.12824249268 23.61128616333 359.84664916992
101.70936584473 22.311275482178 360.09750366211
99.286010742188 20.99925994873 360.19808959961
96.925834655762 19.573610305786 360.24374389648
94.526657104492 18.214845657349 360.20361328125
92.123382568359 16.880035400391 359.98739624023
89.69677734375 15.620104789734 359.62701416016
87.260467529297 14.385456085205 359.24789428711
84.92456817627 12.964484214783 358.88781738281
82.640434265137 11.455347061157 358.55743408203
80.239601135254 10.132605552673 358.25384521484
77.838577270508 8.8192367553711 357.91363525391
75.470565795898 7.4360475540161 357.62280273438
73.065101623535 6.1538009643555 357.20492553711
70.785453796387 4.6569828987122 356.79479980469
68.608100891113 3.0639851093292 356.22299194336
66.557067871094 1.4077707529068 355.41305541992
64.735046386719 -0.46441826224327 354.53131103516
63.273063659668 -1.9251300096512 352.70718383789
110.66207885742 39.410396575928 354.77194213867
108.93208312988 39.4479637146 352.7073059082
107.25255584717 39.783103942871 350.64129638672
104.82911682129 40.186977386475 349.55419921875
102.15546417236 40.072616577148 349.24813842773
99.488761901855 39.727375030518 349.10806274414
96.906814575195 39.000244140625 348.85845947266
94.372116088867 38.103492736816 348.68765258789
91.791534423828 37.330993652344 348.63293457031
89.245536804199 36.456077575684 348.53869628906
86.747215270996 35.514434814453 348.18151855469
84.361831665039 34.294536590576 347.8967590332
82.026817321777 32.979133605957 347.62124633789
79.784507751465 31.537532806396 347.23037719727
77.461585998535 30.203758239746 346.94366455078
75.094024658203 29.059030532837 346.35864257812
72.706207275391 27.843530654907 346.0749206543
70.299873352051 26.673894882202 345.75695800781
67.949279785156 25.4059715271 345.40100097656
65.663429260254 24.035112380981 345.00692749023
63.371101379395 22.710380554199 344.50698852539
61.12520980835 21.322240829468 343.9697265625
58.958793640137 19.863456726074 343.30792236328
56.939853668213 18.402193069458 342.28503417969
55.632041931152 16.571865081787 340.80413818359
