63.095970153809 5.4865970611572 270.95379638672
69.987106323242 -2.0056729316711 268.69857788086
72.111854553223 0.34933692216873 266.75445556641
71.835357666016 -1.5562596321106 271.94036865234
63.055027008057 5.1210112571716 270.76278686523
63.117202758789 4.7520189285278 270.59222412109
63.249858856201 4.3918838500977 270.44119262695
63.432155609131 4.0453715324402 270.30758666992
63.648338317871 3.7126839160919 270.18817138672
63.887722015381 3.3921053409576 270.0798034668
64.14427947998 3.0821602344513 269.98037719727
64.407081604004 2.7763700485229 269.88433837891
64.679679870605 2.4776690006256 269.7939453125
64.961410522461 2.1857583522797 269.70895385742
65.246551513672 1.8965690135956 269.62603759766
65.538841247559 1.6133298873901 269.5475769043
65.840278625488 1.3382496833801 269.47518920898
66.143585205078 1.0648262500763 269.4040222168
66.447036743164 0.79154527187347 269.33294677734
66.752136230469 0.51984983682632 269.26303100586
67.063980102539 0.25469052791595 269.19778442383
67.374992370605 -0.011307236738503 269.13195800781
67.693321228027 -0.26970818638802 269.07147216797
68.015502929688 -0.52405750751495 269.01385498047
68.337707519531 -0.77836626768112 268.95623779297
68.658096313477 -1.0346266031265 268.89727783203
68.989219665527 -1.2787854671478 268.8466796875
69.319725036621 -1.5236754417419 268.79559326172
69.652603149414 -1.7655985355377 268.74639892578
63.32413482666 5.2623596191406 270.65472412109
63.450241088867 4.9240961074829 270.40798950195
63.767551422119 4.6780395507812 270.23321533203
64.140113830566 4.4781107902527 270.11645507812
64.502510070801 4.2548799514771 270.01019287109
64.858528137207 4.0219860076904 269.90307617188
65.212516784668 3.7872221469879 269.79370117188
65.554420471191 3.5520300865173 269.65139770508
65.89478302002 3.3176217079163 269.50424194336
66.244285583496 3.0959279537201 269.35876464844
66.596588134766 2.8776042461395 269.21508789062
66.957221984863 2.6572263240814 269.09744262695
67.323455810547 2.4458963871002 268.98089599609
67.704376220703 2.2754375934601 268.84558105469
68.084732055664 2.107081413269 268.70611572266
68.464782714844 1.9410983324051 268.56304931641
68.843841552734 1.7787046432495 268.41339111328
69.21752166748 1.6242876052856 268.24328613281
69.601684570312 1.5133233070374 268.06280517578
69.986267089844 1.412215590477 267.87811279297
70.333480834961 1.2115157842636 267.70028686523
70.691284179688 1.0340564250946 267.5188293457
71.061828613281 0.89010226726532 267.33331298828
71.414993286133 0.70431214570999 267.15103149414
71.77262878418 0.5328756570816 266.96350097656
63.280471801758 5.0932040214539 271.02713012695
63.402709960938 4.6901664733887 270.89532470703
63.65645980835 4.3316292762756 270.86376953125
64.012733459473 4.0718727111816 270.89953613281
64.364646911621 3.8039536476135 270.91000366211
64.716163635254 3.5354359149933 270.91549682617
65.082107543945 3.2868633270264 270.92138671875
65.44490814209 3.0337438583374 270.9267578125
65.798988342285 2.7685265541077 270.93078613281
66.146408081055 2.4946503639221 270.93515014648
66.485160827637 2.2101378440857 270.94027709961
66.832504272461 1.936625957489 270.95251464844
67.206367492676 1.7028964757919 270.98901367188
67.580093383789 1.469041466713 271.02603149414
67.950080871582 1.2318705320358 271.07690429688
68.317253112793 0.992631316185 271.13760375977
68.685134887695 0.75620329380035 271.20471191406
69.05297088623 0.52046048641205 271.27432250977
69.410308837891 0.27454295754433 271.36123657227
69.757217407227 0.01986638456583 271.4638671875
70.104194641113 -0.23484195768833 271.56616210938
70.455528259277 -0.49135038256645 271.6467590332
70.811866760254 -0.74575215578079 271.71032714844
71.168426513672 -0.99995374679565 271.77340698242
71.509086608887 -1.2727084159851 271.84609985352
