62.810009002686 -1.1004962921143 285.63558959961
71.796409606934 -9.3379878997803 287.26684570312
76.915428161621 -6.1791515350342 283.85241699219
73.869125366211 -6.3333916664124 292.39501953125
62.467658996582 -1.4714037179947 285.53240966797
62.478343963623 -1.9957834482193 285.50354003906
62.555107116699 -2.5153307914734 285.4905090332
62.691062927246 -3.022705078125 285.49227905273
62.893531799316 -3.5069828033447 285.51116943359
63.159084320068 -3.9590291976929 285.54684448242
63.455249786377 -4.3907675743103 285.59103393555
63.791370391846 -4.7909054756165 285.64651489258
64.149482727051 -5.1705045700073 285.70843505859
64.527900695801 -5.5287709236145 285.77648925781
64.921684265137 -5.8691391944885 285.84918212891
65.324005126953 -6.1986970901489 285.92459106445
65.747230529785 -6.499297618866 286.00662231445
66.17359161377 -6.7951049804688 286.08972167969
66.612632751465 -7.0704765319824 286.17700195312
67.057640075684 -7.3353943824768 286.2663269043
67.513725280762 -7.5793433189392 286.35952758789
67.970314025879 -7.8222427368164 286.45300292969
68.431327819824 -8.056001663208 286.54797363281
68.90357208252 -8.2642126083374 286.64715576172
69.366653442383 -8.4935169219971 286.74295043945
69.841316223145 -8.6956977844238 286.8430480957
70.32105255127 -8.8844413757324 286.94519042969
70.812194824219 -9.0379571914673 287.05206298828
71.304969787598 -9.1855783462524 287.15972900391
63.147792816162 -1.4730536937714 285.30596923828
63.418964385986 -2.0078372955322 285.22598266602
63.756587982178 -2.4528512954712 285.24609375
64.357376098633 -2.4610078334808 285.31719970703
64.944725036621 -2.5468771457672 285.42376708984
65.517761230469 -2.742280960083 285.44515991211
66.082885742188 -2.95965051651 285.42999267578
66.637580871582 -3.19677734375 285.37301635742
67.20133972168 -3.4137754440308 285.32489013672
67.765785217285 -3.6290397644043 285.27746582031
68.337753295898 -3.8252265453339 285.23754882812
68.911796569824 -4.0155439376831 285.19924926758
69.490478515625 -4.1895756721497 285.15374755859
70.070175170898 -4.3597521781921 285.10662841797
70.65308380127 -4.5184545516968 285.05902099609
71.240623474121 -4.6587543487549 285.01058959961
71.822631835938 -4.8221879005432 284.96844482422
72.401710510254 -4.9964518547058 284.92935180664
72.961769104004 -5.1492643356323 284.75817871094
73.530807495117 -5.3032593727112 284.61813354492
74.110557556152 -5.4621982574463 284.54364013672
74.689117431641 -5.6207804679871 284.45806884766
75.246421813965 -5.7768201828003 284.28103637695
75.816566467285 -5.9567685127258 284.1887512207
76.395431518555 -6.1282820701599 284.13800048828
62.903205871582 -1.5533715486526 285.98513793945
63.018562316895 -2.124413728714 285.97918701172
63.137233734131 -2.6853761672974 285.97470092773
63.674709320068 -2.5957887172699 286.14569091797
64.153900146484 -2.3571126461029 286.29174804688
64.679443359375 -2.5077087879181 286.48236083984
65.151481628418 -2.7558541297913 286.71667480469
65.623474121094 -2.9886305332184 286.96661376953
66.092834472656 -3.2157382965088 287.22567749023
66.552871704102 -3.4200932979584 287.51898193359
67.023506164551 -3.619256734848 287.79791259766
67.520156860352 -3.8045926094055 288.03961181641
68.010749816895 -3.9922657012939 288.29135131836
68.485397338867 -4.1856813430786 288.568359375
68.961738586426 -4.3764696121216 288.84411621094
69.45100402832 -4.5472173690796 289.11038208008
69.939338684082 -4.7151956558228 289.37966918945
70.403755187988 -4.879903793335 289.69049072266
70.864189147949 -5.0407161712646 290.00915527344
71.332069396973 -5.1869959831238 290.32391357422
71.812728881836 -5.3391780853271 290.61584472656
72.293731689453 -5.5066900253296 290.89660644531
72.665626525879 -5.7223834991455 291.28961181641
73.07608795166 -5.8857922554016 291.66937255859
73.479949951172 -6.0897793769836 292.03637695312
