63.594367980957 -0.2609831392765 276.84341430664
69.628341674805 1.8958789110184 281.76342773438
71.337936401367 -1.4155447483063 283.70770263672
73.5576171875 1.2220959663391 280.18441772461
63.60083770752 0.027122370898724 276.98941040039
63.725204467773 0.25621858239174 277.18173217773
63.890880584717 0.44917586445808 277.38262939453
64.06697845459 0.63110882043839 277.58480834961
64.265975952148 0.7860272526741 277.78829956055
64.483589172363 0.91492164134979 277.9909362793
64.711700439453 1.0270490646362 278.19198608398
64.948028564453 1.1246205568314 278.39111328125
65.191627502441 1.2080227136612 278.58795166016
65.434677124023 1.2924838066101 278.78494262695
65.68920135498 1.3514742851257 278.97671508789
65.945106506348 1.4069904088974 279.16766357422
66.198455810547 1.4687504768372 279.36004638672
66.463417053223 1.4988036155701 279.54428100586
66.721733093262 1.5480941534042 279.73370361328
66.980270385742 1.5967453718185 279.92297363281
67.237991333008 1.6475310325623 280.11279296875
67.504524230957 1.6725333929062 280.29547119141
67.771751403809 1.6950452327728 280.47747802734
68.03678894043 1.7248748540878 280.66162109375
68.303718566895 1.7484427690506 280.84390258789
68.572151184082 1.766731262207 281.02453613281
68.832221984863 1.8112688064575 281.21273803711
69.093566894531 1.8521718978882 281.39999389648
69.359184265137 1.8801957368851 281.58358764648
63.764301300049 -0.32073363661766 277.21026611328
63.982875823975 -0.28383210301399 277.55358886719
64.232086181641 -0.16394153237343 277.85446166992
64.494232177734 -0.12069398909807 278.16500854492
64.761283874512 -0.12346604466438 278.47436523438
65.058547973633 -0.11464599519968 278.75469970703
65.359748840332 -0.12148339301348 279.03085327148
65.665710449219 -0.16122399270535 279.29888916016
65.97289276123 -0.19523966312408 279.56631469727
66.283874511719 -0.20888483524323 279.83114624023
66.594253540039 -0.22824907302856 280.09634399414
66.902168273926 -0.26698580384254 280.36227416992
67.204460144043 -0.32526057958603 280.63107299805
67.503547668457 -0.39359605312347 280.9010925293
67.803771972656 -0.46157777309418 281.16995239258
68.104759216309 -0.52948355674744 281.43795776367
68.419746398926 -0.60654950141907 281.68670654297
68.734954833984 -0.70183998346329 281.92877197266
69.058685302734 -0.79753136634827 282.15914916992
69.392333984375 -0.86705851554871 282.38470458984
69.700225830078 -0.94813412427902 282.64093017578
69.974342346191 -1.0394713878632 282.92999267578
70.261917114258 -1.1411591768265 283.20199584961
70.593711853027 -1.2472258806229 283.41577148438
70.961013793945 -1.3311210870743 283.57415771484
63.957313537598 -0.053386561572552 276.86276245117
64.293212890625 0.12786948680878 277.0348815918
64.641906738281 0.32264801859856 277.16046142578
65.001930236816 0.46835818886757 277.31692504883
65.364036560059 0.59016662836075 277.48828125
65.729187011719 0.69919979572296 277.66174316406
66.110359191895 0.78728592395782 277.81100463867
66.491790771484 0.86216747760773 277.96664428711
66.873512268066 0.92538011074066 278.1266784668
67.262466430664 0.99943441152573 278.26290893555
67.650779724121 1.0722780227661 278.40158081055
68.035034179688 1.1380078792572 278.55438232422
68.421463012695 1.2096080780029 278.69885253906
68.811103820801 1.2892469167709 278.82971191406
69.211608886719 1.3632079362869 278.92684936523
69.612739562988 1.4133900403976 279.03591918945
70.011444091797 1.4520727396011 279.15786743164
70.411766052246 1.4862577915192 279.27575683594
70.812950134277 1.5180656909943 279.39129638672
71.219108581543 1.537513256073 279.49124145508
71.627182006836 1.5520143508911 279.58386230469
72.039138793945 1.5688922405243 279.65686035156
72.451278686523 1.5810530185699 279.72109985352
72.823463439941 1.4562249183655 279.86651611328
73.176429748535 1.3040863275528 280.03176879883
