84.554817199707 36.201755523682 351.70986938477
79.282524108887 16.214056015015 356.93029785156
57.492984771729 9.1108474731445 368.42013549805
56.436325073242 6.3089771270752 353.97659301758
85.152305603027 35.585674285889 351.80413818359
85.528846740723 34.822650909424 351.95272827148
85.737396240234 34.003162384033 352.12951660156
85.81901550293 33.164825439453 352.32192993164
85.809577941895 32.324417114258 352.52282714844
85.817916870117 31.483692169189 352.72225952148
85.753509521484 30.646760940552 352.92712402344
85.592391967773 29.824136734009 353.13705444336
85.423095703125 29.00336265564 353.34729003906
85.185424804688 28.200183868408 353.55932617188
84.890434265137 27.41623878479 353.77178955078
84.630928039551 26.619819641113 353.98419189453
84.346946716309 25.831815719604 354.19665527344
84.042129516602 25.051628112793 354.40911865234
83.730331420898 24.274215698242 354.62152099609
83.380989074707 23.512762069702 354.83337402344
83.027992248535 22.752990722656 355.04525756836
82.660530090332 22 355.25671386719
82.281982421875 21.25242805481 355.46786499023
81.891693115234 20.510807037354 355.67861938477
81.491653442383 19.774301528931 355.88903808594
81.093925476074 19.03657913208 356.09951782227
80.641204833984 18.330461502075 356.30731201172
80.154182434082 17.646829605103 356.51275634766
79.716461181641 16.931570053101 356.72143554688
84.308624267578 34.793464660645 352.57177734375
83.63932800293 33.395626068115 353.1989440918
83.030303955078 31.941980361938 353.75674438477
82.316764831543 30.510238647461 354.24313354492
81.596397399902 29.098529815674 354.77536010742
80.746215820312 27.739883422852 355.25164794922
79.937042236328 26.373085021973 355.77392578125
79.128211975098 24.999490737915 356.2783203125
78.214851379395 23.667854309082 356.71102905273
77.365844726562 22.422889709473 357.43313598633
76.117042541504 21.360891342163 357.7580871582
75.2333984375 20.096235275269 358.40069580078
74.154747009277 18.957822799683 358.98007202148
73.078048706055 17.870035171509 359.65225219727
71.867744445801 16.896821975708 360.27114868164
70.57511138916 15.986756324768 360.81533813477
69.30818939209 15.110698699951 361.46530151367
68.058700561523 14.315202713013 362.24090576172
66.779075622559 13.542950630188 362.99041748047
65.535583496094 12.742900848389 363.77026367188
64.138145446777 12.096199035645 364.41998291016
62.98265838623 11.369565010071 365.38543701172
61.720149993896 10.683016777039 366.23986816406
60.366394042969 10.147631645203 367.06216430664
58.943843841553 9.5894584655762 367.74072265625
84.139846801758 34.621871948242 351.52200317383
83.481391906738 33.116619110107 351.64041137695
83.044708251953 31.538097381592 351.83755493164
82.426139831543 30.035415649414 352.07879638672
81.519371032715 28.724292755127 352.50332641602
80.700485229492 27.331775665283 352.84191894531
79.850883483887 25.948219299316 353.1393737793
78.971977233887 24.582275390625 353.43212890625
78.046646118164 23.257089614868 353.76693725586
77.100761413574 21.935924530029 354.05648803711
76.126998901367 20.620409011841 354.26867675781
75.072868347168 19.370914459229 354.49548339844
73.943473815918 18.185352325439 354.70037841797
72.818572998047 16.979333877563 354.76123046875
71.615730285645 15.857080459595 354.89544677734
70.36922454834 14.790165901184 355.07037353516
69.015747070312 13.847389221191 355.11056518555
67.650131225586 12.941997528076 354.91345214844
66.34627532959 11.930852890015 354.87026977539
64.998802185059 10.977813720703 354.8737487793
63.71150970459 9.9473457336426 354.79858398438
62.420104980469 8.9234952926636 354.71499633789
60.99095916748 8.1043157577515 354.61148071289
59.508403778076 7.3978881835938 354.44549560547
57.996002197266 6.7589449882507 354.27587890625
