66.483436584473 1.6139832735062 269.46545410156
80.984519958496 -5.3603053092957 270.70001220703
86.274841308594 3.5348546504974 263.85998535156
85.243392944336 3.9311046600342 278.56616210938
66.70450592041 1.0060963630676 269.466796875
67.038040161133 0.45206993818283 269.4814453125
67.451667785645 -0.044656582176685 269.50631713867
67.898307800293 -0.51165479421616 269.53552246094
68.391174316406 -0.92908829450607 269.57119750977
68.905487060547 -1.3195108175278 269.60995483398
69.44115447998 -1.679714679718 269.65200805664
69.985946655273 -2.0257768630981 269.69543457031
70.554779052734 -2.3301377296448 269.74282836914
71.126159667969 -2.6296303272247 269.79058837891
71.709518432617 -2.9046874046326 269.84045410156
72.29313659668 -3.1792001724243 269.89031982422
72.887573242188 -3.429013967514 269.94219970703
73.485504150391 -3.6701929569244 269.99478149414
74.092979431152 -3.8857679367065 270.04913330078
74.700775146484 -4.1004076004028 270.10360717773
75.313484191895 -4.3003273010254 270.15905761719
75.93327331543 -4.4765729904175 270.2160949707
76.55419921875 -4.6486897468567 270.27337646484
77.175216674805 -4.8204865455627 270.33065795898
77.801063537598 -4.9732971191406 270.38906860352
78.428359985352 -5.1199078559875 270.44790649414
79.059898376465 -5.2464656829834 270.50784301758
79.698249816895 -5.3307518959045 270.56994628906
80.341003417969 -5.3650465011597 270.63427734375
67.184448242188 1.3260704278946 269.11676025391
67.7978515625 0.76588428020477 268.98693847656
68.363052368164 0.17902857065201 268.81311035156
69.130531311035 -0.056409705430269 268.68170166016
69.890686035156 0.26774901151657 268.53817749023
70.583908081055 0.70217084884644 268.36727905273
71.388816833496 0.86077910661697 268.25799560547
72.198089599609 0.68510329723358 268.13272094727
73.03515625 0.70383238792419 268.05337524414
73.861877441406 0.78610336780548 267.92083740234
74.676956176758 0.92790180444717 267.76831054688
75.474189758301 1.1321853399277 267.59326171875
76.255416870117 1.3788036108017 267.4006652832
77.03515625 1.6121389865875 267.18682861328
77.811599731445 1.8298726081848 266.94607543945
78.582557678223 2.0681157112122 266.70706176758
79.348335266113 2.3215157985687 266.46719360352
80.097671508789 2.5886199474335 266.19256591797
80.840599060059 2.8574140071869 265.90328979492
81.608467102051 3.0248749256134 265.60284423828
82.371337890625 3.0914075374603 265.25378417969
83.123641967773 3.1955888271332 264.89123535156
83.869491577148 3.2836527824402 264.51150512695
84.664833068848 3.4931788444519 264.33316040039
85.472724914551 3.5725593566895 264.11151123047
67.124366760254 1.2302505970001 269.87008666992
67.777633666992 0.73142439126968 270.08801269531
68.382873535156 0.18250791728497 270.32086181641
69.095565795898 -0.093875229358673 270.64752197266
69.750183105469 0.32018482685089 270.99838256836
70.440605163574 0.67459225654602 271.33410644531
71.244651794434 0.67190033197403 271.61047363281
72.05924987793 0.62543219327927 271.84887695312
72.870018005371 0.6747887134552 272.09979248047
73.661437988281 0.79739290475845 272.38543701172
74.431816101074 0.97061413526535 272.70114135742
75.187294006348 1.1628519296646 273.04064941406
75.908866882324 1.3926885128021 273.42755126953
76.617416381836 1.6258283853531 273.83587646484
77.30241394043 1.8644832372665 274.27975463867
77.981491088867 2.1132934093475 274.72714233398
78.648338317871 2.3818397521973 275.18145751953
79.317436218262 2.631059885025 275.64334106445
80.003730773926 2.8207898139954 276.10806274414
80.724906921387 2.9058187007904 276.55062866211
81.451316833496 3.0378270149231 276.97265625
82.186515808105 3.2149932384491 277.36163330078
82.943786621094 3.3841891288757 277.70965576172
83.69367980957 3.5906550884247 278.05352783203
84.409942626953 3.8808646202087 278.40838623047
