68.104827880859 4.7836761474609 268.29946899414
79.529891967773 -3.1590764522552 266.96453857422
83.493179321289 -3.1760814189911 265.73394775391
83.109596252441 -3.7897386550903 268.47012329102
68.393951416016 4.3396425247192 268.19982910156
68.779655456543 3.9691812992096 268.12704467773
69.197868347168 3.6332836151123 268.06588745117
69.628608703613 3.3126695156097 268.00982666016
70.072662353516 3.0097515583038 267.95953369141
70.525703430176 2.7197451591492 267.9133605957
70.983383178711 2.4367394447327 267.8694152832
71.443977355957 2.1582877635956 267.82690429688
71.900726318359 1.8738666772842 267.7825012207
72.358665466309 1.5912647247314 267.73867797852
72.811584472656 1.3010734319687 267.69247436523
73.271614074707 1.0217218399048 267.6496887207
73.722640991211 0.72873228788376 267.60256958008
74.170288085938 0.43085178732872 267.55389404297
74.617385864258 0.13218849897385 267.50491333008
75.063201904297 -0.16828694939613 267.45541381836
75.506759643555 -0.4719210267067 267.40487670898
75.944877624512 -0.78295171260834 267.35192871094
76.388496398926 -1.0864876508713 267.30139160156
76.830200195312 -1.3926751613617 267.25003051758
77.275085449219 -1.6944711208344 267.20010375977
77.718826293945 -1.9978284835815 267.14962768555
78.179122924805 -2.2767415046692 267.10696411133
78.629013061523 -2.5713977813721 267.05932617188
79.077812194824 -2.8676300048828 267.01116943359
68.729789733887 4.6396994590759 268.08700561523
69.338005065918 4.3793272972107 267.94885253906
69.949417114258 4.1035060882568 267.86532592773
70.560539245605 3.8270432949066 267.78198242188
71.157516479492 3.5186913013458 267.70846557617
71.75 3.2011253833771 267.63784790039
72.33716583252 2.8728404045105 267.57192993164
72.921752929688 2.5395555496216 267.50827026367
73.507911682129 2.2090888023376 267.44439697266
74.095077514648 1.8804214000702 267.38046264648
74.682968139648 1.5519469976425 267.32247924805
75.271354675293 1.2236590385437 267.26876831055
75.85587310791 0.89676946401596 267.17739868164
76.436683654785 0.57150286436081 267.06024169922
77.024230957031 0.24985009431839 266.96966552734
77.612243652344 -0.071451708674431 266.88092041016
78.206848144531 -0.38325202465057 266.80282592773
78.801963806152 -0.69427883625031 266.72549438477
79.401428222656 -0.99693739414215 266.64859008789
80.000213623047 -1.2995858192444 266.56671142578
80.585029602051 -1.603223323822 266.41616821289
81.174789428711 -1.9031369686127 266.27789306641
81.773002624512 -2.1957006454468 266.16204833984
82.367797851562 -2.4910528659821 266.03616333008
82.929908752441 -2.8302526473999 265.87536621094
68.720916748047 4.5701265335083 268.4362487793
69.308601379395 4.256817817688 268.47219848633
69.90079498291 3.9526882171631 268.51263427734
70.493949890137 3.6487567424774 268.53509521484
71.071174621582 3.3153657913208 268.51278686523
71.649421691895 2.9838228225708 268.48934936523
72.230941772461 2.6583495140076 268.46221923828
72.811988830566 2.3316736221313 268.43988037109
73.392112731934 2.0029652118683 268.42443847656
73.96752166748 1.6673468351364 268.39126586914
74.540939331055 1.3290470838547 268.35159301758
75.112457275391 0.98650288581848 268.32205200195
75.685348510742 0.64591103792191 268.29711914062
76.263832092285 0.31496629118919 268.27124023438
76.843070983887 -0.014628640376031 268.24493408203
77.423194885254 -0.34261074662209 268.21865844727
77.990676879883 -0.69276010990143 268.2326965332
78.557525634766 -1.0438336133957 268.24865722656
79.137756347656 -1.3726334571838 268.2409362793
79.718360900879 -1.7007628679276 268.23263549805
80.302993774414 -2.0215916633606 268.2428894043
80.885871887207 -2.3455495834351 268.25494384766
81.467094421387 -2.6724228858948 268.26818847656
82.044853210449 -3.0035717487335 268.30514526367
82.571548461914 -3.4039533138275 268.38943481445
