70.653961181641 0.49133202433586 275.63320922852
81.19709777832 -2.464980840683 275.55752563477
84.183715820312 0.97089022397995 272.59213256836
83.208053588867 -0.019989848136902 279.05941772461
70.743385314941 0.063088998198509 275.57312011719
71.005516052246 -0.29118433594704 275.52981567383
71.310073852539 -0.61008197069168 275.49328613281
71.677032470703 -0.85687446594238 275.46939086914
72.063987731934 -1.0715030431747 275.45098876953
72.470100402832 -1.2478582859039 275.43887329102
72.882995605469 -1.4078500270844 275.42938232422
73.30379486084 -1.5459080934525 275.42337036133
73.729881286621 -1.6668190956116 275.42013549805
74.159019470215 -1.7764626741409 275.41857910156
74.590690612793 -1.8755911588669 275.41876220703
75.026641845703 -1.9538005590439 275.4221496582
75.464141845703 -2.0227432250977 275.42691040039
75.90202331543 -2.0891582965851 275.43206787109
76.341491699219 -2.1439669132233 275.43899536133
76.780937194824 -2.1988418102264 275.44586181641
77.222885131836 -2.2260036468506 275.45697021484
77.66535949707 -2.2411670684814 275.46987915039
78.108024597168 -2.2461452484131 275.48425292969
78.550582885742 -2.2582881450653 275.49761962891
78.992797851562 -2.2802402973175 275.50946044922
79.434043884277 -2.3175821304321 275.51904296875
79.873985290527 -2.3683524131775 275.52661132812
80.312278747559 -2.4319984912872 275.53219604492
80.754570007324 -2.4515399932861 275.54437255859
71.053955078125 0.1842604726553 275.43182373047
71.54508972168 0.16903452575207 275.20220947266
72.059417724609 0.088243827223778 275.04837036133
72.565795898438 -0.049597885459661 274.90936279297
73.091819763184 -0.13174268603325 274.80154418945
73.623977661133 -0.17198599874973 274.7038269043
74.161140441895 -0.13097779452801 274.63369750977
74.698707580566 -0.11244236677885 274.5573425293
75.233444213867 -0.10768061876297 274.46215820312
75.761222839355 -0.12815847992897 274.33493041992
76.292663574219 -0.1320086568594 274.22232055664
76.827568054199 -0.11663747578859 274.12847900391
77.358627319336 -0.099695757031441 274.01516723633
77.884147644043 -0.076638042926788 273.88046264648
78.409523010254 0.014182643964887 273.77603149414
78.933387756348 0.1181465908885 273.67651367188
79.453063964844 0.21317692101002 273.54962158203
79.972259521484 0.31273585557938 273.42437744141
80.490051269531 0.43330517411232 273.31256103516
81.013519287109 0.52212804555893 273.19741821289
81.540519714355 0.58231055736542 273.0798034668
82.067321777344 0.65505224466324 272.96856689453
82.593544006348 0.74068254232407 272.86392211914
83.119964599609 0.82590645551682 272.75997924805
83.651832580566 0.89839798212051 272.67602539062
70.98543548584 0.19200651347637 275.87066650391
71.446212768555 0.011097080074251 275.9850769043
71.924324035645 -0.090051181614399 276.12451171875
72.418479919434 -0.16415217518806 276.21606445312
72.896385192871 -0.23810520768166 276.37240600586
73.39232635498 -0.27735927700996 276.47903442383
73.890480041504 -0.31257942318916 276.57614135742
74.391731262207 -0.3317711353302 276.66119384766
74.8916015625 -0.33904409408569 276.75524902344
75.385162353516 -0.35073208808899 276.87826538086
75.879333496094 -0.35708543658257 276.99914550781
76.370887756348 -0.36332711577415 277.1301574707
76.856536865234 -0.37254300713539 277.28146362305
77.347839355469 -0.3681375682354 277.41342163086
77.844352722168 -0.34678688645363 277.52239990234
78.33708190918 -0.31889289617538 277.64611816406
78.825866699219 -0.28142356872559 277.78213500977
79.30793762207 -0.21883249282837 277.93231201172
79.790069580078 -0.17706279456615 278.08938598633
80.27237701416 -0.14273042976856 278.24755859375
80.766578674316 -0.11003524065018 278.3639831543
81.26586151123 -0.07847698032856 278.4563293457
81.751983642578 -0.049650590866804 278.60369873047
82.232643127441 -0.034117624163628 278.7698059082
82.720352172852 -0.027053736150265 278.91461181641
