60.48445892334 -3.3115682601929 271.65487670898
72.326187133789 2.7859375476837 273.66104125977
75.162315368652 -0.85455077886581 277.59512329102
76.301933288574 0.37546867132187 269.42617797852
60.563812255859 -2.7852401733398 271.72601318359
60.824626922607 -2.3227071762085 271.80914306641
61.158298492432 -1.9098839759827 271.89428710938
61.540622711182 -1.5415706634521 271.97943115234
61.941371917725 -1.1934032440186 272.0641784668
62.379005432129 -0.8923305273056 272.14730834961
62.824394226074 -0.60273480415344 272.22991943359
63.286605834961 -0.34045282006264 272.31106567383
63.770217895508 -0.11909426748753 272.38980102539
64.246040344238 0.11821761727333 272.46948242188
64.726913452148 0.34532627463341 272.54846191406
65.218925476074 0.54766297340393 272.62579345703
65.723167419434 0.71855896711349 272.70062255859
66.218185424805 0.91372776031494 272.77740478516
66.726577758789 1.0723150968552 272.8512878418
67.229385375977 1.2472342252731 272.92651367188
67.739051818848 1.4018412828445 273.00006103516
68.245498657227 1.5663462877274 273.07440185547
68.756675720215 1.7161130905151 273.14755249023
69.269721984863 1.8595787286758 273.22018432617
69.779159545898 2.0149562358856 273.29373168945
70.283630371094 2.1852245330811 273.36853027344
70.794235229492 2.3368196487427 273.44183349609
71.294914245605 2.5175783634186 273.51754760742
71.812149047852 2.6458888053894 273.58874511719
60.85884475708 -2.9784157276154 272.03366088867
61.337574005127 -2.625011920929 272.23645019531
61.891098022461 -2.4072933197021 272.44158935547
62.473255157471 -2.2286138534546 272.60043334961
63.052345275879 -2.043217420578 272.76223754883
63.649730682373 -1.9238268136978 272.91952514648
64.265739440918 -1.8379352092743 273.01498413086
64.867660522461 -1.7209507226944 273.15649414062
65.457565307617 -1.5900979042053 273.33242797852
66.052139282227 -1.4702497720718 273.50030517578
66.649398803711 -1.3595840930939 273.66491699219
67.245506286621 -1.2599239349365 273.84033203125
67.836456298828 -1.1739275455475 274.03894042969
68.42293548584 -1.098604798317 274.25439453125
69.012054443359 -1.0472563505173 274.46969604492
69.60285949707 -1.022036075592 274.68502807617
70.182899475098 -0.99615293741226 274.92782592773
70.756736755371 -0.96768194437027 275.18466186523
71.327102661133 -0.93579149246216 275.44873046875
71.895713806152 -0.89924466609955 275.71597290039
72.46354675293 -0.86104607582092 275.98458862305
73.019218444824 -0.85208821296692 276.27990722656
73.569274902344 -0.85646516084671 276.5856628418
74.108840942383 -0.88371229171753 276.90844726562
74.639282226562 -0.89118421077728 277.24703979492
60.865089416504 -2.8348836898804 271.45956420898
61.394435882568 -2.4739546775818 271.41128540039
61.983585357666 -2.2232029438019 271.35513305664
62.604824066162 -2.059463262558 271.32556152344
63.224239349365 -1.8864824771881 271.33599853516
63.848255157471 -1.7315549850464 271.3537902832
64.475288391113 -1.5899142026901 271.3747253418
65.108177185059 -1.4781671762466 271.40051269531
65.736946105957 -1.3437269926071 271.41735839844
66.364631652832 -1.2034398317337 271.41470336914
66.99348449707 -1.072988152504 271.37942504883
67.619979858398 -0.93478792905807 271.33334350586
68.244270324707 -0.79071742296219 271.27694702148
68.869964599609 -0.67058944702148 271.18869018555
69.49543762207 -0.56165444850922 271.08578491211
70.11791229248 -0.47827929258347 270.94689941406
70.741577148438 -0.39895737171173 270.81097412109
71.369201660156 -0.31800672411919 270.69592285156
71.992263793945 -0.24460405111313 270.55404663086
72.614456176758 -0.16460710763931 270.41192626953
73.23560333252 -0.075932390987873 270.27038574219
73.854583740234 0.02637554705143 270.12854003906
74.477767944336 0.10192459821701 269.98837280273
75.085372924805 0.18018653988838 269.79238891602
75.695709228516 0.25306472182274 269.60287475586
