57.978439331055 -3.5151228904724 277.95520019531
71.740196228027 2.5908000469208 278.08505249023
76.115501403809 -4.4408149719238 276.76278686523
73.579170227051 2.1067934036255 269.4216003418
58.147426605225 -3.0642995834351 278.33572387695
58.473453521729 -2.6335802078247 278.6272277832
58.864570617676 -2.225784778595 278.86706542969
59.305023193359 -1.8438400030136 279.0592956543
59.777168273926 -1.4839351177216 279.21539306641
60.277397155762 -1.1486232280731 279.33441162109
60.80020904541 -0.83807927370071 279.41857910156
61.336353302002 -0.54525029659271 279.47906494141
61.884090423584 -0.27053153514862 279.51614379883
62.440357208252 -0.011465108953416 279.53375244141
63.00496673584 0.22948847711086 279.52944946289
63.575271606445 0.45563036203384 279.50769042969
64.150344848633 0.66694360971451 279.46893310547
64.728103637695 0.86833298206329 279.41897583008
65.308471679688 1.0584591627121 279.35656738281
65.88948059082 1.2453585863113 279.29052734375
66.47274017334 1.4193571805954 279.21054077148
67.056091308594 1.5927860736847 279.13000488281
67.641326904297 1.7507265806198 279.03295898438
68.227844238281 1.8877382278442 278.91424560547
68.813949584961 2.0344035625458 278.80548095703
69.400039672852 2.1812014579773 278.69677734375
69.98649597168 2.2987661361694 278.55853271484
70.570899963379 2.3891565799713 278.39373779297
71.153579711914 2.4666311740875 278.21670532227
58.627502441406 -3.3707346916199 278.23181152344
59.207183837891 -3.0522391796112 278.50256347656
59.908382415771 -2.8746972084045 278.52798461914
60.620079040527 -2.7416834831238 278.53012084961
61.328754425049 -2.5951550006866 278.53741455078
62.039337158203 -2.4687027931213 278.48059082031
62.751277923584 -2.3646142482758 278.39978027344
63.466426849365 -2.2808399200439 278.32376098633
64.184150695801 -2.2191429138184 278.2529296875
64.901893615723 -2.2103650569916 278.158203125
65.618003845215 -2.2291090488434 278.05340576172
66.332740783691 -2.2873959541321 277.95367431641
67.042549133301 -2.3704550266266 277.83737182617
67.749877929688 -2.4661993980408 277.71710205078
68.464904785156 -2.5677642822266 277.66534423828
69.179954528809 -2.6752009391785 277.62786865234
69.89330291748 -2.7970016002655 277.60525512695
70.602470397949 -2.9312283992767 277.54769897461
71.309204101562 -3.0694940090179 277.47268676758
72.013916015625 -3.1938147544861 277.36334228516
72.708915710449 -3.3879644870758 277.30380249023
73.403060913086 -3.5899038314819 277.26400756836
74.108711242676 -3.7439556121826 277.21621704102
74.778182983398 -3.9754090309143 277.06622314453
75.446846008301 -4.2081108093262 276.91448974609
58.483592987061 -3.0168623924255 277.73220825195
59.029209136963 -2.51886510849 277.80749511719
59.702651977539 -2.2396192550659 277.63989257812
60.339790344238 -1.8598268032074 277.53936767578
60.97045135498 -1.5076639652252 277.34503173828
61.658271789551 -1.2885851860046 277.14614868164
62.362434387207 -1.1289305686951 276.95098876953
63.011379241943 -0.83868199586868 276.71813964844
63.695552825928 -0.69278162717819 276.45104980469
64.348899841309 -0.49693894386292 276.14163208008
64.984390258789 -0.28855600953102 275.80450439453
65.609573364258 -0.10795595496893 275.43368530273
66.230781555176 0.051333747804165 275.04672241211
66.847747802734 0.2049658447504 274.65084838867
67.456916809082 0.39086845517159 274.2568359375
68.093017578125 0.51648563146591 273.88186645508
68.739974975586 0.62424671649933 273.5202331543
69.364334106445 0.79535603523254 273.14358520508
69.967178344727 1.0216751098633 272.76116943359
70.630729675293 1.2516697645187 272.50109863281
71.061889648438 1.5370475053787 271.95919799805
71.468482971191 1.8239514827728 271.39938354492
71.908721923828 2.0896275043488 270.8547668457
72.427474975586 2.2979402542114 270.35626220703
73.002090454102 2.2410697937012 269.87982177734
