56.236663818359 3.1002428531647 269.56240844727
64.020240783691 1.7835856676102 270.8193359375
64.686798095703 3.0257930755615 268.25872802734
64.644378662109 4.8335909843445 271.42260742188
56.416221618652 2.8727121353149 269.6848449707
56.67066192627 2.7138528823853 269.78085327148
56.935047149658 2.5685791969299 269.87127685547
57.21656036377 2.4512131214142 269.94976806641
57.508750915527 2.3559730052948 270.01870727539
57.803192138672 2.2661406993866 270.0852355957
58.105579376221 2.1986355781555 270.14184570312
58.409019470215 2.1346211433411 270.19683837891
58.714054107666 2.0763294696808 270.24926757812
59.02156829834 2.0279541015625 270.29718017578
59.330745697021 1.9874460697174 270.3415222168
59.640369415283 1.9492584466934 270.38479614258
59.951164245605 1.9177765846252 270.42498779297
60.262729644775 1.8914252519608 270.46279907227
60.574657440186 1.8677415847778 270.49938964844
60.886444091797 1.8430124521255 270.53646850586
61.199199676514 1.8263763189316 270.56976318359
61.51197052002 1.8099794387817 270.60296630859
61.825565338135 1.8035686016083 270.63150024414
62.138126373291 1.7851401567459 270.66564941406
62.45166015625 1.7777808904648 270.6946105957
62.764377593994 1.7607650756836 270.72802734375
63.078197479248 1.758535027504 270.75463867188
63.3922996521 1.7698837518692 270.77484130859
63.70618057251 1.7687697410583 270.80081176758
56.471530914307 2.9270021915436 269.42657470703
56.773876190186 2.7859916687012 269.43920898438
57.100536346436 2.7398824691772 269.43087768555
57.426647186279 2.6962769031525 269.39575195312
57.761123657227 2.6616170406342 269.39862060547
58.098114013672 2.6749672889709 269.39422607422
58.432582855225 2.7227871417999 269.38693237305
58.769599914551 2.7491717338562 269.39270019531
59.107368469238 2.7605907917023 269.39010620117
59.445236206055 2.7693800926208 269.38452148438
59.781219482422 2.8037390708923 269.36883544922
60.117679595947 2.8234930038452 269.35159301758
60.455059051514 2.8151075839996 269.33129882812
60.789848327637 2.8003270626068 269.28750610352
61.123928070068 2.7913310527802 269.23718261719
61.457500457764 2.793185710907 269.18206787109
61.788681030273 2.7854726314545 269.11755371094
62.114624023438 2.7567782402039 269.03244018555
62.439304351807 2.7779829502106 268.94857788086
62.763271331787 2.8274278640747 268.86544799805
63.08723449707 2.8768730163574 268.78231811523
63.409248352051 2.9168503284454 268.68878173828
63.728633880615 2.9440860748291 268.58126831055
64.04801940918 2.9713215827942 268.47375488281
64.367408752441 2.9985573291779 268.36624145508
56.445068359375 3.1461503505707 269.79202270508
56.760902404785 3.1213526725769 269.92059326172
57.070972442627 3.1946153640747 269.96878051758
57.38952255249 3.2160267829895 270.05911254883
57.726306915283 3.2345740795135 270.12731933594
58.0595703125 3.2346591949463 270.20816040039
58.404983520508 3.2525000572205 270.2414855957
58.75065612793 3.2648267745972 270.27474975586
59.094688415527 3.2994232177734 270.30697631836
59.438003540039 3.3463234901428 270.33343505859
59.780040740967 3.3845026493073 270.37847900391
60.119533538818 3.4176197052002 270.44345092773
60.453388214111 3.4557271003723 270.53140258789
60.789737701416 3.5237462520599 270.58624267578
61.119731903076 3.5947527885437 270.66403198242
61.44116973877 3.6697795391083 270.7727355957
61.765575408936 3.7672731876373 270.84069824219
62.091217041016 3.8787472248077 270.88717651367
62.413024902344 3.9871711730957 270.96099853516
62.734836578369 4.0955953598022 271.03479003906
63.056644439697 4.2040190696716 271.10861206055
63.378452301025 4.3124432563782 271.18243408203
63.69552230835 4.4403142929077 271.24401855469
64.011810302734 4.5714063644409 271.30352783203
64.328094482422 4.7024989128113 271.36306762695
