73.633361816406 18.707448959351 323.68872070312
65.123054504395 -21.658023834229 332.24905395508
54.932456970215 -2.1345956325531 337.61602783203
51.478282928467 -9.1543788909912 319.14895629883
75.26180267334 17.67943572998 323.81115722656
76.67064666748 16.365942001343 324.03155517578
77.906280517578 14.906494140625 324.33221435547
78.981407165527 13.357423782349 324.77307128906
79.770851135254 11.650557518005 325.24472045898
80.447647094727 9.9598398208618 325.916015625
80.963981628418 8.161789894104 326.2707824707
81.351997375488 6.2883296012878 326.46990966797
81.572746276855 4.4977650642395 327.18145751953
81.549499511719 2.6327259540558 327.73446655273
81.42472076416 0.72530692815781 328.09158325195
81.138847351074 -1.1706700325012 328.36526489258
80.67505645752 -3.0501656532288 328.55798339844
80.068023681641 -4.8328542709351 328.97750854492
79.351387023926 -6.5414581298828 329.57067871094
78.435897827148 -8.1928615570068 329.99331665039
77.407402038574 -9.8117580413818 330.3190612793
76.247299194336 -11.318510055542 330.70928955078
75.001922607422 -12.753450393677 331.11990356445
73.610527038574 -14.069570541382 331.46136474609
72.219131469727 -15.385690689087 331.80279541016
70.821235656738 -16.690872192383 332.15524291992
69.356010437012 -17.882709503174 332.62145996094
67.890777587891 -19.074546813965 333.08767700195
66.504348754883 -20.363134384155 332.6962890625
73.654792785645 17.792097091675 324.71881103516
74.126922607422 16.570638656616 325.29254150391
74.610450744629 15.404913902283 325.96267700195
75.096054077148 14.249361038208 326.65036010742
75.504356384277 13.066835403442 327.31729125977
75.54239654541 11.755110740662 327.88473510742
75.580436706543 10.443385124207 328.4521484375
75.094062805176 9.1825342178345 328.88101196289
74.540557861328 7.9533081054688 329.33856201172
73.939994812012 6.8895487785339 330.08139038086
73.12646484375 5.9552669525146 330.6884765625
71.940689086914 5.2473092079163 331.0583190918
70.786956787109 4.576753616333 331.56109619141
69.649978637695 3.9257626533508 332.13339233398
68.439102172852 3.3730134963989 332.64978027344
67.205322265625 2.8507170677185 333.14880371094
65.941757202148 2.3550746440887 333.58657836914
64.621627807617 1.9100610017776 333.90789794922
63.320854187012 1.4477521181107 334.24926757812
62.412017822266 0.63533353805542 334.99630737305
61.233520507812 0.13822738826275 335.51641845703
59.889156341553 -0.16493205726147 335.89697265625
58.571285247803 -0.67851185798645 336.09292602539
57.291538238525 -1.1759605407715 336.41906738281
56.10152053833 -1.6740566492081 337.00921630859
73.894104003906 17.334398269653 323.05310058594
74.528045654297 15.861469268799 323.03137207031
75.039428710938 14.345827102661 323.00030517578
75.151580810547 12.757469177246 323.09548950195
75.479309082031 11.190618515015 323.07696533203
75.596778869629 9.626745223999 323.31448364258
75.38289642334 8.0614652633667 323.51876831055
74.874290466309 6.5555005073547 323.50561523438
73.953521728516 5.285728931427 323.48263549805
72.821220397949 4.1625027656555 323.4411315918
71.710540771484 3.0392398834229 323.2021484375
70.425338745117 2.1065034866333 322.9782409668
69.140144348145 1.1737670898438 322.75433349609
67.789138793945 0.37319397926331 322.43313598633
66.423080444336 -0.41373786330223 322.14117431641
65.048851013184 -1.1983343362808 321.880859375
63.704517364502 -2.0152699947357 321.57113647461
62.369361877441 -2.8421289920807 321.24627685547
61.024799346924 -3.608341217041 320.83541870117
59.668304443359 -4.3295993804932 320.38464355469
58.234298706055 -5.0404057502747 320.28335571289
56.80029296875 -5.7512121200562 320.18206787109
55.407157897949 -6.5172924995422 320.01876831055
54.097534179688 -7.3963212966919 319.72885131836
52.787906646729 -8.2753496170044 319.43890380859
