64.498146057129 -0.5600044131279 266.60955810547
69.875122070312 -7.3927364349365 267.78118896484
72.645027160645 -5.7804245948792 263.91543579102
71.850059509277 -3.8009965419769 269.07568359375
64.554679870605 -0.88628315925598 266.697265625
64.664070129395 -1.2018055915833 266.77334594727
64.813949584961 -1.5028765201569 266.83877563477
64.952667236328 -1.8085441589355 266.90734863281
65.120292663574 -2.1012356281281 266.9674987793
65.318725585938 -2.376044511795 267.01739501953
65.510810852051 -2.6549127101898 267.06954956055
65.691444396973 -2.9406034946442 267.12557983398
65.876640319824 -3.2236592769623 267.18002319336
66.082557678223 -3.493376493454 267.22732543945
66.285537719727 -3.7651283740997 267.27560424805
66.496742248535 -4.0310688018799 267.32092285156
66.709671020508 -4.2957406044006 267.36560058594
66.946723937988 -4.5406188964844 267.40054321289
67.172729492188 -4.7950763702393 267.44003295898
67.401062011719 -5.0475797653198 267.47866821289
67.641700744629 -5.2891607284546 267.51202392578
67.861045837402 -5.5489449501038 267.55426025391
68.10327911377 -5.7890191078186 267.58700561523
68.352401733398 -6.0223517417908 267.61663818359
68.598007202148 -6.2591829299927 267.64785766602
68.84691619873 -6.4927310943604 267.67764282227
69.102310180664 -6.7195467948914 267.70428466797
69.362030029297 -6.9416470527649 267.72888183594
69.621032714844 -7.1645264625549 267.75390625
64.617134094238 -0.9161633849144 266.49307250977
64.850814819336 -1.207209944725 266.36877441406
65.137054443359 -1.4413714408875 266.23431396484
65.45484161377 -1.6300976276398 266.09912109375
65.768035888672 -1.845370054245 265.9970703125
66.090682983398 -2.0627694129944 265.93743896484
66.414451599121 -2.273369550705 265.8616027832
66.736656188965 -2.4895234107971 265.79541015625
67.068496704102 -2.6895308494568 265.72610473633
67.407066345215 -2.8810632228851 265.66598510742
67.749694824219 -3.0675115585327 265.61349487305
68.083198547363 -3.2622773647308 265.53778076172
68.42919921875 -3.4445381164551 265.49310302734
68.777160644531 -3.6226921081543 265.44711303711
69.120864868164 -3.8046591281891 265.3864440918
69.456344604492 -3.9982228279114 265.31631469727
69.790245056152 -4.1925449371338 265.24096679688
70.123901367188 -4.3866453170776 265.16421508789
70.453269958496 -4.5615839958191 265.0383605957
70.782600402832 -4.7360382080078 264.91171264648
71.113418579102 -4.9110045433044 264.7897644043
71.43482208252 -5.0860462188721 264.64492797852
71.737373352051 -5.2596368789673 264.46255493164
72.039924621582 -5.4332342147827 264.28018188477
72.342468261719 -5.6068277359009 264.09780883789
64.677253723145 -0.72663617134094 266.82995605469
64.890769958496 -0.90262371301651 267.00830078125
65.149887084961 -1.045866727829 267.15185546875
65.42431640625 -1.1824485063553 267.27191162109
65.706008911133 -1.3353546857834 267.34616088867
65.992294311523 -1.4741337299347 267.43078613281
66.285057067871 -1.6053293943405 267.50479125977
66.579704284668 -1.7467193603516 267.54241943359
66.87508392334 -1.8870558738708 267.58081054688
67.17790222168 -2.0041844844818 267.63418579102
67.474487304688 -2.1264054775238 267.70672607422
67.770729064941 -2.2487030029297 267.78002929688
68.076065063477 -2.3596196174622 267.83346557617
68.37727355957 -2.4785687923431 267.89303588867
68.678810119629 -2.5915324687958 267.96166992188
68.979751586914 -2.713232755661 268.01663208008
69.26473236084 -2.8599379062653 268.08978271484
69.567520141602 -2.961715221405 268.16558837891
69.87134552002 -3.0853061676025 268.19375610352
70.16674041748 -3.210853099823 268.26724243164
70.454170227051 -3.3362956047058 268.36279296875
70.727767944336 -3.4615571498871 268.49649047852
71.001373291016 -3.5868186950684 268.63018798828
71.277053833008 -3.7000312805176 268.76718139648
71.563552856445 -3.750513792038 268.92144775391
