150.3332824707 0.25559389591217 610.53631591797
150.3249206543 -11.306641578674 608.31268310547
155.15431213379 -10.485719680786 613.35321044922
146.5438079834 -10.312943458557 613.8251953125
150.30387878418 0.1410499215126 610.04986572266
150.27803039551 -0.077839069068432 609.6005859375
150.25904846191 -0.42239823937416 609.23785400391
150.24348449707 -0.80959230661392 608.92083740234
150.23109436035 -1.2297263145447 608.64868164062
150.21937561035 -1.6561261415482 608.38653564453
150.20951843262 -2.0976226329803 608.15057373047
150.20161437988 -2.5530700683594 607.94274902344
150.19631958008 -3.0242922306061 607.77355957031
150.19059753418 -3.4932162761688 607.59814453125
150.18809509277 -3.9774854183197 607.47094726562
150.18716430664 -4.4673824310303 607.36755371094
150.18812561035 -4.962525844574 607.29315185547
150.19082641602 -5.4609699249268 607.24572753906
150.19435119629 -5.9604954719543 607.21160888672
150.20063781738 -6.4610857963562 607.22015380859
150.20779418945 -6.9612045288086 607.24322509766
150.21630859375 -7.4598617553711 607.28759765625
150.22489929199 -7.9583539962769 607.33380126953
150.23527526855 -8.4533462524414 607.40850830078
150.24592590332 -8.9475955963135 607.48791503906
150.25965881348 -9.4308652877808 607.6181640625
150.27532958984 -9.9041223526001 607.78088378906
150.29251098633 -10.367649078369 607.96942138672
150.31001281738 -10.829051971436 608.16302490234
150.78172302246 0.083860225975513 610.46112060547
150.95222473145 -0.37119850516319 610.38470458984
151.01889038086 -0.8019837141037 610.15588378906
151.23123168945 -1.165597319603 610.01928710938
151.41799926758 -1.5793080329895 610.17553710938
151.61680603027 -2.0312724113464 610.15240478516
151.81384277344 -2.4819374084473 610.12969970703
151.95022583008 -2.9572176933289 610.14123535156
152.10264587402 -3.426274061203 610.16510009766
152.28150939941 -3.8810138702393 610.23980712891
152.45414733887 -4.3337922096252 610.33734130859
152.61077880859 -4.7918581962585 610.42932128906
152.78413391113 -5.2233829498291 610.59729003906
152.97286987305 -5.6545391082764 610.74890136719
153.13972473145 -6.0938420295715 610.90313720703
153.32168579102 -6.5266880989075 611.05804443359
153.52278137207 -6.9403433799744 611.23834228516
153.70109558105 -7.3367028236389 611.47442626953
153.87825012207 -7.7300662994385 611.71636962891
154.05921936035 -8.1203546524048 611.96038818359
154.23947143555 -8.5173034667969 612.19384765625
154.41757202148 -8.8967924118042 612.45617675781
154.62631225586 -9.2759475708008 612.69543457031
154.85578918457 -9.6626834869385 612.90100097656
155.02613830566 -10.050496101379 613.15625
149.98190307617 -0.059789944440126 610.51800537109
149.78245544434 -0.43845283985138 610.31573486328
149.67594909668 -0.88170784711838 610.19171142578
149.50457763672 -1.3102878332138 610.16387939453
149.36611938477 -1.7284197807312 610.32330322266
149.21380615234 -2.1763718128204 610.32849121094
149.04444885254 -2.6170489788055 610.33239746094
148.93312072754 -3.0733697414398 610.39111328125
148.82228088379 -3.5297064781189 610.43469238281
148.66470336914 -3.9668681621552 610.41571044922
148.57638549805 -4.3988876342773 610.58459472656
148.43101501465 -4.8339257240295 610.70062255859
148.2915802002 -5.2583785057068 610.85699462891
148.15608215332 -5.6775035858154 611.03002929688
148.04177856445 -6.0907282829285 611.23052978516
147.9158782959 -6.5136675834656 611.40173339844
147.78981018066 -6.9242949485779 611.6005859375
147.65579223633 -7.3132386207581 611.83477783203
147.52040100098 -7.6929483413696 612.08288574219
147.3921661377 -8.0716619491577 612.33630371094
147.25936889648 -8.4522771835327 612.58441162109
147.08551025391 -8.8153276443481 612.83325195312
146.92498779297 -9.1974792480469 613.06164550781
146.72267150879 -9.5464611053467 613.30865478516
146.66610717773 -9.9149436950684 613.59997558594
