72.813789367676 2.1989440917969 268.60589599609
77.929397583008 -4.7684879302979 271.41137695312
79.650146484375 -1.8941766023636 267.9455871582
78.651565551758 -0.27322345972061 272.91864013672
72.997375488281 1.9218003749847 268.71502685547
73.176765441895 1.6420444250107 268.82443237305
73.369773864746 1.371074795723 268.93276977539
73.560737609863 1.0987466573715 269.04135131836
73.751976013184 0.82659447193146 269.14990234375
73.94743347168 0.55729061365128 269.25802612305
74.140869140625 0.28659945726395 269.36633300781
74.336303710938 0.017300218343735 269.47448730469
74.527030944824 -0.25518426299095 269.58309936523
74.728096008301 -0.52054154872894 269.6907043457
74.932403564453 -0.78354287147522 269.79794311523
75.133773803711 -1.0486654043198 269.90557861328
75.344398498535 -1.3069237470627 270.01214599609
75.551383972168 -1.5679174661636 270.11920166016
75.755409240723 -1.8311237096786 270.22650146484
75.970916748047 -2.0855746269226 270.33245849609
76.183853149414 -2.3420405387878 270.43878173828
76.3896484375 -2.6039283275604 270.54592895508
76.580986022949 -2.8760035037994 270.65447998047
76.796806335449 -3.1302006244659 270.76040649414
77.003395080566 -3.3914844989777 270.86752319336
77.17259979248 -3.6772885322571 270.9775390625
77.352432250977 -3.9567701816559 271.0869140625
77.540840148926 -4.2308259010315 271.19561767578
77.712394714355 -4.5152459144592 271.30557250977
73.030052185059 2.0019590854645 268.49786376953
73.246673583984 1.7778544425964 268.48959350586
73.484146118164 1.5768140554428 268.51043701172
73.711448669434 1.3636618852615 268.49844360352
73.956298828125 1.1706339120865 268.49301147461
74.214637756348 0.9961165189743 268.48611450195
74.484100341797 0.83977502584457 268.47235107422
74.750045776367 0.6769512295723 268.47003173828
75.011779785156 0.50853943824768 268.45062255859
75.267639160156 0.33498373627663 268.41000366211
75.535835266113 0.1778399348259 268.38525390625
75.809272766113 0.028935639187694 268.36779785156
76.078155517578 -0.12534348666668 268.33401489258
76.335525512695 -0.29152056574821 268.27593994141
76.591819763184 -0.46083736419678 268.22219848633
76.84748840332 -0.63208496570587 268.17166137695
77.121383666992 -0.77586781978607 268.13265991211
77.398002624512 -0.91434985399246 268.09332275391
77.662284851074 -1.0669429302216 268.02938842773
77.944358825684 -1.1930267810822 267.98779296875
78.23461151123 -1.3052999973297 267.96862792969
78.530555725098 -1.4023691415787 267.98263549805
78.81795501709 -1.5190057754517 268.01449584961
79.095687866211 -1.654944062233 268.0546875
79.380271911621 -1.782142996788 268.05383300781
72.968627929688 2.1745412349701 268.85995483398
73.181297302246 2.0483832359314 269.02716064453
73.395378112793 1.918466925621 269.18966674805
73.617835998535 1.7940759658813 269.34509277344
73.847137451172 1.674588561058 269.49432373047
74.076446533203 1.5551034212112 269.64352416992
74.304306030273 1.4363191127777 269.79547119141
74.520492553711 1.3232353925705 269.96752929688
74.736640930176 1.2101694345474 270.13961791992
74.954467773438 1.1013836860657 270.31234741211
75.175765991211 1.0022125244141 270.48645019531
75.397087097168 0.90309256315231 270.66055297852
75.619483947754 0.81454342603683 270.83892822266
75.843032836914 0.73374450206757 271.01953125
76.07194519043 0.65377008914948 271.19366455078
76.301704406738 0.56743919849396 271.36361694336
76.539558410645 0.46955212950706 271.51513671875
76.782730102539 0.37958264350891 271.6630859375
77.003929138184 0.34759643673897 271.86080932617
77.247016906738 0.29457324743271 272.02572631836
77.495483398438 0.2568553686142 272.18685913086
77.753631591797 0.18425767123699 272.31793212891
78.005439758301 0.078260585665703 272.4382019043
78.24348449707 -0.054872132837772 272.55953979492
78.465599060059 -0.19891056418419 272.69750976562
