-8.1882963180542 -6.1423540115356 -16.812789916992
-9.1305980682373 6.5317873954773 -15.071269989014
-14.559649467468 11.415392875671 -16.937734603882
-14.737099647522 11.025270462036 -11.743530273438
-7.8555736541748 -5.7476344108582 -16.769300460815
-7.6394782066345 -5.2841305732727 -16.713050842285
-7.4658999443054 -4.8000206947327 -16.652753829956
-7.3098850250244 -4.3099045753479 -16.591121673584
-7.1729006767273 -3.8148369789124 -16.528253555298
-7.0883274078369 -3.3079950809479 -16.462238311768
-7.0252480506897 -2.7981908321381 -16.395191192627
-6.9747128486633 -2.2870900630951 -16.327590942383
-6.9496994018555 -1.774604678154 -16.259044647217
-6.9518399238586 -1.2613233327866 -16.189584732056
-6.9746465682983 -0.74868005514145 -16.119594573975
-7.0448203086853 -0.24029035866261 -16.048778533936
-7.1313610076904 0.26549655199051 -15.977828979492
-7.2430768013 0.76607233285904 -15.906834602356
-7.3748722076416 1.261971116066 -15.835874557495
-7.5232877731323 1.7530661821365 -15.765071868896
-7.6997833251953 2.2350335121155 -15.694671630859
-8.0051116943359 2.648138999939 -15.629753112793
-8.2816715240479 3.0803549289703 -15.56310749054
-8.5052947998047 3.5406012535095 -15.494243621826
-8.6843776702881 4.021532535553 -15.423904418945
-8.8480710983276 4.5079317092896 -15.353282928467
-8.9897022247314 5.0012006759644 -15.282389640808
-9.0392093658447 5.5103907585144 -15.212076187134
-9.0940618515015 6.0198092460632 -15.141573905945
-8.1245164871216 -5.6526184082031 -17.316699981689
-8.4954128265381 -5.0796060562134 -17.551198959351
-8.6236476898193 -4.358033657074 -17.546939849854
-8.7148323059082 -3.6241359710693 -17.50537109375
-8.7940645217896 -2.8911151885986 -17.427547454834
-8.8737955093384 -2.1564145088196 -17.369859695435
-8.9667749404907 -1.4233250617981 -17.323787689209
-9.164758682251 -0.70931315422058 -17.298429489136
-9.3779993057251 0.00016228937602136 -17.279193878174
-9.6152067184448 0.70251107215881 -17.269577026367
-9.8247385025024 1.4132771492004 -17.267040252686
-10.016934394836 2.1293153762817 -17.268936157227
-10.22444152832 2.8391096591949 -17.262561798096
-10.554929733276 3.4987525939941 -17.189743041992
-10.885418891907 4.1583952903748 -17.116926193237
-11.210917472839 4.8216581344604 -17.068334579468
-11.525036811829 5.4931774139404 -17.075006484985
-11.839756965637 6.16441822052 -17.081081390381
-12.157523155212 6.8342456817627 -17.084127426147
-12.489799499512 7.4964003562927 -17.080200195312
-12.856749534607 8.1402311325073 -17.059406280518
-13.185430526733 8.8046998977661 -17.049211502075
-13.473254203796 9.4871635437012 -17.052770614624
-13.778155326843 10.161374092102 -17.040700912476
-14.166327476501 10.787935256958 -16.96842956543
-8.2682199478149 -5.6691722869873 -16.247303009033
-8.3762149810791 -5.0709943771362 -15.823780059814
-8.5701684951782 -4.3912343978882 -15.608044624329
-8.6297473907471 -3.6694288253784 -15.433199882507
-8.8213195800781 -2.9595561027527 -15.341938018799
-9.0226097106934 -2.2501299381256 -15.220164299011
-9.2346858978271 -1.5479996204376 -15.077829360962
-9.4510259628296 -0.85044693946838 -14.919221878052
-9.6417379379272 -0.14370445907116 -14.767890930176
-9.7956581115723 0.56189262866974 -14.575324058533
-9.9481744766235 1.2674460411072 -14.381185531616
-10.256010055542 1.9346566200256 -14.262989044189
-10.583126068115 2.5959742069244 -14.144961357117
-10.895654678345 3.257417678833 -13.991418838501
-11.194618225098 3.9203634262085 -13.819889068604
-11.481392860413 4.584659576416 -13.632197380066
-11.796920776367 5.2318806648254 -13.433655738831
-12.133932113647 5.8669762611389 -13.229150772095
-12.47350692749 6.5023546218872 -13.029800415039
-12.75611114502 7.1603002548218 -12.815410614014
-13.038194656372 7.8184523582458 -12.600883483887
-13.362468719482 8.4721298217773 -12.445392608643
-13.704572677612 9.1227865219116 -12.310087203979
-14.049817085266 9.7687501907349 -12.160773277283
-14.39447593689 10.408250808716 -11.989806175232
