66.325622558594 -0.2554694712162 267.1767578125
79.691314697266 1.7065114974976 267.82147216797
79.956840515137 0.47315180301666 268.42504882812
80.012786865234 1.5119949579239 266.49230957031
66.801429748535 -0.059160262346268 267.26550292969
67.286125183105 0.1186748072505 267.34436035156
67.78343963623 0.26556026935577 267.40682983398
68.289604187012 0.38515868782997 267.45477294922
68.802154541016 0.47945842146873 267.48944091797
69.317810058594 0.55807435512543 267.51583862305
69.836837768555 0.61458003520966 267.53060913086
70.35506439209 0.67722910642624 267.54864501953
70.873390197754 0.73916131258011 267.56628417969
71.390670776367 0.80821919441223 267.58770751953
71.906890869141 0.88377612829208 267.61242675781
72.423271179199 0.95843893289566 267.63674926758
72.939811706543 1.0320613384247 267.66055297852
73.455177307129 1.1124439239502 267.68783569336
73.972679138184 1.1800791025162 267.70846557617
74.491012573242 1.2419159412384 267.72604370117
75.010833740234 1.2916233539581 267.7373046875
75.529624938965 1.3500647544861 267.75311279297
76.049736022949 1.396909236908 267.76281738281
76.571411132812 1.4225811958313 267.76153564453
77.09228515625 1.4609035253525 267.76681518555
77.613311767578 1.4972438812256 267.77105712891
78.133644104004 1.5417828559875 267.77960205078
78.652519226074 1.5996028184891 267.79504394531
79.171844482422 1.653666138649 267.80856323242
66.836898803711 -0.20645780861378 267.29995727539
67.353057861328 -0.12689597904682 267.37884521484
67.87092590332 -0.065296150743961 267.46249389648
68.390266418457 -0.046650264412165 267.5569152832
68.913055419922 -0.01688508875668 267.62609863281
69.437721252441 0.012977109290659 267.67916870117
69.963966369629 0.04176115244627 267.71405029297
70.490211486816 0.070549421012402 267.74896240234
71.0166015625 0.10159035772085 267.77954101562
71.543045043945 0.1339058727026 267.80773925781
72.068885803223 0.17372605204582 267.83743286133
72.59447479248 0.21643297374249 267.86773681641
73.119918823242 0.25988271832466 267.89935302734
73.64525604248 0.30386406183243 267.93194580078
74.170707702637 0.34035211801529 267.9714050293
74.696151733398 0.37437570095062 268.01303100586
75.222320556641 0.40099629759789 268.05068969727
75.749076843262 0.42137235403061 268.08374023438
76.276077270508 0.43853974342346 268.11459350586
76.802917480469 0.45663791894913 268.14770507812
77.329406738281 0.47473120689392 268.18597412109
77.856727600098 0.48292818665504 268.21502685547
78.383995056152 0.49013006687164 268.24530029297
78.910835266113 0.49539056420326 268.28265380859
79.436004638672 0.48868945240974 268.3385925293
66.842803955078 -0.13722760975361 267.13729858398
67.3603515625 -0.020817873999476 267.09719848633
67.884300231934 0.052884180098772 267.04183959961
68.408355712891 0.12596322596073 266.98672485352
68.936111450195 0.17593516409397 266.94207763672
69.46159362793 0.25494873523712 266.91665649414
69.987899780273 0.33150732517242 266.90408325195
70.515312194824 0.40095812082291 266.89910888672
71.04273223877 0.47040668129921 266.89413452148
71.570693969727 0.53542309999466 266.88772583008
72.100608825684 0.58070081472397 266.87496948242
72.630325317383 0.62795323133469 266.86145019531
73.158485412598 0.68889659643173 266.84280395508
73.686645507812 0.74985331296921 266.82412719727
74.214721679688 0.81161046028137 266.80590820312
74.74275970459 0.87381380796432 266.78793334961
75.270797729492 0.9360186457634 266.76995849609
75.798515319824 1.001168012619 266.75286865234
76.32479095459 1.0757485628128 266.73077392578
76.852958679199 1.1352907419205 266.7082824707
77.381507873535 1.1898126602173 266.68225097656
77.90788269043 1.2620618343353 266.6552734375
78.435066223145 1.3296029567719 266.63214111328
78.964889526367 1.3658430576324 266.60073852539
79.491340637207 1.4271357059479 266.55484008789
