63.122653961182 -5.1338062286377 270.82736206055
67.617057800293 0.86819112300873 274.55456542969
70.930625915527 -0.22538629174232 276.76010131836
70.857048034668 2.5519685745239 272.5592956543
63.108589172363 -4.8613719940186 271.00698852539
63.170597076416 -4.591947555542 271.18096923828
63.28373336792 -4.3332586288452 271.34545898438
63.410526275635 -4.0788526535034 271.50650024414
63.564399719238 -3.8345828056335 271.65957641602
63.72248840332 -3.5921366214752 271.8112487793
63.884540557861 -3.3514745235443 271.96154785156
64.057518005371 -3.1160578727722 272.10794067383
64.239128112793 -2.8850920200348 272.25094604492
64.415954589844 -2.6516194343567 272.39584350586
64.601829528809 -2.4229986667633 272.537109375
64.795654296875 -2.1989517211914 272.67498779297
64.994651794434 -1.9780640602112 272.81057739258
65.197113037109 -1.7593296766281 272.94451904297
65.407325744629 -1.5457290410995 273.07473754883
65.617057800293 -1.3318164348602 273.20523071289
65.830528259277 -1.1204681396484 273.33383178711
66.044822692871 -0.90972095727921 273.46203613281
66.251823425293 -0.69394189119339 273.59384155273
66.454299926758 -0.47525256872177 273.7278137207
66.651077270508 -0.25299182534218 273.86441040039
66.837066650391 -0.024413455277681 274.0055847168
67.023803710938 0.20371243357658 274.14651489258
67.210609436035 0.43182110786438 274.28741455078
67.417350769043 0.64772313833237 274.41934204102
63.286884307861 -4.9151563644409 271.15231323242
63.528697967529 -4.6615705490112 271.39343261719
63.817016601562 -4.4399743080139 271.61459350586
64.101348876953 -4.2086868286133 271.83093261719
64.385696411133 -3.9773910045624 272.04727172852
64.669952392578 -3.7463369369507 272.2639465332
64.952491760254 -3.5204088687897 272.48815917969
65.232452392578 -3.3016974925995 272.72253417969
65.512413024902 -3.0829758644104 272.95690917969
65.79322052002 -2.8652729988098 273.1911315918
66.097373962402 -2.6758089065552 273.42077636719
66.401779174805 -2.4866681098938 273.65036010742
66.706184387207 -2.2977945804596 273.8801574707
67.010459899902 -2.1189727783203 274.11804199219
67.314933776855 -1.9408770799637 274.35620117188
67.629554748535 -1.7786937952042 274.59252929688
67.949584960938 -1.6253472566605 274.82751464844
68.274803161621 -1.4689372777939 275.05316162109
68.60661315918 -1.3086215257645 275.26608276367
68.930839538574 -1.1557770967484 275.49557495117
69.262413024902 -0.99078518152237 275.70529174805
69.594245910645 -0.83904755115509 275.92437744141
69.929443359375 -0.71740067005157 276.15673828125
70.260406494141 -0.50040936470032 276.31323242188
70.595718383789 -0.35951599478722 276.53430175781
63.279689788818 -4.7367315292358 270.86074829102
63.502727508545 -4.3924198150635 270.98440551758
63.765930175781 -4.0597167015076 271.04736328125
64.02564239502 -3.7330431938171 271.14660644531
64.286407470703 -3.4115705490112 271.25918579102
64.558883666992 -3.0981323719025 271.36660766602
64.831771850586 -2.7849433422089 271.47369384766
65.112327575684 -2.476452589035 271.57443237305
65.395111083984 -2.1693546772003 271.6731262207
65.688049316406 -1.867952466011 271.75888061523
65.99201965332 -1.5736504793167 271.82971191406
66.296241760254 -1.2794971466064 271.90002441406
66.608154296875 -0.98994946479797 271.95385742188
66.920448303223 -0.70052111148834 272.00595092773
67.226982116699 -0.40182158350945 272.03503417969
67.533149719238 -0.10257709771395 272.06216430664
67.853515625 0.18057692050934 272.09701538086
68.174263000488 0.46327638626099 272.13208007812
68.505760192871 0.73275828361511 272.17108154297
68.83814239502 1.0010912418365 272.21041870117
69.177589416504 1.2583632469177 272.26153564453
69.518440246582 1.5133467912674 272.31478881836
69.851402282715 1.7824648618698 272.341796875
70.192115783691 2.0370004177094 272.39776611328
70.535102844238 2.288019657135 272.45590209961
