85.35555267334 -18.164627075195 348.6647644043
60.863983154297 19.749183654785 348.27307128906
91.207450866699 26.824356079102 369.78991699219
94.161285400391 29.843057632446 333.97515869141
83.232360839844 -18.636856079102 348.41220092773
81.109169006348 -19.109085083008 348.15963745117
78.969970703125 -19.316505432129 347.92352294922
76.803634643555 -19.074960708618 347.71530151367
74.64094543457 -18.819705963135 347.50784301758
72.647308349609 -17.930875778198 347.33435058594
70.653663635254 -17.042045593262 347.1608581543
68.800765991211 -15.915446281433 347.02697753906
67.082153320312 -14.561972618103 346.9309387207
65.363548278809 -13.208499908447 346.83486938477
63.983070373535 -11.511559486389 346.7839050293
62.612407684326 -9.8046464920044 346.73425292969
61.492038726807 -7.9333648681641 346.71688842773
60.475158691406 -5.9941215515137 346.71286010742
59.712745666504 -3.9496641159058 346.73736572266
59.103324890137 -1.8501946926117 346.77886962891
58.795501708984 0.316486120224 346.8528137207
58.487678527832 2.4831669330597 346.9267578125
58.54061126709 4.668963432312 347.03042602539
58.71879196167 6.8440079689026 347.16580200195
59.007633209229 9.0082874298096 347.33071899414
59.364067077637 11.161131858826 347.50219726562
59.770801544189 13.305466651917 347.67864990234
60.112819671631 15.460411071777 347.85974121094
60.490634918213 17.609056472778 348.0436706543
83.374122619629 -17.275575637817 349.36437988281
81.257835388184 -16.513793945312 349.75158691406
79.197395324707 -15.615804672241 350.14602661133
77.30094909668 -14.415885925293 350.55895996094
75.765953063965 -12.828289031982 351.06536865234
75.424461364746 -10.661315917969 351.68826293945
75.531471252441 -8.4722204208374 352.30279541016
76.414207458496 -6.4844417572021 352.99206542969
77.536239624023 -4.6093769073486 353.64056396484
78.129287719727 -2.5600745677948 354.44711303711
78.326629638672 -0.40963700413704 355.18402099609
78.311256408691 1.7917696237564 355.77618408203
78.605659484863 4.0417008399963 355.97702026367
79.248268127441 6.0723733901978 356.79122924805
80.106986999512 7.9155383110046 357.82504272461
81.040115356445 9.8515710830688 358.59326171875
81.934951782227 11.786051750183 359.40911865234
82.873825073242 13.653149604797 360.32543945312
83.929145812988 15.39301776886 361.35876464844
84.91828918457 17.102590560913 362.50247192383
85.87914276123 18.788223266602 363.70443725586
86.876388549805 20.455516815186 364.90216064453
87.906555175781 22.034513473511 366.1884765625
89.019874572754 23.607353210449 367.41146850586
90.069717407227 25.290821075439 368.53967285156
83.51343536377 -17.132600784302 347.74899291992
81.497695922852 -16.30451965332 347.00689697266
79.542533874512 -15.352933883667 346.25216674805
77.76335144043 -14.096949577332 345.50872802734
76.416343688965 -12.385187149048 344.81253051758
76.214622497559 -10.132703781128 344.41354370117
76.696334838867 -7.9095706939697 344.07940673828
77.613838195801 -5.81209897995 343.83847045898
78.612274169922 -3.7517611980438 343.61871337891
79.205902099609 -1.5659816265106 343.22399902344
79.348342895508 0.66477262973785 342.68243408203
79.154808044434 2.8970355987549 342.22116088867
79.834503173828 5.0918860435486 342.22708129883
80.925819396973 7.0962314605713 341.92962646484
81.872146606445 9.1404066085815 341.455078125
82.748954772949 11.195130348206 340.89904785156
83.616241455078 13.237797737122 340.28656005859
84.541381835938 15.245109558105 339.6435546875
85.623168945312 17.157527923584 338.95623779297
86.709930419922 19.066648483276 338.2685546875
87.981796264648 20.85266494751 337.56674194336
89.262725830078 22.630704879761 336.86163330078
90.44507598877 24.395732879639 335.97463989258
91.62133026123 26.180040359497 335.11889648438
92.938323974609 27.966882705688 334.50842285156
