54.518707275391 40.334674835205 356.2360534668
73.142845153809 17.742612838745 369.22158813477
81.546546936035 17.207439422607 363.69342041016
81.338027954102 22.615282058716 371.39318847656
54.410900115967 39.263660430908 356.86416625977
54.83508682251 38.244548797607 357.45520019531
55.34789276123 37.255661010742 358.02743530273
55.914726257324 36.288753509521 358.58612060547
56.520500183105 35.339389801025 359.13403320312
57.15718460083 34.405086517334 359.67272949219
57.805225372314 33.476638793945 360.20788574219
58.493236541748 32.569683074951 360.72991943359
59.205757141113 31.676876068115 361.24340820312
59.942665100098 30.798845291138 361.74792480469
60.695476531982 29.930957794189 362.24627685547
61.502342224121 29.099864959717 362.72244262695
62.280467987061 28.24863243103 363.21072387695
63.065208435059 27.401960372925 363.69635009766
63.871597290039 26.570520401001 364.17269897461
64.705207824707 25.759262084961 364.63684082031
65.562370300293 24.966506958008 365.08996582031
66.431350708008 24.183382034302 365.53729248047
67.303176879883 23.402616500854 365.98318481445
68.18537902832 22.630575180054 366.423828125
69.08226776123 21.871307373047 366.85681152344
69.916366577148 21.060424804688 367.32077026367
70.781433105469 20.274261474609 367.76989746094
71.564643859863 19.42650604248 368.2561340332
72.401641845703 18.617956161499 368.71868896484
55.227485656738 39.123870849609 356.39825439453
56.057636260986 38.041393280029 356.67892456055
57.0354347229 37.115036010742 357.1037902832
57.976112365723 36.142501831055 357.50772094727
58.931529998779 35.18091583252 357.90216064453
59.925811767578 34.255062103271 358.28805541992
60.921710968018 33.317710876465 358.64013671875
61.936275482178 32.39994430542 358.98526000977
63.036582946777 31.587915420532 359.33834838867
64.133186340332 30.769529342651 359.68774414062
65.210975646973 29.918840408325 360.01852416992
66.262596130371 29.030237197876 360.33114624023
67.304267883301 28.126672744751 360.63522338867
68.390022277832 27.282855987549 360.95742797852
69.475784301758 26.439039230347 361.27963256836
70.622611999512 25.678230285645 361.59613037109
71.770462036133 24.917966842651 361.91079711914
72.90210723877 24.128572463989 362.21237182617
74.061012268066 23.376800537109 362.50366210938
75.239990234375 22.652757644653 362.78732299805
76.369514465332 21.854288101196 363.06930541992
77.491065979004 21.040754318237 363.34265136719
78.624412536621 20.234502792358 363.58801269531
79.61890411377 19.258972167969 363.62075805664
80.553077697754 18.204946517944 363.58065795898
55.39672088623 39.772567749023 357.10647583008
56.205001831055 38.95841217041 357.86428833008
57.128475189209 38.114810943604 358.43814086914
58.058879852295 37.280162811279 359.01373291016
58.998184204102 36.457012176514 359.59158325195
60.001064300537 35.68334197998 360.1272277832
61.023330688477 34.924751281738 360.64999389648
62.03649520874 34.184886932373 361.21514892578
63.058403015137 33.457492828369 361.78051757812
64.110282897949 32.753490447998 362.3205871582
65.180671691895 32.070465087891 362.85021972656
66.272010803223 31.41117477417 363.36801147461
67.366897583008 30.740118026733 363.86221313477
68.463890075684 30.06209564209 364.3424987793
69.512718200684 29.365072250366 364.89358520508
70.535362243652 28.657716751099 365.48318481445
71.546768188477 27.943737030029 366.08383178711
72.54663848877 27.222959518433 366.69580078125
73.589126586914 26.57114982605 367.31356811523
74.635330200195 25.924196243286 367.93054199219
75.681983947754 25.27663230896 368.54614257812
76.74829864502 24.664134979248 369.16375732422
77.853591918945 24.093137741089 369.7470703125
79.012336730957 23.577239990234 370.28085327148
80.1630859375 23.090051651001 370.85723876953
