53.374652862549 13.718716621399 274.88726806641
69.910125732422 -9.13356590271 275.86645507812
71.984298706055 -7.7681074142456 273.78216552734
72.62752532959 -8.6346015930176 278.55508422852
53.426357269287 12.591572761536 274.88311767578
53.713871002197 11.501004219055 274.89544677734
54.110710144043 10.445114135742 274.91546630859
54.637432098389 9.447868347168 274.94485473633
55.237113952637 8.4928636550903 274.97952270508
55.869094848633 7.5589480400085 275.01651000977
56.532485961914 6.6471366882324 275.05581665039
57.204891204834 5.7419285774231 275.09579467773
57.877891540527 4.8371558189392 275.13583374023
58.542667388916 3.926310300827 275.17523193359
59.213268280029 3.0197660923004 275.21508789062
59.888313293457 2.1165282726288 275.25527954102
60.575454711914 1.2225351333618 275.29632568359
61.280239105225 0.34247252345085 275.33868408203
62.00658416748 -0.51975411176682 275.38265991211
62.745952606201 -1.3708872795105 275.42761230469
63.493408203125 -2.2148954868317 275.47317504883
64.266845703125 -3.0346541404724 275.52069091797
65.050346374512 -3.8451476097107 275.56893920898
65.831718444824 -4.6577229499817 275.61706542969
66.619354248047 -5.4641871452332 275.66561889648
67.4052734375 -6.2723050117493 275.71405029297
68.16561126709 -7.1042127609253 275.76055908203
68.847961425781 -7.998468875885 275.80130004883
69.434951782227 -8.9609174728394 275.83502197266
53.828186035156 12.749334335327 274.70620727539
54.318229675293 11.75127696991 274.66839599609
54.879978179932 10.792587280273 274.62475585938
55.483558654785 9.8637657165527 274.51528930664
56.145198822021 8.9767713546753 274.46206665039
56.860050201416 8.1242351531982 274.47720336914
57.544605255127 7.2471222877502 274.46826171875
58.256019592285 6.3929038047791 274.41067504883
58.997268676758 5.5628128051758 274.42556762695
59.738269805908 4.7399654388428 274.52813720703
60.495769500732 3.9302945137024 274.60858154297
61.257720947266 3.1196672916412 274.64251708984
62.027038574219 2.3172175884247 274.61837768555
62.787998199463 1.5055322647095 274.63220214844
63.544807434082 0.69405955076218 274.57586669922
64.302604675293 -0.11400561779737 274.46893310547
65.078971862793 -0.91057062149048 274.42575073242
65.878601074219 -1.6808215379715 274.47137451172
66.698913574219 -2.4281582832336 274.55471801758
67.552085876465 -3.1399095058441 274.62268066406
68.385757446289 -3.8716440200806 274.55941772461
69.197296142578 -4.6280250549316 274.48324584961
69.963104248047 -5.42937707901 274.41696166992
70.70645904541 -6.2290406227112 274.19995117188
71.510063171387 -6.9886417388916 274.08822631836
53.884872436523 12.757647514343 275.17321777344
54.424224853516 11.737629890442 275.33203125
55.010566711426 10.738362312317 275.45544433594
55.656681060791 9.7951650619507 275.67047119141
56.351329803467 8.8763494491577 275.84613037109
57.07975769043 7.9692630767822 275.90618896484
57.826854705811 7.0750131607056 275.89367675781
58.570419311523 6.1800246238708 275.94989013672
59.326747894287 5.2958135604858 276.00814819336
60.105995178223 4.4302296638489 276.04693603516
60.889373779297 3.5788357257843 276.18637084961
61.666065216064 2.715202331543 276.27578735352
62.464897155762 1.8679822683334 276.29119873047
63.273254394531 1.0297181606293 276.30667114258
64.079765319824 0.19274206459522 276.38943481445
64.90673828125 -0.61166751384735 276.55386352539
65.731239318848 -1.4275168180466 276.63455200195
66.553642272949 -2.2530791759491 276.64413452148
67.393562316895 -3.0552825927734 276.72326660156
68.241744995117 -3.846022605896 276.83856201172
69.085098266602 -4.6185965538025 277.01812744141
69.915412902832 -5.3319277763367 277.40075683594
70.714637756348 -6.1492214202881 277.6130065918
71.430953979492 -6.9929041862488 277.9455871582
72.121887207031 -7.9209609031677 278.06893920898
