66.735733032227 -3.8702137470245 259.62759399414
75.163116455078 -6.9777097702026 259.30465698242
77.171867370605 -4.4353222846985 256.7785949707
76.750396728516 -5.3980646133423 262.64904785156
66.887359619141 -4.1912107467651 259.57864379883
67.120262145996 -4.4609141349792 259.53982543945
67.382392883301 -4.7031016349792 259.50610351562
67.656158447266 -4.9323220252991 259.47473144531
67.95768737793 -5.1245975494385 259.44995117188
68.264511108398 -5.3085074424744 259.42672729492
68.584449768066 -5.4690518379211 259.40753173828
68.906188964844 -5.6260237693787 259.3889465332
69.235786437988 -5.7661070823669 259.3733215332
69.569343566895 -5.896671295166 259.35925292969
69.896545410156 -6.0421476364136 259.34271240234
70.233665466309 -6.1633996963501 259.33029174805
70.570602416992 -6.2851052284241 259.31781005859
70.914672851562 -6.385311126709 259.30892944336
71.262962341309 -6.4699058532715 259.302734375
71.609489440918 -6.5613570213318 259.29537963867
71.961860656738 -6.6271634101868 259.29232788086
72.311721801758 -6.7050743103027 259.28720092773
72.665245056152 -6.7644438743591 259.28518676758
73.021965026855 -6.7997970581055 259.28717041016
73.379104614258 -6.8305768966675 259.28991699219
73.735794067383 -6.8662724494934 259.29187011719
74.093788146973 -6.8839106559753 259.29672241211
74.449241638184 -6.9303774833679 259.29690551758
74.804779052734 -6.9761600494385 259.2971496582
67.093566894531 -3.838458776474 259.41452026367
67.484169006348 -3.926301240921 259.28768920898
67.875556945801 -4.0127449035645 259.1623840332
68.272109985352 -4.0896425247192 259.04748535156
68.668663024902 -4.1665410995483 258.93258666992
69.065711975098 -4.2427411079407 258.81909179688
69.47046661377 -4.3079481124878 258.72805786133
69.876083374023 -4.3715887069702 258.63977050781
70.282455444336 -4.4305086135864 258.55169677734
70.690307617188 -4.479332447052 258.46426391602
71.098243713379 -4.5274257659912 258.37689208984
71.507995605469 -4.559253692627 258.29049682617
71.917999267578 -4.5881505012512 258.20428466797
72.328010559082 -4.6165528297424 258.11801147461
72.738250732422 -4.6304311752319 258.02923583984
73.148399353027 -4.6430797576904 257.93988037109
73.55517578125 -4.6484704017639 257.83563232422
73.957893371582 -4.6465821266174 257.7165222168
74.360191345215 -4.6454467773438 257.59600830078
74.763160705566 -4.6427912712097 257.47787475586
75.173149108887 -4.6122360229492 257.39218139648
75.580177307129 -4.5759410858154 257.29534912109
75.982803344727 -4.547899723053 257.17929077148
76.377082824707 -4.5051279067993 257.04113769531
76.774559020996 -4.469820022583 256.91021728516
67.066802978516 -3.9667658805847 259.84698486328
67.450942993164 -4.0805134773254 259.93585205078
67.841102600098 -4.163275718689 260.0322265625
68.221092224121 -4.2855544090271 260.12802124023
68.60245513916 -4.3966779708862 260.23165893555
68.985160827637 -4.4961981773376 260.34188842773
69.37230682373 -4.5957098007202 260.43536376953
69.762924194336 -4.6950068473816 260.51345825195
70.152305603027 -4.7936491966248 260.59826660156
70.540901184082 -4.8909320831299 260.68804931641
70.933860778809 -4.9759407043457 260.77099609375
71.331336975098 -5.0460124015808 260.84606933594
71.726722717285 -5.1162981987 260.93118286133
72.11686706543 -5.1869077682495 261.03771972656
72.506980895996 -5.2570447921753 261.14459228516
72.896636962891 -5.3169350624084 261.25912475586
73.285514831543 -5.3666200637817 261.38098144531
73.674514770508 -5.4036226272583 261.5068359375
74.063056945801 -5.4241118431091 261.63781738281
74.450057983398 -5.435010433197 261.77438354492
74.835433959961 -5.4373464584351 261.91589355469
75.221549987793 -5.4448289871216 262.05517578125
75.606513977051 -5.4506592750549 262.19766235352
75.988906860352 -5.4436650276184 262.34689331055
76.36937713623 -5.4358186721802 262.50091552734
