66.61262512207 -6.4454483985901 263.37310791016
85.125160217285 11.520539283752 270.59060668945
89.158233642578 6.9525527954102 269.86233520508
85.599464416504 11.984321594238 264.69775390625
66.755996704102 -5.6751055717468 264.10775756836
67.030067443848 -4.8866353034973 264.77645874023
67.40315246582 -4.0898456573486 265.3893737793
67.848480224609 -3.2930684089661 265.955078125
68.372550964355 -2.5038301944733 266.46115112305
68.939071655273 -1.722358584404 266.93118286133
69.543678283691 -0.94976049661636 267.36672973633
70.184814453125 -0.18711949884892 267.76766967773
70.864120483398 0.56215065717697 268.12936401367
71.574821472168 1.2978525161743 268.45590209961
72.311782836914 2.0205743312836 268.75131225586
73.07307434082 2.7300956249237 269.0166015625
73.861946105957 3.4222638607025 269.24520874023
74.667541503906 4.1023654937744 269.44989013672
75.488426208496 4.7703838348389 269.63162231445
76.325096130371 5.4251308441162 269.78872680664
77.180778503418 6.0620889663696 269.91430664062
78.048728942871 6.6861209869385 270.01800537109
78.920715332031 7.3058271408081 270.11434936523
79.796417236328 7.9212069511414 270.20358276367
80.683708190918 8.5228033065796 270.27047729492
81.559066772461 9.1385869979858 270.36044311523
82.43824005127 9.7499046325684 270.4430847168
83.323257446289 10.354326248169 270.51446533203
84.219192504883 10.944214820862 270.56307983398
67.212837219238 -5.8158631324768 263.99060058594
67.778221130371 -5.0618357658386 264.49060058594
68.415405273438 -4.3168110847473 264.91165161133
69.093963623047 -3.5966737270355 265.31079101562
69.803718566895 -2.9115400314331 265.71722412109
70.540496826172 -2.226708650589 266.07293701172
71.315956115723 -1.5846719741821 266.42617797852
72.119720458984 -0.95048236846924 266.72640991211
72.952392578125 -0.33759865164757 266.98989868164
73.799797058105 0.2583327293396 267.24517822266
74.657989501953 0.84229910373688 267.4919128418
75.531608581543 1.4067213535309 267.72982788086
76.418098449707 1.9591100215912 267.94750976562
77.31908416748 2.4966707229614 268.14151000977
78.242294311523 2.99236369133 268.34237670898
79.189308166504 3.4477272033691 268.52734375
80.14737701416 3.8852705955505 268.69766235352
81.131141662598 4.2837462425232 268.80642700195
82.11686706543 4.6783151626587 268.91152954102
83.10506439209 5.0500884056091 269.06527709961
84.096527099609 5.4165253639221 269.21063232422
85.096061706543 5.7608513832092 269.35473632812
86.100212097168 6.0882225036621 269.50607299805
87.107475280762 6.4077410697937 269.65347290039
88.121726989746 6.7112150192261 269.7861328125
67.019416809082 -5.5614519119263 263.76113891602
67.515548706055 -4.712185382843 264.12188720703
68.038330078125 -3.8845145702362 264.49493408203
68.62574005127 -3.0827107429504 264.82595825195
69.254257202148 -2.2988226413727 265.12265014648
69.893249511719 -1.5142719745636 265.39410400391
70.545249938965 -0.72983229160309 265.63296508789
71.290046691895 -0.01928841881454 265.82769775391
72.062637329102 0.67179042100906 265.97946166992
72.809669494629 1.3960630893707 266.10150146484
73.557579040527 2.1220457553864 266.20684814453
74.350128173828 2.8035008907318 266.27758789062
75.156684875488 3.4705536365509 266.32278442383
75.971122741699 4.1288142204285 266.3528137207
76.787910461426 4.7848048210144 266.34490966797
77.605651855469 5.4384760856628 266.30572509766
78.422981262207 6.0888237953186 266.22482299805
79.238967895508 6.7390022277832 266.1301574707
80.050399780273 7.3880858421326 265.99673461914
80.861831665039 8.0371761322021 265.86334228516
81.675010681152 8.678560256958 265.70559692383
82.480781555176 9.3275842666626 265.54116821289
83.25456237793 10.011065483093 265.36331176758
84.067344665527 10.647452354431 265.18463134766
84.875617980957 11.282589912415 264.98260498047
