70.494758605957 -19.864389419556 332.94345092773
59.320537567139 -2.8935763835907 335.83618164062
45.296234130859 -5.6908268928528 328.69009399414
46.820720672607 -7.6575846672058 344.72137451172
70.796417236328 -19.101064682007 332.99536132812
70.800422668457 -18.281391143799 333.08224487305
70.66658782959 -17.473894119263 333.18118286133
70.437957763672 -16.688596725464 333.28695678711
70.190055847168 -15.909442901611 333.39401245117
69.882164001465 -15.152465820312 333.50451660156
69.52286529541 -14.418792724609 333.61758422852
69.152976989746 -13.690504074097 333.73104858398
68.742980957031 -12.984225273132 333.84606933594
68.319526672363 -12.286007881165 333.96154785156
67.884582519531 -11.595041275024 334.0774230957
67.392753601074 -10.943474769592 334.19458007812
66.888885498047 -10.301211357117 334.31192016602
66.373672485352 -9.6680450439453 334.42935180664
65.838088989258 -9.0520420074463 334.54705810547
65.294647216797 -8.4429492950439 334.66470336914
64.744552612305 -7.8398652076721 334.78234863281
64.182418823242 -7.2479906082153 334.89996337891
63.597728729248 -6.67835521698 335.01748657227
62.999286651611 -6.1231389045715 335.13479614258
62.413158416748 -5.5549693107605 335.25225830078
61.818584442139 -4.9956111907959 335.36953735352
61.207134246826 -4.4546971321106 335.4866027832
60.583801269531 -3.9274537563324 335.60336303711
59.939125061035 -3.4263596534729 335.71932983398
69.891441345215 -19.034978866577 332.42333984375
69.372512817383 -18.013164520264 332.32733154297
68.475219726562 -17.282316207886 332.30532836914
67.577926635742 -16.551465988159 332.28335571289
66.680633544922 -15.820618629456 332.26135253906
65.782508850098 -15.090819358826 332.23916625977
64.867256164551 -14.383054733276 332.21301269531
63.900295257568 -13.748032569885 332.17434692383
62.933338165283 -13.11300945282 332.13565063477
61.966381072998 -12.47798538208 332.0969543457
60.997951507568 -11.845879554749 332.05477905273
59.992992401123 -11.286304473877 331.92578125
58.979347229004 -10.749192237854 331.77151489258
57.965145111084 -10.212954521179 331.61807250977
56.933074951172 -9.7048683166504 331.48992919922
55.891059875488 -9.2137651443481 331.37689208984
54.849376678467 -8.7224349975586 331.26229858398
53.823497772217 -8.2205295562744 331.07421875
52.80899810791 -7.7140851020813 330.84182739258
51.765758514404 -7.2626791000366 330.62387084961
50.697444915771 -6.90291929245 330.36148071289
49.635948181152 -6.6168718338013 329.99932861328
48.572696685791 -6.3528833389282 329.62576293945
47.492130279541 -6.1322150230408 329.27444458008
46.391716003418 -5.9253697395325 328.98107910156
70.05786895752 -19.18638420105 333.76556396484
69.672409057617 -18.177736282349 334.15051269531
68.727722167969 -17.588472366333 334.46743774414
67.910118103027 -16.860902786255 334.84985351562
67.061264038086 -16.15860748291 335.20971679688
66.147834777832 -15.51486492157 335.51867675781
65.233963012695 -14.873664855957 335.83117675781
64.314407348633 -14.265563011169 336.19009399414
63.391849517822 -13.664818763733 336.55319213867
62.429962158203 -13.129396438599 336.9162902832
61.467960357666 -12.645698547363 337.34600830078
60.531921386719 -12.139580726624 337.80633544922
59.596572875977 -11.626900672913 338.26065063477
58.664196014404 -11.089074134827 338.69146728516
57.726245880127 -10.569250106812 339.13214111328
56.778034210205 -10.084224700928 339.59017944336
55.809860229492 -9.6238861083984 340.0315246582
54.807197570801 -9.213228225708 340.44332885742
53.883594512939 -8.7894096374512 341.00140380859
52.92077255249 -8.4267520904541 341.53570556641
51.910537719727 -8.1521978378296 342.03384399414
50.911159515381 -7.9570732116699 342.58813476562
49.887565612793 -7.8816375732422 343.12728881836
48.824642181396 -7.8122096061707 343.58505249023
47.773738861084 -7.7880582809448 344.07412719727
