15.066625595093 -4.4027581214905 313.3723449707
23.856164932251 20.189054489136 299.06524658203
16.514747619629 5.8128533363342 287.16162109375
3.5893020629883 18.196207046509 300.70709228516
16.174425125122 -3.9983847141266 314.03649902344
17.253810882568 -3.2471251487732 314.35653686523
18.307233810425 -2.4308135509491 314.59280395508
19.281949996948 -1.4931848049164 314.64453125
20.254306793213 -0.5528656244278 314.69152832031
21.136005401611 0.46797475218773 314.58023071289
21.988847732544 1.5074051618576 314.42489624023
22.728496551514 2.5982422828674 314.11685180664
23.432287216187 3.6996858119965 313.76556396484
24.047370910645 4.8182826042175 313.31579589844
24.557346343994 5.9431614875793 312.76220703125
24.984378814697 7.0638742446899 312.13485717773
25.312963485718 8.1706113815308 311.4284362793
25.609643936157 9.2708673477173 310.69815063477
25.777391433716 10.335821151733 309.87985229492
25.911581039429 11.389266967773 309.04071044922
25.946455001831 12.403279304504 308.14492797852
25.662496566772 13.23656463623 307.11685180664
25.492433547974 14.144100189209 306.1272277832
25.313669204712 15.046349525452 305.13433837891
25.276288986206 16.026718139648 304.20193481445
25.047771453857 16.897500991821 303.19128417969
24.748914718628 17.720291137695 302.15899658203
24.447515487671 18.541242599487 301.12600708008
24.201936721802 19.400802612305 300.10974121094
16.087047576904 -4.2297210693359 312.73135375977
16.863571166992 -3.5381727218628 312.09408569336
17.639654159546 -2.8461222648621 311.45690917969
18.354375839233 -2.0811131000519 310.83139038086
19.061737060547 -1.307989358902 310.20748901367
19.714952468872 -0.530910551548 309.53353881836
19.888862609863 0.18680274486542 308.56298828125
20.062772750854 0.90451592206955 307.59243774414
20.236679077148 1.6222150325775 306.62188720703
20.298561096191 2.2862682342529 305.6012878418
20.062627792358 2.7714049816132 304.5075378418
19.826694488525 3.2565414905548 303.4137878418
19.590761184692 3.741678237915 302.32000732422
19.412071228027 4.174901008606 301.19412231445
19.275308609009 4.5693092346191 300.04824829102
19.017852783203 4.9208335876465 298.90927124023
18.604724884033 5.2101712226868 297.79904174805
18.244972229004 5.4296193122864 296.65466308594
18.085231781006 5.4078726768494 295.44616699219
17.910051345825 5.3884587287903 294.23944091797
17.612428665161 5.4014077186584 293.05694580078
17.258625030518 5.4774498939514 291.89236450195
16.855907440186 5.6133308410645 290.74932861328
16.535316467285 5.7234926223755 289.57794189453
16.449481964111 5.9013595581055 288.37518310547
15.267162322998 -3.2939987182617 313.89486694336
15.687483787537 -2.1234986782074 313.88757324219
16.10705947876 -0.95298302173615 313.87396240234
16.484357833862 0.19467750191689 313.57852172852
16.746242523193 1.3473255634308 313.19186401367
16.893552780151 2.4895510673523 312.72241210938
16.943197250366 3.6127219200134 312.19174194336
16.710134506226 4.6270780563354 311.51086425781
16.476663589478 5.6412854194641 310.82998657227
16.109411239624 6.6014275550842 310.13021850586
15.568243980408 7.4671664237976 309.41998291016
15.027059555054 8.3329010009766 308.70974731445
14.473394393921 9.1951141357422 308.0048828125
13.858585357666 10.038086891174 307.32797241211
13.243668556213 10.881011962891 306.65112304688
12.488542556763 11.645275115967 306.02484130859
11.661231040955 12.359711647034 305.43167114258
10.833374977112 13.073756217957 304.83871459961
9.8839359283447 13.699687957764 304.33563232422
8.9262447357178 14.326979637146 303.84970092773
8.0023641586304 15.00736618042 303.36987304688
7.063684463501 15.632063865662 302.84518432617
6.3444209098816 16.389919281006 302.17242431641
5.6007051467896 17.135080337524 301.51031494141
4.7493362426758 17.798278808594 300.89263916016
