56.711566925049 -7.9819121360779 273.03128051758
68.964752197266 3.8973164558411 279.1828918457
72.684043884277 -0.056442622095346 278.71206665039
70.314125061035 4.7490186691284 273.95608520508
56.679557800293 -7.4771957397461 273.54019165039
56.902858734131 -6.9420657157898 273.9645690918
57.197128295898 -6.4127745628357 274.35137939453
57.549556732178 -5.8938536643982 274.70196533203
57.940879821777 -5.3851037025452 275.02520751953
58.341133117676 -4.8791270256042 275.34173583984
58.772270202637 -4.3839244842529 275.63381958008
59.225875854492 -3.8979825973511 275.90682983398
59.696617126465 -3.4199447631836 276.16436767578
60.181903839111 -2.9493050575256 276.40817260742
60.673625946045 -2.482146024704 276.64566040039
61.185901641846 -2.0270318984985 276.86218261719
61.701370239258 -1.5739147663116 277.07528686523
62.23278427124 -1.1314166784286 277.27081298828
62.766418457031 -0.69050323963165 277.46389770508
63.31205368042 -0.25841817259789 277.6428527832
63.862510681152 0.16991187632084 277.81597900391
64.417778015137 0.594373524189 277.98318481445
64.977966308594 1.0147452354431 278.14416503906
65.525917053223 1.4450305700302 278.32037353516
66.091667175293 1.8606276512146 278.47415161133
66.653686523438 2.2794556617737 278.63278198242
67.236885070801 2.6787269115448 278.76278686523
67.805122375488 3.0921041965485 278.91333007812
68.385070800781 3.4945802688599 279.04791259766
57.159843444824 -7.7909030914307 273.57131958008
57.678359985352 -7.427182674408 273.93237304688
58.225509643555 -7.0588412284851 274.24319458008
58.779006958008 -6.685182094574 274.53558349609
59.350730895996 -6.2958207130432 274.76620483398
59.92244720459 -5.9064650535583 274.99685668945
60.494827270508 -5.5174870491028 275.22637939453
61.08874130249 -5.1410703659058 275.41934204102
61.688762664795 -4.7687478065491 275.60104370117
62.289237976074 -4.3971390724182 275.78259277344
62.910095214844 -4.0574598312378 275.95809936523
63.537796020508 -3.7293872833252 276.13137817383
64.165603637695 -3.4015746116638 276.30471801758
64.800971984863 -3.0916225910187 276.48330688477
65.439666748047 -2.7900576591492 276.66436767578
66.08251953125 -2.5067112445831 276.85955810547
66.731101989746 -2.2560439109802 277.07901000977
67.385139465332 -1.9944486618042 277.26733398438
68.039901733398 -1.7251366376877 277.44174194336
68.691879272461 -1.4467923641205 277.61233520508
69.344955444336 -1.1788578033447 277.79501342773
70.007171630859 -0.93468004465103 277.97802734375
70.666900634766 -0.68844944238663 278.16720581055
71.330421447754 -0.4410285949707 278.34091186523
72.002685546875 -0.20972891151905 278.50283813477
56.895771026611 -7.2796449661255 273.0153503418
57.261962890625 -6.6818766593933 273.2109375
57.757362365723 -6.1546292304993 273.29949951172
58.228183746338 -5.6162300109863 273.44030761719
58.729946136475 -5.1059384346008 273.57897949219
59.2561378479 -4.620689868927 273.71713256836
59.776405334473 -4.1252031326294 273.84066772461
60.310688018799 -3.6435568332672 273.95877075195
60.871585845947 -3.1917374134064 274.07147216797
61.432983398438 -2.7384011745453 274.17489624023
61.995624542236 -2.2781133651733 274.22988891602
62.554763793945 -1.8137384653091 274.28619384766
63.113891601562 -1.3481410741806 274.33111572266
63.681022644043 -0.89014285802841 274.33843994141
64.247131347656 -0.43089082837105 274.34646606445
64.812026977539 0.029835449531674 274.35531616211
65.376914978027 0.49057480692863 274.3639831543
65.940620422363 0.95280575752258 274.35794067383
66.503463745117 1.4158759117126 274.34292602539
67.062423706055 1.8835225105286 274.32476806641
67.616569519043 2.3566937446594 274.302734375
68.177406311035 2.821398973465 274.27157592773
68.748336791992 3.2724125385284 274.22604370117
69.298606872559 3.7469010353088 274.16674804688
69.847427368164 4.2266030311584 274.15637207031
