69.510177612305 4.157133102417 269.59039306641
72.740203857422 -0.90236508846283 271.71591186523
77.29264831543 -1.2598569393158 269.16003417969
75.681686401367 0.46835476160049 275.89993286133
69.378959655762 3.9386072158813 269.61288452148
69.361442565918 3.6896169185638 269.67224121094
69.388442993164 3.4441621303558 269.74215698242
69.448623657227 3.2065935134888 269.81851196289
69.517616271973 2.9720966815948 269.89639282227
69.624366760254 2.7540106773376 269.97967529297
69.736663818359 2.5390541553497 270.06356811523
69.870674133301 2.3377161026001 270.14953613281
69.990379333496 2.1270477771759 270.23428344727
70.118530273438 1.921750664711 270.31979370117
70.266975402832 1.7312231063843 270.40670776367
70.408706665039 1.5354619026184 270.49322509766
70.556755065918 1.3446109294891 270.58010864258
70.709823608398 1.1578810214996 270.6672668457
70.863639831543 0.97175538539886 270.75439453125
71.023017883301 0.79047590494156 270.84173583984
71.18611907959 0.6125682592392 270.92913818359
71.353935241699 0.43916237354279 271.01666259766
71.519546508789 0.26359629631042 271.10409545898
71.68692779541 0.089738428592682 271.19155883789
71.857872009277 -0.080588281154633 271.27905273438
72.034111022949 -0.24547290802002 271.36651611328
72.212509155273 -0.40802857279778 271.45391845703
72.38060760498 -0.58118098974228 271.54141235352
72.568855285645 -0.73244374990463 271.62838745117
69.700759887695 3.8473136425018 269.52038574219
69.866279602051 3.5229496955872 269.55535888672
70.177825927734 3.3267781734467 269.52972412109
70.431114196777 3.0725185871124 269.4365234375
70.708015441895 2.8327584266663 269.37728881836
70.991432189941 2.5973818302155 269.33441162109
71.287651062012 2.3744447231293 269.31893920898
71.581527709961 2.1492390632629 269.29467773438
71.875152587891 1.925754070282 269.25680541992
72.178924560547 1.7128343582153 269.25048828125
72.485778808594 1.5047783851624 269.26382446289
72.785820007324 1.2870217561722 269.25173950195
73.103530883789 1.0956870317459 269.25939941406
73.40404510498 0.87851530313492 269.24456787109
73.704612731934 0.662244617939 269.22219848633
74.026763916016 0.47848492860794 269.21206665039
74.349105834961 0.29602426290512 269.23300170898
74.665306091309 0.10291806608438 269.21279907227
74.992630004883 -0.071749582886696 269.20758056641
75.32820892334 -0.22918412089348 269.22457885742
75.659729003906 -0.39578926563263 269.22290039062
75.978477478027 -0.5783583521843 269.17037963867
76.313018798828 -0.73875999450684 269.17645263672
76.634155273438 -0.92411768436432 269.19073486328
76.951568603516 -1.1162523031235 269.18716430664
69.619842529297 3.8908865451813 269.82754516602
69.753059387207 3.6660194396973 270.09365844727
69.918312072754 3.487753868103 270.37661743164
70.100158691406 3.3374989032745 270.66558837891
70.316314697266 3.1986508369446 270.93603515625
70.550796508789 3.0510640144348 271.1858215332
70.78116607666 2.9025447368622 271.43884277344
71.014038085938 2.752459526062 271.68862915039
71.251235961914 2.615357875824 271.94180297852
71.478851318359 2.4631676673889 272.19512939453
71.702209472656 2.2928459644318 272.44058227539
71.951904296875 2.1508576869965 272.67855834961
72.218803405762 2.0182867050171 272.90292358398
72.48055267334 1.8800227642059 273.1298828125
72.727737426758 1.7372922897339 273.37005615234
72.977416992188 1.6042898893356 273.61318969727
73.238586425781 1.4801187515259 273.84884643555
73.508346557617 1.371212720871 274.08233642578
73.791687011719 1.2673184871674 274.30157470703
74.043190002441 1.1641072034836 274.55700683594
74.304527282715 1.0845531225204 274.81103515625
74.584579467773 0.98365467786789 275.03582763672
74.868408203125 0.84147155284882 275.2317199707
75.148742675781 0.69775706529617 275.43145751953
75.41618347168 0.59330868721008 275.66961669922
