97.671287536621 -5.5914878845215 404.08322143555
110.04283905029 7.4840250015259 406.45077514648
114.77532958984 4.3186755180359 411.5703125
116.03835296631 5.7486157417297 401.89645385742
97.703140258789 -4.8834624290466 404.12564086914
97.931953430176 -4.2149629592896 404.19241333008
98.303909301758 -3.615594625473 404.27471923828
98.715950012207 -3.0436079502106 404.36090087891
99.164581298828 -2.5003547668457 404.45050048828
99.635963439941 -1.9770634174347 404.54205322266
100.11919403076 -1.4648752212524 404.63461303711
100.61601257324 -0.96605902910233 404.72827148438
101.10707855225 -0.46148908138275 404.82144165039
101.61260986328 0.028367578983307 404.91580200195
102.11574554443 0.5206612944603 405.00994873047
102.64488220215 0.98454958200455 405.10604858398
103.14882659912 1.4760125875473 405.20028686523
103.68851470947 1.9274078607559 405.29718017578
104.19509124756 2.416167974472 405.3916015625
104.7073059082 2.8989205360413 405.48648071289
105.21794128418 3.3833739757538 405.58123779297
105.750831604 3.8428950309753 405.67758178711
106.28186035156 4.3045854568481 405.77386474609
106.819480896 4.7584939002991 405.87060546875
107.35766601562 5.2117209434509 405.96734619141
107.90132904053 5.6582741737366 406.06451416016
108.43487548828 6.1170220375061 406.16094970703
108.97624969482 6.5663824081421 406.25796508789
109.50025177002 7.0361361503601 406.35372924805
98.225128173828 -5.1676754951477 404.52020263672
98.865745544434 -4.7415885925293 404.81228637695
99.517471313477 -4.3167338371277 405.08071899414
100.18000793457 -3.9017705917358 405.33795166016
100.90006256104 -3.5501182079315 405.52542114258
101.62022399902 -3.1985852718353 405.71276855469
102.34728240967 -2.8502871990204 405.8782043457
103.087059021 -2.5097546577454 405.9967956543
103.82691192627 -2.1692671775818 406.11508178711
104.52648925781 -1.7691805362701 406.28167724609
105.19819641113 -1.335388302803 406.47644042969
105.86968231201 -0.90133255720139 406.67138671875
106.5294418335 -0.47182440757751 406.91122436523
107.17523956299 -0.04827731102705 407.19552612305
107.822265625 0.37241944670677 407.48132324219
108.47105407715 0.78813463449478 407.77038574219
109.08511352539 1.2197602987289 408.10784912109
109.72979736328 1.605992436409 408.44320678711
110.38291931152 1.9853941202164 408.76998901367
111.0237197876 2.3878855705261 409.09350585938
111.6591796875 2.8000402450562 409.41543579102
112.30317687988 3.1925046443939 409.74487304688
112.9719543457 3.5229392051697 410.09237670898
113.58917999268 3.8267967700958 410.54373168945
114.15898895264 4.1002249717712 411.07070922852
98.310035705566 -5.1373991966248 403.76898193359
99.015693664551 -4.6775207519531 403.69677734375
99.754058837891 -4.2656679153442 403.70495605469
100.50518035889 -3.8805735111237 403.75454711914
101.2632522583 -3.5077910423279 403.78720092773
101.99279022217 -3.0825667381287 403.74435424805
102.72693634033 -2.6633560657501 403.75665283203
103.46253204346 -2.2531387805939 403.83142089844
104.19860076904 -1.8439267873764 403.90692138672
104.9348526001 -1.4350343942642 403.98223876953
105.66773223877 -1.0155444145203 404.02542114258
106.39700317383 -0.58806955814362 404.04391479492
107.10031890869 -0.11953043192625 404.01971435547
107.76565551758 0.3815002143383 403.87396240234
108.44062042236 0.87019592523575 403.73071289062
109.14779663086 1.3250161409378 403.6413269043
109.84511566162 1.7960817813873 403.5588684082
110.53639221191 2.2766404151917 403.48046875
111.18196868896 2.7966446876526 403.31381225586
111.83507537842 3.3128805160522 403.16580200195
112.51431274414 3.808233499527 403.07513427734
113.1754989624 4.3110184669495 402.91708374023
113.85564422607 4.7494826316833 402.67196655273
114.5277633667 5.1115827560425 402.30871582031
115.27307891846 5.4430046081543 402.08596801758
