87.080451965332 18.195310592651 342.38018798828
71.482490539551 -14.603095054626 359.66445922852
66.844505310059 -21.385854721069 343.80429077148
82.234275817871 -25.381824493408 349.79153442383
86.760093688965 19.227130889893 343.69351196289
86.091049194336 19.284641265869 345.2578125
85.367568969727 19.039323806763 346.77648925781
84.613594055176 18.085035324097 347.96661376953
83.914924621582 16.820203781128 348.85568237305
83.385429382324 15.234308242798 349.17687988281
82.860191345215 13.644666671753 349.48626708984
82.35733795166 12.03711605072 349.73428344727
81.843788146973 10.437726974487 350.01138305664
81.321937561035 8.8451471328735 350.31130981445
80.789321899414 7.2621116638184 350.6413269043
80.252006530762 5.6834692955017 350.98452758789
79.708549499512 4.1108403205872 351.34518432617
79.154510498047 2.5491971969604 351.73620605469
78.572967529297 1.0204465389252 352.2087097168
77.968101501465 -0.47489312291145 352.75338745117
77.351928710938 -1.9518764019012 353.33428955078
76.727233886719 -3.4139664173126 353.9430847168
76.08521270752 -4.8427248001099 354.61022949219
75.435890197754 -6.25599193573 355.30279541016
74.778617858887 -7.6512689590454 356.02374267578
74.117721557617 -9.0379629135132 356.75784301758
73.452674865723 -10.414587020874 357.50698852539
72.791015625 -11.799491882324 358.24374389648
72.143608093262 -13.216856002808 358.92971801758
85.252830505371 18.124221801758 341.98794555664
83.482261657715 17.542556762695 342.15979003906
81.766181945801 16.933595657349 342.51165771484
80.46021270752 16.02565574646 341.53817749023
79.599052429199 14.587416648865 340.70880126953
78.848526000977 12.969432830811 340.14273071289
78.176223754883 11.268125534058 339.74984741211
77.600151062012 9.4963626861572 339.57006835938
77.069114685059 7.7046632766724 339.4631652832
76.498886108398 5.9247894287109 339.36050415039
75.958656311035 4.1357188224792 339.25534057617
75.396858215332 2.3532214164734 339.1569519043
74.819702148438 0.57517528533936 339.24932861328
74.182235717773 -1.1712862253189 339.46636962891
73.498054504395 -2.903448343277 339.64974975586
72.958885192871 -4.695652961731 339.61947631836
72.391494750977 -6.479202747345 339.64218139648
71.84016418457 -8.2636337280273 339.76623535156
71.376731872559 -10.07213306427 339.90090942383
70.818130493164 -11.853154182434 340.04064941406
70.22925567627 -13.615410804749 340.26721191406
69.632797241211 -15.363590240479 340.57000732422
68.905044555664 -17.04083442688 340.97100830078
68.151878356934 -18.604225158691 341.67211914062
67.461730957031 -20.022371292114 342.68017578125
88.497611999512 17.425537109375 343.328125
89.064208984375 16.389659881592 344.7770690918
89.629013061523 15.076842308044 345.96411132812
90.512809753418 13.443817138672 346.17626953125
91.2255859375 11.718525886536 346.10311889648
91.529930114746 9.8809099197388 345.95568847656
91.456352233887 8.016583442688 345.82147216797
91.322967529297 6.1523928642273 345.744140625
91.124801635742 4.2923154830933 345.74661254883
90.912002563477 2.4359903335571 345.83352661133
90.577011108398 0.60125547647476 345.97650146484
90.166076660156 -1.2069432735443 346.22225952148
89.637115478516 -2.9738490581512 346.529296875
89.178115844727 -4.7863411903381 346.46896362305
88.70728302002 -6.5958528518677 346.42434692383
88.328605651855 -8.4218769073486 346.57162475586
87.926475524902 -10.243818283081 346.70654296875
87.474365234375 -12.052217483521 346.86380004883
87.036956787109 -13.866823196411 346.98617553711
86.631134033203 -15.6927318573 346.96911621094
86.027061462402 -17.463005065918 346.99273681641
85.385269165039 -19.213628768921 347.1432800293
84.743377685547 -20.923879623413 347.54626464844
84.045806884766 -22.534107208252 348.1943359375
83.149711608887 -23.905292510986 349.09783935547
