80.28369140625 -19.325763702393 339.51718139648
72.34928894043 13.588050842285 331.80651855469
62.05485534668 6.4650349617004 321.54779052734
57.711185455322 9.9329042434692 338.08126831055
80.972717285156 -18.10333442688 339.4626159668
81.335227966309 -16.755029678345 339.30880737305
81.588981628418 -15.385691642761 339.12557983398
81.824546813965 -14.013751983643 338.93765258789
81.973770141602 -12.632915496826 338.72772216797
82.094650268555 -11.250421524048 338.51089477539
82.096199035645 -9.8673000335693 338.2658996582
82.119079589844 -8.4835987091064 338.02572631836
81.951850891113 -7.1177091598511 337.7438659668
81.784591674805 -5.7518167495728 337.46209716797
81.53630065918 -4.4018206596375 337.16400146484
81.203216552734 -3.0738830566406 336.84985351562
80.815361022949 -1.7632936239243 336.52587890625
80.421989440918 -0.45457780361176 336.20095825195
79.956985473633 0.82729607820511 335.86386108398
79.43278503418 2.083566904068 335.51739501953
78.874504089355 3.3236262798309 335.16580200195
78.266990661621 4.5382423400879 334.80706787109
77.618621826172 5.7298674583435 334.44277954102
76.930137634277 6.8971810340881 334.07342529297
76.266487121582 8.0797386169434 333.70715332031
75.483940124512 9.1825160980225 333.32699584961
74.701354980469 10.285296440125 332.94686889648
73.897323608398 11.371788024902 332.56463623047
73.161682128906 12.50811290741 332.18963623047
80.295150756836 -18.858058929443 338.1442565918
79.945014953613 -17.815713882446 337.19979858398
79.590599060059 -16.615320205688 336.46722412109
79.276657104492 -15.328143119812 335.87698364258
78.961387634277 -14.041131973267 335.28717041016
78.551177978516 -12.767282485962 334.72872924805
77.928291320801 -11.54683303833 334.25302124023
77.30541229248 -10.326380729675 333.77728271484
76.682518005371 -9.1059236526489 333.30160522461
76.058036804199 -7.8869643211365 332.82501220703
75.199913024902 -6.8859415054321 332.22061157227
74.297843933105 -5.9391946792603 331.59310913086
73.395767211914 -4.9927616119385 330.96520996094
72.491096496582 -4.106894493103 330.25769042969
71.586410522461 -3.2267556190491 329.54306030273
70.700096130371 -2.3177790641785 328.84164428711
69.842880249023 -1.3658874034882 328.16128540039
68.985725402832 -0.41392132639885 327.48098754883
68.136962890625 0.53923922777176 326.79187011719
67.33097076416 1.497359752655 326.05966186523
66.525375366211 2.4555253982544 325.32702636719
65.511711120605 3.2886798381805 324.70974731445
64.748138427734 4.3172659873962 324.03057861328
63.957389831543 5.3109455108643 323.32983398438
63.084976196289 6.1311850547791 322.51190185547
79.630401611328 -18.519201278687 340.5666809082
79.027076721191 -17.215890884399 340.92749023438
78.514434814453 -15.825074195862 340.92874145508
77.964958190918 -14.454125404358 340.82305908203
77.797271728516 -12.98237991333 340.82666015625
77.326667785645 -11.588884353638 340.64511108398
76.71208190918 -10.266668319702 340.37747192383
76.093383789062 -8.9403314590454 340.14224243164
75.376937866211 -7.6648206710815 339.90548706055
74.499954223633 -6.4982123374939 339.64553833008
73.611419677734 -5.3393359184265 339.39260864258
72.580383300781 -4.2865509986877 339.23052978516
71.548683166504 -3.2345020771027 339.0680847168
70.487251281738 -2.2153913974762 338.88818359375
69.38826751709 -1.2412948608398 338.68563842773
68.298721313477 -0.25483909249306 338.49356079102
67.317451477051 0.85342800617218 338.41284179688
66.335968017578 1.9615044593811 338.33224487305
65.326202392578 3.044643163681 338.26263427734
64.307929992676 4.1199760437012 338.19619750977
63.249801635742 5.1267528533936 337.94241333008
62.178115844727 6.1316075325012 337.7438659668
61.10326385498 7.1432881355286 337.60662841797
60.015659332275 8.1488780975342 337.54727172852
58.865760803223 9.0587158203125 337.76443481445
