87.461868286133 0.15527930855751 345.47723388672
56.129318237305 8.280858039856 348.03198242188
48.411525726318 -0.18643507361412 342.22674560547
49.695659637451 1.6268317699432 357.50421142578
86.486137390137 0.94377261400223 345.48968505859
85.341018676758 1.4558997154236 345.55603027344
84.172668457031 1.9110271930695 345.63223266602
82.975700378418 2.2814586162567 345.72229003906
81.777923583984 2.6491451263428 345.81280517578
80.576400756836 3.0038986206055 345.90530395508
79.368621826172 3.33567070961 346.00146484375
78.163398742676 3.677063703537 346.09613037109
76.957633972168 4.0163888931274 346.1911315918
75.742820739746 4.3200516700745 346.29159545898
74.524085998535 4.6065907478333 346.39465332031
73.316864013672 4.9402704238892 346.4905090332
72.087928771973 5.175910949707 346.60113525391
70.875038146973 5.48734998703 346.7004699707
69.649803161621 5.7428255081177 346.80813598633
68.425308227539 6.0020446777344 346.9153137207
67.196495056152 6.2384161949158 347.02581787109
65.967514038086 6.4738373756409 347.13647460938
64.758865356445 6.8020091056824 347.23318481445
63.526943206787 7.0202465057373 347.34631347656
62.298782348633 7.2602152824402 347.45629882812
61.064254760742 7.4618582725525 347.57177734375
59.828327178955 7.6538758277893 347.6887512207
58.601757049561 7.9024133682251 347.79742431641
57.367778778076 8.1076812744141 347.91244506836
85.993438720703 0.30672886967659 345.12963867188
84.480476379395 0.23984672129154 345.04977416992
82.969062805176 0.11479041725397 345.0426940918
81.458282470703 -0.017902821302414 345.04208374023
79.948432922363 -0.16057012975216 345.05001831055
78.438591003418 -0.30323675274849 345.05792236328
76.928733825684 -0.44581609964371 345.06585693359
75.413345336914 -0.50485730171204 345.05307006836
73.897285461426 -0.54070395231247 345.03454589844
72.381233215332 -0.5765506029129 345.01605224609
70.865173339844 -0.61239725351334 344.99752807617
69.348899841309 -0.60361927747726 344.96755981445
67.83277130127 -0.58522117137909 344.93508911133
66.316635131836 -0.56679677963257 344.9026184082
64.80118560791 -0.54052555561066 344.84985351562
63.291286468506 -0.48419159650803 344.71926879883
61.781414031982 -0.42770844697952 344.58831787109
60.271541595459 -0.37122511863708 344.45733642578
58.761013031006 -0.37059435248375 344.32192993164
57.250495910645 -0.37301161885262 344.18630981445
55.741916656494 -0.40726682543755 344.0344543457
54.23885345459 -0.43360057473183 343.83413696289
52.756977081299 -0.41717359423637 343.51214599609
51.317695617676 -0.39699324965477 343.03482055664
49.872959136963 -0.39593350887299 342.5735168457
86.101181030273 0.45468693971634 346.11541748047
84.611351013184 0.53695923089981 346.4690246582
83.13215637207 0.43620648980141 346.86199951172
81.655204772949 0.34408193826675 347.26525878906
80.190727233887 0.29431748390198 347.71853637695
78.726028442383 0.24502059817314 348.17108154297
77.252883911133 0.21354672312737 348.59701538086
75.768478393555 0.20844827592373 348.98321533203
74.284088134766 0.20334982872009 349.3694152832
72.799537658691 0.19957496225834 349.75491333008
71.30738067627 0.26244023442268 350.10440063477
69.814765930176 0.33232554793358 350.45056152344
68.328315734863 0.43021976947784 350.81585693359
66.853439331055 0.57347363233566 351.21188354492
65.375907897949 0.70600146055222 351.60171508789
63.896469116211 0.83048397302628 351.98687744141
62.424125671387 0.97505885362625 352.39175415039
60.955101013184 1.1103259325027 352.81161499023
59.493045806885 1.2246708869934 353.26098632812
58.03148651123 1.2573778629303 353.72497558594
56.632225036621 1.4224500656128 354.33114624023
55.224411010742 1.5687032938004 354.9221496582
53.79390335083 1.6514701843262 355.46936035156
52.374034881592 1.4723109006882 356.02114868164
51.010238647461 1.5711220502853 356.71591186523
