72.331260681152 7.0791401863098 265.63510131836
78.243988037109 -9.3299341201782 270.61273193359
83.891082763672 -7.082465171814 265.05941772461
82.023338317871 -3.9485359191895 275.14465332031
71.688400268555 6.6796712875366 265.68142700195
71.28923034668 6.0469942092896 265.81362915039
71.018852233887 5.355375289917 265.97396850586
70.874694824219 4.6317739486694 266.15490722656
70.853569030762 3.8978385925293 266.35037231445
70.926139831543 3.1691446304321 266.55331420898
71.06958770752 2.4520394802094 266.75994873047
71.262664794922 1.7470531463623 266.96795654297
71.492622375488 1.0534212589264 267.17651367188
71.774711608887 0.37915593385696 267.38473510742
72.074256896973 -0.28763157129288 267.59268188477
72.389930725098 -0.94709032773972 267.80010986328
72.724334716797 -1.5974516868591 268.00692749023
73.084106445312 -2.2345254421234 268.21252441406
73.449104309082 -2.8686771392822 268.41796875
73.819793701172 -3.4996457099915 268.62298583984
74.181976318359 -4.1353697776794 268.82852172852
74.599830627441 -4.7372674942017 269.03021240234
75.006141662598 -5.3467178344727 269.23284912109
75.438232421875 -5.9389033317566 269.4333190918
75.874473571777 -6.5281620025635 269.63342285156
76.337181091309 -7.0978708267212 269.83065795898
76.804542541504 -7.6639256477356 270.02746582031
77.25887298584 -8.2399921417236 270.22570800781
77.734283447266 -8.7996292114258 270.42153930664
72.135520935059 6.3771371841431 265.46807861328
71.835075378418 5.7000741958618 265.50173950195
71.965034484863 4.9726328849792 265.60205078125
72.378578186035 4.3761382102966 265.65344238281
73.077621459961 4.1539635658264 265.6633605957
73.515701293945 3.5499675273895 265.72381591797
73.894485473633 2.9072427749634 265.79095458984
74.310882568359 2.2851350307465 265.81954956055
74.767318725586 1.691143155098 265.83395385742
75.26237487793 1.1295087337494 265.84985351562
75.805244445801 0.61310428380966 265.86514282227
76.341751098633 0.09016028046608 265.85980224609
76.864936828613 -0.4445181787014 265.81454467773
77.390769958496 -0.97617053985596 265.76635742188
77.935829162598 -1.4858177900314 265.69689941406
78.481773376465 -1.9947353601456 265.62945556641
79.03515625 -2.4979207515717 265.5823059082
79.585678100586 -3.0039989948273 265.54016113281
80.064392089844 -3.5755305290222 265.47131347656
80.46223449707 -4.2011003494263 265.37985229492
81.024406433105 -4.6966800689697 265.38262939453
81.585380554199 -5.1931076049805 265.36428833008
82.140678405762 -5.6897950172424 265.28341674805
82.723129272461 -6.1566867828369 265.21701049805
83.312919616699 -6.6138019561768 265.14736938477
72.000900268555 6.5956192016602 266.02563476562
71.890922546387 5.9472541809082 266.27770996094
72.037673950195 5.2983593940735 266.51385498047
72.315727233887 4.802855014801 266.89135742188
72.858688354492 4.5061688423157 267.20547485352
73.200996398926 3.9960896968842 267.5569152832
73.52702331543 3.4608638286591 267.87966918945
73.974411010742 3.0004270076752 268.1794128418
74.4111328125 2.5402202606201 268.49383544922
74.816764831543 2.0830941200256 268.8522644043
75.242721557617 1.6420406103134 269.20623779297
75.717384338379 1.2421214580536 269.54797363281
76.19026184082 0.84323936700821 269.89321899414
76.64875793457 0.45278498530388 270.26617431641
77.087692260742 0.07412388920784 270.67358398438
77.526390075684 -0.30369120836258 271.08200073242
77.963119506836 -0.67424637079239 271.49908447266
78.39933013916 -1.0481795072556 271.91369628906
78.833877563477 -1.4350944757462 272.31802368164
79.272720336914 -1.8240946531296 272.71566772461
79.7099609375 -2.2159433364868 273.11196899414
80.102958679199 -2.6029648780823 273.5563659668
80.563377380371 -2.9652950763702 273.95474243164
81.050834655762 -3.3147070407867 274.33197021484
81.537338256836 -3.6355288028717 274.73495483398
