58.394180297852 8.713191986084 269.39797973633
65.014793395996 -5.9455351829529 270.73916625977
69.067810058594 0.039689287543297 267.54699707031
68.220108032227 0.31846994161606 276.06982421875
58.206787109375 8.0791254043579 269.36712646484
58.126789093018 7.4221234321594 269.35662841797
58.069000244141 6.7627425193787 269.35028076172
58.033027648926 6.1017904281616 269.34802246094
58.038143157959 5.43989610672 269.35348510742
58.078254699707 4.779287815094 269.36547851562
58.170104980469 4.1241149902344 269.38717651367
58.304019927979 3.4765374660492 269.41668701172
58.477062225342 2.8386797904968 269.45349121094
58.684722900391 2.2116434574127 269.49670410156
58.922782897949 1.5959253311157 269.54550170898
59.16960144043 0.98380160331726 269.5959777832
59.468200683594 0.39609012007713 269.6559753418
59.769493103027 -0.19019566476345 269.71643066406
60.100391387939 -0.75968819856644 269.78237915039
60.449073791504 -1.3180773258209 269.8515625
60.817615509033 -1.8630913496017 269.92434692383
61.199817657471 -2.3982756137848 269.99960327148
61.599582672119 -2.9199786186218 270.07818603516
62.039478302002 -3.4071042537689 270.16400146484
62.500694274902 -3.8733839988708 270.25360107422
62.949203491211 -4.3523120880127 270.34097290039
63.421009063721 -4.8074851036072 270.43252563477
63.923820495605 -5.2269010543823 270.52966308594
64.457054138184 -5.605438709259 270.63229370117
58.623825073242 8.3154792785645 269.04220581055
58.740013122559 7.7537279129028 268.92330932617
58.959510803223 7.2106766700745 268.87158203125
59.209011077881 6.6843681335449 268.80880737305
59.46252822876 6.1656880378723 268.75625610352
59.718185424805 5.7531175613403 268.73611450195
60.132743835449 5.5011267662048 268.61129760742
60.558670043945 5.1214871406555 268.55307006836
61.033420562744 4.8043966293335 268.41201782227
61.522537231445 4.492518901825 268.33029174805
61.925216674805 4.0964422225952 268.35177612305
62.303798675537 3.9176371097565 268.21875
62.802169799805 3.706221818924 268.11956787109
63.294509887695 3.3871915340424 268.08093261719
63.77791595459 3.0527265071869 268.06591796875
64.229270935059 2.6765561103821 268.05136108398
64.665596008301 2.292414188385 267.97454833984
65.082389831543 1.8929123878479 267.87487792969
65.462677001953 1.452993273735 267.85787963867
65.93204498291 1.123343706131 267.96499633789
66.410888671875 0.85822689533234 268.15240478516
66.956085205078 0.65539914369583 268.10940551758
67.480751037598 0.39187532663345 268.09216308594
68.012382507324 0.15596821904182 268.02969360352
68.539863586426 0.056986439973116 267.80581665039
58.501289367676 8.3500909805298 269.84918212891
58.544418334961 7.7568674087524 270.01361083984
58.637004852295 7.1665530204773 270.18756103516
58.897880554199 6.6162695884705 270.32598876953
59.191520690918 6.1282048225403 270.48736572266
59.472232818604 5.7105646133423 270.86178588867
59.835201263428 5.3096575737 271.169921875
60.258075714111 4.926420211792 271.43414306641
60.712753295898 4.5811619758606 271.69830322266
61.194244384766 4.2578544616699 271.94116210938
61.594005584717 3.889652967453 272.25378417969
62.045890808105 3.5405275821686 272.51760864258
62.545528411865 3.2250022888184 272.72720336914
62.998313903809 2.864652633667 272.97009277344
63.438896179199 2.4804093837738 273.19998168945
63.796287536621 2.0445890426636 273.46337890625
64.091819763184 1.5594393014908 273.73129272461
64.537857055664 1.1727639436722 273.94732666016
64.974044799805 0.80022877454758 274.20550537109
65.479476928711 0.53632861375809 274.46005249023
65.993125915527 0.28667744994164 274.71893310547
66.448852539062 -0.020188482478261 275.01986694336
66.875274658203 -0.287308126688 275.39544677734
67.333930969238 -0.48961290717125 275.68969726562
67.777015686035 -0.085571475327015 275.87976074219
