58.251560211182 4.2280812263489 274.94750976562
76.516311645508 -7.6932377815247 271.23291015625
80.011322021484 -0.34503951668739 268.53326416016
80.767509460449 -3.3205678462982 277.98544311523
58.117736816406 3.3920648097992 274.66625976562
58.372077941895 2.5777773857117 274.39791870117
58.798908233643 1.8299716711044 274.15441894531
59.310791015625 1.1319324970245 273.9287109375
59.923717498779 0.51087790727615 273.73022460938
60.579532623291 -0.069390535354614 273.54595947266
61.280193328857 -0.60044801235199 273.37884521484
62.005123138428 -1.1012680530548 273.22216796875
62.747749328613 -1.5781103372574 273.07373046875
63.501998901367 -2.0381731987 272.93109130859
64.271202087402 -2.4753029346466 272.79635620117
65.050216674805 -2.8964264392853 272.66711425781
65.840858459473 -3.297443151474 272.54473876953
66.639839172363 -3.6832273006439 272.42761230469
67.443519592285 -4.0600457191467 272.31350708008
68.251441955566 -4.428551197052 272.20227050781
69.071029663086 -4.7728915214539 272.09921264648
69.896873474121 -5.1034164428711 272.00091552734
70.717277526855 -5.4460163116455 271.89855957031
71.543273925781 -5.7761693000793 271.80035400391
72.361961364746 -6.1224551200867 271.69671630859
73.192085266113 -6.443078994751 271.60177612305
74.020866394043 -6.7668461799622 271.50576782227
74.843414306641 -7.1047263145447 271.40493774414
75.651184082031 -7.4735493659973 271.29357910156
58.837383270264 3.8362090587616 274.37985229492
59.334079742432 3.2254576683044 273.99893188477
60.2287940979 3.1782085895538 273.87496948242
61.05411529541 2.8661453723907 273.64614868164
61.865879058838 2.5140886306763 273.42666625977
62.686344146729 2.1648123264313 273.24105834961
63.539951324463 1.8897157907486 273.08093261719
64.376991271973 1.6125351190567 272.8537902832
65.250534057617 1.4065455198288 272.69515991211
66.109725952148 1.1812547445297 272.49172973633
66.980926513672 0.9492861032486 272.35791015625
67.852424621582 0.75680965185165 272.17196655273
68.722930908203 0.58675968647003 271.96157836914
69.594573974609 0.46006774902344 271.72668457031
70.476036071777 0.36872941255569 271.51330566406
71.34122467041 0.26407125592232 271.24597167969
72.220947265625 0.18245002627373 271.02185058594
73.081443786621 0.11993688344955 270.72714233398
73.946914672852 0.068900503218174 270.44540405273
74.81330871582 -0.040919363498688 270.18383789062
75.676834106445 -0.10619200766087 269.89874267578
76.547119140625 -0.16214096546173 269.63284301758
77.418258666992 -0.22040690481663 269.37030029297
78.288444519043 -0.30021154880524 269.1103515625
79.127105712891 -0.34194841980934 268.75549316406
58.727752685547 3.4905245304108 275.29125976562
59.252445220947 2.7213573455811 275.21487426758
60.16943359375 2.525892496109 275.29455566406
61.026218414307 2.1335985660553 275.36636352539
61.884651184082 1.7368016242981 275.33731079102
62.76639175415 1.3950597047806 275.30081176758
63.65990447998 1.0863481760025 275.25595092773
64.556297302246 0.78312385082245 275.2385559082
65.447227478027 0.46491298079491 275.22198486328
66.349067687988 0.17919574677944 275.25115966797
67.247833251953 -0.11309514194727 275.30102539062
68.157615661621 -0.36768037080765 275.35678100586
69.074478149414 -0.58719170093536 275.43994140625
69.987861633301 -0.80517983436584 275.55825805664
70.892723083496 -1.0455243587494 275.69641113281
71.794364929199 -1.2708704471588 275.87414550781
72.711387634277 -1.4728960990906 275.99032592773
73.604934692383 -1.7385025024414 276.15383911133
74.507949829102 -1.9584978818893 276.33215332031
75.393905639648 -2.2018485069275 276.55895996094
76.300804138184 -2.3852365016937 276.75708007812
77.179649353027 -2.5798230171204 277.04867553711
78.091804504395 -2.7625768184662 277.22314453125
78.997619628906 -2.9378600120544 277.43432617188
79.884819030762 -3.1365175247192 277.69757080078
