63.467735290527 -8.629451751709 325.37734985352
59.762596130371 7.06036901474 324.58609008789
48.138458251953 5.7189259529114 321.15243530273
49.922885894775 6.5987071990967 332.24096679688
63.898254394531 -8.1430435180664 325.26852416992
64.148178100586 -7.540235042572 325.17742919922
64.320930480957 -6.9096460342407 325.09588623047
64.412742614746 -6.2609968185425 325.02532958984
64.447006225586 -5.6059250831604 324.96307373047
64.440002441406 -4.9494299888611 324.90704345703
64.410400390625 -4.2932686805725 324.85458374023
64.355072021484 -3.638462305069 324.80621337891
64.27417755127 -2.9860200881958 324.76202392578
64.183128356934 -2.334810256958 324.71942138672
64.099761962891 -1.6826604604721 324.67559814453
63.964374542236 -1.0387517213821 324.64053344727
63.811431884766 -0.39862909913063 324.60861206055
63.605930328369 0.22701907157898 324.58596801758
63.400238037109 0.8526012301445 324.56338500977
63.161834716797 1.4666578769684 324.54684448242
62.903717041016 2.072785615921 324.53405761719
62.656970977783 2.6835770606995 324.51913452148
62.366268157959 3.2748696804047 324.51266479492
62.055957794189 3.8561418056488 324.51007080078
61.737453460693 4.4329714775085 324.50915527344
61.390659332275 4.9932279586792 324.51406860352
61.027721405029 5.5431118011475 324.52239990234
60.599708557129 6.0435843467712 324.54501342773
60.173442840576 6.5455574989319 324.56732177734
63.186763763428 -7.9493312835693 324.923828125
62.995765686035 -7.1768174171448 324.5862121582
62.693614959717 -6.4165043830872 324.30740356445
62.287605285645 -5.6841673851013 324.09274291992
61.881355285645 -4.9519062042236 323.87832641602
61.425548553467 -4.2352018356323 323.71771240234
60.941032409668 -3.5306923389435 323.59060668945
60.456512451172 -2.8261828422546 323.46353149414
59.971996307373 -2.1216731071472 323.33642578125
59.487480163574 -1.4171636104584 323.20935058594
58.9296875 -0.76303786039352 323.11874389648
58.341110229492 -0.13425198197365 323.04495239258
57.752506256104 0.49451264739037 322.97116088867
57.163902282715 1.1232755184174 322.89736938477
56.508476257324 1.6720749139786 322.76934814453
55.825996398926 2.180214881897 322.6169128418
55.143413543701 2.6881949901581 322.46432495117
54.418273925781 3.1394476890564 322.33111572266
53.658752441406 3.5359327793121 322.21646118164
52.899028778076 3.9320907592773 322.10192871094
52.115509033203 4.2699594497681 321.9635925293
51.329769134521 4.6016783714294 321.82281494141
50.51639175415 4.8729677200317 321.71331787109
49.708232879639 5.1431860923767 321.56811523438
48.930416107178 5.4037284851074 321.29586791992
63.368328094482 -7.9153614044189 325.86932373047
63.339855194092 -7.0899930000305 326.15365600586
63.231475830078 -6.258026599884 326.39630126953
63.011940002441 -5.4386959075928 326.60079956055
62.519779205322 -4.7342557907104 326.75762939453
62.029148101807 -4.0338144302368 326.93566894531
61.561611175537 -3.3237884044647 327.13635253906
61.127883911133 -2.5817492008209 327.29229736328
60.694030761719 -1.8397560119629 327.44808959961
60.250144958496 -1.1020077466965 327.59548950195
59.761363983154 -0.39147591590881 327.73416137695
59.212745666504 0.27588772773743 327.86343383789
58.663402557373 0.94233769178391 327.99340820312
58.024265289307 1.4963090419769 328.21176147461
57.377075195312 2.0372054576874 328.43899536133
56.72966003418 2.5777263641357 328.66638183594
56.037403106689 3.0387327671051 328.93341064453
55.340637207031 3.4903461933136 329.20474243164
54.634052276611 3.9207315444946 329.48504638672
53.918083190918 4.3291435241699 329.77426147461
53.189258575439 4.6731677055359 330.11120605469
52.500160217285 5.0353846549988 330.50741577148
51.829490661621 5.4422206878662 330.89178466797
51.227317810059 5.7929148674011 331.41842651367
50.525405883789 6.1712822914124 331.77478027344
