69.97989654541 3.1651384830475 269.72708129883
78.414825439453 -6.6032037734985 272.12240600586
80.350219726562 -5.0888590812683 269.0856628418
80.234115600586 -4.2092890739441 274.84539794922
70.016555786133 2.6593217849731 269.81057739258
70.181701660156 2.1812946796417 269.90270996094
70.386375427246 1.7190959453583 269.99633789062
70.615356445312 1.2685772180557 270.09063720703
70.879234313965 0.83765614032745 270.18530273438
71.16234588623 0.41912457346916 270.2799987793
71.463890075684 0.013631728477776 270.37454223633
71.782783508301 -0.37846556305885 270.46862792969
72.113830566406 -0.76043289899826 270.56243896484
72.458213806152 -1.1305644512177 270.65573120117
72.805168151855 -1.4983114004135 270.74884033203
73.165458679199 -1.8531749248505 270.84133911133
73.52303314209 -2.2107398509979 270.93399047852
73.888153076172 -2.5607059001923 271.02618408203
74.257118225098 -2.9066894054413 271.11813354492
74.628326416016 -3.2503004074097 271.20993041992
74.997947692871 -3.5955944061279 271.30181884766
75.375877380371 -3.931928396225 271.39315795898
75.751037597656 -4.271294593811 271.48471069336
76.125877380371 -4.6110019683838 271.57626342773
76.501564025879 -4.9497966766357 271.66775512695
76.880592346191 -5.284912109375 271.75903320312
77.261665344238 -5.6177458763123 271.85009765625
77.661842346191 -5.9278182983398 271.93957519531
78.030090332031 -6.2745509147644 272.03158569336
70.383232116699 2.8656599521637 269.62213134766
70.715370178223 2.4736998081207 269.65048217773
71.055168151855 2.0883886814117 269.67932128906
71.397659301758 1.7055231332779 269.70858764648
71.749938964844 1.332423210144 269.74667358398
72.106689453125 0.96400213241577 269.78845214844
72.475051879883 0.60702776908875 269.82672119141
72.889358520508 0.30276104807854 269.84976196289
73.303199768066 -0.0021163790952414 269.87255859375
73.700790405273 -0.32833957672119 269.88851928711
74.092933654785 -0.66119295358658 269.90176391602
74.497383117676 -0.97919845581055 269.90048217773
74.920783996582 -1.2704252004623 269.87448120117
75.344215393066 -1.5615723133087 269.84814453125
75.76912689209 -1.84892141819 269.80767822266
76.194000244141 -2.1360945701599 269.76565551758
76.609146118164 -2.4361190795898 269.71673583984
77.023887634277 -2.7366333007812 269.66735839844
77.438194274902 -3.0357241630554 269.60696411133
77.851638793945 -3.334716796875 269.54049682617
78.257270812988 -3.6420645713806 269.46459960938
78.670616149902 -3.9372251033783 269.38226318359
79.088539123535 -4.2260694503784 269.30062866211
79.51001739502 -4.5136852264404 269.234375
79.932327270508 -4.7994294166565 269.16534423828
70.308410644531 2.9319553375244 270.06469726562
70.643783569336 2.5617954730988 270.23870849609
70.980346679688 2.1894810199738 270.4055480957
71.33602142334 1.8277394771576 270.55523681641
71.700996398926 1.4723241329193 270.6975402832
72.075012207031 1.1255680322647 270.83758544922
72.465347290039 0.79578101634979 270.97412109375
72.865264892578 0.48019921779633 271.11627197266
73.278366088867 0.18652379512787 271.26748657227
73.687477111816 -0.10238876193762 271.43759155273
74.096199035645 -0.39384484291077 271.60424804688
74.505393981934 -0.6865816116333 271.76724243164
74.921363830566 -0.95056134462357 271.95977783203
75.336730957031 -1.2083871364594 272.16168212891
75.750450134277 -1.4635170698166 272.37030029297
76.159370422363 -1.719766497612 272.58685302734
76.556739807129 -1.9820083379745 272.81729125977
76.951362609863 -2.2454702854156 273.05096435547
77.368453979492 -2.4957571029663 273.25875854492
77.782493591309 -2.7459433078766 273.47262573242
78.185279846191 -2.9952099323273 273.7080078125
78.597702026367 -3.2258379459381 273.94570922852
79.01611328125 -3.4633936882019 274.16540527344
79.434326171875 -3.7106664180756 274.37454223633
79.860153198242 -3.9560062885284 274.57012939453
