104.58392333984 -34.375480651855 337.90100097656
82.436294555664 7.4364957809448 349.86236572266
53.462921142578 -6.6039657592773 321.37484741211
63.553562164307 -18.114707946777 360.72821044922
106.17418670654 -32.871593475342 338.34530639648
107.50526428223 -31.156217575073 338.84927368164
108.5474395752 -29.268703460693 339.40127563477
109.33480072021 -27.267278671265 339.98477172852
109.87046813965 -25.191213607788 340.58834838867
110.14205932617 -23.064800262451 341.20489501953
110.18354034424 -20.920942306519 341.82513427734
109.91974639893 -18.79008102417 342.43984985352
109.40649414062 -16.702871322632 343.04043579102
108.72435760498 -14.660585403442 343.62704467773
107.82738494873 -12.699809074402 344.18881225586
106.69258880615 -10.856854438782 344.71505737305
105.3731918335 -9.1241750717163 345.20837402344
103.98706817627 -7.44029712677 345.68719482422
102.49824523926 -5.8387479782104 346.14157104492
100.80076599121 -4.443835735321 346.53500366211
98.999534606934 -3.1748194694519 346.89135742188
97.123680114746 -2.0094919204712 347.21728515625
95.255363464355 -0.83341401815414 347.54635620117
93.503700256348 0.4916815161705 347.91925048828
91.884407043457 1.9711502790451 348.33755493164
90.192001342773 3.3737304210663 348.73318481445
88.40576171875 4.6643781661987 349.09591674805
86.585876464844 5.9106249809265 349.4455871582
84.557945251465 6.7631301879883 349.68014526367
104.9660949707 -31.793905258179 337.55987548828
105.35945892334 -29.195234298706 337.65789794922
105.13026428223 -26.572120666504 337.6770324707
104.57124328613 -24.013500213623 337.72808837891
102.84794616699 -22.041213989258 337.81979370117
100.53186035156 -20.822435379028 337.55252075195
98.04109954834 -19.985816955566 337.37945556641
95.621406555176 -18.965599060059 337.17901611328
93.157272338867 -18.048305511475 337.02874755859
90.713104248047 -17.074317932129 336.96298217773
88.230583190918 -16.332546234131 336.50619506836
85.733360290527 -16.000535964966 335.74725341797
83.406066894531 -15.221132278442 334.80236816406
81.18189239502 -14.015935897827 334.06973266602
78.90209197998 -12.917971611023 333.34298706055
76.494316101074 -12.102849960327 332.6569519043
74.031829833984 -11.544766426086 331.90936279297
71.657119750977 -10.915197372437 330.96072387695
69.34098815918 -10.339139938354 329.84744262695
67.097885131836 -9.8065271377563 328.57400512695
64.858421325684 -9.333477973938 327.27093505859
62.636089324951 -8.8424768447876 325.94537353516
60.448497772217 -8.33909034729 324.56784057617
58.14864730835 -7.8522381782532 323.38012695312
55.841632843018 -7.3732085227966 322.20315551758
104.78523254395 -32.812713623047 339.41567993164
104.97873687744 -30.928058624268 340.50717163086
105.01651763916 -28.967807769775 341.47448730469
104.81205749512 -27.149612426758 342.66931152344
104.10238647461 -25.266506195068 343.51626586914
102.79650115967 -23.870471954346 344.55923461914
100.91304016113 -23.140169143677 345.39321899414
98.951774597168 -22.709846496582 346.25592041016
97.022094726562 -21.955984115601 346.95211791992
95.229583740234 -20.915719985962 347.64910888672
93.406135559082 -19.918416976929 348.31405639648
91.342231750488 -19.57221031189 348.94653320312
89.255088806152 -19.399280548096 349.57470703125
87.159492492676 -19.336143493652 350.19268798828
85.061187744141 -19.523012161255 350.77352905273
83.002166748047 -19.360975265503 351.48114013672
81.009307861328 -18.667478561401 352.0530090332
79.005874633789 -18.145727157593 352.75369262695
77.038650512695 -17.897476196289 353.67510986328
75.102928161621 -17.74231338501 354.68008422852
73.168014526367 -17.621866226196 355.69125366211
71.183197021484 -17.535871505737 356.60458374023
69.214157104492 -17.432220458984 357.54949951172
67.323539733887 -17.381769180298 358.6462097168
65.397087097168 -17.672246932983 359.63882446289
