58.112419128418 -2.7019395828247 265.03424072266
67.505889892578 5.1789846420288 265.98608398438
67.490913391113 3.5047941207886 268.64813232422
68.938766479492 2.8325655460358 264.34283447266
58.162357330322 -2.2242884635925 264.98052978516
58.3444480896 -1.777405500412 264.95932006836
58.625312805176 -1.3838740587234 264.96646118164
58.94197845459 -1.018979549408 264.98519897461
59.287017822266 -0.68136805295944 265.013671875
59.640911102295 -0.35335347056389 265.04531860352
60.006885528564 -0.03934395685792 265.08151245117
60.377323150635 0.26918667554855 265.11935424805
60.749919891357 0.57499945163727 265.15798950195
61.135299682617 0.86382925510406 265.20169067383
61.523296356201 1.1489676237106 265.24642944336
61.914009094238 1.4301942586899 265.29232788086
62.305286407471 1.7105880975723 265.33843994141
62.707324981689 1.974494099617 265.38909912109
63.10941696167 2.2383217811584 265.4397277832
63.514892578125 2.4966282844543 265.49188232422
63.92183303833 2.7524864673615 265.5446472168
64.334259033203 2.9988605976105 265.5998840332
64.728713989258 3.27454662323 265.64727783203
65.124610900879 3.5480568408966 265.69528198242
65.520988464355 3.8208401203156 265.74353027344
65.921913146973 4.0865292549133 265.79370117188
66.318832397461 4.3584666252136 265.84216308594
66.714080810547 4.6329579353333 265.88989257812
67.11833190918 4.8932185173035 265.94149780273
58.277156829834 -2.3403608798981 265.26000976562
58.584251403809 -2.0057651996613 265.31204223633
58.957588195801 -1.7620074748993 265.42431640625
59.322715759277 -1.5050287246704 265.53414916992
59.693855285645 -1.2527539730072 265.63442993164
60.065277099609 -1.0007020235062 265.73422241211
60.435508728027 -0.74751019477844 265.83551025391
60.802639007568 -0.4914778470993 265.94091796875
61.171661376953 -0.23843584954739 266.04672241211
61.550975799561 -0.0020976315718144 266.15490722656
61.930297851562 0.23406480252743 266.26345825195
62.30973815918 0.46769896149635 266.37686157227
62.689189910889 0.69444847106934 266.50354003906
63.066867828369 0.92318844795227 266.6318359375
63.43546295166 1.1618191003799 266.76834106445
63.804008483887 1.4003514051437 266.90518188477
64.17170715332 1.6371842622757 267.04711914062
64.539703369141 1.8723102807999 267.19097900391
64.921409606934 2.0822160243988 267.33825683594
65.304672241211 2.2881262302399 267.48696899414
65.674530029297 2.494065284729 267.66650390625
66.04052734375 2.6998519897461 267.85394287109
66.400482177734 2.9062464237213 268.05212402344
66.762405395508 3.1003358364105 268.25894165039
67.126663208008 3.3025650978088 268.45355224609
58.397087097168 -2.3993773460388 264.81158447266
58.747570037842 -2.0853505134583 264.77066040039
59.172210693359 -1.8752346038818 264.75820922852
59.591415405273 -1.654639005661 264.75384521484
59.988506317139 -1.3971185684204 264.77908325195
60.385913848877 -1.1400271654129 264.80319213867
60.787944793701 -0.8891686797142 264.81137084961
61.192352294922 -0.64201277494431 264.81063842773
61.597602844238 -0.39624115824699 264.80981445312
62.004325866699 -0.1529556363821 264.80889892578
62.421077728271 0.072739787399769 264.80822753906
62.845024108887 0.28462472558022 264.80755615234
63.265556335449 0.50314635038376 264.8024597168
63.690853118896 0.71186256408691 264.78894042969
64.121643066406 0.90807795524597 264.76547241211
64.551040649414 1.1078151464462 264.74661254883
64.98176574707 1.3050308227539 264.73223876953
65.417510986328 1.4911971092224 264.72250366211
65.853988647461 1.6745351552963 264.70013427734
66.294830322266 1.8438845872879 264.66012573242
66.742721557617 1.9947688579559 264.62530517578
67.174659729004 2.1759965419769 264.55307006836
67.614204406738 2.3452622890472 264.50042724609
68.062980651855 2.4937543869019 264.46618652344
68.506385803223 2.6461453437805 264.39694213867
