71.362258911133 4.4222979545593 272.17538452148
75.592056274414 -3.402304649353 272.33279418945
83.602409362793 -1.9080566167831 267.20782470703
80.547393798828 -2.7255311012268 280.19641113281
71.276496887207 4.0850529670715 272.12567138672
71.288520812988 3.7349057197571 272.0954284668
71.334800720215 3.3870465755463 272.0725402832
71.407943725586 3.0434739589691 272.05575561523
71.508308410645 2.7065854072571 272.04528808594
71.624610900879 2.3747663497925 272.03872680664
71.760757446289 2.0505514144897 272.03698730469
71.926483154297 1.7404277324677 272.04275512695
72.103782653809 1.4368426799774 272.05169677734
72.286087036133 1.1362768411636 272.06192016602
72.47265625 0.83838558197021 272.07327270508
72.673347473145 0.5499906539917 272.08853149414
72.874099731445 0.26164105534554 272.10375976562
73.07218170166 -0.028586370870471 272.11825561523
73.276245117188 -0.31454679369926 272.13442993164
73.474670410156 -0.6045355796814 272.14907836914
73.677513122559 -0.89138734340668 272.16491699219
73.873374938965 -1.1831431388855 272.17880249023
74.08487701416 -1.4635217189789 272.19708251953
74.293502807617 -1.7460950613022 272.21453857422
74.494598388672 -2.0341980457306 272.22985839844
74.70565032959 -2.3149273395538 272.24801635742
74.916656494141 -2.595691204071 272.26611328125
75.126861572266 -2.8770627975464 272.28402709961
75.356872558594 -3.1420457363129 272.30767822266
71.749900817871 4.056013584137 271.97103881836
72.134788513184 3.6420655250549 271.88980102539
72.592460632324 3.3044607639313 271.83438110352
73.034088134766 2.9725923538208 271.68533325195
73.476387023926 2.6443588733673 271.53140258789
73.93074798584 2.3601927757263 271.33123779297
74.389846801758 2.1057133674622 271.10357666016
74.852951049805 1.8678956031799 270.86627197266
75.32054901123 1.6538701057434 270.61541748047
75.784164428711 1.4460462331772 270.35256958008
76.231460571289 1.2629141807556 270.04638671875
76.689765930176 1.090927362442 269.75015258789
77.15454864502 0.92317324876785 269.46179199219
77.638366699219 0.74911373853683 269.2109375
78.144538879395 0.58134627342224 269.0036315918
78.666290283203 0.41875636577606 268.83419799805
79.175994873047 0.24547143280506 268.64041137695
79.683990478516 0.07080789655447 268.44342041016
80.180976867676 -0.12592262029648 268.23947143555
80.659378051758 -0.39235919713974 268.07357788086
81.111038208008 -0.68125319480896 267.87387084961
81.614059448242 -0.91102713346481 267.72705078125
82.134727478027 -1.1087032556534 267.5959777832
82.61759185791 -1.385088801384 267.46240234375
83.100746154785 -1.6594399213791 267.32577514648
71.608322143555 3.9942865371704 272.4231262207
71.932037353516 3.5539133548737 272.4990234375
72.334075927734 3.231374502182 272.7021484375
72.702033996582 2.8642909526825 272.89379882812
73.090431213379 2.5490601062775 273.13180541992
73.448760986328 2.2507283687592 273.43151855469
73.805458068848 1.9524937868118 273.73309326172
74.134307861328 1.657773733139 274.06784057617
74.447570800781 1.3965921401978 274.44314575195
74.760108947754 1.15112221241 274.82946777344
75.097862243652 0.91246771812439 275.19839477539
75.408226013184 0.68522745370865 275.59747314453
75.714530944824 0.46104767918587 276.00137329102
76.038047790527 0.2380585372448 276.39208984375
76.419372558594 0.030505392700434 276.7366027832
76.814079284668 -0.19957594573498 277.05038452148
77.184288024902 -0.42300805449486 277.39712524414
77.541801452637 -0.63960325717926 277.76113891602
77.904327392578 -0.85293346643448 278.12203979492
78.254837036133 -1.1109055280685 278.46517944336
78.596038818359 -1.4295787811279 278.76388549805
78.957595825195 -1.7600480318069 279.02328491211
79.340301513672 -2.0556817054749 279.29409790039
79.700988769531 -2.3258438110352 279.61682128906
80.083946228027 -2.5658071041107 279.93774414062
