61.575729370117 5.6597056388855 281.72619628906
70.496055603027 -0.98425960540771 282.03756713867
74.461723327637 1.1850858926773 281.26644897461
72.5576171875 -1.3270683288574 286.4563293457
61.632160186768 5.2555160522461 281.55603027344
61.84154510498 4.8769626617432 281.47348022461
62.070297241211 4.5071682929993 281.40194702148
62.363166809082 4.1777534484863 281.36703491211
62.656036376953 3.8483383655548 281.33212280273
62.987091064453 3.5570998191833 281.31817626953
63.32833480835 3.2760524749756 281.3098449707
63.669582366943 2.9950053691864 281.30151367188
64.023048400879 2.7303495407104 281.31100463867
64.383728027344 2.4753651618958 281.33099365234
64.744407653809 2.2203807830811 281.35098266602
65.113311767578 1.9794098138809 281.38180541992
65.490753173828 1.7529758214951 281.42391967773
65.868194580078 1.5265417098999 281.46603393555
66.245628356934 1.300107717514 281.50814819336
66.625778198242 1.0779246091843 281.54797363281
67.010025024414 0.86219882965088 281.58428955078
67.394271850586 0.64647305011749 281.62063598633
67.776206970215 0.42766916751862 281.66244506836
68.157768249512 0.20836690068245 281.70516967773
68.542533874512 -0.0053385570645332 281.74743652344
68.928436279297 -0.21701984107494 281.78955078125
69.312164306641 -0.43359389901161 281.82391357422
69.699851989746 -0.63965058326721 281.87292480469
70.095062255859 -0.8234378695488 281.94659423828
61.938541412354 5.3850674629211 281.44772338867
62.339405059814 5.0632457733154 281.30453491211
62.801116943359 4.8088974952698 281.21694946289
63.264156341553 4.556501865387 281.13186645508
63.749691009521 4.3374152183533 281.08959960938
64.240463256836 4.1281762123108 281.05950927734
64.731239318848 3.9189591407776 281.02941894531
65.222640991211 3.7110877037048 281.00091552734
65.722869873047 3.5232355594635 280.99575805664
66.223098754883 3.3353834152222 280.99063110352
66.723449707031 3.1478517055511 280.9856262207
67.227645874023 2.9709560871124 280.98498535156
67.741928100586 2.8263881206512 280.99728393555
68.256553649902 2.6832664012909 281.01214599609
68.771751403809 2.5427558422089 281.0315246582
69.286979675293 2.4023771286011 281.05093383789
69.804573059082 2.2715756893158 281.07391357422
70.324058532715 2.1490712165833 281.09976196289
70.846801757812 2.0386116504669 281.10836791992
71.373672485352 1.9537616968155 281.08102416992
71.897277832031 1.8474290370941 281.07220458984
72.421531677246 1.7439841032028 281.07214355469
72.940101623535 1.6194499731064 281.10546875
73.434478759766 1.4430100917816 281.20532226562
73.935668945312 1.2759879827499 281.28564453125
61.766101837158 5.1751570701599 281.87344360352
62.061107635498 4.7323608398438 281.96746826172
62.466934204102 4.4051465988159 282.11444091797
62.87325668335 4.078507900238 282.26129150391
63.2912940979 3.7654502391815 282.40484619141
63.715167999268 3.4595282077789 282.54663085938
64.139129638672 3.1537518501282 282.68850708008
64.565567016602 2.8526873588562 282.83297729492
64.997512817383 2.5624935626984 282.98324584961
65.429595947266 2.2729184627533 283.13415527344
65.867980957031 2.0087280273438 283.31134033203
66.306999206543 1.7474708557129 283.49127197266
66.751083374023 1.4958375692368 283.67245483398
67.206748962402 1.2681537866592 283.85653686523
67.657005310059 1.0426026582718 284.0559387207
68.100425720215 0.81975138187408 284.27294921875
68.539260864258 0.59144222736359 284.49353027344
68.975646972656 0.35945942997932 284.71517944336
69.425903320312 0.14029450714588 284.92156982422
69.872253417969 -0.084356017410755 285.13055419922
70.324195861816 -0.29529076814651 285.34176635742
70.78010559082 -0.48270970582962 285.56622314453
71.244262695312 -0.67904824018478 285.7646484375
71.657859802246 -0.90993273258209 286.02722167969
72.126586914062 -1.1097276210785 286.21072387695
