8.5627698898315 -24.463024139404 -18.710590362549
1.7758195400238 -1.3990107774734 -12.256120681763
-15.541111946106 -0.13298019766808 -20.000074386597
-14.325016021729 -5.4274773597717 -2.3719429969788
9.2434597015381 -23.73024559021 -18.527698516846
9.5490379333496 -22.785127639771 -18.277643203735
9.7490653991699 -21.814344406128 -18.017988204956
9.8924446105957 -20.834524154663 -17.754465103149
10.001794815063 -19.850921630859 -17.489072799683
10.049886703491 -18.863149642944 -17.221021652222
10.035989761353 -17.874719619751 -16.951257705688
9.9696369171143 -16.888633728027 -16.680843353271
9.8387222290039 -15.909004211426 -16.410585403442
9.6453647613525 -14.939299583435 -16.141489028931
9.4494962692261 -13.970108985901 -15.872471809387
9.2181577682495 -13.008558273315 -15.604657173157
8.9120092391968 -12.067083358765 -15.340463638306
8.5393667221069 -11.148620605469 -15.080900192261
8.0895547866821 -10.263220787048 -14.82843875885
7.6905994415283 -9.3550882339478 -14.571039199829
7.2826285362244 -8.4507732391357 -14.314455986023
6.8303260803223 -7.5667247772217 -14.062301635742
6.2671222686768 -6.7443828582764 -13.824222564697
5.7041349411011 -5.9219512939453 -13.586124420166
5.0856595039368 -5.1376647949219 -13.357048988342
4.4972591400146 -4.3320446014404 -13.122905731201
3.852258682251 -3.5679605007172 -12.898682594299
3.1208262443542 -2.8803062438965 -12.693152427673
2.4187250137329 -2.164742231369 -12.480741500854
8.1783390045166 -23.583002090454 -19.707078933716
7.7437767982483 -22.329692840576 -20.116914749146
7.3779211044312 -20.991846084595 -20.210834503174
6.9443483352661 -19.671770095825 -20.160545349121
6.4233989715576 -18.387838363647 -20.047674179077
5.7971262931824 -17.146602630615 -20.021482467651
5.1502242088318 -15.918716430664 -19.935815811157
4.4468293190002 -14.720139503479 -19.902172088623
3.6288325786591 -13.596834182739 -19.954341888428
2.7624595165253 -12.510500907898 -19.995449066162
1.8264387845993 -11.487524032593 -19.891136169434
0.86494278907776 -10.483186721802 -19.868688583374
-0.1149163171649 -9.497989654541 -19.903284072876
-1.2358505725861 -8.6787004470825 -19.980195999146
-2.3753347396851 -7.8818726539612 -19.99005317688
-3.5379166603088 -7.1231346130371 -19.910364151001
-4.6932473182678 -6.3492188453674 -19.904829025269
-5.8726997375488 -5.6129422187805 -19.892688751221
-7.1144804954529 -4.9882235527039 -19.863382339478
-8.2778406143188 -4.2273969650269 -19.902744293213
-9.4417104721069 -3.4673864841461 -19.94202041626
-10.638668060303 -2.7603352069855 -19.975698471069
-11.865913391113 -2.1069610118866 -20.003610610962
-13.091921806335 -1.4507528543472 -20.013942718506
-14.316516876221 -0.79186648130417 -20.007007598877
8.6711196899414 -23.995721817017 -17.417593002319
8.3837833404541 -23.128200531006 -16.386180877686
7.932092666626 -22.118232727051 -15.562973976135
7.4786787033081 -21.052888870239 -14.814117431641
7.0414338111877 -19.904758453369 -14.188586235046
6.4084272384644 -18.870765686035 -13.531293869019
5.7297477722168 -17.869022369385 -12.869633674622
5.0072951316833 -16.883012771606 -12.231118202209
4.2346591949463 -15.942639350891 -11.582678794861
3.42600274086 -15.075859069824 -10.878094673157
2.5218358039856 -14.26589012146 -10.2236328125
1.5745426416397 -13.492601394653 -9.5859813690186
0.60717248916626 -12.742046356201 -8.9516115188599
-0.46785292029381 -12.087773323059 -8.387638092041
-1.5854613780975 -11.435760498047 -7.9111576080322
-2.642792224884 -10.872497558594 -7.2283158302307
-3.7920920848846 -10.299959182739 -6.7250785827637
-4.9276328086853 -9.6965646743774 -6.226667881012
-6.0661072731018 -9.0924091339111 -5.7360715866089
-7.2655944824219 -8.5542755126953 -5.3194589614868
-8.4496955871582 -8.0273656845093 -4.8480758666992
-9.6041851043701 -7.4614849090576 -4.349205493927
-10.766919136047 -6.9365601539612 -3.8253428936005
-11.93363571167 -6.4844574928284 -3.2454175949097
-13.123887062073 -5.9779024124146 -2.767256975174
