55.389015197754 4.1089482307434 269.8967590332
71.012283325195 -3.1806538105011 268.23199462891
73.555000305176 3.0586042404175 266.99392700195
74.294845581055 -1.3507462739944 274.56463623047
55.385578155518 3.4705033302307 269.60314941406
55.635948181152 2.8635833263397 269.35134887695
56.033683776855 2.3214769363403 269.14517211914
56.531372070312 1.8516145944595 268.98297119141
57.082111358643 1.4344476461411 268.85070800781
57.665924072266 1.0577499866486 268.74057006836
58.273334503174 0.71498280763626 268.64862060547
58.900905609131 0.40591675043106 268.57424926758
59.541126251221 0.12096961587667 268.51235961914
60.19087600708 -0.14374256134033 268.46078491211
60.847778320312 -0.39178651571274 268.41766357422
61.512645721436 -0.61935788393021 268.38479614258
62.178192138672 -0.84506595134735 268.35284423828
62.844825744629 -1.0677355527878 268.32232666016
63.514289855957 -1.2822839021683 268.29592895508
64.190101623535 -1.4769985675812 268.27932739258
64.86784362793 -1.6651784181595 268.26596069336
65.545059204102 -1.8551493883133 268.25164794922
66.217231750488 -2.0615255832672 268.22933959961
66.900482177734 -2.2290790081024 268.22598266602
67.586715698242 -2.3839359283447 268.22882080078
68.273384094238 -2.5368738174438 268.23254394531
68.958915710449 -2.6948578357697 268.23382568359
69.645011901855 -2.8503515720367 268.23635864258
70.325080871582 -3.0301723480225 268.22705078125
55.859939575195 3.8863790035248 269.40570068359
56.403747558594 3.4704208374023 269.21548461914
57.103996276855 3.5042243003845 269.03594970703
57.806701660156 3.4097065925598 268.88659667969
58.515037536621 3.2856769561768 268.79513549805
59.219650268555 3.160355091095 268.67956542969
59.927722930908 3.0465152263641 268.57357788086
60.637218475342 2.9381859302521 268.47174072266
61.352291107178 2.8553459644318 268.38635253906
62.071453094482 2.7964134216309 268.31637573242
62.790615081787 2.7374806404114 268.2463684082
63.509895324707 2.6799583435059 268.17666625977
64.23087310791 2.6426141262054 268.11068725586
64.952201843262 2.6105470657349 268.04568481445
65.673530578613 2.579042673111 267.98046875
66.394836425781 2.559103012085 267.91088867188
67.11547088623 2.5639617443085 267.83197021484
67.83610534668 2.568820476532 267.75302124023
68.556533813477 2.574369430542 267.67279052734
69.27074432373 2.6009862422943 267.55133056641
69.982444763184 2.6347515583038 267.41763305664
70.69734954834 2.6915502548218 267.31176757812
71.413764953613 2.7752494812012 267.23889160156
72.129669189453 2.8628523349762 267.16564941406
72.840042114258 2.9855635166168 267.0891418457
55.728546142578 3.4223709106445 270.10858154297
56.211006164551 2.8569946289062 270.03088378906
56.942127227783 2.8847455978394 270.33087158203
57.67700958252 2.5886309146881 270.46249389648
58.427600860596 2.3203620910645 270.56240844727
59.18111038208 2.062450170517 270.66754150391
59.93628692627 1.8112498521805 270.77670288086
60.697410583496 1.5794140100479 270.88711547852
61.466789245605 1.3781604766846 271.00061035156
62.23543548584 1.1819301843643 271.12643432617
62.992889404297 0.94243705272675 271.24575805664
63.749366760254 0.69885635375977 271.35885620117
64.522232055664 0.54875481128693 271.51852416992
65.293869018555 0.3976743221283 271.68316650391
66.063819885254 0.24564903974533 271.85464477539
66.830513000488 0.096868857741356 272.04266357422
67.591575622559 -0.046814445406199 272.25595092773
68.352645874023 -0.19049911201 272.46920776367
69.113471984863 -0.33364441990852 272.68359375
69.867576599121 -0.46190643310547 272.92889404297
70.612594604492 -0.57360488176346 273.20779418945
71.364685058594 -0.7064061164856 273.45690917969
72.121284484863 -0.85600876808167 273.68170166016
72.876197814941 -1.0056599378586 273.91204833984
73.620727539062 -1.1561508178711 274.17343139648
