-11.927145004272 -16.446485519409 349.64700317383
124.15027618408 -9.857723236084 317.55120849609
121.06421661377 5.8211154937744 326.78350830078
124.32406616211 -13.687822341919 336.4221496582
-9.3049783706665 -18.191734313965 345.32455444336
-4.7299690246582 -19.135635375977 342.30322265625
0.056847479194403 -19.845506668091 339.56185913086
5.0037741661072 -20.423442840576 337.08325195312
10.096508979797 -20.882568359375 334.88735961914
15.250330924988 -20.928873062134 332.78973388672
20.449535369873 -20.857948303223 330.80679321289
25.731969833374 -20.922477722168 329.05960083008
31.050594329834 -20.75651550293 327.43344116211
36.429882049561 -20.61480140686 326.02359008789
41.859214782715 -20.424123764038 324.82244873047
47.306922912598 -20.136520385742 323.72427368164
52.764762878418 -19.758703231812 322.71099853516
58.236309051514 -19.270107269287 321.82424926758
63.719997406006 -18.647413253784 321.11004638672
69.22110748291 -18.010026931763 320.56231689453
74.7265625 -17.338729858398 320.11218261719
80.201873779297 -16.472208023071 319.63778686523
85.738006591797 -15.932197570801 319.46963500977
91.199546813965 -14.980483055115 319.03881835938
96.702369689941 -14.213252067566 318.73129272461
102.20988464355 -13.484170913696 318.40911865234
107.71519470215 -12.718104362488 318.14505004883
113.20806884766 -11.857782363892 317.92904663086
118.67917633057 -10.857752799988 317.74011230469
-8.0574541091919 -15.634171485901 345.92623901367
-3.5950167179108 -16.187334060669 342.8694152832
1.1958590745926 -16.697986602783 340.34707641602
6.0880837440491 -17.052688598633 338.0026550293
11.246972084045 -17.238697052002 336.29165649414
16.457159042358 -17.396532058716 334.74224853516
21.627374649048 -17.188802719116 333.06805419922
26.818046569824 -16.925300598145 331.46978759766
32.138088226318 -16.584102630615 330.39404296875
37.485504150391 -16.182411193848 329.48840332031
42.83903503418 -15.64105796814 328.69842529297
48.185600280762 -15.095283508301 327.87066650391
53.586532592773 -14.513635635376 327.60891723633
58.965461730957 -13.76718044281 327.32162475586
64.260696411133 -12.630725860596 326.8283996582
69.559112548828 -11.410222053528 326.70748901367
74.84317779541 -10.126626014709 326.61666870117
80.094955444336 -8.7199430465698 326.48968505859
85.276420593262 -7.0683455467224 326.53277587891
90.410285949707 -5.2738041877747 326.53961181641
95.486785888672 -3.3270781040192 326.41134643555
100.50462341309 -1.2298327684402 326.42004394531
105.59969329834 0.67196691036224 326.4342956543
110.80770111084 2.2384893894196 326.44320678711
115.95645141602 3.989753484726 326.4169921875
-7.4626879692078 -19.093711853027 348.14477539062
-2.7829780578613 -19.813901901245 345.50091552734
2.0788757801056 -20.104698181152 343.11468505859
7.07594871521 -20.438661575317 341.03192138672
12.070826530457 -20.590154647827 338.923828125
17.202791213989 -20.641704559326 337.1721496582
22.488945007324 -20.512065887451 335.96353149414
27.779653549194 -20.25443649292 334.79602050781
33.044776916504 -19.9118309021 333.53820800781
38.331039428711 -19.49055480957 332.39886474609
43.656200408936 -19.029396057129 331.4801940918
49.037879943848 -18.491382598877 331.07803344727
54.443412780762 -18.064317703247 331.19631958008
59.837741851807 -17.624109268188 330.83920288086
65.200004577637 -17.006605148315 330.30590820312
70.595176696777 -16.500995635986 330.08135986328
76.002105712891 -16.252099990845 330.42349243164
81.349151611328 -16.207672119141 331.33343505859
86.721900939941 -16.069677352905 332.06549072266
92.10725402832 -15.86572933197 332.67977905273
97.469215393066 -15.732442855835 333.4880065918
102.83427429199 -15.53333568573 334.26138305664
108.2015914917 -15.267335891724 334.99768066406
113.59238433838 -14.879808425903 335.45678710938
118.98641204834 -14.459686279297 335.8430480957
