68.878349304199 -3.8585143089294 265.44119262695
76.643089294434 4.2073483467102 270.01235961914
81.347587585449 2.1730177402496 272.21176147461
81.021598815918 5.2166266441345 266.74957275391
68.737075805664 -3.4727213382721 265.69741821289
68.761726379395 -3.0637600421906 265.95626831055
68.889991760254 -2.6651208400726 266.20095825195
69.066177368164 -2.2783243656158 266.43450927734
69.289825439453 -1.9081764221191 266.65405273438
69.553436279297 -1.5563215017319 266.85894775391
69.839324951172 -1.216700553894 267.0544128418
70.146537780762 -0.89032876491547 267.23989868164
70.464393615723 -0.57121330499649 267.41995239258
70.796775817871 -0.26274129748344 267.59219360352
71.134902954102 0.041286699473858 267.76113891602
71.470260620117 0.34744238853455 267.93167114258
71.823585510254 0.6388566493988 268.09149169922
72.182304382324 0.92549884319305 268.24789428711
72.535491943359 1.21704018116 268.40777587891
72.892318725586 1.5053877830505 268.56539916992
73.245613098145 1.7968314886093 268.72518920898
73.615226745605 2.0733330249786 268.8742980957
73.981880187988 2.3526673316956 269.02545166016
74.350173950195 2.6304008960724 269.1755065918
74.703521728516 2.9217956066132 269.33529663086
75.072265625 3.1991441249847 269.48501586914
75.453826904297 3.4636468887329 269.62557983398
75.843620300293 3.7192237377167 269.75988769531
76.245536804199 3.9606528282166 269.88430786133
69.024040222168 -3.5470321178436 265.94369506836
69.371772766113 -3.1554155349731 266.25634765625
69.794158935547 -2.799427986145 266.5158996582
70.199234008789 -2.4346296787262 266.79016113281
70.638442993164 -2.0834233760834 267.02743530273
71.078712463379 -1.7342135906219 267.26553344727
71.544471740723 -1.4078621864319 267.48715209961
72.011840820312 -1.0837659835815 267.70858764648
72.495895385742 -0.77323347330093 267.91305541992
72.978271484375 -0.46453812718391 268.12405395508
73.479919433594 -0.17307090759277 268.31353759766
73.987503051758 0.091355882585049 268.52542114258
74.477348327637 0.34302139282227 268.78845214844
74.961822509766 0.56455206871033 269.08609008789
75.489799499512 0.74842971563339 269.33099365234
76.018478393555 0.93087297677994 269.57543945312
76.549102783203 1.1254072189331 269.8059387207
77.06876373291 1.3072435855865 270.06942749023
77.585929870605 1.4782124757767 270.34484863281
78.1103515625 1.6430319547653 270.61004638672
78.661781311035 1.7834128141403 270.83081054688
79.193954467773 1.9083858728409 271.10232543945
79.725326538086 1.9922688007355 271.39068603516
80.271476745605 2.0735547542572 271.65078735352
80.80606842041 2.0821499824524 271.94522094727
69.050437927246 -3.2931072711945 265.57183837891
69.323921203613 -2.7696175575256 265.70245361328
69.693534851074 -2.3481261730194 265.93087768555
70.107597351074 -1.9473208189011 266.11642456055
70.529769897461 -1.5485957860947 266.28756713867
70.976768493652 -1.1828500032425 266.46899414062
71.451652526855 -0.85235112905502 266.64724731445
71.929740905762 -0.5122851729393 266.79663085938
72.407684326172 -0.16570657491684 266.93072509766
72.894355773926 0.16664445400238 267.06936645508
73.379402160645 0.5097331404686 267.18576049805
73.863761901855 0.85894560813904 267.28564453125
74.358680725098 1.1995779275894 267.36001586914
74.870903015137 1.5208954811096 267.39013671875
75.368087768555 1.8640602827072 267.42965698242
75.881164550781 2.1853365898132 267.43774414062
76.397102355957 2.5021073818207 267.43817138672
76.911865234375 2.8204915523529 267.42492675781
77.41291809082 3.1603169441223 267.42276000977
77.909172058105 3.5070669651031 267.41885375977
78.42700958252 3.8170263767242 267.37084960938
78.942749023438 4.1287088394165 267.31259155273
79.459854125977 4.4013934135437 267.15521240234
79.969596862793 4.6773586273193 266.98052978516
80.512603759766 4.9389963150024 266.92385864258
