44.408485412598 4.752760887146 272.08807373047
52.797222137451 6.3277730941772 272.01910400391
53.329502105713 9.372275352478 272.46624755859
54.098682403564 6.1501212120056 274.88391113281
44.649208068848 4.6415495872498 271.8791809082
44.961971282959 4.6076707839966 271.75405883789
45.287487030029 4.6004676818848 271.66107177734
45.616733551025 4.604588508606 271.58203125
45.949039459229 4.6216864585876 271.51940917969
46.283405303955 4.6546063423157 271.47717285156
46.618053436279 4.6962761878967 271.44641113281
46.952289581299 4.7475957870483 271.42852783203
47.285514831543 4.8074960708618 271.42224121094
47.617202758789 4.8755750656128 271.42718505859
47.947727203369 4.9483728408813 271.43865966797
48.277568817139 5.0235977172852 271.45355224609
48.607040405273 5.1000466346741 271.47018432617
48.933815002441 5.1844043731689 271.49792480469
49.256488800049 5.2783880233765 271.53945922852
49.580291748047 5.3699197769165 271.5774230957
49.899703979492 5.4702701568604 271.62823486328
50.219909667969 5.5691590309143 271.67687988281
50.539127349854 5.6698818206787 271.72817993164
50.860153198242 5.7671895027161 271.77456665039
51.182231903076 5.8624019622803 271.81790161133
51.506664276123 5.9525518417358 271.85385131836
51.826023101807 6.0529928207397 271.90484619141
52.149387359619 6.1455078125 271.94424438477
52.475002288818 6.2328567504883 271.97622680664
44.681365966797 4.9641780853271 271.90155029297
45.001792907715 5.1543874740601 271.77844238281
45.329940795898 5.3616971969604 271.71936035156
45.674835205078 5.5418920516968 271.66687011719
46.026103973389 5.7123336791992 271.62530517578
46.375465393066 5.8902864456177 271.6037902832
46.727531433105 6.0633153915405 271.58743286133
47.084705352783 6.2259702682495 271.59991455078
47.441150665283 6.3905053138733 271.60693359375
47.800559997559 6.5464243888855 271.63323974609
48.15714263916 6.704845905304 271.67721557617
48.513633728027 6.8658962249756 271.71118164062
48.871520996094 7.0269451141357 271.72384643555
49.230297088623 7.184109210968 271.75152587891
49.585254669189 7.3486542701721 271.78482055664
49.934307098389 7.5269312858582 271.8083190918
50.283298492432 7.6982274055481 271.86349487305
50.629543304443 7.879123210907 271.90274047852
50.975807189941 8.0436105728149 271.98779296875
51.320930480957 8.2104587554932 272.07281494141
51.659736633301 8.3983697891235 272.13674926758
51.998031616211 8.5857439041138 272.2048034668
52.34094619751 8.7674427032471 272.26461791992
52.681003570557 8.9589405059814 272.30786132812
53.005310058594 9.1684188842773 272.37948608398
44.769996643066 4.6321063041687 272.19549560547
45.135391235352 4.623948097229 272.34948730469
45.523380279541 4.5845632553101 272.42782592773
45.905418395996 4.5371780395508 272.52694702148
46.290409088135 4.5382256507874 272.62692260742
46.681156158447 4.5517663955688 272.70062255859
47.073509216309 4.5640616416931 272.76477050781
47.460369110107 4.5967211723328 272.8518371582
47.847339630127 4.6343479156494 272.93643188477
48.234981536865 4.6745290756226 273.01657104492
48.620456695557 4.7264924049377 273.10015869141
49.005229949951 4.7959403991699 273.17379760742
49.386642456055 4.8747882843018 273.25430297852
49.777233123779 4.9221186637878 273.31173706055
50.153865814209 5.0040578842163 273.41049194336
50.528884887695 5.0864114761353 273.51483154297
50.900157928467 5.1726140975952 273.62890625
51.263530731201 5.2758951187134 273.75378417969
51.631988525391 5.3615374565125 273.87710571289
51.996379852295 5.4631013870239 274.00033569336
52.350135803223 5.5965404510498 274.1242980957
52.699474334717 5.7378835678101 274.25183105469
53.05362701416 5.8470773696899 274.39663696289
53.402557373047 5.9623260498047 274.54919433594
53.75679397583 6.0623812675476 274.70025634766
