56.23412322998 -88.808441162109 340.7073059082
107.98336029053 -3.1503434181213 351.19165039062
131.30947875977 5.7024621963501 361.51623535156
133.99293518066 9.1819725036621 342.18853759766
57.345142364502 -85.119110107422 341.14291381836
58.987827301025 -81.636505126953 341.56259155273
60.782497406006 -78.224662780762 341.97637939453
62.645023345947 -74.84880065918 342.38705444336
64.53556060791 -71.488227844238 342.79638671875
66.469291687012 -68.152282714844 343.20352172852
68.438705444336 -64.836807250977 343.60882568359
70.433097839355 -61.536346435547 344.01278686523
72.48567199707 -58.271240234375 344.41360473633
74.581695556641 -55.033466339111 344.81192016602
76.703353881836 -51.812240600586 345.2087097168
78.883567810059 -48.629894256592 345.60186767578
81.010757446289 -45.412322998047 345.99829101562
83.118309020996 -42.181953430176 346.39593505859
85.232444763184 -38.955837249756 346.79315185547
87.342185974121 -35.726875305176 347.19064331055
89.459197998047 -32.502647399902 347.58767700195
91.548950195312 -29.26128578186 347.98629760742
93.593551635742 -25.991165161133 348.38754272461
95.651908874512 -22.729568481445 348.78802490234
97.703567504883 -19.463794708252 349.18884277344
99.764671325684 -16.203912734985 349.58917236328
101.79515838623 -12.925086021423 349.99124145508
103.83198547363 -9.6501417160034 350.39288330078
105.86814880371 -6.3757705688477 350.79446411133
59.653274536133 -85.694877624512 341.69888305664
62.282962799072 -81.841888427734 342.48199462891
65.159141540527 -78.146484375 343.14999389648
67.982955932617 -74.420227050781 343.8681640625
70.807769775391 -70.694190979004 344.58355712891
73.651611328125 -66.975059509277 345.25830078125
76.470542907715 -63.242809295654 345.96444702148
79.168380737305 -59.436435699463 346.74411010742
81.793975830078 -55.586059570312 347.5537109375
84.636795043945 -51.871013641357 348.25448608398
87.484848022461 -48.155151367188 348.92950439453
90.25471496582 -44.390575408936 349.65777587891
93.197868347168 -40.748241424561 350.32513427734
95.886131286621 -36.977573394775 351.28829956055
98.828742980957 -33.360900878906 352.08432006836
101.76079559326 -29.725503921509 352.83374023438
104.690574646 -26.086874008179 353.57632446289
107.58921051025 -22.427766799927 354.34017944336
110.38948059082 -18.707185745239 355.1708984375
113.02280426025 -14.886870384216 356.08981323242
115.95317077637 -11.205212593079 356.56433105469
118.13205718994 -7.1915788650513 357.78845214844
121.34812927246 -3.7730338573456 358.37072753906
124.5973739624 -0.49170815944672 359.39498901367
127.90335845947 2.8551557064056 359.88677978516
59.437328338623 -85.206924438477 340.43426513672
62.261032104492 -81.295967102051 340.66189575195
65.15372467041 -77.439796447754 340.95007324219
67.979866027832 -73.531608581543 341.19485473633
70.862014770508 -69.665390014648 341.45260620117
73.799682617188 -65.843818664551 341.74691772461
76.679214477539 -61.975189208984 341.99765014648
79.498908996582 -58.059391021729 342.18814086914
82.439834594727 -54.236850738525 342.43322753906
85.342460632324 -50.381462097168 342.61029052734
88.128242492676 -46.439868927002 342.76324462891
91.065788269043 -42.617053985596 343.03964233398
93.822479248047 -38.653060913086 343.11468505859
96.834197998047 -34.894947052002 343.46905517578
99.785270690918 -31.072463989258 343.4889831543
102.6065826416 -27.154262542725 343.39532470703
105.52317047119 -23.305332183838 343.38577270508
108.54748535156 -19.540822982788 343.44076538086
111.53942108154 -15.751243591309 343.53192138672
114.39249420166 -11.857643127441 343.6764831543
117.19738006592 -7.9324812889099 343.89218139648
120.0415725708 -4.0301327705383 343.8424987793
123.32689666748 -0.49808967113495 343.61459350586
126.83648681641 2.8064241409302 343.32510375977
130.29379272461 6.1261186599731 342.73547363281
