-9.5936765670776 -2.2333087921143 -5.1021175384521
-24.256481170654 16.507375717163 -6.7237949371338
-28.815946578979 22.329570770264 -22.783420562744
-42.684200286865 15.761198043823 -14.829762458801
-9.6407976150513 -1.5389697551727 -4.4356641769409
-9.7502241134644 -0.82309246063232 -3.8376376628876
-10.179847717285 0.0034715197980404 -3.5912582874298
-10.641918182373 0.82014393806458 -3.4028751850128
-11.194091796875 1.6093487739563 -3.3755397796631
-11.764610290527 2.3830847740173 -3.3914504051208
-12.365689277649 3.1310515403748 -3.47940325737
-12.972392082214 3.8721928596497 -3.5828220844269
-13.586415290833 4.6044473648071 -3.7063782215118
-14.198487281799 5.3392105102539 -3.8244225978851
-14.80849647522 6.0766267776489 -3.9366407394409
-15.422451972961 6.8088622093201 -4.0601201057434
-16.039413452148 7.5371522903442 -4.1921787261963
-16.657472610474 8.2639131546021 -4.3274612426758
-17.276136398315 8.9898309707642 -4.4645199775696
-17.914014816284 9.6819934844971 -4.6654825210571
-18.559188842773 10.361336708069 -4.8907103538513
-19.203996658325 11.041499137878 -5.1145191192627
-19.848712921143 11.72186088562 -5.3379817008972
-20.496868133545 12.394366264343 -5.5748047828674
-21.14545249939 13.065896987915 -5.8132848739624
-21.813709259033 13.730786323547 -6.0127396583557
-22.486137390137 14.389194488525 -6.2190389633179
-23.165197372437 15.034805297852 -6.4425325393677
-23.705717086792 15.824166297913 -6.5575647354126
-9.5872201919556 -0.89727169275284 -5.6350584030151
-10.014054298401 0.47244587540627 -5.7419080734253
-10.701458930969 1.7271451950073 -5.8943409919739
-11.541772842407 2.8491501808167 -6.2185816764832
-12.387781143188 3.9477031230927 -6.6027460098267
-13.220580101013 5.0156168937683 -7.0885467529297
-14.075366020203 6.0165467262268 -7.669385433197
-14.902700424194 7.0798721313477 -8.1740865707397
-15.731943130493 8.1451416015625 -8.6717948913574
-16.52956199646 9.2445039749146 -9.146390914917
-17.413311004639 10.228602409363 -9.7113370895386
-18.28002166748 11.23582649231 -10.263034820557
-19.198459625244 12.131083488464 -10.913788795471
-19.989208221436 13.093386650085 -11.632926940918
-20.825105667114 14.000563621521 -12.373177528381
-21.763927459717 14.735859870911 -13.176120758057
-22.386568069458 15.724493026733 -14.008935928345
-22.971530914307 16.640544891357 -14.950940132141
-23.677530288696 17.504039764404 -15.858992576599
-24.331974029541 18.365810394287 -16.8069896698
-25.006685256958 19.2112159729 -17.755735397339
-25.882192611694 19.917711257935 -18.649309158325
-26.425401687622 20.748598098755 -19.685884475708
-27.045467376709 21.579307556152 -20.683338165283
-27.856157302856 21.84255027771 -21.831806182861
-10.963802337646 -1.8087637424469 -4.5484566688538
-12.078430175781 -0.78310686349869 -4.2605028152466
-13.159579277039 0.31317183375359 -4.3803629875183
-14.287075042725 1.3598026037216 -4.5163497924805
-15.430994987488 2.3803172111511 -4.7004809379578
-16.597768783569 3.3279309272766 -5.0547914505005
-17.806980133057 4.2020101547241 -5.4520845413208
-19.037084579468 5.1055693626404 -5.6872510910034
-20.24697303772 6.0057029724121 -6.02068567276
-21.439340591431 6.9261684417725 -6.3616247177124
-22.629831314087 7.8351035118103 -6.7380666732788
-23.857982635498 8.6869764328003 -7.126528263092
-25.102596282959 9.4685001373291 -7.6008076667786
-26.394538879395 10.129726409912 -8.1287040710449
-27.73292350769 10.765206336975 -8.5645875930786
-29.068536758423 11.346304893494 -9.0778388977051
-30.414228439331 11.8253698349 -9.6649503707886
-31.804752349854 12.227271080017 -10.203538894653
-33.155227661133 12.678066253662 -10.801695823669
-34.588981628418 13.033038139343 -11.252758979797
-35.973522186279 13.483026504517 -11.768272399902
-37.313488006592 13.981601715088 -12.3523645401
-38.664089202881 14.414378166199 -12.963802337646
-40.005519866943 14.870355606079 -13.578560829163
-41.361507415771 15.317976951599 -14.166951179504
