56.340469360352 7.7163381576538 270.50546264648
72.977554321289 -9.1222867965698 272.62588500977
78.347190856934 -2.610871553421 263.98999023438
77.870704650879 -1.5281541347504 280.4367980957
55.793395996094 6.8977890014648 270.55514526367
55.694713592529 5.9188208580017 270.63647460938
55.842136383057 4.9464688301086 270.72686767578
56.165813446045 4.0179204940796 270.82040405273
56.62145614624 3.1464095115662 270.91418457031
57.165107727051 2.3267650604248 271.00692749023
57.783264160156 1.5614380836487 271.09786987305
58.44705581665 0.83508318662643 271.18719482422
59.132041931152 0.12860143184662 271.27563476562
59.855800628662 -0.53838050365448 271.36218261719
60.599243164062 -1.1835117340088 271.44760131836
61.327930450439 -1.8451550006866 271.5339050293
62.06258392334 -2.5000703334808 271.61978149414
62.863296508789 -3.0731360912323 271.70120239258
63.632247924805 -3.6878490447998 271.78497314453
64.430297851562 -4.2646064758301 271.86660766602
65.23983001709 -4.8252768516541 271.947265625
66.054656982422 -5.3782992362976 272.02749633789
66.867904663086 -5.9336194992065 272.10781860352
67.735977172852 -6.3994970321655 272.18255615234
68.579750061035 -6.9076733589172 272.26000976562
69.4580078125 -7.3542637825012 272.33346557617
70.3154296875 -7.8393020629883 272.40939331055
71.187881469727 -8.297046661377 272.48361206055
72.087738037109 -8.6988897323608 272.5539855957
56.675094604492 6.8865337371826 270.07968139648
57.243701934814 6.0783100128174 270.05981445312
58.063091278076 5.5425534248352 269.89147949219
58.867797851562 4.9838857650757 269.72875976562
59.730754852295 4.5054397583008 269.61376953125
60.59354019165 4.0297303199768 269.4875793457
61.453880310059 3.5700786113739 269.29949951172
62.314342498779 3.1110596656799 269.11053466797
63.17756652832 2.6669373512268 268.89987182617
64.043502807617 2.242467880249 268.66149902344
64.910133361816 1.8195953369141 268.42300415039
65.796447753906 1.4417912960052 268.18115234375
66.695503234863 1.0967786312103 267.93719482422
67.595054626465 0.75337618589401 267.6930847168
68.512306213379 0.46740743517876 267.44064331055
69.430686950684 0.18635526299477 267.18688964844
70.340110778809 -0.09310706704855 266.90112304688
71.243759155273 -0.37165898084641 266.59671020508
72.145355224609 -0.66070824861526 266.29605102539
73.056625366211 -0.94820117950439 266.02456665039
73.991653442383 -1.2038880586624 265.80737304688
74.916496276855 -1.5016782283783 265.60052490234
75.824630737305 -1.8132354021072 265.34558105469
76.692070007324 -2.1262073516846 264.97640991211
77.519630432129 -2.3685419559479 264.48321533203
56.705017089844 6.8927116394043 270.95083618164
57.209949493408 6.0784707069397 271.22378540039
58.008441925049 5.5812163352966 271.57919311523
58.793994903564 5.0250091552734 271.86923217773
59.650966644287 4.560453414917 272.11773681641
60.508529663086 4.1049304008484 272.38021850586
61.36674118042 3.6747889518738 272.68090820312
62.22575378418 3.2485098838806 272.98428344727
63.095878601074 2.8763017654419 273.32534790039
63.96752166748 2.5104794502258 273.66918945312
64.855003356934 2.1949691772461 274.02239990234
65.749404907227 1.9050738811493 274.38006591797
66.651214599609 1.6497621536255 274.74548339844
67.55445098877 1.4034307003021 275.11349487305
68.447418212891 1.1374852657318 275.49276733398
69.338851928711 0.86796760559082 275.87310791016
70.226318359375 0.56991052627563 276.24124145508
71.11328125 0.2686271071434 276.60800170898
71.998161315918 -0.044388987123966 276.96990966797
72.880783081055 -0.36756929755211 277.32830810547
73.749572753906 -0.66719126701355 277.73739624023
74.599075317383 -0.93957144021988 278.20202636719
75.376220703125 -1.1905791759491 278.78939819336
76.168403625488 -1.3946989774704 279.37460327148
77.016120910645 -1.431476354599 279.91497802734
