79.761825561523 7.5166788101196 331.86846923828
61.0539894104 -15.096138954163 335.27630615234
53.233493804932 -11.226735115051 343.11614990234
52.026393890381 -14.110446929932 328.26455688477
79.512298583984 6.4116945266724 331.98931884766
78.903099060059 5.453595161438 332.12109375
78.242202758789 4.5303502082825 332.25317382812
77.562049865723 3.6213202476501 332.38522338867
76.832061767578 2.7516667842865 332.51702880859
76.139617919922 1.8519636392593 332.64898681641
75.387191772461 1.0015934705734 332.78051757812
74.663818359375 0.12649424374104 332.9123840332
73.899215698242 -0.7130001783371 333.04373168945
73.157806396484 -1.572979927063 333.17535400391
72.393646240234 -2.4128744602203 333.30667114258
71.659042358398 -3.2786712646484 333.43844604492
70.907997131348 -4.13028383255 333.57000732422
70.14688873291 -4.972930431366 333.70138549805
69.407836914062 -5.8349242210388 333.83306884766
68.635101318359 -6.6667284965515 333.96423339844
68.014778137207 -7.6174931526184 334.09613037109
67.273582458496 -8.4776601791382 334.22778320312
66.499588012695 -9.3085346221924 334.35894775391
65.728355407715 -10.14197063446 334.49014282227
64.955627441406 -10.974018096924 334.62130737305
64.178939819336 -11.80237865448 334.75244140625
63.38650894165 -12.615743637085 334.88323974609
62.615589141846 -13.449460029602 335.01443481445
61.802848815918 -14.242603302002 335.14474487305
78.869384765625 6.7497396469116 332.47814941406
77.828903198242 6.0561985969543 332.91717529297
76.759811401367 5.3792843818665 333.31112670898
75.675773620605 4.712028503418 333.67987060547
74.591651916504 4.0448212623596 334.04849243164
73.532089233398 3.3615531921387 334.45693969727
72.501487731934 2.6615564823151 334.90884399414
71.472373962402 1.9607698917389 335.36291503906
70.435546875 1.2638249397278 335.80517578125
69.3837890625 0.5747663974762 336.22393798828
68.34358215332 -0.13112775981426 336.64352416992
67.344924926758 -0.88974648714066 337.07192993164
66.351943969727 -1.6551952362061 337.50137329102
65.328178405762 -2.4046177864075 337.88430786133
64.28556060791 -3.142924785614 338.23672485352
63.240310668945 -3.8795948028564 338.58474731445
62.218711853027 -4.6415314674377 338.9482421875
61.206996917725 -5.4135971069336 339.31799316406
60.189624786377 -6.1760811805725 339.69204711914
59.142841339111 -6.8891491889954 340.08209228516
58.093032836914 -7.590856552124 340.48440551758
57.089241027832 -8.3184957504272 340.95269775391
56.143707275391 -9.0767202377319 341.48876953125
55.241828918457 -9.8489866256714 342.07748413086
54.276435852051 -10.582250595093 342.61291503906
78.684577941895 6.7065024375916 331.66778564453
77.601173400879 5.8800654411316 331.64440917969
76.517753601074 5.0536499023438 331.62103271484
75.420356750488 4.2514243125916 331.5237121582
74.316680908203 3.4640936851501 331.38473510742
73.212997436523 2.6767826080322 331.24566650391
72.109550476074 1.888773560524 331.10864257812
71.006767272949 1.098935008049 330.97702026367
69.903984069824 0.30907562375069 330.8454284668
68.801208496094 -0.48078033328056 330.71383666992
67.715110778809 -1.293347120285 330.58181762695
66.660415649414 -2.1461799144745 330.44931030273
65.60636138916 -2.9998300075531 330.31674194336
64.551986694336 -3.8554465770721 330.20043945312
63.497482299805 -4.7153887748718 330.12438964844
62.442970275879 -5.5754547119141 330.0495300293
61.388458251953 -6.435519695282 329.97463989258
60.307651519775 -7.2633299827576 329.9128112793
59.220989227295 -8.0826187133789 329.84042358398
58.158191680908 -8.9269561767578 329.71911621094
57.114463806152 -9.7870416641235 329.55154418945
56.082202911377 -10.645312309265 329.31719970703
55.008857727051 -11.456479072571 329.1003112793
54.020709991455 -12.349351882935 328.81286621094
52.953414916992 -13.161050796509 328.57113647461
