56.457061767578 -1.2517076730728 270.57269287109
71.139678955078 -0.3418838083744 271.72155761719
73.856231689453 -3.7064175605774 274.29019165039
75.522850036621 -2.6713283061981 268.18872070312
56.875644683838 -0.87074190378189 270.68035888672
57.397716522217 -0.63859194517136 270.76336669922
57.939395904541 -0.45368790626526 270.83767700195
58.503562927246 -0.34626445174217 270.89712524414
59.071842193604 -0.26029860973358 270.95227050781
59.642070770264 -0.18667668104172 271.00494384766
60.21463394165 -0.13076213002205 271.05410766602
60.788589477539 -0.088337615132332 271.10043334961
61.363189697266 -0.053706005215645 271.14520263672
61.938777923584 -0.034963544458151 271.18667602539
62.51407623291 -0.010757934302092 271.22927856445
63.089984893799 -1.3042315003986e-05 271.26907348633
63.666168212891 -0.0019020860781893 271.30624389648
64.242164611816 0.005880082026124 271.34545898438
64.818382263184 0.00023807093384676 271.38177490234
65.394584655762 -0.0090451389551163 271.41738891602
65.970603942871 -0.031463664025068 271.4501953125
66.546524047852 -0.057180814445019 271.48229980469
67.122138977051 -0.09053510427475 271.51272583008
67.697105407715 -0.13523779809475 271.54077148438
68.272796630859 -0.16689020395279 271.57159423828
68.848342895508 -0.20163537561893 271.60180664062
69.424545288086 -0.20556554198265 271.63854980469
70.000564575195 -0.19854006171227 271.67755126953
70.576713562012 -0.21400462090969 271.71182250977
56.902439117432 -1.3573724031448 271.1012878418
57.491508483887 -1.3457405567169 271.47961425781
58.142852783203 -1.3830305337906 271.734375
58.818828582764 -1.4635459184647 271.90069580078
59.498210906982 -1.5392608642578 272.05456542969
60.187976837158 -1.5977057218552 272.16363525391
60.877738952637 -1.6561502218246 272.2727355957
61.567481994629 -1.71433198452 272.38204956055
62.256679534912 -1.7661212682724 272.49786376953
62.945869445801 -1.8178709745407 272.61376953125
63.635070800781 -1.8701918125153 272.7292175293
64.324600219727 -1.9400277137756 272.83291625977
65.013763427734 -2.0292983055115 272.92330932617
65.702903747559 -2.1187384128571 273.01373291016
66.39087677002 -2.2148687839508 273.10604858398
67.075149536133 -2.3301887512207 273.2038269043
67.759414672852 -2.4456024169922 273.30154418945
68.443412780762 -2.5658509731293 273.3952331543
69.127243041992 -2.6885998249054 273.48684692383
69.810844421387 -2.8119401931763 273.57940673828
70.489730834961 -2.9463908672333 273.68948364258
71.167472839355 -3.0841052532196 273.80255126953
71.84245300293 -3.2293992042542 273.92251586914
72.517753601074 -3.3834598064423 274.02886962891
73.189315795898 -3.5387270450592 274.15530395508
57.00598526001 -1.012260556221 270.12097167969
57.705745697021 -0.88389325141907 269.87756347656
58.429981231689 -0.81989586353302 269.68634033203
59.17573928833 -0.80659162998199 269.58947753906
59.921615600586 -0.7942419052124 269.49365234375
60.670333862305 -0.80628955364227 269.42318725586
61.420074462891 -0.83589237928391 269.37112426758
62.169979095459 -0.87646973133087 269.3298034668
62.91979598999 -0.92474371194839 269.29577636719
63.669189453125 -0.97750705480576 269.25921630859
64.418190002441 -1.0342117547989 269.22055053711
65.166717529297 -1.0961248874664 269.18112182617
65.911651611328 -1.1901854276657 269.13711547852
66.656585693359 -1.2842450141907 269.09313964844
67.401504516602 -1.3783978223801 269.04907226562
68.145385742188 -1.4771339893341 268.998046875
68.888275146484 -1.5799247026443 268.94097900391
69.631164550781 -1.6826227903366 268.88366699219
70.373443603516 -1.7788269519806 268.80969238281
71.115409851074 -1.8730899095535 268.73022460938
71.853736877441 -1.9859126806259 268.64166259766
72.586479187012 -2.1228623390198 268.54141235352
73.320678710938 -2.2581129074097 268.44995117188
74.058296203613 -2.3887124061584 268.38232421875
74.791130065918 -2.5346522331238 268.29650878906
