68.651397705078 -3.6669209003448 268.49761962891
75.836708068848 2.4638564586639 270.9680480957
83.870788574219 -0.77414268255234 277.51184082031
85.104476928711 1.957248210907 265.76782226562
68.596038818359 -3.2897005081177 268.59606933594
68.667236328125 -2.9182932376862 268.70648193359
68.799644470215 -2.5645134449005 268.81866455078
68.963691711426 -2.2242515087128 268.93045043945
69.177261352539 -1.9117290973663 269.03991699219
69.415626525879 -1.6168748140335 269.14721679688
69.673217773438 -1.3377660512924 269.2522277832
69.945663452148 -1.0722606182098 269.35501098633
70.22745513916 -0.81608980894089 269.45623779297
70.520385742188 -0.57185965776443 269.5553894043
70.816589355469 -0.33136469125748 269.65390014648
71.12735748291 -0.10850945860147 269.7490234375
71.434028625488 0.11951135843992 269.84509277344
71.756065368652 0.3271070420742 269.9372253418
72.077568054199 0.53544586896896 270.02947998047
72.400245666504 0.7420853972435 270.12149047852
72.728698730469 0.9402419924736 270.21170043945
73.066261291504 1.1239290237427 270.29885864258
73.406692504883 1.3027321100235 270.38497924805
73.750587463379 1.4754331111908 270.46981811523
74.096771240234 1.6439416408539 270.55377197266
74.443252563477 1.8119138479233 270.63757324219
74.782600402832 1.992586016655 270.72409057617
75.129089355469 2.1605434417725 270.8078918457
75.47191619873 2.335132598877 270.89315795898
68.935150146484 -3.2339074611664 268.96871948242
69.455017089844 -2.940357208252 269.33935546875
69.904159545898 -2.6891677379608 269.81872558594
70.445266723633 -2.5109136104584 270.23422241211
70.978363037109 -2.3605036735535 270.67001342773
71.557609558105 -2.22829413414 271.05001831055
72.148162841797 -2.085235118866 271.40756225586
72.75700378418 -1.9130527973175 271.71917724609
73.36498260498 -1.7301335334778 272.02633666992
73.977203369141 -1.5391628742218 272.31954956055
74.607093811035 -1.3918442726135 272.599609375
75.231346130371 -1.3144196271896 272.91860961914
75.856895446777 -1.2457333803177 273.23696899414
76.49089050293 -1.1607835292816 273.53411865234
77.125923156738 -1.0786833763123 273.82974243164
77.756011962891 -1.0221203565598 274.14147949219
78.380554199219 -0.99554705619812 274.46813964844
79.003105163574 -0.9761049747467 274.79901123047
79.621635437012 -0.97823923826218 275.13760375977
80.183624267578 -0.95709013938904 275.56311035156
80.79663848877 -0.9473711848259 275.91116333008
81.46509552002 -0.9635990858078 276.13470458984
82.066108703613 -1.003919005394 276.50146484375
82.627578735352 -1.0538852214813 276.92486572266
83.26099395752 -0.98538154363632 277.2272644043
69.024391174316 -3.0932483673096 268.35107421875
69.508911132812 -2.5901598930359 268.30960083008
70.054420471191 -2.1830778121948 268.14749145508
70.670234680176 -1.8944399356842 267.98373413086
71.282211303711 -1.6119472980499 267.81869506836
71.920799255371 -1.364776134491 267.67599487305
72.552917480469 -1.0808466672897 267.5810546875
73.192161560059 -0.81213122606277 267.54672241211
73.804420471191 -0.52684682607651 267.66101074219
74.461441040039 -0.31286969780922 267.55276489258
75.120101928711 -0.084413215517998 267.49172973633
75.768585205078 0.16513852775097 267.41519165039
76.423248291016 0.38522067666054 267.30490112305
77.093353271484 0.57195639610291 267.24011230469
77.772750854492 0.72550439834595 267.17251586914
78.449768066406 0.88809329271317 267.10327148438
79.115119934082 1.0705434083939 266.98559570312
79.788543701172 1.215482711792 266.86376953125
80.468963623047 1.3520511388779 266.77633666992
81.118591308594 1.5670994520187 266.65014648438
81.72338104248 1.8175611495972 266.50799560547
82.390716552734 1.9619443416595 266.43862915039
83.062194824219 1.9892755746841 266.24652099609
83.741096496582 1.9925310611725 266.07952880859
84.426223754883 1.9863846302032 265.93670654297
