55.368343353271 2.346951007843 268.82318115234
79.386405944824 -1.7940058708191 269.73422241211
83.315055847168 0.59438395500183 267.63220214844
82.930992126465 0.61248564720154 272.26733398438
56.059467315674 1.6911327838898 268.8095703125
56.869987487793 1.1899589300156 268.81356811523
57.726902008057 0.77307844161987 268.82604980469
58.609024047852 0.41303652524948 268.84408569336
59.51634979248 0.12247614562511 268.86859130859
60.435367584229 -0.12811622023582 268.89663696289
61.365726470947 -0.33222743868828 268.92868041992
62.302997589111 -0.50108474493027 268.96368408203
63.246055603027 -0.63312870264053 269.00170898438
64.192153930664 -0.74098145961761 269.0417175293
65.13990020752 -0.83260923624039 269.08297729492
66.088523864746 -0.9142017364502 269.12503051758
67.038391113281 -0.97903233766556 269.16839599609
67.988471984863 -1.040604352951 269.21197509766
68.938217163086 -1.1073979139328 269.25518798828
69.887908935547 -1.1748420000076 269.29833984375
70.837493896484 -1.2439218759537 269.34140014648
71.787620544434 -1.3046624660492 269.38516235352
72.738304138184 -1.3552873134613 269.42959594727
73.689056396484 -1.404489159584 269.47415161133
74.637619018555 -1.4869800806046 269.51611328125
75.587913513184 -1.544736623764 269.56005859375
76.538383483887 -1.5994642972946 269.6042175293
77.489814758301 -1.6312824487686 269.65008544922
78.440185546875 -1.6872330904007 269.69418334961
56.358577728271 1.9946397542953 268.53582763672
57.359840393066 1.5735106468201 268.44598388672
58.408340454102 1.2818487882614 268.38488769531
59.481876373291 1.0974472761154 268.34197998047
60.564060211182 0.96624320745468 268.35327148438
61.648498535156 0.85544449090958 268.36660766602
62.73482131958 0.76407384872437 268.36663818359
63.822353363037 0.69504928588867 268.39727783203
64.909660339355 0.65285617113113 268.46405029297
65.997840881348 0.61614102125168 268.5185546875
67.086395263672 0.58221513032913 268.56723022461
68.175384521484 0.5623773932457 268.61407470703
69.264457702637 0.54721426963806 268.66030883789
70.353607177734 0.56262248754501 268.70495605469
71.442436218262 0.59460479021072 268.74829101562
72.532531738281 0.60698425769806 268.74877929688
73.622543334961 0.61098355054855 268.73056030273
74.712173461914 0.64527010917664 268.72720336914
75.801307678223 0.69246691465378 268.72998046875
76.888633728027 0.72925174236298 268.66040039062
77.974945068359 0.76531541347504 268.576171875
79.060089111328 0.81932663917542 268.4866027832
80.144157409668 0.86083537340164 268.37915039062
81.201721191406 0.78475517034531 268.12582397461
82.247924804688 0.66564285755157 267.84344482422
56.340633392334 2.0029184818268 269.1408996582
57.347484588623 1.6474910974503 269.30014038086
58.364799499512 1.323321223259 269.45806884766
59.417839050293 1.1231788396835 269.58584594727
60.485469818115 0.99542856216431 269.68203735352
61.557754516602 0.90056979656219 269.763671875
62.631088256836 0.81109380722046 269.83712768555
63.704498291016 0.72205626964569 269.90994262695
64.780433654785 0.64862036705017 269.95880126953
65.858406066895 0.59374016523361 269.97930908203
66.936378479004 0.53936719894409 270.00030517578
68.014511108398 0.51150023937225 270.04821777344
69.092399597168 0.4924530684948 270.10516357422
70.16968536377 0.47910898923874 270.17385864258
71.245620727539 0.47535845637321 270.26217651367
72.320892333984 0.47647652029991 270.35818481445
73.39102935791 0.50529372692108 270.49755859375
74.461135864258 0.5341944694519 270.63711547852
75.52946472168 0.57146120071411 270.78790283203
76.597618103027 0.60938155651093 270.9397277832
77.657791137695 0.66617512702942 271.13528442383
78.71354675293 0.70846480131149 271.35675048828
79.766204833984 0.72589063644409 271.59561157227
80.818901062012 0.71380323171616 271.83459472656
81.88005065918 0.65405660867691 272.02392578125
