68.972290039062 -11.880612373352 349.77996826172
79.44457244873 8.1494846343994 345.72253417969
60.552261352539 20.510381698608 336.91772460938
63.714588165283 23.117830276489 356.74472045898
69.898475646973 -11.718358039856 349.60784912109
70.722831726074 -11.270136833191 349.41946411133
71.593254089355 -10.918130874634 349.23458862305
72.387268066406 -10.423884391785 349.04583740234
72.925064086914 -9.6544818878174 348.86752319336
73.782699584961 -9.272608757019 348.68127441406
74.511489868164 -8.6817770004272 348.49209594727
75.045913696289 -7.9079422950745 348.31387329102
75.684280395508 -7.2194428443909 348.12829589844
76.165313720703 -6.4105606079102 347.95486450195
76.623580932617 -5.5878591537476 347.78356933594
77.095886230469 -4.7734303474426 347.61083984375
77.490791320801 -3.9172513484955 347.44619750977
77.825157165527 -3.0343945026398 347.28839111328
78.143363952637 -2.1452107429504 347.1325378418
78.373237609863 -1.2274234294891 346.98794555664
78.650444030762 -0.3237596154213 346.83724975586
78.860046386719 0.5993475317955 346.69543457031
78.949012756348 1.5441545248032 346.57107543945
78.962959289551 2.4945549964905 346.45846557617
78.970397949219 3.4451837539673 346.34692382812
78.926048278809 4.3957743644714 346.24398803711
79.084396362305 5.3300514221191 346.10931396484
79.233703613281 6.2660722732544 345.97601318359
79.294006347656 7.2137312889099 345.85604858398
69.025596618652 -11.294549942017 348.43090820312
69.503662109375 -10.172497749329 347.59194946289
70.165817260742 -9.0089387893677 346.96017456055
70.535095214844 -7.6827592849731 346.41497802734
70.670219421387 -6.2677693367004 345.99914550781
70.972137451172 -4.9334740638733 345.43157958984
70.766220092773 -3.4981842041016 345.15167236328
70.783142089844 -2.132824420929 344.58187866211
70.660163879395 -0.70964169502258 344.19226074219
70.47981262207 0.66944086551666 343.68478393555
70.139686584473 2.0433151721954 343.24966430664
69.798110961914 3.3609058856964 342.66619873047
69.350738525391 4.6262526512146 342.04000854492
68.844543457031 5.9139471054077 341.51162719727
68.32258605957 7.2172713279724 341.03991699219
67.771286010742 8.4671192169189 340.46768188477
66.80460357666 9.5850038528442 340.44354248047
66.485160827637 10.843052864075 339.73983764648
65.709770202637 12.019582748413 339.28787231445
65.320129394531 13.325116157532 338.70986938477
64.705505371094 14.570828437805 338.19793701172
64.0234375 15.837204933167 337.84692382812
63.239528656006 17.011533737183 337.40432739258
62.389377593994 18.218305587769 337.28506469727
61.501617431641 19.383108139038 337.06463623047
69.703125 -11.078120231628 350.77587890625
70.386039733887 -9.8059873580933 351.10678100586
71.062133789062 -8.498893737793 351.27432250977
71.548484802246 -7.1082878112793 351.42950439453
71.886474609375 -5.6694645881653 351.52688598633
72.034996032715 -4.1964745521545 351.58395385742
72.072494506836 -2.7166700363159 351.64785766602
72.058601379395 -1.2384370565414 351.74798583984
72.074607849121 0.23663355410099 351.8854675293
72.011207580566 1.6988552808762 352.11578369141
71.844940185547 3.1509692668915 352.35791015625
71.533935546875 4.581449508667 352.58639526367
71.127235412598 5.9856791496277 352.82757568359
70.753982543945 7.4008932113647 353.05767822266
70.412300109863 8.794807434082 353.42565917969
69.971496582031 10.149507522583 353.83288574219
69.549110412598 11.527784347534 354.17535400391
69.063262939453 12.896932601929 354.46655273438
68.538139343262 14.245449066162 354.78448486328
67.998138427734 15.561150550842 355.19967651367
67.513801574707 16.941097259521 355.4375
66.936790466309 18.286636352539 355.66470336914
66.172271728516 19.529134750366 355.92373657227
65.308929443359 20.709836959839 356.15979003906
64.643859863281 21.995580673218 356.47549438477
