133.48875427246 5.5523991584778 641.32043457031
126.44049072266 -9.5879974365234 651.86444091797
124.22280883789 -13.779524803162 645.69769287109
133.88999938965 -11.29309463501 651.24737548828
132.99348449707 5.6863131523132 641.99139404297
132.49822998047 5.8202271461487 642.66235351562
132.01551818848 5.6572794914246 643.33343505859
131.53329467773 5.4826040267944 644.00457763672
131.08395385742 5.1587090492249 644.63934326172
130.63946533203 4.8126792907715 645.26873779297
130.23193359375 4.3639588356018 645.85345458984
129.83512878418 3.885436296463 646.42529296875
129.4762878418 3.3326394557953 646.94934082031
129.13558959961 2.7443702220917 647.45062255859
128.84219360352 2.0915763378143 647.89086914062
128.58334350586 1.3916765451431 648.28656005859
128.36022949219 0.65875279903412 648.63513183594
128.17573547363 -0.10984782874584 648.93280029297
128.0343170166 -0.9014972448349 649.17279052734
127.96157073975 -1.729868888855 649.32086181641
127.88768005371 -2.557852268219 649.47052001953
127.8112411499 -3.3849759101868 649.62359619141
127.71357727051 -4.201331615448 649.80517578125
127.54671478271 -4.9825801849365 650.07940673828
127.37696075439 -5.7617273330688 650.35754394531
127.19096374512 -6.5290942192078 650.65728759766
126.98448944092 -7.2888989448547 650.96276855469
126.77207946777 -8.0544595718384 651.24914550781
126.58323669434 -8.8329544067383 651.51379394531
132.66563415527 5.2991299629211 641.21801757812
131.94177246094 4.9244856834412 641.5224609375
131.36804199219 4.3975315093994 641.91174316406
130.89091491699 3.7393534183502 642.22351074219
130.55317687988 2.9693357944489 642.45318603516
130.2504119873 2.164913892746 642.59783935547
129.89710998535 1.3701200485229 642.65966796875
129.56143188477 0.56805610656738 642.72143554688
129.31869506836 -0.26681795716286 642.78601074219
129.1114654541 -1.1045571565628 642.91070556641
128.92111206055 -1.9415373802185 643.06420898438
128.70721435547 -2.7738554477692 643.21099853516
128.4140625 -3.5857994556427 643.33416748047
128.12089538574 -4.3977389335632 643.45733642578
127.82707977295 -5.2094807624817 643.58013916016
127.50550079346 -6.0128779411316 643.68719482422
127.15104675293 -6.8046345710754 643.77563476562
126.77352905273 -7.5825142860413 643.88842773438
126.37397766113 -8.3453588485718 644.02545166016
126.00496673584 -9.1149492263794 644.2041015625
125.65969085693 -9.8913679122925 644.39984130859
125.34578704834 -10.678575515747 644.60510253906
125.06072235107 -11.438621520996 644.92333984375
124.73107910156 -12.224688529968 645.10656738281
124.41944122314 -12.979286193848 645.41259765625
133.78318786621 5.3468065261841 642.00866699219
133.7527923584 4.970272064209 642.68872070312
133.58090209961 4.4907941818237 643.27795410156
133.45460510254 4.0107388496399 643.8779296875
133.38220214844 3.4614286422729 644.42352294922
133.35679626465 2.7812826633453 644.80090332031
133.4147644043 2.0507092475891 645.06469726562
133.48266601562 1.3170145750046 645.31719970703
133.53736877441 0.5850151181221 645.57757568359
133.57382202148 -0.13582414388657 645.87023925781
133.58955383301 -0.83698117733002 646.208984375
133.5679473877 -1.5487875938416 646.52447509766
133.54397583008 -2.2725768089294 646.81109619141
133.51708984375 -3.0148060321808 647.04547119141
133.54377746582 -3.7394981384277 647.32958984375
133.59840393066 -4.4525842666626 647.63812255859
133.65669250488 -5.1779274940491 647.91583251953
133.74507141113 -5.881805896759 648.23724365234
133.87622070312 -6.5454707145691 648.62322998047
133.96513366699 -7.2265868186951 648.99029541016
133.97483825684 -7.9330286979675 649.31817626953
134.02485656738 -8.6357707977295 649.65032958984
134.05059814453 -9.3259744644165 650.01031494141
134.013671875 -10.003140449524 650.39343261719
133.97364807129 -10.684635162354 650.76837158203
