72.669494628906 -1.4581598043442 259.7737121582
77.549797058105 4.3020691871643 269.82470703125
76.231674194336 1.4882566928864 273.28863525391
81.039649963379 2.1361033916473 269.34893798828
72.476928710938 -0.98134303092957 259.72915649414
72.443237304688 -0.50108057260513 259.91970825195
72.465072631836 -0.05217719078064 260.17623901367
72.560928344727 0.33245608210564 260.50942993164
72.696884155273 0.67005175352097 260.87799072266
72.853164672852 0.97985011339188 261.26251220703
73.032402038574 1.2546974420547 261.66326904297
73.231086730957 1.4963835477829 262.07604980469
73.44416809082 1.7111154794693 262.49652099609
73.653709411621 1.9326581954956 262.91516113281
73.879196166992 2.1221694946289 263.34124755859
74.108383178711 2.3038320541382 263.76879882812
74.340461730957 2.4790222644806 264.19744873047
74.582725524902 2.630916595459 264.62933349609
74.818641662598 2.7975795269012 265.05932617188
75.06046295166 2.9504344463348 265.49114990234
75.302932739258 3.1018643379211 265.92309570312
75.54288482666 3.2591853141785 266.35433959961
75.79141998291 3.3956973552704 266.7878112793
76.043350219727 3.5236184597015 267.2219543457
76.296478271484 3.6484704017639 267.65628051758
76.5478515625 3.7778084278107 268.09033203125
76.806045532227 3.8890888690948 268.52536010742
77.062339782715 4.0055022239685 268.96017456055
77.309242248535 4.146137714386 269.3932800293
72.507377624512 -1.074222445488 260.16275024414
72.537002563477 -0.6132515668869 260.49490356445
72.734283447266 -0.40676301717758 260.98739624023
72.882278442383 -0.12493667751551 261.46041870117
73.077056884766 0.094356998801231 261.94854736328
73.222358703613 0.24285367131233 262.47988891602
73.418785095215 0.36094403266907 263.00305175781
73.615791320801 0.48364064097404 263.52398681641
73.852592468262 0.54819971323013 264.03952026367
74.060256958008 0.62742435932159 264.56561279297
74.297203063965 0.69328850507736 265.08038330078
74.594657897949 0.73080015182495 265.56655883789
74.881896972656 0.76501125097275 266.05700683594
75.054946899414 0.82813251018524 266.59744262695
75.194831848145 0.92395573854446 267.14288330078
75.327430725098 1.0246886014938 267.68899536133
75.484580993652 1.0787872076035 268.23547363281
75.62809753418 1.1307035684586 268.78582763672
75.742179870605 1.1753897666931 269.34365844727
75.868286132812 1.1867698431015 269.90060424805
75.973503112793 1.2026805877686 270.46179199219
76.060317993164 1.2317304611206 271.02557373047
76.12287902832 1.28011906147 271.59124755859
76.161567687988 1.3462553024292 272.15728759766
76.197341918945 1.4158936738968 272.72308349609
72.972190856934 -1.1036123037338 260.01666259766
73.097808837891 -0.67752081155777 260.29931640625
73.217445373535 -0.26077941060066 260.58578491211
73.541069030762 -0.25954034924507 260.99761962891
73.819816589355 -0.11982927471399 261.42166137695
74.092849731445 0.056770157068968 261.83575439453
74.36597442627 0.23557280004025 262.24862670898
74.65128326416 0.37677752971649 262.66799926758
74.948379516602 0.51558953523636 263.07989501953
75.257011413574 0.65232312679291 263.48391723633
75.560546875 0.77967607975006 263.8948059082
75.881576538086 0.9139598608017 264.28991699219
76.208068847656 1.0509699583054 264.67959594727
76.530342102051 1.194419503212 265.07043457031
76.847984313965 1.3446799516678 265.46231079102
77.193389892578 1.451040148735 265.84521484375
77.540962219238 1.553658246994 266.22714233398
77.892234802246 1.6501606702805 266.60729980469
78.245864868164 1.7442133426666 266.98580932617
78.626182556152 1.832612991333 267.33898925781
79.019432067871 1.9171965122223 267.6787109375
79.418273925781 1.9736621379852 268.01773071289
79.817863464355 2.0171294212341 268.35781860352
80.205497741699 2.0712141990662 268.70999145508
80.615730285645 2.1090314388275 269.03784179688
