77.646774291992 4.5822591781616 278.16189575195
77.430519104004 -0.25959345698357 270.64031982422
73.376045227051 -0.37466666102409 269.21377563477
77.797370910645 2.7419958114624 267.17050170898
77.809135437012 4.2714524269104 278.10873413086
77.900917053223 3.9851408004761 277.9189453125
77.975975036621 3.7108254432678 277.70568847656
78.019439697266 3.4633309841156 277.45416259766
78.040397644043 3.2380855083466 277.17980957031
78.050437927246 3.0244586467743 276.89572143555
78.052337646484 2.8198893070221 276.60485839844
78.05086517334 2.6191923618317 276.31134033203
78.040985107422 2.4282915592194 276.01147460938
78.02367401123 2.2463488578796 275.70645141602
78.008903503418 2.0613422393799 275.40313720703
77.987480163574 1.8844417333603 275.0954284668
77.958877563477 1.7166211605072 274.78323364258
77.934600830078 1.5433113574982 274.47369384766
77.896812438965 1.3874230384827 274.15634155273
77.862266540527 1.2272303104401 273.84075927734
77.823402404785 1.072744011879 273.52282714844
77.787445068359 0.91445994377136 273.20645141602
77.742897033691 0.76757490634918 272.88568115234
77.702072143555 0.61568754911423 272.56677246094
77.659057617188 0.46672537922859 272.24676513672
77.616806030273 0.31676122546196 271.92709350586
77.568946838379 0.17440193891525 271.60479736328
77.51921081543 0.034638907760382 271.28161621094
77.472160339355 -0.10882628709078 270.95965576172
77.341751098633 4.4317016601562 277.90133666992
77.224090576172 4.2180576324463 277.54904174805
77.098670959473 4.0026817321777 277.2004699707
76.953987121582 3.7833104133606 276.8620300293
76.803367614746 3.5745010375977 276.51953125
76.646759033203 3.3767154216766 276.17315673828
76.491676330566 3.1799829006195 275.82553100586
76.343841552734 2.9882018566132 275.47201538086
76.209083557129 2.7861766815186 275.11898803711
76.073768615723 2.5756802558899 274.77114868164
75.915657043457 2.3554527759552 274.43933105469
75.762054443359 2.1468858718872 274.09802246094
75.617004394531 1.9598278999329 273.74084472656
75.466461181641 1.7753833532333 273.38458251953
75.310897827148 1.5933766365051 273.02920532227
75.14916229248 1.4169691801071 272.67379760742
74.985710144043 1.2400171756744 272.31942749023
74.821601867676 1.0595417022705 271.96716308594
74.64525604248 0.87942260503769 271.62063598633
74.459648132324 0.69942027330399 271.27896118164
74.269920349121 0.51800853013992 270.94027709961
74.099082946777 0.35250118374825 270.58389282227
73.917572021484 0.20300322771072 270.22567749023
73.740577697754 0.020981712266803 269.88052368164
73.567329406738 -0.18231770396233 269.54547119141
77.864479064941 4.5470786094666 277.79205322266
77.893058776855 4.3650779724121 277.40045166016
77.951431274414 4.2673716545105 276.98254394531
78.004241943359 4.1739640235901 276.56295776367
78.051490783691 4.0720238685608 276.14468383789
78.088394165039 3.9830899238586 275.72244262695
78.11141204834 3.9134914875031 275.29556274414
78.129493713379 3.8438844680786 274.86846923828
78.136436462402 3.7853951454163 274.43939208984
78.143333435059 3.7263653278351 274.01040649414
78.168151855469 3.6476345062256 273.58526611328
78.158981323242 3.5740873813629 273.15853881836
78.134368896484 3.5018882751465 272.73220825195
78.102561950684 3.4292938709259 272.30639648438
78.059173583984 3.3666570186615 271.88003540039
78.016479492188 3.3066806793213 271.45327758789
78.015800476074 3.2304589748383 271.02694702148
77.981674194336 3.157045841217 270.60147094727
77.958404541016 3.0935380458832 270.17367553711
77.925483703613 3.0460205078125 269.74444580078
77.870941162109 3.0006184577942 269.31723022461
77.863487243652 2.9244148731232 268.89096069336
77.834594726562 2.8677735328674 268.46252441406
77.802711486816 2.82302069664 268.0329284668
77.80004119873 2.7825095653534 267.60171508789
