90.956314086914 0.68960452079773 412.64334106445
107.77352142334 8.5936508178711 413.02438354492
111.60581207275 3.4915583133698 416.55560302734
109.95660400391 5.0288524627686 407.66763305664
91.03923034668 1.4215370416641 412.78067016602
91.369010925293 2.0862557888031 412.88781738281
91.834297180176 2.6686182022095 412.96948242188
92.373611450195 3.1859023571014 413.03329467773
92.954132080078 3.6578586101532 413.08538818359
93.575576782227 4.0760765075684 413.12411499023
94.215660095215 4.4657645225525 413.15600585938
94.876373291016 4.8200569152832 413.17950439453
95.542274475098 5.1646490097046 413.20083618164
96.218704223633 5.4883618354797 413.21722412109
96.905769348145 5.7890620231628 413.22845458984
97.606391906738 6.0568923950195 413.23229980469
98.307586669922 6.3232269287109 413.23587036133
99.016258239746 6.5689854621887 413.23483276367
99.732856750488 6.7905116081238 413.22848510742
100.44928741455 7.0125679969788 413.22235107422
101.17351531982 7.2074279785156 413.21026611328
101.89846038818 7.3995666503906 413.19766235352
102.62982177734 7.5650696754456 413.17935180664
103.3551864624 7.7555937767029 413.16641235352
104.09140014648 7.8972463607788 413.14312744141
104.82661437988 8.0442180633545 413.12097167969
105.55860137939 8.2068872451782 413.10211181641
106.29647827148 8.3392601013184 413.07690429688
107.03786468506 8.4490051269531 413.04705810547
91.549087524414 1.1764209270477 412.96734619141
92.08325958252 1.768726348877 413.13076782227
92.905166625977 1.7254922389984 413.2438659668
93.688934326172 1.9672025442123 413.39859008789
94.472702026367 2.227680683136 413.51617431641
95.28687286377 2.4000878334045 413.58071899414
96.103233337402 2.5568811893463 413.65634155273
96.917572021484 2.7098696231842 413.75741577148
97.73461151123 2.8470070362091 413.85949707031
98.550773620605 2.9781954288483 413.97540283203
99.363662719727 3.1081142425537 414.11346435547
100.17376708984 3.2189743518829 414.28109741211
100.99254608154 3.2853479385376 414.42895507812
101.80030822754 3.3522617816925 414.62841796875
102.5994720459 3.4403343200684 414.85269165039
103.40849304199 3.5304491519928 415.03729248047
104.22707366943 3.5881769657135 415.19018554688
105.0464630127 3.6325769424438 415.34246826172
105.86827850342 3.5858347415924 415.48110961914
106.68840789795 3.5315606594086 415.62680053711
107.50718688965 3.4897434711456 415.78378295898
108.32717895508 3.450169801712 415.93475341797
109.13977813721 3.4421379566193 416.12551879883
109.95845794678 3.4684653282166 416.28628540039
110.78167724609 3.4888257980347 416.42300415039
91.442443847656 1.2377967834473 412.34454345703
91.959869384766 1.8295279741287 412.34124755859
92.711547851562 1.9813498258591 412.14212036133
93.46809387207 2.1877615451813 412.02822875977
94.212867736816 2.4513835906982 411.96395874023
94.946029663086 2.7333476543427 411.86010742188
95.707252502441 2.9334592819214 411.76574707031
96.458503723145 3.1530077457428 411.64001464844
97.219497680664 3.3356549739838 411.51608276367
97.949859619141 3.5840454101562 411.3342590332
98.704627990723 3.7664852142334 411.17468261719
99.46907043457 3.905787229538 411.01733398438
100.23012542725 4.0419154167175 410.84191894531
100.98213195801 4.1960792541504 410.64443969727
101.73491668701 4.289231300354 410.41384887695
102.49379730225 4.3819265365601 410.20394897461
103.24711608887 4.4798655509949 409.97711181641
103.99319458008 4.5778613090515 409.72747802734
104.7419052124 4.6585140228271 409.47958374023
105.47949981689 4.7472805976868 409.20385742188
106.24209594727 4.706130027771 408.99111938477
106.99489593506 4.6892981529236 408.74313354492
107.74119567871 4.7372975349426 408.47991943359
108.47954559326 4.8083567619324 408.20001220703
109.21781921387 4.9087719917297 407.92904663086
