31.364860534668 -11.169628143311 328.75402832031
35.177677154541 15.234174728394 334.20962524414
29.382118225098 19.455057144165 327.1037902832
26.864923477173 16.281705856323 338.96575927734
32.012420654297 -10.377239227295 329.04531860352
32.530136108398 -9.4907188415527 329.32165527344
32.873176574707 -8.5149583816528 329.57168579102
33.213806152344 -7.5382323265076 329.82122802734
33.554061889648 -6.561541557312 330.07064819336
33.803325653076 -5.5536646842957 330.30377197266
34.06957244873 -4.5508723258972 330.54000854492
34.293098449707 -3.535863161087 330.76812744141
34.465885162354 -2.5087904930115 330.98620605469
34.64429473877 -1.4829399585724 331.20541381836
34.754512786865 -0.44461810588837 331.4104309082
34.882453918457 0.59091132879257 331.61923217773
34.972763061523 1.6319835186005 331.82000732422
35.072284698486 2.6718306541443 332.0227355957
35.132133483887 3.7163624763489 332.21682739258
35.208801269531 4.7590913772583 332.41452026367
35.230030059814 5.8067011833191 332.5998840332
35.285591125488 6.8516435623169 332.79302978516
35.347049713135 7.8960199356079 332.98742675781
35.355571746826 8.9443225860596 333.16986083984
35.358276367188 9.99289894104 333.35089111328
35.386764526367 11.040040016174 333.53793334961
35.34886932373 12.089528083801 333.70950317383
35.332008361816 13.138743400574 333.8860168457
35.302730560303 14.188183784485 334.05953979492
31.597284317017 -10.033145904541 328.46917724609
31.838033676147 -8.8687229156494 328.34539794922
32.135982513428 -7.7210741043091 328.20458984375
32.262493133545 -6.5329337120056 328.17684936523
32.264366149902 -5.3374075889587 328.16928100586
32.194290161133 -4.1436944007874 328.17315673828
32.146091461182 -2.9492361545563 328.17834472656
32.187133789062 -1.75457072258 328.19323730469
32.153671264648 -0.5617687702179 328.26824951172
32.067283630371 0.63041776418686 328.30102539062
32.00475692749 1.8242434263229 328.31301879883
32.012962341309 3.0190560817719 328.26620483398
32.007843017578 4.2146363258362 328.24856567383
31.955419540405 5.4092435836792 328.24844360352
31.862924575806 6.6009106636047 328.24368286133
31.626138687134 7.7715163230896 328.18444824219
31.387592315674 8.9417686462402 328.12612915039
31.106821060181 10.103521347046 328.08926391602
30.843904495239 11.268113136292 328.02490234375
30.64354133606 12.437889099121 327.87884521484
30.440933227539 13.611248970032 327.76919555664
30.235803604126 14.787380218506 327.70300292969
30.03037071228 15.954946517944 327.54656982422
29.822603225708 17.120670318604 327.37982177734
29.602361679077 18.287866592407 327.24182128906
31.538980484009 -10.304140090942 329.50149536133
31.623748779297 -9.2856779098511 330.04400634766
31.643838882446 -8.2344398498535 330.52697753906
31.599750518799 -7.1466522216797 330.91888427734
31.521125793457 -6.041796207428 331.25350952148
31.446811676025 -4.9399180412292 331.59875488281
31.382001876831 -3.8449971675873 331.96725463867
31.317192077637 -2.7500767707825 332.33575439453
31.237321853638 -1.652792930603 332.69415283203
31.093324661255 -0.54856061935425 333.00839233398
30.949016571045 0.55570524930954 333.32244873047
30.807037353516 1.6617411375046 333.63125610352
30.675922393799 2.7679815292358 333.94415283203
30.651664733887 3.8351068496704 334.3903503418
30.475048065186 4.925323009491 334.73461914062
30.223941802979 6.0090608596802 335.052734375
29.870599746704 7.0713219642639 335.3450012207
29.706367492676 8.130952835083 335.77853393555
29.328132629395 9.1825504302979 336.0768737793
28.929811477661 10.227114677429 336.37530517578
28.621999740601 11.270638465881 336.76907348633
28.41241645813 12.292540550232 337.26956176758
28.158182144165 13.333961486816 337.70498657227
27.712524414062 14.342469215393 338.05517578125
27.241937637329 15.335782051086 338.4167175293
