52.22395324707 -1.8176521062851 265.47625732422
80.478042602539 1.8699400424957 266.30221557617
82.093940734863 0.92099022865295 268.96148681641
82.441284179688 -0.50352108478546 264.99020385742
53.211235046387 -1.3355172872543 265.40771484375
54.245357513428 -0.97584390640259 265.37600708008
55.314033508301 -0.71428340673447 265.37362670898
56.397411346436 -0.519655585289 265.390625
57.487609863281 -0.37114259600639 265.42077636719
58.579441070557 -0.23471207916737 265.45434570312
59.672214508057 -0.10657329112291 265.49029541016
60.767475128174 -0.0045961234718561 265.53363037109
61.863212585449 0.091210462152958 265.57864379883
62.959274291992 0.18273593485355 265.62487792969
64.05500793457 0.2788028717041 265.66986083984
65.151229858398 0.36789578199387 265.71676635742
66.247596740723 0.45503976941109 265.76422119141
67.343780517578 0.54496204853058 265.81097412109
68.438941955566 0.64795273542404 265.85397338867
69.533752441406 0.75527334213257 265.8957824707
70.628318786621 0.86526638269424 265.93682861328
71.723220825195 0.97152829170227 265.97894287109
72.817817687988 1.0812683105469 266.02005004883
73.912101745605 1.1943778991699 266.06024169922
75.005935668945 1.3122330904007 266.09909057617
76.100692749023 1.419989824295 266.14077758789
77.195556640625 1.5266547203064 266.18280029297
78.289855957031 1.639607667923 266.22302246094
79.383949279785 1.7547738552094 266.26263427734
53.338768005371 -1.5732959508896 265.70684814453
54.48706817627 -1.4070562124252 265.80624389648
55.635662078857 -1.2799075841904 265.9501953125
56.784614562988 -1.1760716438293 266.10916137695
57.935520172119 -1.0503090620041 266.23474121094
59.087718963623 -0.92295628786087 266.34594726562
60.244247436523 -0.81536501646042 266.42977905273
61.404468536377 -0.73571580648422 266.49053955078
62.567100524902 -0.68780618906021 266.53707885742
63.728889465332 -0.62465131282806 266.58627319336
64.88842010498 -0.54283231496811 266.65661621094
66.044616699219 -0.44184204936028 266.75238037109
67.204895019531 -0.37796440720558 266.8288269043
68.36385345459 -0.29861545562744 266.91061401367
69.519012451172 -0.19854274392128 267.01907348633
70.674827575684 -0.11499030143023 267.13424682617
71.834815979004 -0.048290867358446 267.21240234375
72.984077453613 0.05048780143261 267.37243652344
74.133758544922 0.16275878250599 267.51998901367
75.294448852539 0.1872565895319 267.61138916016
76.442825317383 0.26393735408783 267.78894042969
77.588996887207 0.34582954645157 267.97802734375
78.735618591309 0.41733291745186 268.16860961914
79.871452331543 0.51226317882538 268.40744018555
80.992515563965 0.66478103399277 268.6833190918
53.379112243652 -1.718132019043 265.34927368164
54.520286560059 -1.5300996303558 265.19873046875
55.681968688965 -1.4524565935135 265.12899780273
56.848308563232 -1.4408956766129 265.12866210938
58.013256072998 -1.3841319084167 265.1155090332
59.177169799805 -1.3088221549988 265.12725830078
60.340961456299 -1.2360728979111 265.15557861328
61.504257202148 -1.1666731834412 265.20486450195
62.66773223877 -1.1092034578323 265.26412963867
63.830749511719 -1.0228962898254 265.28512573242
64.992492675781 -0.91865622997284 265.28662109375
66.154685974121 -0.82027769088745 265.29501342773
67.318473815918 -0.77955603599548 265.36175537109
68.48307800293 -0.74304497241974 265.41494750977
69.646263122559 -0.65685307979584 265.41329956055
70.80965423584 -0.64586400985718 265.49594116211
71.974182128906 -0.585688829422 265.46841430664
73.139335632324 -0.53612774610519 265.44659423828
74.305068969727 -0.49912175536156 265.43295288086
75.471153259277 -0.48826137185097 265.45822143555
76.637382507324 -0.49919462203979 265.47555541992
77.803436279297 -0.51426750421524 265.45135498047
78.969215393066 -0.51943606138229 265.41354370117
80.130592346191 -0.52598321437836 265.30551147461
81.289138793945 -0.52844834327698 265.17031860352
