119.29312133789 28.528686523438 322.07708740234
107.50695800781 5.4262704849243 321.39535522461
90.950187683105 4.995445728302 332.2073059082
89.480354309082 7.5781302452087 316.34832763672
119.75618743896 27.609004974365 321.88882446289
119.94034576416 26.589649200439 321.73706054688
119.93930053711 25.549774169922 321.61480712891
119.83399200439 24.513217926025 321.5110168457
119.62563323975 23.49054145813 321.42669677734
119.34955596924 22.482995986938 321.35580444336
119.01062774658 21.493968963623 321.29803466797
118.60025787354 20.531564712524 321.25567626953
118.15615081787 19.583950042725 321.22091674805
117.68256378174 18.650489807129 321.19293212891
117.18386077881 17.730054855347 321.17077636719
116.65319824219 16.8274974823 321.15628051758
116.11693572998 15.928238868713 321.14312744141
115.54278564453 15.052593231201 321.13934326172
114.97817230225 14.170797348022 321.13314819336
114.36088562012 13.325025558472 321.14031982422
113.72830200195 12.490677833557 321.15148925781
113.0834274292 11.665852546692 321.16580200195
112.41307830811 10.861734390259 321.18707275391
111.73936462402 10.060463905334 321.20919799805
111.04093933105 9.2808647155762 321.23815917969
110.3284072876 8.5142889022827 321.27111816406
109.61493682861 7.7486052513123 321.30432128906
108.90619659424 6.9784784317017 321.33618164062
108.16233062744 6.2427282333374 321.37811279297
118.66743469238 27.240480422974 322.49188232422
118.23956298828 25.873823165894 322.88400268555
117.27648162842 24.83678817749 323.35391235352
116.25241088867 23.815259933472 323.7170715332
115.21182250977 22.782384872437 323.99047851562
114.14077758789 21.775730133057 324.24313354492
113.03854370117 20.813623428345 324.53268432617
111.94631195068 19.82816696167 324.77795410156
110.80180358887 18.898729324341 324.99645996094
109.81700134277 17.885084152222 325.47018432617
108.67781829834 16.986532211304 325.81509399414
107.48268127441 16.15495300293 326.13848876953
106.27536010742 15.343086242676 326.46664428711
105.08943939209 14.50874710083 326.81582641602
103.90944671631 13.680596351624 327.1979675293
102.7466506958 12.872100830078 327.66513061523
101.61103057861 12.093101501465 328.23724365234
100.43662261963 11.281385421753 328.66897583008
99.264656066895 10.472672462463 329.11273193359
98.103897094727 9.675820350647 329.60467529297
96.901710510254 8.9024143218994 330.03021240234
95.682159423828 8.1402530670166 330.4255065918
94.49137878418 7.3576626777649 330.86605834961
93.283592224121 6.5719904899597 331.25137329102
92.072738647461 5.7843217849731 331.62243652344
118.85012054443 27.328218460083 321.40747070312
118.0632019043 26.199419021606 320.96957397461
117.0629119873 25.204507827759 320.66189575195
115.92205810547 24.344371795654 320.45236206055
114.82189178467 23.409503936768 320.4162902832
113.73796081543 22.46411895752 320.28582763672
112.67079925537 21.514476776123 320.07354736328
111.567527771 20.595880508423 319.91638183594
110.43660736084 19.704652786255 319.8046875
109.30558776855 18.818439483643 319.65939331055
108.17752075195 17.949558258057 319.41802978516
107.02191925049 17.112455368042 319.19540405273
105.82021331787 16.333915710449 319.00689697266
104.59475708008 15.584295272827 318.85830688477
103.35521697998 14.853523254395 318.73483276367
102.10469818115 14.160529136658 318.5305480957
100.85117340088 13.483191490173 318.29461669922
99.587882995605 12.807457923889 318.11233520508
98.316986083984 12.134137153625 317.98110961914
97.074234008789 11.478407859802 317.64758300781
95.847999572754 10.832389831543 317.24166870117
94.581390380859 10.166758537292 317.04592895508
93.309059143066 9.4985160827637 316.90313720703
91.98503112793 8.9637298583984 316.68710327148
90.696388244629 8.3465728759766 316.47674560547
