66.440872192383 -2.3403573036194 273.38772583008
70.196952819824 -4.546085357666 280.36639404297
72.921379089355 -5.9926471710205 280.06134033203
72.99161529541 -2.7494070529938 280.78729248047
66.259895324707 -2.4147810935974 273.65664672852
66.222648620605 -2.5084364414215 273.97436523438
66.236366271973 -2.6041448116302 274.29345703125
66.28426361084 -2.6999826431274 274.60919189453
66.36116027832 -2.7951006889343 274.91940307617
66.435241699219 -2.8903162479401 275.23025512695
66.538551330566 -2.9841094017029 275.53308105469
66.666221618652 -3.0760402679443 275.82708740234
66.800338745117 -3.1673679351807 276.11837768555
66.961265563965 -3.2557089328766 276.3967590332
67.12963104248 -3.3430595397949 276.67098999023
67.312316894531 -3.4282622337341 276.93646240234
67.54761505127 -3.5028500556946 277.16064453125
67.802215576172 -3.5720014572144 277.36456298828
68.071617126465 -3.6361663341522 277.55017089844
68.305877685547 -3.7110238075256 277.77536010742
68.524543762207 -3.7895367145538 278.01452636719
68.732116699219 -3.8703591823578 278.26266479492
68.939346313477 -3.9512660503387 278.51107788086
69.136619567871 -4.0340533256531 278.76684570312
69.340919494629 -4.1155185699463 279.01748657227
69.54907989502 -4.1962294578552 279.26516723633
69.740631103516 -4.2800164222717 279.52493286133
69.926689147949 -4.3647246360779 279.7883605957
70.08869934082 -4.4526214599609 280.0651550293
66.695365905762 -2.6237771511078 273.47616577148
66.944725036621 -2.8239529132843 273.70104980469
67.122039794922 -3.0185644626617 273.99035644531
67.274574279785 -3.1916325092316 274.30627441406
67.45751953125 -3.3398509025574 274.6184387207
67.697860717773 -3.4444143772125 274.90887451172
67.93920135498 -3.5417604446411 275.20098876953
68.182708740234 -3.6200711727142 275.49697875977
68.426132202148 -3.6996006965637 275.79260253906
68.664581298828 -3.8429157733917 276.06759643555
68.89803314209 -4.0159525871277 276.32955932617
69.131484985352 -4.1889877319336 276.59149169922
69.365249633789 -4.3601670265198 276.85394287109
69.618301391602 -4.4229865074158 277.1455078125
69.903472900391 -4.5124130249023 277.39794921875
70.193466186523 -4.610827922821 277.64138793945
70.476982116699 -4.7258629798889 277.88519287109
70.751022338867 -4.8425164222717 278.13885498047
71.018768310547 -4.9594697952271 278.39901733398
71.298957824707 -5.0713324546814 278.64810180664
71.559280395508 -5.19713306427 278.91162109375
71.825500488281 -5.338921546936 279.16076660156
72.106201171875 -5.4955897331238 279.38375854492
72.384399414062 -5.6645612716675 279.60076904297
72.659133911133 -5.8000745773315 279.84411621094
66.688369750977 -2.1892008781433 273.64538574219
66.883407592773 -2.1471190452576 273.97811889648
67.072647094727 -2.1986503601074 274.31332397461
67.270553588867 -2.2758650779724 274.63848876953
67.470840454102 -2.3595175743103 274.96054077148
67.678344726562 -2.4239735603333 275.28247070312
67.90153503418 -2.4809913635254 275.59518432617
68.140098571777 -2.5306482315063 275.89761352539
68.362236022949 -2.5988147258759 276.20883178711
68.573310852051 -2.6787304878235 276.52493286133
68.784561157227 -2.7584795951843 276.84094238281
69.013053894043 -2.8241798877716 277.14807128906
69.260787963867 -2.8728320598602 277.44323730469
69.505790710449 -2.9069149494171 277.74267578125
69.744285583496 -2.9114441871643 278.04916381836
70.034629821777 -2.8731105327606 278.30419921875
70.346969604492 -2.8100304603577 278.52563476562
70.60099029541 -2.7928109169006 278.81893920898
70.866394042969 -2.7824211120605 279.1022644043
71.154731750488 -2.7867186069489 279.36245727539
71.446273803711 -2.7893671989441 279.61907958984
71.739501953125 -2.7901649475098 279.87377929688
72.038909912109 -2.7746210098267 280.12069702148
72.34098815918 -2.762886762619 280.36456298828
72.658493041992 -2.7656774520874 280.58825683594
