63.470603942871 0.85830557346344 264.08828735352
81.719825744629 0.18694038689137 267.28567504883
83.321258544922 0.44668525457382 265.52996826172
83.086059570312 2.1418790817261 267.83508300781
64.109069824219 0.65233689546585 264.33822631836
64.771476745605 0.50466257333755 264.5475769043
65.468475341797 0.44126331806183 264.6982421875
66.172302246094 0.41190096735954 264.82418823242
66.878540039062 0.39711683988571 264.93948364258
67.587799072266 0.40731886029243 265.03628540039
68.297622680664 0.42531070113182 265.12728881836
69.007919311523 0.44985061883926 265.21337890625
69.717460632324 0.46380671858788 265.30737304688
70.426719665527 0.47395375370979 265.40423583984
71.135688781738 0.48088920116425 265.50344848633
71.84383392334 0.48025530576706 265.60827636719
72.551284790039 0.47333556413651 265.7177734375
73.257667541504 0.45831662416458 265.83322143555
73.963714599609 0.44103246927261 265.95034790039
74.669151306152 0.4196939766407 266.07049560547
75.373664855957 0.3927119076252 266.19473266602
76.077621459961 0.36233562231064 266.32144165039
76.782974243164 0.34043982625008 266.44198608398
77.487831115723 0.31770727038383 266.56307983398
78.193771362305 0.29718732833862 266.68026733398
78.899833679199 0.27727866172791 266.79693603516
79.60538482666 0.25652250647545 266.91635131836
80.308860778809 0.23228847980499 267.04699707031
81.013290405273 0.20880195498466 267.17224121094
64.227027893066 0.7454514503479 264.15844726562
64.988182067871 0.65410804748535 264.20455932617
65.752502441406 0.57904213666916 264.20471191406
66.520233154297 0.5982728600502 264.19769287109
67.287986755371 0.60147529840469 264.21713256836
68.053894042969 0.57935982942581 264.2692565918
68.818565368652 0.60647416114807 264.33541870117
69.582763671875 0.64384633302689 264.40200805664
70.346862792969 0.661361515522 264.47729492188
71.110122680664 0.68942266702652 264.55783081055
71.873146057129 0.71577137708664 264.64102172852
72.636642456055 0.72875869274139 264.72308349609
73.400230407715 0.74096578359604 264.80447387695
74.162857055664 0.76640695333481 264.89157104492
74.925956726074 0.77416795492172 264.97784423828
75.689125061035 0.77614587545395 265.06384277344
76.453170776367 0.76696622371674 265.14120483398
77.217247009277 0.75756114721298 265.21817016602
77.981689453125 0.74626928567886 265.29125976562
78.746208190918 0.74001222848892 265.36401367188
79.510757446289 0.75222963094711 265.43572998047
80.277412414551 0.74959760904312 265.48123168945
81.044723510742 0.73852330446243 265.51177978516
81.810882568359 0.68586927652359 265.51934814453
82.57731628418 0.63722652196884 265.52517700195
64.201309204102 0.86631590127945 264.33724975586
64.954711914062 0.90377223491669 264.50137329102
65.710823059082 0.99587535858154 264.62707519531
66.46118927002 1.0952677726746 264.77886962891
67.216506958008 1.183008313179 264.91223144531
67.97819519043 1.2475739717484 265.02008056641
68.73690032959 1.3162443637848 265.14511108398
69.496719360352 1.378117442131 265.26684570312
70.261619567871 1.415553689003 265.36441040039
71.025230407715 1.4503630399704 265.4723815918
71.788635253906 1.4847588539124 265.58197021484
72.553146362305 1.5141290426254 265.68518066406
73.318969726562 1.5367741584778 265.77990722656
74.084167480469 1.5565857887268 265.88024902344
74.848999023438 1.5754423141479 265.98345947266
75.6142578125 1.5982792377472 266.08264160156
76.379379272461 1.6171016693115 266.18371582031
77.143394470215 1.6374597549438 266.29257202148
77.90251159668 1.6780077219009 266.4270324707
78.660598754883 1.7209628820419 266.56643676758
79.410140991211 1.7810816764832 266.74127197266
80.156379699707 1.8477221727371 266.92742919922
80.90153503418 1.9198018312454 267.1159362793
81.645782470703 1.9989892244339 267.30517578125
82.379943847656 2.0827214717865 267.52871704102
