74.650688171387 -1.4465773105621 404.86663818359
96.456390380859 -4.2223153114319 411.74975585938
100.29117584229 -0.4884732067585 407.8271484375
97.866744995117 0.15094466507435 416.84579467773
74.965293884277 -2.2128162384033 404.97204589844
75.814743041992 -2.3753008842468 405.24066162109
76.669311523438 -2.5060331821442 405.51055908203
77.525848388672 -2.6219456195831 405.78100585938
78.382850646973 -2.7341108322144 406.05154418945
79.239555358887 -2.848664522171 406.32202148438
80.097229003906 -2.9551832675934 406.59274291992
80.954498291016 -3.0652725696564 406.86331176758
81.81241607666 -3.1696593761444 407.13409423828
82.671226501465 -3.2658309936523 407.40505981445
83.530082702637 -3.3615539073944 407.6760559082
84.389739990234 -3.4493148326874 407.94720458984
85.249130249023 -3.5396730899811 408.21835327148
86.109375 -3.6210107803345 408.48965454102
86.969230651855 -3.7064867019653 408.76089477539
87.830001831055 -3.7815973758698 409.03228759766
88.69172668457 -3.8440132141113 409.30389404297
89.554084777832 -3.8963119983673 409.57559204102
90.415710449219 -3.9601159095764 409.84719848633
91.277816772461 -4.0165386199951 410.11889648438
92.140823364258 -4.0560975074768 410.39074707031
93.003265380859 -4.1071310043335 410.66244506836
93.866104125977 -4.1500754356384 410.9342956543
94.72940826416 -4.1821732521057 411.20614624023
95.592468261719 -4.2208075523376 411.47793579102
75.646240234375 -1.4167252779007 404.89703369141
76.634910583496 -1.3708795309067 405.01278686523
77.62133026123 -1.2839183807373 405.12399291992
78.604484558105 -1.2459498643875 405.28179931641
79.585670471191 -1.2780023813248 405.45275878906
80.563575744629 -1.2780195474625 405.64422607422
81.543846130371 -1.334471821785 405.81405639648
82.52188873291 -1.3304260969162 406.00482177734
83.500434875488 -1.3064433336258 406.19149780273
84.483848571777 -1.2644380331039 406.34677124023
85.45499420166 -1.2178704738617 406.5651550293
86.430618286133 -1.189644575119 406.76596069336
87.416236877441 -1.153623342514 406.90826416016
88.405471801758 -1.1063779592514 407.01849365234
89.392524719238 -1.0398731231689 407.13806152344
90.374740600586 -0.93888920545578 407.27233886719
91.363632202148 -0.85630750656128 407.36322021484
92.350677490234 -0.77094256877899 407.47012329102
93.339683532715 -0.67179805040359 407.541015625
94.327728271484 -0.54530829191208 407.56832885742
95.322158813477 -0.49019950628281 407.60037231445
96.315216064453 -0.48898980021477 407.6828918457
97.309051513672 -0.53834992647171 407.73614501953
98.302711486816 -0.57920569181442 407.79895019531
99.299186706543 -0.57831966876984 407.79760742188
75.535781860352 -1.4247033596039 405.35177612305
76.430450439453 -1.3382318019867 405.81146240234
77.336364746094 -1.2972400188446 406.2551574707
78.249298095703 -1.2825834751129 406.68594360352
79.158874511719 -1.3009513616562 407.12359619141
80.086990356445 -1.2964950799942 407.52084350586
81.022415161133 -1.2619574069977 407.89904785156
81.959548950195 -1.1828807592392 408.26614379883
82.880096435547 -1.15363073349 408.67959594727
83.803535461426 -1.1180055141449 409.08609008789
84.73217010498 -0.99516808986664 409.46255493164
85.634643554688 -0.94016426801682 409.91168212891
86.544052124023 -0.86858528852463 410.34420776367
87.458618164062 -0.86533665657043 410.7717590332
88.359100341797 -0.83944433927536 411.22744750977
89.25114440918 -0.74955952167511 411.69155883789
90.117301940918 -0.60257148742676 412.18896484375
90.989204406738 -0.50485873222351 412.68841552734
91.864189147949 -0.39586025476456 413.18011474609
92.707878112793 -0.31249672174454 413.72827148438
93.558792114258 -0.12642519176006 414.23870849609
94.427825927734 -0.030358903110027 414.74346923828
95.298355102539 -0.0055825687013566 415.25411987305
96.159934997559 -0.011488295160234 415.78033447266
97.019309997559 0.088115274906158 416.30068969727
