70.16431427002 -5.749972820282 279.01336669922
79.870025634766 18.491996765137 285.31845092773
81.434417724609 14.164608955383 287.05758666992
81.078079223633 15.208600997925 281.580078125
69.525833129883 -4.8230600357056 279.30276489258
69.072341918945 -3.7976059913635 279.61080932617
68.688018798828 -2.7455673217773 279.92294311523
68.39289855957 -1.6660543680191 280.23852539062
68.173545837402 -0.56924426555634 280.55532836914
68.077293395996 0.54564321041107 280.87127685547
68.054107666016 1.6651171445847 281.18496704102
68.097686767578 2.7844581604004 281.49548339844
68.25513458252 3.8959021568298 281.79833984375
68.489311218262 4.9957585334778 282.09429931641
68.785339355469 6.0823488235474 282.3835144043
69.141204833984 7.1527400016785 282.66537475586
69.564849853516 8.2008323669434 282.93780517578
70.049003601074 9.2245121002197 283.2004699707
70.632064819336 10.200439453125 283.44509887695
71.198738098145 11.184892654419 283.69287109375
71.859329223633 12.114351272583 283.92077636719
72.576484680176 13.00427532196 284.1350402832
73.337776184082 13.859625816345 284.33746337891
74.155158996582 14.665581703186 284.52340698242
75.00269317627 15.4420337677 284.69967651367
75.870178222656 16.197677612305 284.86917114258
76.79638671875 16.885147094727 285.01678466797
77.778038024902 17.496110916138 285.14047241211
78.803367614746 18.035207748413 285.24194335938
69.978424072266 -4.8849301338196 279.55480957031
69.679557800293 -3.9541831016541 279.90579223633
69.461563110352 -2.989284992218 280.22253417969
69.325477600098 -2.0034680366516 280.52005004883
69.276954650879 -1.0158590078354 280.83834838867
69.296508789062 -0.027839502319694 281.15850830078
69.379150390625 0.95263612270355 281.49145507812
69.540382385254 1.9246357679367 281.82067871094
69.746269226074 2.8894045352936 282.14617919922
70.017761230469 3.8408360481262 282.46237182617
70.386077880859 4.7684473991394 282.75030517578
70.834541320801 5.6645789146423 283.02420043945
71.324111938477 6.5434365272522 283.28329467773
71.818222045898 7.4054932594299 283.58609008789
72.407691955566 8.2006359100342 283.90139770508
73.045776367188 8.9784955978394 284.16015625
73.736183166504 9.7108888626099 284.4172668457
74.480476379395 10.382991790771 284.68832397461
75.28450012207 10.992994308472 284.93466186523
76.114105224609 11.565120697021 285.18695068359
76.989074707031 12.064757347107 285.43994140625
77.903678894043 12.459500312805 285.73480224609
78.806205749512 12.834233283997 286.08734130859
79.717834472656 13.216462135315 286.40682983398
80.60920715332 13.598125457764 286.77966308594
69.884048461914 -4.7630958557129 279.06857299805
69.614120483398 -3.8086721897125 279.33966064453
69.385513305664 -2.8479692935944 279.62564086914
69.252883911133 -1.8703902959824 279.91528320312
69.193473815918 -0.88502597808838 280.20291137695
69.188980102539 0.11083168536425 280.45855712891
69.268951416016 1.1075947284698 280.69790649414
69.409149169922 2.1020977497101 280.91827392578
69.570648193359 3.1022391319275 281.09289550781
69.863731384277 4.0692486763 281.28338623047
70.194877624512 5.0259099006653 281.46347045898
70.568725585938 5.969621181488 281.62689208984
71.049407958984 6.8662061691284 281.77615356445
71.599327087402 7.7263517379761 281.89877319336
72.187110900879 8.5616731643677 282.01727294922
72.815467834473 9.3685350418091 282.12423706055
73.480728149414 10.148384094238 282.20501708984
74.199317932129 10.880847930908 282.27136230469
74.966438293457 11.564829826355 282.30242919922
75.778968811035 12.194777488708 282.28604125977
76.619560241699 12.784585952759 282.23278808594
77.486152648926 13.329600334167 282.13635253906
78.372764587402 13.830214500427 281.99273681641
79.266830444336 14.301124572754 281.80239868164
80.197998046875 14.676822662354 281.58120727539
