62.800155639648 4.8916707038879 272.75723266602
70.203277587891 -11.062006950378 269.88305664062
73.30736541748 -9.1568202972412 267.3251953125
72.537437438965 -10.580513954163 273.72277832031
62.599815368652 4.2391953468323 272.58410644531
62.579235076904 3.5536365509033 272.42321777344
62.640933990479 2.8683869838715 272.27142333984
62.721996307373 2.1846957206726 272.12213134766
62.883720397949 1.5128828287125 271.98455810547
63.051025390625 0.84253168106079 271.84790039062
63.30094909668 0.195218116045 271.72567749023
63.540058135986 -0.4557780623436 271.60147094727
63.807289123535 -1.0967793464661 271.48263549805
64.086616516113 -1.7330178022385 271.36627197266
64.403503417969 -2.3528892993927 271.25784301758
64.730117797852 -2.9680626392365 271.15155029297
65.067924499512 -3.5776031017303 271.04779052734
65.413925170898 -4.18284034729 270.94592285156
65.781394958496 -4.7761631011963 270.84924316406
66.158012390137 -5.3640880584717 270.75482177734
66.553977966309 -5.9398908615112 270.6653137207
66.98966217041 -6.4879751205444 270.58657836914
67.407157897949 -7.0493001937866 270.50277709961
67.782684326172 -7.6378765106201 270.40805053711
68.183631896973 -8.2104845046997 270.31985473633
68.59073638916 -8.778977394104 270.23324584961
68.988403320312 -9.3537292480469 270.14416503906
69.365013122559 -9.9416599273682 270.04971313477
69.78246307373 -10.50302028656 269.96594238281
62.966808319092 4.4181208610535 272.25155639648
63.185161590576 3.7877643108368 271.99337768555
63.504150390625 3.1929268836975 271.75531005859
63.813793182373 2.5852251052856 271.53823852539
64.124900817871 1.9764016866684 271.32690429688
64.482498168945 1.379434466362 271.15942382812
64.849426269531 0.78841757774353 270.99118041992
65.246772766113 0.21803387999535 270.82064819336
65.644195556641 -0.35230216383934 270.65014648438
66.044486999512 -0.92112517356873 270.48132324219
66.456230163574 -1.4837099313736 270.31927490234
66.868194580078 -2.046079158783 270.15701293945
67.288391113281 -2.6000781059265 269.9873046875
67.722213745117 -3.1394052505493 269.80502319336
68.156402587891 -3.6784055233002 269.62271118164
68.609359741211 -4.2002739906311 269.43621826172
69.070533752441 -4.7142534255981 269.24792480469
69.531959533691 -5.2280282974243 269.05975341797
70.012725830078 -5.7254295349121 268.87603759766
70.491333007812 -6.2225027084351 268.68600463867
70.926605224609 -6.7396669387817 268.45068359375
71.385597229004 -7.2418885231018 268.22842407227
71.874282836914 -7.7231888771057 268.02389526367
72.34105682373 -8.221076965332 267.80819702148
72.797836303711 -8.7190523147583 267.57223510742
62.983406066895 4.2321004867554 272.94805908203
63.217624664307 3.5601103305817 272.935546875
63.466735839844 2.8935232162476 272.92459106445
63.748764038086 2.2414779663086 272.88122558594
64.047660827637 1.5972031354904 272.83483886719
64.360595703125 0.95864832401276 272.80554199219
64.707664489746 0.33879789710045 272.76174926758
65.06616973877 -0.27419883012772 272.71469116211
65.443161010742 -0.87788885831833 272.72024536133
65.821426391602 -1.480736374855 272.72811889648
66.222953796387 -2.0683190822601 272.73876953125
66.634315490723 -2.6490297317505 272.75079345703
67.033790588379 -3.2377200126648 272.77215576172
67.431617736816 -3.8274686336517 272.79504394531
67.83821105957 -4.410918712616 272.82434082031
68.250709533691 -4.9899687767029 272.8581237793
68.669296264648 -5.5641512870789 272.89926147461
69.092613220215 -6.1344041824341 272.94622802734
69.518142700195 -6.7021384239197 273.00277709961
69.945846557617 -7.2672491073608 273.06842041016
70.389533996582 -7.8217849731445 273.11557006836
70.834762573242 -8.3752031326294 273.16101074219
71.245277404785 -8.9440069198608 273.28158569336
71.656547546387 -9.5110301971436 273.40780639648
72.08731842041 -10.064749717712 273.52792358398
