143.34980773926 9.7289419174194 633.93041992188
146.44660949707 -12.639152526855 636.70837402344
138.96063232422 -13.740467071533 639.07757568359
140.47750854492 -16.60445022583 631.08404541016
143.72026062012 8.9513158798218 634.10845947266
143.97323608398 8.1214818954468 634.25439453125
144.18827819824 7.2792081832886 634.38952636719
144.39189147949 6.4335932731628 634.52142333984
144.56848144531 5.5807337760925 634.64544677734
144.7188873291 4.7218255996704 634.76196289062
144.8391418457 3.8570046424866 634.86944580078
144.9736328125 2.9948372840881 634.98126220703
145.08500671387 2.1285133361816 635.08618164062
145.1909942627 1.2613234519958 635.189453125
145.30380249023 0.39524200558662 635.29486083984
145.39671325684 -0.47390258312225 635.39428710938
145.4705657959 -1.3454947471619 635.48809814453
145.53617858887 -2.218022108078 635.57928466797
145.62782287598 -3.0873484611511 635.67828369141
145.72804260254 -3.9554164409637 635.77996826172
145.82069396973 -4.8245916366577 635.87939453125
145.94065856934 -5.6894645690918 635.98675537109
146.07946777344 -6.5507969856262 636.09973144531
146.22897338867 -7.4099020957947 636.21600341797
146.30680847168 -8.2809782028198 636.31085205078
146.43544006348 -9.1442441940308 636.4208984375
146.52195739746 -10.014239311218 636.51843261719
146.5756072998 -10.887950897217 636.60607910156
146.49717712402 -11.762633323669 636.65283203125
143.31745910645 9.2047472000122 634.47814941406
143.5793762207 8.2874116897583 634.74298095703
143.6044921875 7.3178639411926 634.89392089844
143.57411193848 6.3360819816589 635.01806640625
143.54374694824 5.3543000221252 635.14227294922
143.46691894531 4.3784484863281 635.27844238281
143.32012939453 3.4115273952484 635.43255615234
143.17333984375 2.4446063041687 635.58673095703
143.0445098877 1.4803246259689 635.76782226562
142.93263244629 0.51853466033936 635.97442626953
142.82075500488 -0.44325521588326 636.18103027344
142.70887756348 -1.4050451517105 636.38763427734
142.5777130127 -2.3662383556366 636.58538818359
142.44435119629 -3.3273639678955 636.78210449219
142.31100463867 -4.2884893417358 636.97882080078
142.17765808105 -5.2496151924133 637.17553710938
142.04429626465 -6.2107405662537 637.37225341797
141.91548156738 -7.1355080604553 637.6962890625
141.78755187988 -8.0531797409058 638.04522705078
141.65962219238 -8.970850944519 638.39416503906
141.47463989258 -9.8963861465454 638.65191650391
141.17694091797 -10.837456703186 638.72937011719
140.87925720215 -11.778527259827 638.80688476562
140.24464416504 -12.515849113464 638.87188720703
139.54565429688 -13.21422958374 638.93444824219
143.40756225586 8.695348739624 633.77697753906
143.58944702148 7.6346955299377 633.7431640625
143.75868225098 6.572548866272 633.71356201172
143.8197479248 5.4976344108582 633.72009277344
143.88081359863 4.4227199554443 633.72668457031
143.88279724121 3.348292350769 633.72296142578
143.80592346191 2.2745151519775 633.70550537109
143.72903442383 1.200737953186 633.68811035156
143.65214538574 0.1269608438015 633.67065429688
143.57525634766 -0.94681632518768 633.65319824219
143.51167297363 -2.0208446979523 633.61999511719
143.46464538574 -3.0951852798462 633.56713867188
143.48329162598 -4.1621084213257 633.49523925781
143.71536254883 -5.2049255371094 633.36151123047
143.86164855957 -6.2548065185547 633.21832275391
143.83560180664 -7.3188772201538 633.05621337891
143.80955505371 -8.3829479217529 632.89404296875
143.7530670166 -9.4479742050171 632.75244140625
143.65850830078 -10.514197349548 632.63653564453
143.56394958496 -11.58042049408 632.52056884766
143.06970214844 -12.516356468201 632.44018554688
142.50250244141 -13.428514480591 632.36627197266
141.94578552246 -14.319356918335 632.19061279297
141.41291809082 -15.161654472351 631.78344726562
140.88005065918 -16.003952026367 631.37628173828
