60.616180419922 -1.0142805576324 272.58380126953
71.135055541992 2.5489900112152 274.57119750977
71.977966308594 -0.47050052881241 276.35330200195
72.397407531738 0.7569904923439 271.72750854492
60.83088684082 -0.6454963684082 272.69689941406
61.159744262695 -0.36837092041969 272.79965209961
61.519771575928 -0.13045133650303 272.89605712891
61.902000427246 0.072729483246803 272.98635864258
62.298835754395 0.24835960566998 273.07144165039
62.699462890625 0.41594010591507 273.15493774414
63.104629516602 0.57331359386444 273.23641967773
63.511177062988 0.72740840911865 273.31723022461
63.923229217529 0.86772394180298 273.3952331543
64.336334228516 1.0052071809769 273.47274780273
64.752128601074 1.1352713108063 273.54864501953
65.166305541992 1.2698378562927 273.62548828125
65.584037780762 1.3942687511444 273.70022583008
66.003974914551 1.511885881424 273.77352905273
66.427757263184 1.6167258024216 273.84411621094
66.853652954102 1.7138222455978 273.91302490234
67.276634216309 1.8214399814606 273.98416137695
67.698272705078 1.9335961341858 274.05633544922
68.118362426758 2.05073595047 274.12954711914
68.545356750488 2.1435923576355 274.19747924805
68.975975036621 2.2207996845245 274.26208496094
69.402359008789 2.3160054683685 274.33056640625
69.830581665039 2.4038600921631 274.3974609375
70.260810852051 2.4828612804413 274.46240234375
70.695831298828 2.5360085964203 274.52151489258
60.954200744629 -0.98734927177429 272.8987121582
61.39017868042 -0.94497084617615 273.05346679688
61.825836181641 -0.89081603288651 273.20547485352
62.263854980469 -0.83071452379227 273.34811401367
62.701286315918 -0.75777781009674 273.48657226562
63.141086578369 -0.68112033605576 273.61514282227
63.582656860352 -0.60669958591461 273.73886108398
64.026374816895 -0.54052954912186 273.85955810547
64.472061157227 -0.48366251587868 273.97747802734
64.905609130859 -0.41039374470711 274.12716674805
65.355224609375 -0.36757898330688 274.23587036133
65.799758911133 -0.34354373812675 274.36865234375
66.237449645996 -0.32314524054527 274.52304077148
66.676765441895 -0.3114946782589 274.67367553711
67.120872497559 -0.2987422645092 274.80941772461
67.55574798584 -0.27479302883148 274.97106933594
67.99649810791 -0.26423954963684 275.11752319336
68.435546875 -0.27664503455162 275.26892089844
68.873664855957 -0.29361867904663 275.42245483398
69.312973022461 -0.27166876196861 275.57196044922
69.753936767578 -0.27395460009575 275.71813964844
70.200141906738 -0.29994630813599 275.84484863281
70.64852142334 -0.34001836180687 275.95965576172
71.092788696289 -0.35918265581131 276.09417724609
71.536018371582 -0.40703395009041 276.2248840332
61.022720336914 -0.84557485580444 272.44256591797
61.450428009033 -0.68250781297684 272.37551879883
61.892601013184 -0.563855946064 272.3092956543
62.34342956543 -0.46091488003731 272.29168701172
62.796787261963 -0.3679156601429 272.2966003418
63.250133514404 -0.27509450912476 272.3046875
63.703723907471 -0.18405713140965 272.31735229492
64.158256530762 -0.099822148680687 272.33969116211
64.613502502441 -0.017004050314426 272.34878540039
65.068504333496 0.066705107688904 272.34161376953
65.515075683594 0.18368883430958 272.31372070312
65.975326538086 0.22848525643349 272.29455566406
66.434539794922 0.28085878491402 272.27059936523
66.891807556152 0.34553638100624 272.240234375
67.347091674805 0.42258235812187 272.20895385742
67.804580688477 0.48597902059555 272.17926025391
68.263717651367 0.53562933206558 272.14883422852
68.723564147949 0.57287585735321 272.11196899414
69.183067321777 0.61272233724594 272.07354736328
69.64298248291 0.65177857875824 272.03952026367
70.103492736816 0.68845480680466 272.01181030273
70.560646057129 0.72639566659927 271.95040893555
71.018363952637 0.75103783607483 271.8864440918
71.477394104004 0.76303243637085 271.82855224609
71.938049316406 0.75937223434448 271.78399658203
