106.7340927124 -3.0117270946503 577.03900146484
117.17909240723 -1.2914746999741 597.43041992188
112.7886505127 -11.506624221802 600.66705322266
124.38373565674 -9.8339443206787 594.86120605469
106.91284179688 -2.2661063671112 577.55535888672
107.19560241699 -1.6989307403564 578.22906494141
107.51460266113 -1.2179446220398 578.95196533203
107.8567276001 -0.80216562747955 579.70391845703
108.23249053955 -0.50053608417511 580.49353027344
108.61601257324 -0.23016075789928 581.29064941406
109.01443481445 -0.027565535157919 582.10046386719
109.4213104248 0.13031347095966 582.91607666016
109.83168792725 0.26809361577034 583.73358154297
110.24549102783 0.38400217890739 584.55267333984
110.66944885254 0.42554134130478 585.37377929688
111.09857177734 0.4175351858139 586.19317626953
111.5256652832 0.43101993203163 587.01361083984
111.9557800293 0.41201686859131 587.83227539062
112.38893890381 0.35315757989883 588.64752197266
112.81967163086 0.32692712545395 589.46569824219
113.25268554688 0.27043968439102 590.28118896484
113.68692016602 0.19478210806847 591.09442138672
114.12246704102 0.091174587607384 591.90393066406
114.55858612061 -0.025173088535666 592.71136474609
114.99522399902 -0.15759332478046 593.51599121094
115.43256378174 -0.3591520190239 594.30578613281
115.86991119385 -0.55532544851303 595.09692382812
116.30637359619 -0.7976371049881 595.87573242188
116.74283599854 -1.0413702726364 596.65399169922
106.71102142334 -3.0006363391876 578.06048583984
106.95142364502 -3.0101792812347 579.03564453125
107.32092285156 -3.0359177589417 579.98577880859
107.67596435547 -3.6719722747803 580.70233154297
108.0504989624 -4.2302136421204 581.46496582031
108.44939422607 -4.6911878585815 582.28497314453
108.8345489502 -5.1334004402161 583.12030029297
109.17455291748 -5.51402759552 584.00549316406
109.52927398682 -5.8806653022766 584.89025878906
109.92362976074 -6.2096128463745 585.77368164062
110.31798553467 -6.5385608673096 586.65704345703
110.54724884033 -6.8017601966858 587.61639404297
110.78509521484 -7.066638469696 588.57257080078
111.16944885254 -7.3750557899475 589.46771240234
111.45746612549 -7.7101278305054 590.38684082031
111.70789337158 -8.0556001663208 591.31530761719
111.82524108887 -8.3862018585205 592.25598144531
111.68215942383 -8.6874094009399 593.220703125
111.91298675537 -9.0115394592285 594.16186523438
112.08995819092 -9.3030843734741 595.12249755859
112.2073135376 -9.5604286193848 596.10406494141
112.39091491699 -9.8949136734009 597.05200195312
112.55089569092 -10.17701625824 598.01892089844
112.57934570312 -10.432704925537 599.00415039062
112.77236175537 -10.889610290527 599.86987304688
107.53993988037 -2.9866855144501 577.66076660156
108.16369628906 -2.9708003997803 578.46484375
108.80587768555 -3.0723104476929 579.24810791016
109.3716506958 -3.5572049617767 579.94122314453
109.91144561768 -3.9317510128021 580.71875
110.45076751709 -4.304144859314 581.49792480469
111.0537109375 -4.5837302207947 582.26879882812
111.66654205322 -4.8479180335999 583.03771972656
112.24073791504 -5.2139286994934 583.79400634766
112.80857086182 -5.5904541015625 584.55059814453
113.39196777344 -5.9183278083801 585.31768798828
113.99332427979 -6.2394247055054 586.07385253906
114.60903167725 -6.5584697723389 586.8193359375
115.29038238525 -6.6495385169983 587.56317138672
116.07659912109 -6.7219295501709 588.20599365234
116.83581542969 -6.8581156730652 588.86688232422
117.57196044922 -7.063437461853 589.53948974609
118.31130218506 -7.2890686988831 590.20166015625
119.02046203613 -7.6385455131531 590.84320068359
119.717628479 -7.9965744018555 591.49243164062
120.42479705811 -8.2992677688599 592.14715576172
121.20662689209 -8.4902925491333 592.76879882812
121.96002960205 -8.7805995941162 593.38842773438
122.70021820068 -9.1853055953979 593.94940185547
123.51256561279 -9.5935096740723 594.39233398438
