58.03772354126 7.7510523796082 270.03140258789
65.225959777832 -1.9746496677399 271.14184570312
68.842544555664 0.75423812866211 269.48687744141
67.150894165039 -0.42966058850288 275.20565795898
57.949607849121 7.2872815132141 269.94778442383
58.036876678467 6.8164863586426 269.91888427734
58.191303253174 6.3623394966125 269.91323852539
58.393039703369 5.9272222518921 269.92495727539
58.618846893311 5.5045461654663 269.94580078125
58.880275726318 5.1037693023682 269.98052978516
59.15104675293 4.709587097168 270.01898193359
59.42546081543 4.318088054657 270.05892944336
59.714553833008 3.9379780292511 270.10491943359
60.012687683105 3.5654048919678 270.15472412109
60.308471679688 3.1908407211304 270.20346069336
60.627746582031 2.8375911712646 270.26223754883
60.938716888428 2.4764485359192 270.31744384766
61.254413604736 2.1197485923767 270.37466430664
61.578552246094 1.771329164505 270.43560791016
61.903896331787 1.4241194725037 270.49700927734
62.241992950439 1.0904012918472 270.56405639648
62.572998046875 0.74905276298523 270.62802124023
62.905471801758 0.40924760699272 270.69259643555
63.234157562256 0.065465740859509 270.75546264648
63.55704498291 -0.28421261906624 270.81585693359
63.891834259033 -0.62153047323227 270.88146972656
64.230209350586 -0.95493692159653 270.94866943359
64.568168640137 -1.2888067960739 271.01568603516
64.910690307617 -1.6175582408905 271.08477783203
58.364490509033 7.4183282852173 269.83966064453
58.631080627441 6.9944067001343 269.77850341797
58.989055633545 6.6423225402832 269.72662353516
59.366710662842 6.3075199127197 269.71588134766
59.736141204834 5.9650511741638 269.68310546875
60.141456604004 5.6745615005493 269.76150512695
60.544536590576 5.3706998825073 269.76364135742
60.960578918457 5.0864343643188 269.79409790039
61.377124786377 4.8016738891602 269.80941772461
61.79195022583 4.5141978263855 269.79956054688
62.218433380127 4.2441477775574 269.79739379883
62.637477874756 3.9628615379333 269.787109375
63.054702758789 3.6786954402924 269.78387451172
63.477710723877 3.4032180309296 269.78619384766
63.902530670166 3.1307833194733 269.79797363281
64.320877075195 2.8486504554749 269.78536987305
64.748390197754 2.5802984237671 269.78042602539
65.230499267578 2.4578537940979 269.75964355469
65.615364074707 2.1389484405518 269.69873046875
66.075706481934 1.9412994384766 269.63659667969
66.53604888916 1.7436528205872 269.57446289062
66.996200561523 1.5454090833664 269.51309204102
67.451095581055 1.3301825523376 269.47323608398
67.907791137695 1.1176428794861 269.4404296875
68.375610351562 0.93048775196075 269.41104125977
58.264236450195 7.3525424003601 270.27325439453
58.395862579346 6.8604140281677 270.36709594727
58.744770050049 6.5024981498718 270.50570678711
59.066944122314 6.1473288536072 270.70364379883
59.406536102295 5.7853116989136 270.85470581055
59.760986328125 5.4371285438538 271.00408935547
60.134643554688 5.1129322052002 271.16052246094
60.496021270752 4.7835350036621 271.33404541016
60.868087768555 4.4625072479248 271.50054931641
61.246398925781 4.153030872345 271.67459106445
61.603450775146 3.82746052742 271.86361694336
61.960048675537 3.507027387619 272.06201171875
62.327842712402 3.1993932723999 272.26025390625
62.688320159912 2.8845782279968 272.46063232422
63.029644012451 2.5546772480011 272.67007446289
63.387603759766 2.2415819168091 272.87756347656
63.760570526123 1.9375495910645 273.07159423828
64.126243591309 1.6500726938248 273.3014831543
64.502174377441 1.3880418539047 273.54483032227
64.86750793457 1.1117979288101 273.78863525391
65.23575592041 0.84305137395859 274.03637695312
65.622283935547 0.61890131235123 274.30014038086
65.99430847168 0.36543053388596 274.55813598633
66.350517272949 0.079785488545895 274.80456542969
66.711547851562 -0.2182761579752 275.02816772461
