94.746643066406 1.4064826965332 342.83312988281
51.144969940186 6.8300142288208 340.44964599609
50.743381500244 5.1449704170227 337.16616821289
50.760196685791 3.0219674110413 341.77224731445
93.329803466797 2.1693890094757 342.98184204102
91.629760742188 2.1612260341644 342.80419921875
89.929878234863 2.149528503418 342.6252746582
88.229843139648 2.1411845684052 342.44763183594
86.52921295166 2.1502254009247 342.27658081055
84.828269958496 2.168511390686 342.1091003418
83.12784576416 2.1696560382843 341.93502807617
81.426712036133 2.1935827732086 341.76968383789
79.725227355957 2.2540364265442 341.61840820312
78.023696899414 2.3143014907837 341.46704101562
76.322311401367 2.3899531364441 341.32162475586
74.622863769531 2.5147933959961 341.19534301758
72.92879486084 2.715354681015 341.09881591797
71.240165710449 2.9659378528595 341.02212524414
69.542747497559 3.1351358890533 340.91314697266
67.848304748535 3.3390378952026 340.81793212891
66.159103393555 3.5880262851715 340.74057006836
64.466598510742 3.808652639389 340.65191650391
62.78067779541 4.0751042366028 340.58160400391
61.100601196289 4.385392665863 340.52883911133
59.420631408691 4.6953468322754 340.47592163086
57.76549911499 5.1222801208496 340.47067260742
56.110366821289 5.549213886261 340.46542358398
54.455234527588 5.9761471748352 340.46017456055
52.800102233887 6.4030809402466 340.45489501953
93.291206359863 1.9293324947357 342.1145324707
91.581596374512 1.8137800693512 341.91329956055
89.870803833008 1.7287949323654 341.70962524414
88.158905029297 1.7446193695068 341.4963684082
86.442001342773 1.7194271087646 341.32836914062
84.723991394043 1.6938673257828 341.17642211914
83.013847351074 1.7611595392227 340.96063232422
81.29704284668 1.7359914779663 340.79190063477
79.582489013672 1.7474598884583 340.6003112793
77.870094299316 1.8070608377457 340.39892578125
76.161987304688 1.9225083589554 340.18704223633
74.463233947754 1.9767540693283 339.89166259766
72.75545501709 2.102992773056 339.68194580078
71.045372009277 2.265962600708 339.52233886719
69.329040527344 2.359402179718 339.37365722656
67.61173248291 2.4366173744202 339.22854614258
65.902297973633 2.6235566139221 339.08868408203
64.193367004395 2.8149523735046 338.94876098633
62.483345031738 2.9890518188477 338.79986572266
60.77473449707 3.1700265407562 338.64352416992
59.077781677246 3.401290178299 338.43496704102
57.389404296875 3.6629347801208 338.19500732422
55.706832885742 3.9427876472473 337.93566894531
54.034782409668 4.2246236801147 337.61724853516
52.375732421875 4.6196894645691 337.35638427734
93.109413146973 1.2660180330276 343.26208496094
91.41480255127 1.2459490299225 343.08972167969
89.73690032959 1.1346032619476 342.81768798828
88.046249389648 1.1587556600571 342.60827636719
86.35139465332 1.1633988618851 342.4345703125
84.65259552002 1.1615599393845 342.30471801758
82.952407836914 1.152307510376 342.19473266602
81.252449035645 1.1381961107254 342.08233642578
79.553413391113 1.1747505664825 341.96224975586
77.85897064209 1.1240170001984 341.79174804688
76.163711547852 1.1027585268021 341.625
74.46900177002 1.2222418785095 341.49664306641
72.772727966309 1.3209463357925 341.37127685547
71.074836730957 1.4023591279984 341.25735473633
69.373054504395 1.4833793640137 341.26916503906
67.672798156738 1.5915063619614 341.25643920898
65.976997375488 1.74618268013 341.20056152344
64.278099060059 1.8537622690201 341.13021850586
62.57844543457 1.9431270360947 341.05474853516
60.88956451416 2.1677021980286 341.05480957031
59.1926612854 2.320375919342 341.05239868164
57.492816925049 2.4355592727661 341.04718017578
55.794731140137 2.5548031330109 341.1184387207
54.098667144775 2.6641750335693 341.23718261719
52.419338226318 2.7308831214905 341.51666259766
