74.441848754883 6.4881072044373 337.22338867188
36.239082336426 -12.368787765503 340.00714111328
35.029453277588 -4.7013993263245 345.65432739258
34.96399307251 -5.4544239044189 333.63928222656
73.647758483887 5.0185561180115 337.38760375977
72.645622253418 3.6822583675385 337.54376220703
71.440673828125 2.5255753993988 337.68707275391
70.103424072266 1.5224606990814 337.81838989258
68.810974121094 0.4616322517395 337.95425415039
67.435401916504 -0.4865637421608 338.08111572266
66.002235412598 -1.3513691425323 338.20108032227
64.546089172363 -2.1776854991913 338.31781005859
63.072814941406 -2.9734456539154 338.4319152832
61.573406219482 -3.7186360359192 338.54165649414
60.052623748779 -4.4207448959351 338.64767456055
58.519969940186 -5.0967597961426 338.75140380859
56.976280212402 -5.7477507591248 338.85293579102
55.420967102051 -6.3699932098389 338.95193481445
53.847579956055 -6.9466691017151 339.04684448242
52.275695800781 -7.5272488594055 339.14208984375
50.694652557373 -8.0829200744629 339.23513793945
49.112083435059 -8.6339139938354 339.32769775391
47.503978729248 -9.1069936752319 339.41317749023
45.891242980957 -9.5642976760864 339.49731445312
44.311290740967 -10.122471809387 339.5905456543
42.711322784424 -10.621370315552 339.67840576172
41.088817596436 -11.042064666748 339.75912475586
39.462394714355 -11.448958396912 339.83853149414
37.843761444092 -11.884391784668 339.92056274414
73.332221984863 5.4714765548706 337.88088989258
72.155815124512 4.5073609352112 338.45950317383
70.736434936523 3.7343344688416 338.75091552734
69.317047119141 2.9613080024719 339.04232788086
67.837707519531 2.3029749393463 339.30447387695
66.336013793945 1.6874046325684 339.55572509766
64.828910827637 1.0789289474487 339.79028320312
63.314105987549 0.48054695129395 340.00109863281
61.780731201172 -0.070279039442539 340.18780517578
60.202865600586 -0.50716787576675 340.31665039062
58.625873565674 -0.94589877128601 340.44943237305
57.053867340088 -1.3952059745789 340.60455322266
55.486301422119 -1.8476756811142 340.7900390625
53.910537719727 -2.2576858997345 340.9866027832
52.302959442139 -2.5424687862396 341.15618896484
50.725971221924 -2.9265882968903 341.40658569336
49.146518707275 -3.261745929718 341.70431518555
47.552017211914 -3.4989020824432 341.98864746094
45.939971923828 -3.5997745990753 342.2702331543
44.348621368408 -3.7690625190735 342.63882446289
42.784961700439 -3.9560067653656 343.10479736328
41.217582702637 -4.1263651847839 343.56253051758
39.635063171387 -4.2385005950928 343.98641967773
38.061195373535 -4.3516330718994 344.43994140625
36.545322418213 -4.5265159606934 345.04711914062
73.171730041504 5.6839389801025 336.61413574219
71.890068054199 4.7097225189209 336.40179443359
70.528839111328 3.8271000385284 336.35894775391
69.155624389648 2.9628345966339 336.32913208008
67.668792724609 2.310079574585 336.32055664062
66.173156738281 1.67990899086 336.33462524414
64.656669616699 1.1032621860504 336.40234375
63.146797180176 0.50798577070236 336.41793823242
61.6422996521 -0.10242975503206 336.39114379883
60.144077301025 -0.72629350423813 336.34228515625
58.644115447998 -1.3421996831894 336.28564453125
57.08544921875 -1.7965402603149 336.31686401367
55.528415679932 -2.256329536438 336.3288269043
53.975234985352 -2.7289299964905 336.29550170898
52.41060256958 -3.1547420024872 336.25991821289
50.815483093262 -3.4559082984924 336.21835327148
49.22057723999 -3.7538712024689 336.16424560547
47.627506256104 -4.0247755050659 336.00436401367
46.03443145752 -4.2956800460815 335.84448242188
44.436012268066 -4.4782152175903 335.63098144531
42.837657928467 -4.6321310997009 335.39016723633
41.243068695068 -4.7769069671631 335.11965942383
39.646484375 -4.8823490142822 334.8430480957
38.094585418701 -5.0931854248047 334.42172241211
36.532779693604 -5.2819018363953 334.02136230469
