67.311706542969 16.38805770874 330.50869750977
34.261219024658 -13.45031452179 345.22543334961
33.3752784729 -9.024299621582 344.92623901367
34.194965362549 -11.659636497498 341.06042480469
67.166351318359 14.954705238342 331.763671875
66.706512451172 13.456867218018 332.84631347656
66.169128417969 11.949488639832 333.88729858398
65.416427612305 10.460900306702 334.8190612793
64.58861541748 8.9987258911133 335.72573852539
63.703624725342 7.5566568374634 336.61334228516
62.679958343506 6.166184425354 337.42999267578
61.623817443848 4.7725977897644 338.19946289062
60.536285400391 3.3867433071136 338.93753051758
59.376808166504 2.0373392105103 339.63418579102
58.140933990479 0.75820058584213 340.32934570312
56.861469268799 -0.48735693097115 341.00640869141
55.488174438477 -1.6828122138977 341.5856628418
54.097873687744 -2.8668646812439 342.14587402344
52.667152404785 -4.0238194465637 342.66073608398
51.165256500244 -5.1074900627136 343.12637329102
49.636451721191 -6.1633744239807 343.5703125
48.043586730957 -7.1524767875671 343.93780517578
46.43571472168 -8.1355619430542 344.24514770508
44.810695648193 -9.1117696762085 344.48373413086
43.117641448975 -9.9730987548828 344.68270874023
41.397144317627 -10.781795501709 344.86373901367
39.639877319336 -11.515536308289 345.01940917969
37.892372131348 -12.283695220947 345.08651733398
36.09574508667 -12.91635799408 345.22467041016
66.76936340332 15.226734161377 331.8278503418
66.132904052734 13.886798858643 332.90576171875
65.419403076172 12.515361785889 333.89575195312
64.548881530762 11.159291267395 334.78244018555
63.634368896484 9.8129320144653 335.63528442383
62.62797164917 8.4868545532227 336.41738891602
61.602882385254 7.1674642562866 337.18478393555
60.50110244751 5.8755059242249 337.89181518555
59.383911132812 4.5933103561401 338.59127807617
58.203277587891 3.3513007164001 339.25946044922
56.998184204102 2.1202023029327 339.9030456543
55.775543212891 0.89693003892899 340.52893066406
54.479118347168 -0.2748216688633 341.09329223633
53.115798950195 -1.3998574018478 341.6018371582
51.698192596436 -2.4731552600861 342.06729125977
50.245960235596 -3.5134530067444 342.50521850586
48.750583648682 -4.5033092498779 342.90515136719
47.203102111816 -5.4322514533997 343.25921630859
45.627872467041 -6.3223614692688 343.58050537109
44.00199508667 -7.1416082382202 343.84191894531
42.329933166504 -7.8655533790588 344.04354858398
40.587791442871 -8.4448957443237 344.15441894531
38.818798065186 -8.9274463653564 344.28466796875
37.011363983154 -9.2005548477173 344.43008422852
35.19087600708 -9.1640348434448 344.66876220703
66.954879760742 14.822525024414 331.4123840332
66.518898010254 13.275850296021 332.29946899414
65.771057128906 11.81010055542 333.1272277832
64.942817687988 10.393130302429 333.96450805664
64.021675109863 9.0120286941528 334.76055908203
63.035919189453 7.6593909263611 335.52917480469
61.968166351318 6.3509178161621 336.26583862305
60.892761230469 5.045690536499 336.99670410156
59.777034759521 3.7575511932373 337.69720458984
58.597362518311 2.5143086910248 338.36630249023
57.32873916626 1.3335169553757 338.99176025391
56.064479827881 0.13288192451 339.5859375
54.806213378906 -1.0949741601944 340.13726806641
53.446796417236 -2.2163393497467 340.66000366211
52.014469146729 -3.2609429359436 341.16207885742
50.582901000977 -4.354208946228 341.548828125
49.126739501953 -5.4151692390442 341.91986083984
47.526683807373 -6.2754273414612 342.22744750977
45.893501281738 -7.090075969696 342.47467041016
44.246780395508 -7.8860816955566 342.69720458984
42.565406799316 -8.6301851272583 342.80490112305
40.846477508545 -9.2831764221191 342.79690551758
39.102886199951 -9.872275352478 342.71130371094
37.400459289551 -10.514373779297 342.42095947266
35.744979858398 -11.12771320343 341.90264892578
