67.827545166016 -5.3279361724854 267.53216552734
76.795677185059 2.2217786312103 275.64807128906
83.850952148438 -3.2707498073578 277.6867980957
82.530235290527 6.656599521637 269.71685791016
67.678535461426 -4.9958400726318 267.9753112793
67.729721069336 -4.6366491317749 268.42095947266
67.819244384766 -4.2777862548828 268.86016845703
68.02823638916 -3.929652929306 269.26681518555
68.24543762207 -3.5830049514771 269.67028808594
68.511512756348 -3.2467436790466 270.05291748047
68.788047790527 -2.9133329391479 270.43026733398
69.130043029785 -2.6010847091675 270.77053833008
69.450798034668 -2.2811033725739 271.12390136719
69.81404876709 -1.9775953292847 271.44973754883
70.192695617676 -1.6810579299927 271.76428222656
70.580535888672 -1.3890205621719 272.07177734375
70.980026245117 -1.1029866933823 272.3698425293
71.392433166504 -0.82405376434326 272.65682983398
71.799003601074 -0.54184758663177 272.94885253906
72.235382080078 -0.27763304114342 273.21347045898
72.668388366699 -0.01121711730957 273.48138427734
73.106094360352 0.25213101506233 273.74465942383
73.555442810059 0.5074245929718 273.99600219727
74.003120422363 0.76394999027252 274.24905395508
74.46541595459 1.009575843811 274.48611450195
74.918174743652 1.2624359130859 274.73373413086
75.37540435791 1.5119514465332 274.97650146484
75.845428466797 1.7514214515686 275.20452880859
76.322784423828 1.9846971035004 275.42352294922
68.242980957031 -5.1289010047913 268.12118530273
68.527763366699 -4.806164264679 268.69296264648
69.211685180664 -4.6316075325012 268.90063476562
69.761856079102 -4.3921236991882 269.35028076172
70.334465026855 -4.1407175064087 269.76193237305
70.935134887695 -3.9872436523438 270.18435668945
71.549591064453 -3.832939863205 270.58599853516
72.162246704102 -3.7121388912201 271.00158691406
72.794845581055 -3.5937874317169 271.38705444336
73.41429901123 -3.4908111095428 271.79751586914
74.049705505371 -3.4036438465118 272.18673706055
74.673545837402 -3.3347389698029 272.59771728516
75.316078186035 -3.2842755317688 272.98187255859
75.96263885498 -3.2424323558807 273.36029052734
76.61311340332 -3.2000513076782 273.73187255859
77.266479492188 -3.1598348617554 274.09811401367
77.902122497559 -3.1664011478424 274.49658203125
78.559509277344 -3.1701457500458 274.85821533203
79.223182678223 -3.1878490447998 275.20779418945
79.884902954102 -3.1840808391571 275.56149291992
80.548126220703 -3.1764709949493 275.91226196289
81.211639404297 -3.1935935020447 276.26214599609
81.886154174805 -3.2050518989563 276.5905456543
82.539360046387 -3.2198944091797 276.95947265625
83.193084716797 -3.2419331073761 277.32711791992
68.201385498047 -4.7256608009338 267.76068115234
68.621780395508 -4.2426805496216 268.11199951172
69.238891601562 -3.8770513534546 268.29113769531
69.733642578125 -3.4062809944153 268.59399414062
70.236061096191 -2.9220719337463 268.85980224609
70.772125244141 -2.4451069831848 269.06677246094
71.337066650391 -1.983330488205 269.22625732422
71.894920349121 -1.499486207962 269.34014892578
72.45189666748 -1.012348651886 269.44345092773
73.005706787109 -0.52687638998032 269.56912231445
73.569923400879 -0.046975616365671 269.66754150391
74.141250610352 0.42416334152222 269.76583862305
74.733596801758 0.87560194730759 269.82391357422
75.342292785645 1.3086032867432 269.84237670898
75.951156616211 1.7415256500244 269.85482788086
76.549926757812 2.1880810260773 269.87490844727
77.154113769531 2.62744140625 269.8908996582
77.761810302734 3.061726808548 269.91052246094
78.368270874023 3.4981551170349 269.90213012695
78.978561401367 3.9288713932037 269.88293457031
79.588584899902 4.3597459793091 269.859375
80.190963745117 4.8007678985596 269.82815551758
80.786354064941 5.2514786720276 269.80139160156
81.381004333496 5.7034749984741 269.78100585938
81.958450317383 6.1767401695251 269.75061035156
