70.524528503418 6.8874139785767 269.54061889648
75.504356384277 -5.6764583587646 271.67202758789
81.740768432617 -7.5276899337769 268.54476928711
79.886520385742 -6.3060936927795 276.86752319336
70.182098388672 6.4565591812134 269.54141235352
70.00080871582 5.9374747276306 269.57495117188
69.940879821777 5.3920636177063 269.62854003906
69.960258483887 4.844898223877 269.69354248047
70.04231262207 4.3046412467957 269.76663208008
70.18822479248 3.7789423465729 269.84698486328
70.355682373047 3.260142326355 269.92959594727
70.569839477539 2.7594904899597 270.01675415039
70.799919128418 2.2662167549133 270.10534667969
71.048538208008 1.7822842597961 270.19546508789
71.29914855957 1.29940366745 270.28567504883
71.560111999512 0.82220464944839 270.37677001953
71.828018188477 0.348961353302 270.46835327148
72.089332580566 -0.12805068492889 270.55941772461
72.356620788574 -0.60164606571198 270.65100097656
72.626007080078 -1.0740172863007 270.74273681641
72.883010864258 -1.5534309148788 270.83346557617
73.137832641602 -2.0340309143066 270.92407226562
73.404289245605 -2.5081014633179 271.01553344727
73.700782775879 -2.9635548591614 271.10919189453
73.978958129883 -3.4306859970093 271.20153808594
74.296073913574 -3.8717761039734 271.29638671875
74.60888671875 -4.3159737586975 271.39102172852
74.91121673584 -4.7675080299377 271.48504638672
75.231948852539 -5.2058639526367 271.580078125
70.773101806641 6.3505749702454 269.17391967773
70.580406188965 5.6750512123108 269.07455444336
70.955894470215 5.0590262413025 269.03103637695
71.355712890625 4.4586896896362 269.00305175781
71.785522460938 3.8776919841766 268.99423217773
72.221473693848 3.3012955188751 268.98739624023
72.661331176758 2.7278254032135 268.98178100586
73.109397888184 2.1613149642944 268.96133422852
73.563659667969 1.6000472307205 268.9296875
74.044960021973 1.0611958503723 268.92565917969
74.522079467773 0.51881909370422 268.91296386719
74.987602233887 -0.033180896192789 268.88269042969
75.424682617188 -0.604336977005 268.81112670898
75.877464294434 -1.1645896434784 268.75476074219
76.3408203125 -1.717156291008 268.70941162109
76.835960388184 -2.2436366081238 268.70404052734
77.318710327148 -2.7814147472382 268.6982421875
77.81324005127 -3.3073720932007 268.69400024414
78.341148376465 -3.8001589775085 268.69229125977
78.771835327148 -4.379358291626 268.65475463867
79.270393371582 -4.9015998840332 268.64453125
79.772804260254 -5.4206690788269 268.62380981445
80.258110046387 -5.9548473358154 268.59902954102
80.726829528809 -6.5027775764465 268.59127807617
81.244026184082 -7.0051302909851 268.59530639648
70.51708984375 6.4506239891052 269.95751953125
70.592918395996 5.7956023216248 270.08932495117
70.872833251953 5.2189846038818 270.36309814453
71.16682434082 4.6556315422058 270.65142822266
71.520355224609 4.1128635406494 270.91165161133
71.873893737793 3.5700953006744 271.171875
72.227424621582 3.0273270606995 271.43212890625
72.62052154541 2.5067384243011 271.68054199219
73.009819030762 1.9875783920288 271.93737792969
73.387275695801 1.4702942371368 272.21533203125
73.751800537109 0.95045441389084 272.50531005859
74.132293701172 0.43930917978287 272.78979492188
74.524147033691 -0.06647089868784 273.06896972656
74.925720214844 -0.55853933095932 273.35861206055
75.326263427734 -1.0499250888824 273.65081787109
75.719833374023 -1.5403841733932 273.95388793945
76.114471435547 -2.0303847789764 274.25628662109
76.521980285645 -2.5148675441742 274.55044555664
76.941513061523 -2.9968681335449 274.83123779297
77.365364074707 -3.4770016670227 275.10894775391
77.789283752441 -3.9540657997131 275.39178466797
78.203926086426 -4.4281826019287 275.6907043457
78.585708618164 -4.8918514251709 276.04644775391
78.992668151855 -5.3639321327209 276.35705566406
79.426116943359 -5.8410134315491 276.62454223633
