67.372032165527 14.992978096008 332.86959838867
27.135671615601 22.403917312622 330.8606262207
16.436944961548 13.558611869812 326.11553955078
19.073188781738 17.645429611206 339.44250488281
66.08390045166 15.873704910278 332.56866455078
64.640563964844 16.499513626099 332.36422729492
63.167343139648 17.066513061523 332.18194580078
61.676212310791 17.589826583862 332.01608276367
60.16202545166 18.048645019531 331.87432861328
58.627853393555 18.444581985474 331.75604248047
57.081340789795 18.795442581177 331.65454101562
55.527683258057 19.116918563843 331.56396484375
53.969348907471 19.417167663574 331.48129272461
52.405570983887 19.690483093262 331.40866088867
50.832817077637 19.912069320679 331.3551940918
49.258407592773 20.122541427612 331.30581665039
47.681922912598 20.318065643311 331.26193237305
46.103561401367 20.499038696289 331.22351074219
44.522533416748 20.656251907349 331.19381713867
42.941093444824 20.810024261475 331.16540527344
41.359592437744 20.962917327881 331.13735961914
39.776866912842 21.103771209717 331.11373901367
38.195755004883 21.26095199585 331.08404541016
36.615242004395 21.423500061035 331.05239868164
35.031539916992 21.553949356079 331.03265380859
33.447563171387 21.681182861328 331.01406860352
31.864332199097 21.816858291626 330.99237060547
30.286487579346 21.999858856201 330.95315551758
28.713085174561 22.215299606323 330.90191650391
65.422386169434 15.006153106689 332.50875854492
63.466594696045 15.186410903931 332.23657226562
61.495769500732 15.353234291077 332.09149169922
59.52668762207 15.491872787476 331.9033203125
57.558132171631 15.511566162109 331.66409301758
55.58812713623 15.462549209595 331.44229125977
53.610366821289 15.414112091064 331.30758666992
51.645439147949 15.362935066223 331.04370117188
49.682262420654 15.310848236084 330.7673034668
47.720558166504 15.270133018494 330.47961425781
45.748306274414 15.207518577576 330.28088378906
43.777767181396 15.136332511902 330.06900024414
41.813816070557 15.008225440979 329.82504272461
39.842975616455 14.889171600342 329.63848876953
37.873653411865 14.777968406677 329.43225097656
35.90913772583 14.65925693512 329.18795776367
33.951519012451 14.488340377808 328.9201965332
31.997959136963 14.297535896301 328.63674926758
30.053327560425 14.102627754211 328.30001831055
28.100379943848 14.014961242676 327.96612548828
26.153825759888 13.914774894714 327.60006713867
24.198707580566 13.907339096069 327.26797485352
22.244737625122 14.089772224426 326.98181152344
20.296014785767 14.224871635437 326.63955688477
18.339931488037 14.062561988831 326.35610961914
65.558547973633 15.117492675781 333.33517456055
63.714466094971 15.452483177185 333.46765136719
61.844955444336 15.50573348999 333.67556762695
59.969287872314 15.605297088623 333.79498291016
58.097984313965 15.723434448242 333.95834350586
56.230754852295 15.857779502869 334.15298461914
54.365978240967 15.999292373657 334.36474609375
52.497062683105 16.088928222656 334.56884765625
50.628955841064 16.190441131592 334.77432250977
48.765922546387 16.334474563599 334.99920654297
46.909484863281 16.456214904785 335.27801513672
45.036529541016 16.410087585449 335.44888305664
43.18090057373 16.523553848267 335.74105834961
41.311618804932 16.55027961731 335.95916748047
39.445194244385 16.6037940979 336.19537353516
37.584300994873 16.728282928467 336.4479675293
35.718811035156 16.773481369019 336.69375610352
33.853244781494 16.787714004517 336.94262695312
31.990427017212 16.765310287476 337.21054077148
30.137140274048 16.781917572021 337.53799438477
28.28844833374 16.691192626953 337.87814331055
26.440916061401 16.802095413208 338.21966552734
24.615158081055 17.004554748535 338.62872314453
22.763849258423 17.287675857544 338.81567382812
20.905904769897 17.479358673096 339.04739379883
