92.512023925781 2.3046295642853 633.08953857422
204.82647705078 -16.246715545654 667.20568847656
181.00868225098 -22.792652130127 695.82739257812
185.56629943848 -48.848720550537 668.85876464844
97.327995300293 3.4973120689392 632.83074951172
102.23914337158 4.2376866340637 632.97888183594
107.15860748291 4.8933959007263 633.20172119141
112.08975219727 5.1978335380554 633.73065185547
117.01477050781 5.3846716880798 634.36029052734
121.92570495605 5.4239683151245 635.11560058594
126.83626556396 5.477593421936 635.8583984375
131.69157409668 5.2017111778259 636.87762451172
136.52352905273 4.834529876709 637.97222900391
141.31077575684 4.3217267990112 639.18560791016
146.16053771973 4.4213123321533 639.87884521484
150.68060302734 5.9980173110962 639.23986816406
154.96101379395 4.4718375205994 641.24951171875
159.75366210938 5.5330061912537 641.10076904297
164.1400604248 4.2804307937622 642.89056396484
169.01972961426 4.3479619026184 643.61633300781
173.58535766602 3.3393228054047 645.22357177734
178.09858703613 2.1827232837677 646.95056152344
182.75772094727 1.323228597641 648.44366455078
186.64720153809 -0.64177232980728 650.77038574219
190.89292907715 -2.2100505828857 652.81079101562
194.13290405273 -4.7665405273438 655.54547119141
197.78422546387 -6.9988374710083 658.06536865234
200.58570861816 -9.8618240356445 660.99499511719
203.23416137695 -12.819988250732 663.98229980469
96.39461517334 2.4232604503632 635.04113769531
100.56842803955 2.1278517246246 636.47235107422
104.74224853516 1.8324429988861 637.90362548828
108.91606140137 1.5370342731476 639.33483886719
113.08554077148 1.2277678251266 640.77368164062
117.15773773193 0.60731345415115 642.38262939453
121.22992706299 -0.01314087305218 643.99157714844
125.30211639404 -0.63359522819519 645.60052490234
129.37431335449 -1.254049539566 647.20953369141
133.09013366699 -2.0929799079895 649.45556640625
136.8056640625 -2.9320957660675 651.7021484375
140.52119445801 -3.7712116241455 653.94873046875
143.99067687988 -4.9001049995422 656.40252685547
147.1664276123 -6.3749279975891 659.10363769531
150.50352478027 -7.6224045753479 661.70892333984
153.95825195312 -8.6837739944458 664.25421142578
157.11633300781 -9.9125146865845 667.09552001953
160.25384521484 -11.137065887451 669.96118164062
163.48150634766 -12.23025894165 672.77716064453
165.98554992676 -13.877565383911 676.00994873047
168.67630004883 -15.347173690796 679.17712402344
171.23609924316 -16.96662902832 682.37023925781
173.83520507812 -18.225170135498 685.70904541016
176.25646972656 -19.5299243927 689.17071533203
178.52867126465 -21.182796478271 692.54095458984
96.69896697998 0.88025641441345 633.12506103516
101.06405639648 0.14419278502464 633.5361328125
105.38849639893 -0.59224951267242 634.34722900391
109.72448730469 -1.3103548288345 635.11303710938
113.99169921875 -2.2084083557129 636.04632568359
118.23843383789 -3.1697986125946 637.01605224609
122.45375823975 -4.3079714775085 637.93176269531
126.34622955322 -5.5817332267761 639.67926025391
130.36926269531 -6.9435977935791 641.01171875
134.43190002441 -8.3569660186768 642.18908691406
138.30465698242 -10.199110031128 643.41839599609
142.00759887695 -12.116238594055 644.98590087891
145.73197937012 -13.987509727478 646.56713867188
149.43298339844 -15.964853286743 648.06658935547
153.07037353516 -18.050138473511 649.58770751953
156.56895446777 -20.210451126099 651.26763916016
159.73582458496 -22.690370559692 653.19183349609
162.87965393066 -25.357851028442 654.89587402344
166.02186584473 -28.026754379272 656.60052490234
168.96614074707 -30.867925643921 658.37872314453
171.9104309082 -33.709098815918 660.15692138672
174.95486450195 -36.525234222412 661.79748535156
177.84211730957 -39.49552154541 663.41204833984
180.32502746582 -42.800743103027 665.08947753906
183.34794616699 -45.702388763428 666.60760498047
