56.485061645508 -34.491592407227 363.31665039062
10.838480949402 -15.05544757843 390.82824707031
-2.5069437026978 -11.502765655518 374.92880249023
-3.9288513660431 -29.652040481567 385.92327880859
56.645362854004 -33.263214111328 365.25338745117
56.8056640625 -32.03483581543 367.19012451172
55.690486907959 -31.056255340576 368.65222167969
53.944667816162 -30.201177597046 369.87963867188
52.193630218506 -29.350091934204 371.10046386719
50.159641265869 -28.715208053589 371.96380615234
48.125652313232 -28.080324172974 372.82717895508
46.109027862549 -27.429048538208 373.71737670898
44.121368408203 -26.750419616699 374.65240478516
42.133708953857 -26.071788787842 375.58740234375
40.071411132812 -25.468883514404 376.39877319336
37.979125976562 -24.896402359009 377.16046142578
35.88550567627 -24.325508117676 377.91958618164
33.775398254395 -23.77419090271 378.64697265625
31.665294647217 -23.222875595093 379.37435913086
29.57932472229 -22.644344329834 380.14593505859
27.550769805908 -22.040843963623 381.04373168945
25.566160202026 -21.470319747925 382.05108642578
23.616773605347 -20.890037536621 383.12173461914
21.703149795532 -20.250719070435 384.22393798828
19.785663604736 -19.47505569458 385.22607421875
17.873775482178 -18.725606918335 386.25891113281
15.993340492249 -17.944219589233 387.32385253906
14.225439071655 -16.905740737915 388.35021972656
12.569613456726 -16.010892868042 389.65719604492
56.537769317627 -31.930624008179 362.36004638672
56.115623474121 -29.238245010376 362.25054931641
54.951671600342 -26.842514038086 362.07250976562
53.188987731934 -24.793127059937 361.62982177734
50.909259796143 -23.332525253296 361.39431762695
48.53742980957 -21.976797103882 361.19570922852
45.909381866455 -21.411775588989 361.1852722168
43.183609008789 -21.148334503174 361.24661254883
40.485710144043 -20.772607803345 361.52465820312
37.797168731689 -20.396017074585 361.88027954102
35.121479034424 -20.038942337036 362.34524536133
32.449787139893 -19.682144165039 362.83248901367
29.780889511108 -19.325538635254 363.33529663086
27.167720794678 -18.796268463135 363.95166015625
24.572031021118 -18.21284866333 364.60357666016
22.018848419189 -17.550371170044 365.34063720703
19.455606460571 -16.970571517944 366.1005859375
16.858991622925 -16.585897445679 366.88330078125
14.314826965332 -16.007978439331 367.71170043945
11.78321647644 -15.385478973389 368.55212402344
9.2590246200562 -14.82195854187 369.45428466797
6.7133574485779 -14.737533569336 370.41879272461
4.2099447250366 -14.385834693909 371.34771728516
1.7686425447464 -13.486227035522 372.20431518555
-0.50042867660522 -12.446928977966 373.33026123047
55.921871185303 -36.506568908691 365.0383605957
55.027412414551 -37.925140380859 367.16146850586
53.567420959473 -39.214294433594 369.05017089844
51.595275878906 -40.349628448486 370.47094726562
49.249374389648 -41.256546020508 371.47518920898
46.597217559814 -41.613235473633 371.95373535156
43.893348693848 -41.595729827881 372.25009155273
41.216445922852 -41.210842132568 372.56875610352
38.550197601318 -40.926918029785 373.05322265625
35.878368377686 -40.402561187744 373.18371582031
33.214401245117 -39.923931121826 373.51510620117
30.622791290283 -39.330360412598 374.1169128418
28.066093444824 -38.750122070312 374.85974121094
25.489721298218 -38.226528167725 375.55252075195
22.825988769531 -37.800582885742 375.95083618164
20.206674575806 -37.311470031738 376.47567749023
17.699224472046 -36.677753448486 377.33966064453
15.149312973022 -36.051273345947 378.07525634766
12.646589279175 -35.382740020752 378.92407226562
10.1081199646 -34.657608032227 379.59609985352
7.5609154701233 -33.911991119385 380.22113037109
5.0564107894897 -33.151592254639 380.97454833984
2.6057820320129 -32.393863677979 381.8996887207
0.3106352686882 -31.633567810059 383.13171386719
-1.8261269330978 -30.691032409668 384.53234863281
