7.9709711074829 -42.278244018555 274.36096191406
43.690166473389 4.8130292892456 331.18762207031
49.562808990479 -15.062743186951 353.16989135742
73.776641845703 -6.5831346511841 334.35028076172
6.694399356842 -39.083332061768 274.12301635742
6.2843832969666 -35.74397277832 274.89685058594
6.276575088501 -32.501182556152 276.08016967773
6.6885800361633 -29.456521987915 277.65512084961
7.3856801986694 -26.605459213257 279.47430419922
8.26353931427 -23.904291152954 281.43841552734
9.2659063339233 -21.319894790649 283.49731445312
10.446508407593 -18.922674179077 285.6845703125
11.730511665344 -16.646482467651 287.94177246094
13.119820594788 -14.503886222839 290.26635742188
14.60768032074 -12.496810913086 292.65017700195
16.180944442749 -10.616321563721 295.08197021484
17.809511184692 -8.8228759765625 297.54287719727
19.509698867798 -7.1489186286926 300.03918457031
21.310987472534 -5.6576051712036 302.58013916016
23.149868011475 -4.239266872406 305.13589477539
25.016292572021 -2.8762662410736 307.70178222656
26.933965682983 -1.6209720373154 310.28479003906
28.885648727417 -0.44088125228882 312.87774658203
30.890779495239 0.61403995752335 315.48385620117
32.929866790771 1.5843998193741 318.09643554688
35.026912689209 2.3996911048889 320.71615600586
37.133892059326 3.1868155002594 323.33648681641
39.291198730469 3.822776556015 325.95693969727
41.477462768555 4.3640856742859 328.57464599609
7.1462936401367 -39.294673919678 276.54193115234
7.4490075111389 -36.40604019165 278.96865844727
8.8718595504761 -34.036865234375 281.55572509766
10.127374649048 -31.988039016724 284.4817199707
11.241186141968 -30.269683837891 287.66625976562
13.04852771759 -28.760877609253 290.62997436523
14.789010047913 -27.231687545776 293.62503051758
16.446716308594 -25.578107833862 296.60079956055
18.206609725952 -24.226768493652 299.66812133789
20.345079421997 -23.193002700806 302.61489868164
22.169536590576 -21.953060150146 305.69067382812
23.890897750854 -20.932458877563 308.90432739258
25.820930480957 -19.863826751709 311.98083496094
27.757581710815 -19.132768630981 315.1494140625
28.406047821045 -20.236005783081 318.04605102539
30.198232650757 -20.07905960083 321.25134277344
31.813341140747 -19.072641372681 324.52453613281
33.570346832275 -18.08701133728 327.72250366211
35.667652130127 -17.350605010986 330.78472900391
37.791736602783 -16.656980514526 333.84051513672
39.733657836914 -16.179706573486 337.04641723633
41.541893005371 -16.016063690186 340.36676025391
43.45129776001 -15.856175422668 343.62704467773
45.488468170166 -15.591698646545 346.80801391602
47.525638580322 -15.327220916748 349.98895263672
8.6590061187744 -38.494369506836 274.83926391602
10.102825164795 -35.330543518066 276.54870605469
12.175300598145 -32.984451293945 278.83285522461
14.252352714539 -30.654188156128 281.12973022461
16.226831436157 -28.70877456665 283.83807373047
18.32908821106 -26.768827438354 286.45278930664
20.862102508545 -25.371753692627 289.03125
23.017101287842 -22.984910964966 291.19192504883
25.435033798218 -21.701126098633 293.93270874023
27.81174659729 -19.915328979492 296.4186706543
30.238723754883 -18.53821182251 299.10784912109
32.851428985596 -17.332021713257 301.70364379883
35.656517028809 -15.955009460449 303.99572753906
38.463394165039 -14.576377868652 306.28497314453
41.270282745361 -13.197739601135 308.57421875
44.554286956787 -14.305868148804 310.27783203125
47.279560089111 -13.344919204712 312.8603515625
49.995433807373 -12.322630882263 315.42916870117
52.715797424316 -11.257572174072 317.97576904297
55.5612449646 -10.34952545166 320.4453125
58.46280670166 -9.6045379638672 322.90411376953
61.636962890625 -9.0886106491089 325.06689453125
64.609649658203 -8.5928659439087 327.50344848633
67.68278503418 -8.1433324813843 329.82150268555
70.734428405762 -7.3680200576782 332.08120727539
