68.10799407959 61.664772033691 375.00311279297
-17.831485748291 -89.289779663086 327.87924194336
-26.762519836426 -40.841411590576 357.04193115234
-20.050336837769 -32.616424560547 318.37551879883
71.769737243652 53.583202362061 374.00500488281
73.11051940918 44.88582611084 372.45108032227
73.450355529785 36.131145477295 370.70053100586
72.704246520996 27.440927505493 368.76287841797
71.064590454102 18.907899856567 366.67330932617
68.925765991211 10.529952049255 364.41168212891
68.209144592285 2.1195950508118 362.63580322266
75.662666320801 -1.6936190128326 362.98257446289
83.219398498535 -6.0300488471985 363.02456665039
84.047355651855 -14.430523872375 361.64517211914
81.905685424805 -22.735517501831 359.19750976562
78.57869720459 -30.604526519775 356.65930175781
74.551635742188 -38.152606964111 354.13516235352
69.491424560547 -45.14347076416 351.80682373047
63.622222900391 -51.414916992188 349.55700683594
57.026020050049 -57.039852142334 347.37771606445
50.385318756104 -62.535827636719 345.01779174805
43.722682952881 -67.968238830566 342.56887817383
36.939525604248 -73.254806518555 340.14007568359
30.019945144653 -78.376274108887 337.73403930664
22.513771057129 -82.565773010254 335.51876831055
14.492395401001 -85.936714172363 333.4709777832
6.3921489715576 -89.01929473877 331.29696655273
-1.7503305673599 -91.947463989258 329.05532836914
-10.384667396545 -93.25407409668 327.3567199707
67.24976348877 55.91943359375 375.02005004883
66.582794189453 50.208137512207 374.1926574707
65.413772583008 44.585777282715 373.31469726562
63.795299530029 39.104316711426 372.27401733398
61.827674865723 33.742683410645 371.21087646484
59.611019134521 28.470108032227 370.19342041016
57.237232208252 23.256271362305 369.22912597656
54.644340515137 18.181211471558 368.10260009766
51.776187896729 13.250327110291 367.00338745117
48.495708465576 8.5721015930176 365.95468139648
45.085994720459 3.9689073562622 364.98870849609
41.4538230896 -0.4593543112278 364.01617431641
37.548244476318 -4.6101317405701 362.89181518555
33.549457550049 -8.6976613998413 361.86694335938
29.446039199829 -12.709777832031 360.96514892578
25.112134933472 -16.505266189575 360.21807861328
20.716678619385 -20.238018035889 359.51431274414
15.990340232849 -23.580160140991 359.03112792969
11.090430259705 -26.680467605591 358.67663574219
5.9414134025574 -29.352197647095 358.37283325195
0.78619754314423 -32.013236999512 358.07028198242
-4.6545224189758 -34.043800354004 357.97750854492
-10.156336784363 -35.908374786377 357.93869018555
-15.720485687256 -37.576965332031 357.87841796875
-21.426122665405 -38.643604278564 357.67022705078
67.921653747559 56.484577178955 372.37557983398
67.521797180176 51.001773834229 370.49063110352
66.66047668457 45.560989379883 368.6389465332
65.086334228516 40.303073883057 366.7282409668
63.159370422363 35.198554992676 364.72686767578
61.1071434021 30.132125854492 362.75341796875
58.990844726562 25.086473464966 360.79455566406
56.418079376221 20.312259674072 358.70584106445
53.645412445068 15.646801948547 356.6272277832
50.589488983154 11.156438827515 354.56015014648
47.360858917236 6.7386813163757 352.60202026367
43.88745880127 2.5309777259827 350.60064697266
40.162548065186 -1.3172634840012 348.34442138672
36.249591827393 -5.0404419898987 346.19931030273
32.295883178711 -8.6503505706787 343.93841552734
28.358776092529 -12.201261520386 341.55828857422
24.249080657959 -15.510619163513 339.12249755859
19.862606048584 -18.531745910645 336.79745483398
15.220680236816 -21.089231491089 334.41299438477
10.466515541077 -23.322208404541 331.92581176758
5.6094832420349 -25.312530517578 329.43130493164
0.62776625156403 -26.991739273071 326.95397949219
-4.4929099082947 -28.110925674438 324.44409179688
-9.7297124862671 -28.972520828247 322.07592773438
-14.918542861938 -30.305595397949 319.82357788086
