67.62572479248 -3.9133315086365 267.28396606445
77.352890014648 6.9117527008057 273.59506225586
82.441268920898 -2.8471403121948 275.91876220703
83.272895812988 1.9374250173569 265.77633666992
67.344696044922 -3.3756444454193 267.51232910156
67.421562194824 -2.7961599826813 267.80068969727
67.510414123535 -2.2186768054962 268.08950805664
67.649467468262 -1.6514961719513 268.37890625
67.841758728027 -1.0993405580521 268.66696166992
68.06844329834 -0.55932867527008 268.95297241211
68.337982177734 -0.037214022129774 269.23510742188
68.634986877441 0.47158414125443 269.51385498047
68.979873657227 0.95362192392349 269.78509521484
69.327682495117 1.4338134527206 270.05572509766
69.722358703613 1.8823499679565 270.31631469727
70.141403198242 2.3120441436768 270.57049560547
70.585762023926 2.7202036380768 270.8171081543
71.049407958984 3.1104006767273 271.05715942383
71.534065246582 3.4792783260345 271.2893371582
72.04248046875 3.8215336799622 271.51126098633
72.552528381348 4.1618552207947 271.73236083984
73.09016418457 4.4666714668274 271.93948364258
73.65315246582 4.733521938324 272.13104248047
74.218559265137 4.9964113235474 272.32098388672
74.780288696289 5.2652683258057 272.51342773438
75.318321228027 5.5695738792419 272.72027587891
75.853302001953 5.8780794143677 272.92880249023
76.340911865234 6.2437329292297 273.15972900391
76.786392211914 6.6508827209473 273.4059753418
67.753852844238 -3.9239475727081 267.97668457031
68.121444702148 -3.8948457241058 268.57995605469
68.531387329102 -3.7323179244995 269.13247680664
68.903877258301 -3.4145295619965 269.64282226562
69.279312133789 -3.0182130336761 270.09017944336
69.785148620605 -2.7246050834656 270.48641967773
70.378425598145 -2.4814503192902 270.78720092773
70.963394165039 -2.240672826767 271.10552978516
71.538009643555 -2.0032284259796 271.44241333008
72.176132202148 -1.8442214727402 271.70523071289
72.82494354248 -1.7056945562363 271.95227050781
73.490623474121 -1.6347855329514 272.18338012695
74.156806945801 -1.5838477611542 272.41714477539
74.788635253906 -1.5117181539536 272.72869873047
75.436576843262 -1.4889785051346 273.01040649414
76.107833862305 -1.6094396114349 273.20034790039
76.749008178711 -1.7062283754349 273.48278808594
77.323394775391 -1.7646617889404 273.89297485352
77.91162109375 -1.8341310024261 274.28030395508
78.551460266113 -1.9512101411819 274.56051635742
79.191604614258 -2.0685436725616 274.83984375
79.843132019043 -2.1956374645233 275.08660888672
80.50919342041 -2.3367433547974 275.28125
81.203262329102 -2.455619096756 275.35601806641
81.836601257324 -2.6427283287048 275.61184692383
67.696441650391 -3.4256682395935 266.79315185547
67.937408447266 -2.8849053382874 266.46734619141
68.416717529297 -2.389662027359 266.34463500977
68.879180908203 -1.8648235797882 266.31063842773
69.340187072754 -1.3381386995316 266.34967041016
69.842628479004 -0.85547113418579 266.41195678711
70.418060302734 -0.46016731858253 266.46710205078
71.039588928223 -0.14371733367443 266.53039550781
71.689910888672 0.098608613014221 266.62945556641
72.351989746094 0.30095815658569 266.74185180664
73.016502380371 0.50562185049057 266.83309936523
73.686149597168 0.70601552724838 266.89065551758
74.361289978027 0.88991469144821 266.92636108398
75.053749084473 0.9978061914444 266.955078125
75.74739074707 1.0981416702271 266.97756958008
76.43578338623 1.229093670845 266.95852661133
77.113334655762 1.3957070112228 266.88693237305
77.794845581055 1.5435664653778 266.81207275391
78.480125427246 1.6671645641327 266.72909545898
79.160110473633 1.7713210582733 266.59423828125
79.825607299805 1.8433939218521 266.38500976562
80.503425598145 1.888894200325 266.21060180664
81.188697814941 1.9141281843185 266.06338500977
81.881629943848 1.9161124229431 265.95468139648
82.576797485352 1.9247782230377 265.8616027832
