7.5497732162476 4.9701561927795 -10.825534820557
3.9271943569183 22.275373458862 -8.2732744216919
-6.6407504081726 21.980463027954 -13.022391319275
-6.6335921287537 20.794660568237 -2.6241781711578
7.9944767951965 5.5398926734924 -10.764274597168
8.2863893508911 6.1994376182556 -10.684357643127
8.5267839431763 6.8788313865662 -10.599604606628
8.6968479156494 7.5784859657288 -10.509194374084
8.8177833557129 8.2878332138062 -10.41545009613
8.8792190551758 9.0043601989746 -10.31831073761
8.8892860412598 9.7231407165527 -10.218781471252
8.8759965896606 10.441566467285 -10.118359565735
8.7501602172852 11.148750305176 -10.014956474304
8.6744699478149 11.863173484802 -9.9125719070435
8.5066413879395 12.561531066895 -9.8087015151978
8.3279209136963 13.25715637207 -9.7047700881958
8.0846033096313 13.932928085327 -9.6009931564331
7.7770872116089 14.582176208496 -9.498309135437
7.4085273742676 15.199024200439 -9.3976678848267
7.1455874443054 15.867455482483 -9.2941198348999
6.8642101287842 16.528381347656 -9.1908674240112
6.5752415657043 17.186042785645 -9.0877656936646
6.3080706596375 17.85280418396 -8.9842777252197
5.9731063842773 18.488452911377 -8.882378578186
5.6592674255371 19.134714126587 -8.7798557281494
5.3643770217896 19.789764404297 -8.6768779754639
5.0544676780701 20.437902450562 -8.5742521286011
4.694465637207 21.059860229492 -8.4732456207275
4.3200192451477 21.673347473145 -8.3728351593018
7.3983116149902 5.6575345993042 -11.33766078949
7.3681440353394 6.529408454895 -11.547441482544
7.2694382667542 7.4062504768372 -11.650764465332
7.0009951591492 8.2650909423828 -11.650588989258
6.6957359313965 9.1082201004028 -11.700876235962
6.363067150116 9.9396533966064 -11.788733482361
5.8576860427856 10.683320999146 -11.779286384583
5.3676052093506 11.436179161072 -11.795175552368
4.8808159828186 12.182951927185 -11.859827041626
4.2044620513916 12.775053024292 -11.900196075439
3.5606484413147 13.385840415955 -12.041083335876
2.9547121524811 14.028707504272 -12.206627845764
2.3740482330322 14.695240974426 -12.372047424316
1.731397151947 15.314350128174 -12.487685203552
1.0361942052841 15.885388374329 -12.494415283203
0.40431162714958 16.519285202026 -12.5483751297
-0.20477655529976 17.17749786377 -12.619436264038
-0.82818603515625 17.823596954346 -12.679307937622
-1.5124100446701 18.406646728516 -12.686455726624
-2.2019550800323 18.984386444092 -12.696493148804
-2.884966135025 19.569131851196 -12.729602813721
-3.5999505519867 20.115074157715 -12.740999221802
-4.2999439239502 20.675657272339 -12.812519073486
-5.049907207489 21.161775588989 -12.860576629639
-5.8498330116272 21.56667137146 -12.908838272095
7.4431591033936 5.3742160797119 -10.021985054016
7.4283504486084 6.178126335144 -9.6293315887451
7.2510170936584 7.0072431564331 -9.2696886062622
7.119827747345 7.852415561676 -9.0023546218872
6.7205653190613 8.6562271118164 -8.7882452011108
6.3582186698914 9.4667654037476 -8.5390844345093
5.901282787323 10.234063148499 -8.3073463439941
5.3906869888306 10.96245098114 -8.0661630630493
4.774254322052 11.616670608521 -7.8565917015076
4.1473379135132 12.216792106628 -7.5456514358521
3.4811074733734 12.794630050659 -7.2789154052734
2.8806591033936 13.377289772034 -6.9209542274475
2.3458540439606 13.969499588013 -6.4616527557373
1.7111911773682 14.543015480042 -6.1189603805542
1.0333585739136 15.104400634766 -5.8439140319824
0.42805090546608 15.718273162842 -5.514253616333
-0.18701414763927 16.329839706421 -5.1995134353638
-0.8524649143219 16.915531158447 -4.9425797462463
-1.526475071907 17.489986419678 -4.6825342178345
-2.2463366985321 18.024837493896 -4.4672908782959
-2.9359290599823 18.560819625854 -4.1768417358398
-3.687620639801 19.02862739563 -3.916698217392
-4.3835082054138 19.534515380859 -3.5930490493774
-5.1146674156189 20.004024505615 -3.2924718856812
-5.8965048789978 20.39094543457 -3.0056755542755
