125.82878112793 17.111864089966 591.59509277344
121.50469207764 2.7307984828949 598.63348388672
123.56001281738 -8.3225574493408 592.07385253906
131.64059448242 -6.0902009010315 603.0947265625
125.36117553711 16.885070800781 591.97973632812
125.05770111084 16.421880722046 592.31890869141
124.7879486084 15.92839050293 592.64361572266
124.53085327148 15.42449760437 592.96258544922
124.29019165039 14.907879829407 593.27386474609
124.07131958008 14.375593185425 593.57470703125
123.86963653564 13.831886291504 593.86700439453
123.68039703369 13.28036403656 594.15295410156
123.48274993896 12.734106063843 594.44317626953
123.31122589111 12.172245979309 594.71997070312
123.16326141357 11.597697257996 594.98406982422
123.0159072876 11.022892951965 595.24792480469
122.87484741211 10.444971084595 595.50842285156
122.72537994385 9.8712396621704 595.77337646484
122.60137939453 9.2852897644043 596.02435302734
122.5026550293 8.6887159347534 596.26123046875
122.3985748291 8.0942163467407 596.5009765625
122.28515625 7.5036396980286 596.74609375
122.18907165527 6.9059710502625 596.98126220703
122.08615875244 6.3109951019287 597.22033691406
121.98560333252 5.7151303291321 597.45819091797
121.89844512939 5.114109992981 597.68823242188
121.79736328125 4.5184144973755 597.92633056641
121.72214508057 3.9131712913513 598.14935302734
121.64836883545 3.3074412345886 598.37158203125
125.42152404785 16.210844039917 591.60656738281
125.2504196167 15.241631507874 591.71160888672
125.11030578613 14.270055770874 591.83862304688
124.9803314209 13.297986984253 591.97247314453
124.84893798828 12.324938774109 592.09747314453
124.71737670898 11.35134601593 592.21795654297
124.61068725586 10.373506546021 592.32800292969
124.55400848389 9.3893308639526 592.41693115234
124.49699401855 8.4051637649536 592.50573730469
124.42143249512 7.4214773178101 592.58551025391
124.33123016357 6.4384622573853 592.65808105469
124.23925018311 5.4549059867859 592.72039794922
124.14518737793 4.4709167480469 592.77172851562
124.03243255615 3.4882609844208 592.80908203125
123.91290283203 2.5062189102173 592.84075927734
123.83084106445 1.5198180675507 592.84045410156
123.76270294189 0.53243070840836 592.82843017578
123.70195007324 -0.45546585321426 592.81915283203
123.65292358398 -1.4432580471039 592.77941894531
123.61351776123 -2.4297778606415 592.70904541016
123.58609771729 -3.4156830310822 592.62561035156
123.55271148682 -4.4001207351685 592.52825927734
123.46067810059 -5.3761491775513 592.39178466797
123.43489837646 -6.360876083374 592.29504394531
123.47467803955 -7.3467116355896 592.2158203125
126.10755157471 16.397924423218 592.28289794922
126.24295806885 15.542462348938 592.84088134766
126.36218261719 14.642509460449 593.32824707031
126.47430419922 13.725548744202 593.78460693359
126.58636474609 12.80822467804 594.240234375
126.69480133057 11.869652748108 594.65130615234
126.80281829834 10.928657531738 595.05694580078
126.91430664062 9.9881763458252 595.46276855469
127.06184387207 9.053783416748 595.87121582031
127.20938873291 8.1194152832031 596.27966308594
127.35936737061 7.1882910728455 596.69458007812
127.52518463135 6.2797131538391 597.1513671875
127.6932144165 5.3693017959595 597.60369873047
127.87148284912 4.4505553245544 598.03472900391
128.05239868164 3.532683134079 598.46649169922
128.27560424805 2.629510641098 598.90936279297
128.49940490723 1.7263970375061 599.35205078125
128.77722167969 0.82923156023026 599.77581787109
129.05540466309 -0.067956730723381 600.19927978516
129.33790588379 -0.96579021215439 600.61853027344
129.62042236328 -1.8636273145676 601.03771972656
129.95753479004 -2.744086265564 601.45336914062
130.29586791992 -3.622184753418 601.873046875
130.62049865723 -4.4904541969299 602.32293701172
131.03443908691 -5.333945274353 602.74566650391
