60.647846221924 -24.273559570312 304.13558959961
65.376281738281 26.119905471802 307.01232910156
59.28551864624 26.013013839722 324.96807861328
75.74388885498 25.343856811523 321.67684936523
60.163204193115 -23.214010238647 302.41528320312
59.678558349609 -22.154460906982 300.69497680664
59.689987182617 -20.458406448364 300.34143066406
59.960403442383 -18.430047988892 300.7014465332
60.240505218506 -16.411218643188 301.09313964844
60.597137451172 -14.467710494995 301.73544311523
60.953769683838 -12.524200439453 302.37774658203
61.305614471436 -10.574714660645 303.00405883789
61.651580810547 -8.6178932189941 303.61080932617
61.997543334961 -6.6610717773438 304.21752929688
62.319770812988 -4.677906036377 304.7458190918
62.638538360596 -2.6909058094025 305.26272583008
62.951946258545 -0.69888234138489 305.76214599609
63.24792098999 1.3094913959503 306.20462036133
63.475688934326 3.3538446426392 306.44570922852
63.653442382812 5.4215941429138 306.54461669922
63.831192016602 7.4893436431885 306.64349365234
63.992340087891 9.5596351623535 306.70202636719
64.140785217285 11.63187122345 306.72964477539
64.289222717285 13.70410823822 306.75726318359
64.43766784668 15.776344299316 306.7848815918
64.618408203125 17.845684051514 306.82720947266
64.807876586914 19.914237976074 306.87347412109
64.997344970703 21.982793807983 306.91976928711
65.186813354492 24.051349639893 306.96603393555
58.657421112061 -23.298522949219 304.68490600586
56.893772125244 -21.942501068115 304.83200073242
55.469127655029 -20.333032608032 305.32662963867
54.37117767334 -18.75391960144 306.51516723633
53.607093811035 -17.188667297363 307.98669433594
53.063884735107 -15.484822273254 309.40658569336
53.131229400635 -13.616892814636 310.69906616211
53.451873779297 -11.691783905029 311.83840942383
54.138359069824 -9.6905241012573 312.69744873047
54.459083557129 -7.7377462387085 313.79064941406
54.582538604736 -5.8111171722412 315.01010131836
55.117244720459 -3.8269062042236 315.96517944336
55.786140441895 -1.8239063024521 316.833984375
56.140617370605 0.24174056947231 317.72393798828
56.40478515625 2.3253808021545 318.61999511719
56.575393676758 4.4791216850281 319.35284423828
56.742382049561 6.6495041847229 320.04077148438
57.031719207764 8.8208312988281 320.68563842773
57.447643280029 10.935554504395 321.40576171875
58.121006011963 12.935164451599 322.27893066406
58.779136657715 14.942129135132 323.14440917969
59.254295349121 17.037473678589 323.9176940918
59.379581451416 19.210636138916 324.52935791016
59.293529510498 21.446151733398 324.94192504883
59.289524078369 23.729583740234 324.95498657227
62.730442047119 -23.404989242554 303.65246582031
64.809745788574 -22.527694702148 303.18508911133
66.757194519043 -21.300531387329 303.34802246094
68.472373962402 -19.985191345215 304.1477355957
69.80680847168 -18.465030670166 305.20559692383
70.842651367188 -16.765558242798 306.34509277344
71.525512695312 -14.822290420532 307.38549804688
72.0029296875 -12.814220428467 308.40798950195
72.362907409668 -10.786120414734 309.44567871094
72.613563537598 -8.7798709869385 310.55795288086
72.87003326416 -6.771831035614 311.66564941406
73.15958404541 -4.7537364959717 312.74258422852
73.60009765625 -2.6898348331451 313.67599487305
73.963256835938 -0.5819296836853 314.53726196289
74.278793334961 1.5530680418015 315.35412597656
74.478660583496 3.7034604549408 316.16564941406
74.659088134766 5.8564400672913 316.9762878418
75.182655334473 8.0219058990479 317.56860351562
75.77188873291 10.160408973694 318.193359375
76.489135742188 12.216690063477 318.95645141602
76.950912475586 14.326203346252 319.72549438477
77.149208068848 16.490617752075 320.50076293945
77.215759277344 18.751323699951 320.92218017578
77.254364013672 21.032451629639 321.2685546875
76.577659606934 23.200561523438 321.48675537109
