132.51684570312 11.852600097656 611.29888916016
139.98809814453 -17.684886932373 580.25103759766
137.71694946289 -6.0271854400635 573.69830322266
152.14096069336 -11.741532325745 581.65173339844
131.88003540039 10.232076644897 611.33221435547
131.56282043457 8.5951538085938 610.82489013672
131.44456481934 7.0424733161926 610.04058837891
131.45161437988 5.5733976364136 609.10125732422
131.53129577637 4.1636981964111 608.07891845703
131.74627685547 2.8839263916016 606.9140625
131.95288085938 1.5952608585358 605.75762939453
132.20652770996 0.35787212848663 604.55535888672
132.47563171387 -0.86192059516907 603.33862304688
132.77503967285 -2.0460665225983 602.09405517578
133.11085510254 -3.185530424118 600.81744384766
133.45156860352 -4.3186511993408 599.53656005859
133.84255981445 -5.3857998847961 598.21392822266
134.24209594727 -6.4412336349487 596.88458251953
134.62773132324 -7.5156383514404 595.56628417969
135.04252624512 -8.5498752593994 594.22497558594
135.4610748291 -9.5788955688477 592.88079833984
135.89372253418 -10.587778091431 591.52587890625
136.35296630859 -11.55774974823 590.1513671875
136.8108215332 -12.52978515625 588.77795410156
137.3042755127 -13.447584152222 587.37969970703
137.82052612305 -14.32915019989 585.96649169922
138.33782958984 -15.208969116211 584.55255126953
138.86347961426 -16.07532119751 583.13342285156
139.42701721191 -16.878015518188 581.69152832031
131.52688598633 10.720453262329 610.47778320312
131.08288574219 9.4926643371582 609.4130859375
131.04211425781 8.4888916015625 608.06195068359
131.14804077148 7.6273884773254 606.58459472656
131.28289794922 6.768096446991 605.10906982422
131.4940032959 5.9146323204041 603.63830566406
131.70512390137 5.06116771698 602.16760253906
131.83840942383 4.0979914665222 600.77764892578
132.25270080566 3.4878742694855 599.34753417969
132.33052062988 2.5904805660248 597.88995361328
132.88906860352 1.6467336416245 596.58123779297
133.25692749023 1.0071737766266 595.06701660156
133.42115783691 0.076613940298557 593.71484375
134.10066223145 -0.23513442277908 592.17303466797
134.24543762207 -1.2196199893951 590.85815429688
134.72222900391 -1.6513252258301 589.30895996094
134.90228271484 -2.4916501045227 587.91076660156
135.52593994141 -2.8021810054779 586.38189697266
135.88581848145 -3.409679889679 584.89312744141
136.01545715332 -4.0689010620117 583.439453125
136.45414733887 -4.3639078140259 581.83825683594
136.59532165527 -4.9684228897095 580.33746337891
137.00364685059 -5.241005897522 578.72027587891
137.27502441406 -5.6008486747742 577.06982421875
137.49598693848 -5.8140172958374 575.38403320312
133.07797241211 10.185708999634 611.34075927734
133.47506713867 8.5785083770752 610.74835205078
134.26220703125 7.4491820335388 609.63922119141
135.0224609375 6.417661190033 608.42303466797
135.78155517578 5.4285588264465 607.17028808594
136.54621887207 4.4738526344299 605.89398193359
137.29173278809 3.4104511737823 604.70190429688
137.87867736816 2.6045343875885 603.24359130859
138.50247192383 1.4488967657089 602.41528320312
139.11567687988 0.70279401540756 600.96343994141
139.53846740723 -0.67277950048447 600.32598876953
140.30966186523 -1.113267660141 598.79742431641
140.8487701416 -2.0622611045837 597.61236572266
141.5905456543 -2.86683344841 596.28179931641
142.22303771973 -3.843695640564 594.95867919922
142.84742736816 -4.3520822525024 593.73101806641
143.6248626709 -5.1661529541016 592.54315185547
144.34480285645 -6.0900497436523 591.3681640625
145.19651794434 -6.5806355476379 590.001953125
145.89558410645 -7.5302414894104 588.89660644531
146.82301330566 -7.8879919052124 587.44989013672
147.75244140625 -8.6228771209717 586.17742919922
148.87023925781 -9.3844299316406 585.04083251953
149.85684204102 -10.162284851074 583.80206298828
150.89660644531 -10.958300590515 582.63323974609
