72.15690612793 -6.4477744102478 269.56744384766
72.384735107422 5.8405475616455 267.16015625
80.96361541748 6.9893364906311 273.33526611328
81.422584533691 4.3922529220581 262.3522644043
71.931396484375 -5.9996247291565 269.46112060547
71.613143920898 -5.6106572151184 269.3591003418
71.363739013672 -5.1751375198364 269.25335693359
71.146911621094 -4.722713470459 269.14688110352
70.97696685791 -4.2506866455078 269.04019165039
70.816337585449 -3.7753632068634 268.93371582031
70.67520904541 -3.2938420772552 268.82745361328
70.562454223633 -2.8047318458557 268.72198486328
70.471794128418 -2.3108766078949 268.61730957031
70.403587341309 -1.8131954669952 268.51370239258
70.355979919434 -1.3129088878632 268.41116333008
70.338356018066 -0.81026762723923 268.31057739258
70.339515686035 -0.30706173181534 268.21133422852
70.373390197754 0.19554650783539 268.11483764648
70.40909576416 0.69804841279984 268.01846313477
70.484313964844 1.1969074010849 267.92596435547
70.57585144043 1.6933559179306 267.83520507812
70.68977355957 2.1856298446655 267.74710083008
70.823883056641 2.6732320785522 267.66146850586
70.974815368652 3.1562910079956 267.578125
71.151397705078 3.6312010288239 267.49844360352
71.341720581055 4.10111951828 267.42080688477
71.55834197998 4.5601935386658 267.34732055664
71.823738098145 4.9943008422852 267.28268432617
72.137550354004 5.3963150978088 267.22821044922
72.086044311523 -5.9211707115173 269.98468017578
72.04655456543 -5.2998127937317 270.24716186523
72.162605285645 -4.6741342544556 270.4743347168
72.182205200195 -4.0188179016113 270.63729858398
72.110977172852 -3.3588032722473 270.75317382812
72.365707397461 -2.7576217651367 270.92730712891
72.664535522461 -2.173593044281 271.08938598633
72.987655639648 -1.5997025966644 271.2399597168
73.220588684082 -0.97648626565933 271.35833740234
73.476676940918 -0.36133575439453 271.4700012207
73.823333740234 0.2122618407011 271.55661010742
74.169891357422 0.78590446710587 271.64331054688
74.512092590332 1.3617364168167 271.73162841797
74.943656921387 1.8798824548721 271.7756652832
75.403411865234 2.3743448257446 271.80404663086
75.879859924316 2.8526206016541 271.83206176758
76.419982910156 3.257919549942 271.85806274414
76.955863952637 3.6675832271576 271.89736938477
77.455009460449 4.1029601097107 272.03137207031
77.973205566406 4.5042977333069 272.19592285156
78.485832214355 4.9060411453247 272.37612915039
78.965347290039 5.3425493240356 272.56643676758
79.442802429199 5.7729187011719 272.77499389648
79.933067321777 6.1938157081604 272.97290039062
80.440887451172 6.598858833313 273.15930175781
72.251167297363 -6.3712420463562 268.92010498047
72.180305480957 -5.925106048584 268.43634033203
72.271873474121 -5.4488778114319 267.98559570312
72.267990112305 -4.9083614349365 267.60296630859
72.361595153809 -4.3746018409729 267.22229003906
72.541145324707 -3.856388092041 266.85089111328
72.736335754395 -3.3243012428284 266.5080871582
72.980484008789 -2.8063273429871 266.17568969727
73.347526550293 -2.3461790084839 265.87194824219
73.738845825195 -1.8805700540543 265.60961914062
74.146331787109 -1.4121897220612 265.37890625
74.456657409668 -0.89824444055557 265.09930419922
74.896369934082 -0.44633311033249 264.89660644531
75.286842346191 0.034591481089592 264.66213989258
75.692977905273 0.51386886835098 264.45266723633
76.155082702637 0.95883893966675 264.28814697266
76.656860351562 1.3701947927475 264.15505981445
77.141899108887 1.7886909246445 263.98672485352
77.633804321289 2.1930258274078 263.80438232422
78.153221130371 2.5621945858002 263.62365722656
78.678634643555 2.918003320694 263.43368530273
79.21346282959 3.2511010169983 263.22979736328
79.814308166504 3.4736478328705 263.06198120117
80.380989074707 3.7480707168579 262.85635375977
80.911407470703 4.0619311332703 262.61367797852
