80.353477478027 -10.08575630188 404.90716552734
114.07187652588 11.38556098938 406.89605712891
116.89590454102 10.22515296936 412.1428527832
121.12422943115 8.2915725708008 404.43893432617
81.525482177734 -9.0844049453735 404.87930297852
82.712577819824 -8.1028671264648 404.86352539062
83.98233795166 -7.2297925949097 404.91390991211
85.254920959473 -6.3610415458679 404.96676635742
86.533851623535 -5.5019798278809 405.02520751953
87.814430236816 -4.6454839706421 405.08514404297
89.096923828125 -3.7919683456421 405.14678955078
90.382545471191 -2.9433982372284 405.21127319336
91.670104980469 -2.0979025363922 405.27746582031
92.963752746582 -1.2622287273407 405.34924316406
94.259208679199 -0.42947781085968 405.42269897461
95.558609008789 0.39677307009697 405.49978637695
96.859436035156 1.2205941677094 405.57821655273
98.173309326172 2.0221905708313 405.66906738281
99.490356445312 2.8181011676788 405.76303100586
100.81783294678 3.5952830314636 405.86724853516
102.14428710938 4.3743391036987 405.9704284668
103.46912384033 5.1563653945923 406.0719909668
104.80263519287 5.9246683120728 406.16262817383
106.14350128174 6.6813268661499 406.24392700195
107.48362731934 7.4372806549072 406.33975219727
108.82205963135 8.1916189193726 406.46878051758
110.15882110596 8.9490652084351 406.59619140625
111.4751663208 9.7445068359375 406.70376586914
112.793800354 10.536293029785 406.81021118164
81.678565979004 -9.2155485153198 405.33367919922
83.054306030273 -8.3757953643799 405.64547729492
84.442352294922 -7.5338196754456 405.8893737793
85.84001159668 -6.6911158561707 406.06683349609
87.237678527832 -5.8484077453613 406.244140625
88.635353088379 -5.0057029724121 406.42147827148
90.04524230957 -4.1863074302673 406.61087036133
91.462013244629 -3.3805239200592 406.80722045898
92.878890991211 -2.5749487876892 407.00366210938
94.295768737793 -1.7693737745285 407.20013427734
95.71263885498 -0.9638004899025 407.39660644531
97.14136505127 -0.18112334609032 407.599609375
98.582229614258 0.57710999250412 407.80950927734
100.02349090576 1.3345546722412 408.01959228516
101.46474456787 2.0919964313507 408.22970581055
102.9056930542 2.8487031459808 408.44451904297
104.34465789795 3.6011097431183 408.68600463867
105.78353118896 4.3533148765564 408.9287109375
107.22241210938 5.1055164337158 409.17141723633
108.66128540039 5.8577213287354 409.41412353516
110.08666992188 6.6147246360779 409.71429443359
111.49572753906 7.3757910728455 410.07510375977
112.90377044678 8.1371021270752 410.43966674805
114.15531158447 9.0946397781372 410.89422607422
115.64127349854 9.6812515258789 411.24963378906
81.934112548828 -9.3882255554199 404.76861572266
83.494911193848 -8.6347465515137 404.7958984375
85.055480957031 -7.8808283805847 404.82327270508
86.594352722168 -7.0839014053345 404.8596496582
88.11888885498 -6.2601561546326 404.90173339844
89.64363861084 -5.4372172355652 404.9514465332
91.168579101562 -4.6151428222656 405.00881958008
92.696563720703 -3.7990324497223 405.07034301758
94.240211486816 -3.0149700641632 405.15362548828
95.78385925293 -2.2309029102325 405.23696899414
97.325927734375 -1.4436419010162 405.31945800781
98.867820739746 -0.65604311227798 405.40188598633
100.41060638428 0.12974193692207 405.48504638672
101.95629882812 0.90952515602112 405.57061767578
103.50006103516 1.6948890686035 405.63806152344
105.04099273682 2.4874737262726 405.681640625
106.58190917969 3.2800908088684 405.72506713867
108.13654327393 4.0450534820557 405.77481079102
109.71210479736 4.7651715278625 405.83462524414
111.28782653809 5.4849376678467 405.89450073242
112.90913391113 6.0921039581299 405.81149291992
114.5352935791 6.6823210716248 405.7028503418
116.16166687012 7.2455310821533 405.49758911133
117.77227020264 7.7777800559998 405.1413269043
119.44441986084 8.1043338775635 404.82308959961
