0.23208883404732 82.38525390625 652.07312011719
135.92620849609 -108.22825622559 623.94885253906
119.15615844727 -33.676486968994 611.38287353516
116.60947418213 -44.166397094727 661.16809082031
-2.9467806816101 71.776222229004 649.86352539062
-3.5916886329651 60.695514678955 647.71624755859
-3.1883997917175 49.592670440674 645.62780761719
-1.8243293762207 38.553604125977 643.60906982422
0.43473652005196 27.649961471558 641.66986083984
3.5321409702301 16.933923721313 639.81671142578
7.1609344482422 6.3795819282532 638.02624511719
11.662754058838 -3.8443810939789 636.35101318359
16.958229064941 -13.71416759491 634.79089355469
21.138137817383 -23.948184967041 633.09454345703
17.117870330811 -32.698917388916 631.05712890625
8.3031024932861 -39.341068267822 628.70977783203
3.951610326767 -48.133522033691 625.75146484375
12.237212181091 -55.462482452393 625.32440185547
21.73247718811 -61.475589752197 625.11755371094
32.122848510742 -65.940582275391 625.140625
42.513214111328 -70.405570983887 625.16363525391
52.92276763916 -74.824729919434 625.22015380859
63.36213684082 -79.172630310059 625.32855224609
73.80150604248 -83.520530700684 625.43701171875
84.229652404785 -87.88671875 625.23553466797
94.641151428223 -92.290191650391 624.92810058594
105.00245666504 -96.820678710938 624.80780029297
115.29013061523 -101.51591491699 624.79949951172
125.33368682861 -106.69512176514 624.57440185547
1.2685849666595 76.042816162109 649.07238769531
2.0488119125366 69.226837158203 647.26928710938
3.6861016750336 62.500308990479 645.72290039062
5.3343434333801 55.775650024414 644.18005371094
7.9164018630981 49.329978942871 642.73358154297
10.781564712524 42.99617767334 641.32275390625
14.032504081726 36.85818862915 639.88385009766
17.702306747437 30.947650909424 638.501953125
22.231044769287 25.621976852417 637.31433105469
25.254508972168 19.380981445312 635.86645507812
29.784870147705 14.069507598877 634.66107177734
34.334949493408 8.7889461517334 633.34582519531
38.927185058594 3.5897924900055 631.86376953125
44.867736816406 -0.024843294173479 630.55181884766
49.826061248779 -4.8310880661011 628.98480224609
55.036632537842 -9.3495960235596 627.33129882812
61.429206848145 -11.92720413208 625.77166748047
67.261451721191 -15.427890777588 623.77227783203
73.132057189941 -18.959468841553 621.93334960938
79.553901672363 -21.43822479248 620.22705078125
85.994583129883 -23.909616470337 618.57696533203
92.265998840332 -26.752859115601 616.88415527344
99.009605407715 -28.330711364746 615.3505859375
105.7084197998 -30.073419570923 613.79956054688
112.44282531738 -31.495864868164 612.08587646484
0.83477866649628 75.272567749023 651.93310546875
1.4374680519104 68.159873962402 651.79315185547
2.6992375850677 61.140007019043 651.49261474609
5.1114387512207 54.448780059814 650.91162109375
7.5579562187195 47.767433166504 650.32232666016
10.453886032104 41.264377593994 649.7900390625
13.822717666626 34.988376617432 649.32250976562
17.936147689819 29.163356781006 649.07916259766
22.050312042236 23.346467971802 648.62634277344
24.789539337158 16.782104492188 648.81091308594
29.33787727356 11.279726028442 648.712890625
33.842124938965 5.7404689788818 648.67413330078
38.315502166748 0.17612022161484 648.67633056641
43.326503753662 -4.9075303077698 648.64709472656
48.681983947754 -9.5997877120972 649.14672851562
54.098011016846 -14.226725578308 649.62725830078
59.516654968262 -18.850912094116 650.10510253906
66.067932128906 -21.069215774536 651.65942382812
71.778091430664 -25.236850738525 652.60302734375
77.513290405273 -29.374429702759 653.58325195312
83.549224853516 -32.928630828857 654.95538330078
90.415100097656 -34.332275390625 656.17669677734
96.774604797363 -37.248779296875 657.59362792969
103.54133605957 -38.942771911621 659.10577392578
109.92454528809 -41.69926071167 660.72296142578
