125.01530456543 -32.028430938721 332.78359985352
122.1290435791 15.682920455933 340.96490478516
107.45747375488 -1.6648761034012 327.1916809082
110.54700469971 -4.903416633606 350.92370605469
126.73575592041 -30.600557327271 332.82745361328
128.17694091797 -28.89608001709 332.94793701172
129.53189086914 -27.122741699219 333.08938598633
130.91149902344 -25.368034362793 333.22500610352
132.32118225098 -23.636852264404 333.35333251953
133.71919250488 -21.896446228027 333.48458862305
134.93067932129 -20.025596618652 333.65802001953
135.73881530762 -17.956941604614 333.90893554688
136.41000366211 -15.841569900513 334.18276977539
137.10668945312 -13.733834266663 334.45251464844
137.39886474609 -11.542044639587 334.78109741211
137.44818115234 -9.3354616165161 335.13912963867
137.30960083008 -7.1358728408813 335.51696777344
136.98114013672 -4.9595170021057 335.91204833984
136.51383972168 -2.8107213973999 336.31802368164
135.88175964355 -0.70667386054993 336.73495483398
135.12539672852 1.354621887207 337.15866088867
134.22370910645 3.3552846908569 337.58856201172
133.18148803711 5.2855830192566 338.02249145508
131.9849395752 7.1237096786499 338.45843505859
130.65879821777 8.8708066940308 338.89379882812
129.19845581055 10.50824546814 339.32598876953
127.62001037598 12.033658027649 339.75286865234
125.85804748535 13.347366333008 340.16528320312
124.00846862793 14.538224220276 340.56726074219
125.00620269775 -30.865465164185 331.60046386719
125.50622558594 -29.326570510864 331.14001464844
126.11506652832 -27.762182235718 331.00564575195
126.4775390625 -26.116609573364 330.94149780273
126.83572387695 -24.471900939941 330.84146118164
127.14252471924 -22.816467285156 330.75088500977
127.34069824219 -21.143218994141 330.70669555664
127.3180770874 -19.457160949707 330.7053527832
127.30122375488 -17.773368835449 330.77694702148
126.95317077637 -16.131278991699 330.70846557617
125.75165557861 -15.015348434448 330.57070922852
124.07637786865 -14.867341995239 330.51449584961
122.4024810791 -15.010068893433 330.37405395508
120.74295043945 -15.160742759705 330.14242553711
119.07914733887 -14.958861351013 329.96389770508
117.47783660889 -14.544460296631 329.71313476562
116.16303253174 -13.585658073425 329.2721862793
114.91341400146 -12.531836509705 328.86068725586
113.75877380371 -11.359353065491 328.49252319336
112.61377716064 -10.169723510742 328.15005493164
111.47820281982 -8.9668254852295 327.82666015625
110.4501953125 -7.6398844718933 327.66580200195
109.45240020752 -6.2874479293823 327.53750610352
108.72565460205 -4.7714281082153 327.40805053711
108.02816009521 -3.2363080978394 327.41180419922
125.41538238525 -31.223468780518 334.2717590332
125.91602325439 -29.662549972534 334.89529418945
126.36259460449 -28.047998428345 335.41461181641
126.7477722168 -26.385377883911 335.81893920898
127.15246582031 -24.759183883667 336.33670043945
127.56588745117 -23.153289794922 336.90817260742
128.05685424805 -21.594285964966 337.54446411133
128.43821716309 -20.002716064453 338.17514038086
128.40480041504 -18.326122283936 338.68786621094
127.73919677734 -16.850378036499 339.3408203125
126.32434844971 -16.091873168945 339.99523925781
124.6233215332 -16.363473892212 340.31521606445
122.97146606445 -16.935613632202 340.44537353516
121.40172576904 -17.609132766724 340.81021118164
119.82303619385 -17.666849136353 341.55630493164
118.31472015381 -17.140428543091 342.27215576172
117.03528594971 -16.271240234375 343.09912109375
115.79731750488 -15.371109008789 343.95074462891
114.81360626221 -14.506962776184 345.11721801758
113.9306640625 -13.494199752808 346.24404907227
113.18260192871 -12.330589294434 347.32113647461
112.65003204346 -10.990387916565 348.31768798828
111.91634368896 -9.5494699478149 348.99728393555
111.1791229248 -8.0942211151123 349.640625
110.77514648438 -6.5539798736572 350.37600708008
