90.396453857422 -7.3810420036316 408.27230834961
103.48301696777 7.8940043449402 411.36587524414
108.32445526123 4.0624165534973 417.00012207031
108.70573425293 6.3895587921143 404.76754760742
90.126419067383 -6.6145768165588 408.40313720703
90.145317077637 -5.8039798736572 408.54949951172
90.302284240723 -5.0086750984192 408.69674682617
90.586097717285 -4.2485504150391 408.84106445312
90.924835205078 -3.5107982158661 408.9826965332
91.33260345459 -2.8078780174255 409.11993408203
91.768348693848 -2.1215045452118 409.25491333008
92.235076904297 -1.4552656412125 409.38711547852
92.731811523438 -0.81047117710114 409.51623535156
93.267265319824 -0.19649618864059 409.64080810547
93.82967376709 0.39362746477127 409.76181030273
94.420440673828 0.95626670122147 409.87869262695
95.005706787109 1.5244530439377 409.99633789062
95.598335266113 2.0851981639862 410.11288452148
96.208183288574 2.6277668476105 410.2265625
96.831436157227 3.1553812026978 410.33795166016
97.46174621582 3.6748239994049 410.4479675293
98.105606079102 4.1779227256775 410.55548095703
98.747596740723 4.6833329200745 410.66333007812
99.394989013672 5.1820225715637 410.77017211914
100.0472946167 5.6744937896729 410.8759765625
100.72429656982 6.1336159706116 410.97647094727
101.39937591553 6.5954895019531 411.07730102539
102.0832901001 7.0446095466614 411.17614746094
102.77947235107 7.4751591682434 411.27197265625
90.637672424316 -6.6703519821167 408.78775024414
90.995414733887 -5.893810749054 409.10247802734
91.489891052246 -5.198516368866 409.4231262207
92.009811401367 -4.5219988822937 409.74307250977
92.629661560059 -3.9204883575439 410.03411865234
93.278739929199 -3.3453967571259 410.3147277832
93.928520202637 -2.7711184024811 410.59527587891
94.615669250488 -2.2398445606232 410.87149047852
95.332824707031 -1.7472559213638 411.14318847656
96.049987792969 -1.2546625137329 411.41485595703
96.767234802246 -0.76224058866501 411.68661499023
97.49486541748 -0.29049980640411 411.96716308594
98.261337280273 0.088079877197742 412.28332519531
99.027824401855 0.46666392683983 412.59948730469
99.794296264648 0.84524631500244 412.91567993164
100.5696182251 1.1849954128265 413.2536315918
101.34540557861 1.5224145650864 413.59286499023
102.12777709961 1.8381118774414 413.93783569336
102.9174118042 2.1272261142731 414.28945922852
103.70909881592 2.4014179706573 414.64837646484
104.50491333008 2.634078502655 415.02691650391
105.30964660645 2.8458132743835 415.39883422852
106.11770629883 3.0775461196899 415.75112915039
106.88767242432 3.3204226493835 416.17395019531
107.64582061768 3.6247735023499 416.57797241211
90.605331420898 -6.5289797782898 408.01449584961
91.074378967285 -5.7418494224548 407.96060180664
91.57893371582 -4.9769201278687 407.90676879883
92.091094970703 -4.2174677848816 407.85241699219
92.690002441406 -3.523601770401 407.80969238281
93.365119934082 -2.902437210083 407.77871704102
94.04076385498 -2.2818627357483 407.74765014648
94.729507446289 -1.6760129928589 407.71502685547
95.452018737793 -1.1110252141953 407.67819213867
96.174530029297 -0.54603391885757 407.64135742188
96.897605895996 0.018123907968402 407.6037902832
97.644157409668 0.54785567522049 407.53668212891
98.42212677002 1.0220568180084 407.42492675781
99.200210571289 1.4960072040558 407.31292724609
99.987274169922 1.9495588541031 407.18112182617
100.7914276123 2.3559718132019 407.00573730469
101.5955657959 2.7623536586761 406.83023071289
102.39762115479 3.1613221168518 406.62991333008
103.19967651367 3.5602831840515 406.42959594727
104.00247192383 3.9498584270477 406.21432495117
104.80568695068 4.311598777771 405.95635986328
105.61048126221 4.6740717887878 405.70434570312
106.41732788086 5.0380625724792 405.46124267578
107.21304321289 5.4237403869629 405.21496582031
107.98153686523 5.8678603172302 404.98123168945
