13.52806854248 7.7071962356567 338.86868286133
2.4547708034515 -31.050336837769 339.7721862793
-11.042261123657 -25.175643920898 344.28182983398
-9.5594654083252 -26.255922317505 331.81994628906
15.094527244568 7.2007050514221 339.13439941406
15.927719116211 5.7695832252502 339.35211181641
16.390390396118 4.1841726303101 339.52493286133
16.131580352783 2.5448851585388 339.59420776367
15.376114845276 1.0586814880371 339.5798034668
14.480628967285 -0.35225254297256 339.53964233398
13.629800796509 -1.7908370494843 339.50787353516
12.815894126892 -3.2507736682892 339.48306274414
12.006674766541 -4.7132768630981 339.45904541016
11.15783405304 -6.1529760360718 339.42767333984
10.26794052124 -7.5675539970398 339.38861083984
9.3673839569092 -8.9753046035767 339.34744262695
8.4936056137085 -10.399967193604 339.31137084961
7.6468648910522 -11.840913772583 339.28042602539
6.8755326271057 -13.323808670044 339.26342773438
6.2175636291504 -14.860536575317 339.26675415039
5.5786638259888 -16.405252456665 339.27340698242
5.0039844512939 -17.974779129028 339.29125976562
4.5780358314514 -19.590557098389 339.3342590332
4.3112239837646 -21.239356994629 339.40301513672
4.0091094970703 -22.882219314575 339.46615600586
3.5847072601318 -24.498538970947 339.50936889648
3.1564161777496 -26.113847732544 339.55194091797
2.7541584968567 -27.735694885254 339.59884643555
2.4738585948944 -29.382190704346 339.66540527344
13.411098480225 7.0286269187927 340.45794677734
13.004460334778 5.9730658531189 341.7698059082
12.192488670349 5.1242804527283 343.04168701172
11.00942325592 4.4760928153992 344.12493896484
9.5843963623047 3.6841123104095 344.70758056641
8.1817989349365 2.6859781742096 344.90222167969
6.8271503448486 1.6135622262955 345.03063964844
5.5154318809509 0.48814103007317 345.14868164062
4.2767477035522 -0.72305274009705 345.12829589844
3.0389003753662 -1.9350064992905 345.10690307617
1.8725919723511 -3.2119019031525 345.00213623047
0.74185252189636 -4.516761302948 344.85934448242
-0.26667439937592 -5.9196257591248 344.73052978516
-1.2732298374176 -7.3239283561707 344.60198974609
-2.2812356948853 -8.7307538986206 344.52133178711
-3.2899525165558 -10.139363288879 344.51708984375
-4.2999053001404 -11.546925544739 344.53945922852
-5.3107423782349 -12.953310012817 344.58450317383
-6.3362522125244 -14.342505455017 344.4446105957
-7.3586292266846 -15.73390007019 344.30139160156
-8.3420391082764 -17.159337997437 344.34442138672
-9.2018642425537 -18.662801742554 344.38232421875
-9.9755125045776 -20.212640762329 344.41299438477
-10.591444015503 -21.828929901123 344.32089233398
-10.467471122742 -23.548534393311 344.40270996094
13.820345878601 6.9810590744019 337.29946899414
13.803343772888 5.8346180915833 335.97265625
13.228332519531 4.9637689590454 334.56552124023
12.179148674011 4.2017793655396 333.38623046875
10.907488822937 3.3014237880707 332.58239746094
9.5342721939087 2.3126702308655 332.11651611328
8.2061548233032 1.2107688188553 331.79479980469
6.9171013832092 0.040575005114079 331.56988525391
5.6845755577087 -1.2019319534302 331.43215942383
4.5002436637878 -2.4961323738098 331.36248779297
3.3188869953156 -3.7929980754852 331.29534912109
2.2026875019073 -5.1480965614319 331.28399658203
1.1235272884369 -6.5328278541565 331.30258178711
0.070333674550056 -7.9371910095215 331.33126831055
-0.92728060483932 -9.3810548782349 331.38101196289
-1.9238483905792 -10.82555770874 331.4270324707
-2.8803317546844 -12.29455947876 331.32894897461
-3.8364808559418 -13.763737678528 331.23040771484
-4.7956027984619 -15.233402252197 331.17929077148
-5.7775430679321 -16.68776512146 331.12396240234
-6.7910432815552 -18.120620727539 331.07760620117
-7.7983093261719 -19.55785369873 331.12243652344
-8.5483160018921 -21.131099700928 331.33312988281
-9.0705347061157 -22.789199829102 331.57855224609
-9.3686618804932 -24.513301849365 331.72338867188
