37.740562438965 5.6543850898743 284.93493652344
55.435493469238 -4.2894797325134 330.53689575195
30.154260635376 5.0710792541504 322.7112121582
36.875522613525 -18.627244949341 314.86776733398
39.970325469971 6.0933690071106 285.42904663086
42.139385223389 6.4385871887207 286.16366577148
44.237621307373 6.6889533996582 287.13372802734
46.271183013916 6.8762621879578 288.24566650391
48.210681915283 6.9852423667908 289.5224609375
50.041446685791 7.0146269798279 290.95581054688
51.762939453125 6.9731178283691 292.51815795898
53.413242340088 6.8886666297913 294.1545715332
55.044544219971 6.7931747436523 295.80938720703
56.486839294434 6.5962572097778 297.62167358398
57.826057434082 6.3482775688171 299.50662231445
58.85542678833 5.9650630950928 301.55331420898
59.703266143799 5.5104694366455 303.67053222656
60.387195587158 4.9972505569458 305.83309936523
60.928146362305 4.4364910125732 308.02423095703
61.296451568604 3.8225140571594 310.23672485352
61.48934173584 3.1589403152466 312.45721435547
61.495193481445 2.4472978115082 314.67114257812
61.327533721924 1.6954287290573 316.86538696289
61.023281097412 0.91490966081619 319.0348815918
60.524131774902 0.09822491556406 321.15432739258
59.805534362793 -0.75227618217468 323.19598388672
58.992866516113 -1.61490213871 325.1969909668
57.990333557129 -2.4972076416016 327.10092163086
56.831420898438 -3.3904192447662 328.90856933594
38.408710479736 6.8787875175476 286.08880615234
39.414863586426 7.2517681121826 287.55935668945
40.383071899414 7.1966586112976 289.10391235352
41.280284881592 7.1187195777893 290.68948364258
42.030071258545 7.0000677108765 292.34759521484
42.659152984619 6.9529252052307 294.05874633789
43.173892974854 6.9559655189514 295.80480957031
43.048358917236 6.7923464775085 297.61657714844
42.641513824463 6.6440272331238 299.37829589844
41.324863433838 6.3683185577393 300.60284423828
39.731086730957 5.9897317886353 301.40142822266
38.036506652832 5.5902228355408 301.94415283203
36.374416351318 5.2285714149475 302.6005859375
34.788040161133 4.9348101615906 303.44918823242
33.355289459229 4.6882157325745 304.54745483398
32.153251647949 4.5097255706787 305.90719604492
31.029760360718 4.4384298324585 307.34103393555
30.062412261963 4.5570840835571 308.88269042969
29.105133056641 4.6745233535767 310.42926025391
28.508857727051 4.7474122047424 312.15106201172
28.110092163086 4.7497367858887 313.92901611328
28.160600662231 4.58118724823 315.74334716797
28.504577636719 4.729640007019 317.52822875977
28.934995651245 4.9710788726807 319.28396606445
29.497459411621 5.1362953186035 321.01095581055
38.760841369629 4.2452988624573 285.28378295898
39.993068695068 3.7839782238007 286.47729492188
40.980136871338 3.4306077957153 287.9114074707
41.900310516357 3.0782835483551 289.38961791992
42.767307281494 2.6906888484955 290.89093017578
43.436534881592 2.1165390014648 292.43295288086
43.88599395752 1.3243243694305 293.95788574219
44.126392364502 0.41432896256447 295.46435546875
43.874858856201 -0.67811697721481 296.84112548828
43.064659118652 -1.8541293144226 297.89590454102
41.697006225586 -2.8347952365875 298.46267700195
40.214023590088 -3.7052772045135 298.90866088867
38.674114227295 -4.4937877655029 299.31210327148
37.256576538086 -5.4187264442444 299.85140991211
36.069412231445 -6.5096502304077 300.59689331055
35.309810638428 -7.7606692314148 301.60327148438
34.873352050781 -9.0979585647583 302.68789672852
34.705772399902 -10.485104560852 303.78485107422
34.733104705811 -11.839623451233 304.93389892578
34.865497589111 -13.168738365173 306.10491943359
35.250720977783 -14.256548881531 307.45547485352
35.712295532227 -15.247710227966 308.85562133789
36.173873901367 -16.238883972168 310.25579833984
36.63542175293 -17.230043411255 311.65594482422
36.641151428223 -18.158569335938 313.17047119141
