14.0416431427 -21.098279953003 -18.399644851685
-19.185657501221 13.202955245972 -6.8991079330444
-35.368312835693 2.0671343803406 -27.436946868896
-36.802974700928 -7.1589965820312 -4.1431059837341
15.161490440369 -19.479217529297 -17.596118927002
15.386207580566 -17.540428161621 -16.742166519165
15.339070320129 -15.581649780273 -15.905997276306
14.998191833496 -13.637177467346 -15.104454040527
14.479332923889 -11.720433235168 -14.332070350647
13.78471660614 -9.845892906189 -13.59484577179
12.946213722229 -8.017692565918 -12.891464233398
11.998382568359 -6.2325239181519 -12.217153549194
10.892740249634 -4.5222907066345 -11.590307235718
9.6794414520264 -2.8731124401093 -11.000111579895
8.3528289794922 -1.2980755567551 -10.452721595764
6.9361090660095 0.20966923236847 -9.9429521560669
5.4427919387817 1.6534897089005 -9.4680480957031
3.8439447879791 2.9973900318146 -9.0462684631348
2.1793618202209 4.2705616950989 -8.6612195968628
0.42645102739334 5.4361057281494 -8.3309335708618
-1.3273004293442 6.6005425453186 -8.0012044906616
-3.1741170883179 7.6302862167358 -7.7383089065552
-5.0623173713684 8.5907258987427 -7.5091772079468
-7.001766204834 9.4540891647339 -7.326681137085
-8.9785051345825 10.236384391785 -7.1825942993164
-10.977913856506 10.963483810425 -7.0644006729126
-12.990245819092 11.656539916992 -6.9620690345764
-15.03058052063 12.267391204834 -6.8977389335632
-17.09354019165 12.799931526184 -6.8692145347595
13.976888656616 -18.762071609497 -18.644853591919
13.057209014893 -16.554647445679 -18.21425819397
11.686211585999 -14.577117919922 -17.861711502075
10.317519187927 -12.591460227966 -17.657634735107
8.4459228515625 -11.043744087219 -17.485523223877
6.6037888526917 -9.4630794525146 -17.299596786499
4.6774067878723 -7.9981803894043 -17.141397476196
2.5967633724213 -6.7379651069641 -17.037956237793
0.4191272854805 -5.6828179359436 -17.03210067749
-1.8737382888794 -4.8712949752808 -17.142179489136
-4.193078994751 -4.1651382446289 -17.323266983032
-6.5393400192261 -3.5661203861237 -17.576555252075
-8.842737197876 -2.8910264968872 -17.972797393799
-11.131592750549 -2.1901228427887 -18.417539596558
-13.317423820496 -1.3670746088028 -19.100368499756
-15.530791282654 -0.71406441926956 -19.842504501343
-17.796466827393 -0.32521244883537 -20.644645690918
-20.032218933105 0.1941572278738 -21.456289291382
-22.313514709473 0.61983811855316 -22.160692214966
-24.685066223145 0.84686869382858 -22.634677886963
-26.985795974731 0.79590678215027 -21.839719772339
-28.467931747437 1.2480744123459 -22.589181900024
-30.091178894043 1.9470597505569 -23.693300247192
-31.79850769043 2.5782673358917 -24.961711883545
-33.926414489746 2.5422160625458 -25.634038925171
13.37566280365 -19.728776931763 -16.690990447998
12.54029750824 -18.0240650177 -15.430017471313
11.548675537109 -16.298124313354 -14.301990509033
10.173969268799 -14.749121665955 -13.400168418884
8.442102432251 -13.37268447876 -12.849126815796
6.6309494972229 -12.035097122192 -12.437844276428
4.7068467140198 -10.932353973389 -11.910376548767
2.7242896556854 -9.9511489868164 -11.322778701782
0.58524191379547 -9.1540327072144 -11.161405563354
-1.5550578832626 -8.3593645095825 -11.001146316528
-3.7178761959076 -7.6989130973816 -10.648174285889
-5.8806948661804 -7.0384621620178 -10.295203208923
-8.0967998504639 -6.5223531723022 -10.510719299316
-10.296551704407 -6.141037940979 -10.388667106628
-12.467304229736 -5.9694814682007 -9.6843423843384
-14.696115493774 -5.9010920524597 -9.1728458404541
-16.924875259399 -5.9276928901672 -8.652759552002
-19.173627853394 -5.9650988578796 -8.2729949951172
-21.453340530396 -6.0268707275391 -8.1086978912354
-23.693447113037 -6.1313247680664 -7.6508941650391
-25.954998016357 -6.2767663002014 -7.4783530235291
-28.167907714844 -6.4551043510437 -7.102367401123
-30.32667350769 -6.6310772895813 -6.3625521659851
-32.485439300537 -6.8070507049561 -5.62273645401
-34.644207000732 -6.9830236434937 -4.8829212188721
