56.419120788574 6.5166063308716 335.49429321289
56.038604736328 30.206552505493 333.83020019531
48.336894989014 24.461479187012 326.25817871094
47.621887207031 24.791360855103 340.87692260742
57.293144226074 7.0777359008789 335.51580810547
58.003448486328 7.8353710174561 335.51235961914
58.655014038086 8.6443862915039 335.50137329102
59.222537994385 9.5142850875854 335.48034667969
59.687065124512 10.44286441803 335.44818115234
60.209339141846 11.340520858765 335.42211914062
60.765537261963 12.217668533325 335.39981079102
61.182048797607 13.168288230896 335.36282348633
61.426342010498 14.176424026489 335.30993652344
61.606853485107 15.197806358337 335.25180053711
61.743671417236 16.225765228271 335.19018554688
61.770351409912 17.261833190918 335.12033081055
61.711837768555 18.2962474823 335.04483032227
61.644496917725 19.330131530762 334.96868896484
61.383834838867 20.331539154053 334.88146972656
61.151958465576 21.34055519104 334.79571533203
60.852722167969 22.331342697144 334.70660400391
60.518032073975 23.310619354248 334.61587524414
60.042442321777 24.229019165039 334.51956176758
59.540691375732 25.133474349976 334.42239379883
58.947052001953 25.980073928833 334.32290649414
58.294666290283 26.78223991394 334.22250366211
57.676055908203 27.610822677612 334.12255859375
56.976501464844 28.372146606445 334.02169799805
56.424240112305 29.24640083313 333.92315673828
56.655555725098 7.2738852500916 334.94769287109
56.892059326172 8.1393842697144 334.59722900391
57.130558013916 9.0199556350708 334.28759765625
57.464698791504 9.8836221694946 334.02221679688
57.766429901123 10.757853507996 333.75238037109
57.794231414795 11.673405647278 333.45651245117
57.816333770752 12.589807510376 333.16006469727
57.668292999268 13.499494552612 332.88128662109
57.418201446533 14.383441925049 332.59164428711
56.715885162354 14.943277359009 332.25393676758
55.782997131348 15.146805763245 332.1318359375
54.938331604004 15.543413162231 331.89434814453
54.239479064941 16.088258743286 331.5163269043
53.586086273193 16.654766082764 331.09170532227
52.963344573975 17.233577728271 330.63861083984
52.483615875244 17.818445205688 330.04248046875
51.810718536377 18.364772796631 329.62191772461
51.137741088867 18.911085128784 329.20141601562
50.424377441406 19.469583511353 328.87399291992
49.696830749512 20.03129196167 328.58538818359
49.098773956299 20.620422363281 328.11401367188
48.54524230957 21.229753494263 327.61358642578
47.971454620361 21.886569976807 327.20462036133
47.860942840576 22.663547515869 326.65289306641
47.96798324585 23.582662582397 326.39315795898
56.638668060303 7.2654809951782 335.97647094727
56.872314453125 8.0429573059082 336.40356445312
57.155025482178 8.901572227478 336.55773925781
57.438087463379 9.760763168335 336.7099609375
57.550945281982 10.660836219788 336.8434753418
57.572811126709 11.570466041565 336.95916748047
57.496700286865 12.481121063232 337.03686523438
57.388317108154 13.373434066772 337.21844482422
57.148517608643 14.243450164795 337.3798828125
56.63362121582 14.986324310303 337.51745605469
55.861663818359 15.450165748596 337.67501831055
55.003421783447 15.764413833618 337.7414855957
54.34009552002 16.360786437988 337.93383789062
53.758361816406 17.033575057983 338.15756225586
53.073944091797 17.598985671997 338.3857421875
52.333660125732 18.094055175781 338.60473632812
51.675464630127 18.658515930176 338.90246582031
51.014106750488 19.238040924072 339.16351318359
50.352252960205 19.81826210022 339.42196655273
49.644443511963 20.393899917603 339.50094604492
49.111217498779 21.083742141724 339.77349853516
48.517276763916 21.693290710449 340.1139831543
47.92777633667 22.375213623047 340.27352905273
47.401851654053 23.106340408325 340.44622802734
47.266464233398 23.969661712646 340.6994934082
