67.203742980957 0.96592670679092 271.72763061523
81.836738586426 -7.1923580169678 273.23513793945
88.369163513184 -2.5468895435333 267.34588623047
87.568962097168 -1.7807364463806 278.88092041016
67.276542663574 0.3090991973877 271.77398681641
67.699676513672 -0.2043102234602 271.83505249023
68.165725708008 -0.6790976524353 271.89663696289
68.664672851562 -1.1192895174026 271.9582824707
69.167823791504 -1.5546182394028 272.01986694336
69.695327758789 -1.960128068924 272.08123779297
70.243942260742 -2.3367249965668 272.14215087891
70.799652099609 -2.7027893066406 272.20297241211
71.355194091797 -3.069096326828 272.26379394531
71.920608520508 -3.4200255870819 272.32431030273
72.495071411133 -3.755987405777 272.38446044922
73.081428527832 -4.0708556175232 272.44412231445
73.673263549805 -4.3753619194031 272.50350952148
74.264892578125 -4.680242061615 272.56286621094
74.866355895996 -4.9652314186096 272.62164306641
75.49365234375 -5.1883778572083 272.67831420898
76.112640380859 -5.4334735870361 272.73574829102
76.736206054688 -5.6667704582214 272.79281616211
77.359352111816 -5.901150226593 272.8498840332
77.99267578125 -6.1067814826965 272.90582275391
78.629653930664 -6.300950050354 272.96127319336
79.267234802246 -6.4931421279907 273.01663208008
79.906066894531 -6.6811943054199 273.07183837891
80.548851013184 -6.8554277420044 273.12649536133
81.198638916016 -7.0018825531006 273.17980957031
67.906242370605 0.49331438541412 271.52615356445
68.644523620605 0.035788208246231 271.46771240234
69.433563232422 -0.33276653289795 271.46917724609
70.227867126465 -0.68947213888168 271.45980834961
71.041854858398 -0.99580162763596 271.41528320312
71.864273071289 -1.2803444862366 271.38287353516
72.6962890625 -1.5372769832611 271.3708190918
73.532791137695 -1.7791501283646 271.35739135742
74.373474121094 -2.0047476291656 271.32998657227
75.22191619873 -2.200168132782 271.31185913086
76.079177856445 -2.3517382144928 271.28903198242
76.93790435791 -2.4848322868347 271.23229980469
77.800704956055 -2.5703835487366 271.15100097656
78.65795135498 -2.6409592628479 271.01507568359
79.508522033691 -2.6629312038422 270.82943725586
80.35863494873 -2.6669788360596 270.64050292969
81.19896697998 -2.6908011436462 270.41323852539
82.02619934082 -2.7197909355164 270.14260864258
82.845703125 -2.7000875473022 269.84866333008
83.671829223633 -2.6247088909149 269.58367919922
84.480659484863 -2.5731630325317 269.26498413086
85.280090332031 -2.4919366836548 268.92926025391
86.068786621094 -2.4527010917664 268.56204223633
86.846214294434 -2.4100830554962 268.17190551758
87.62060546875 -2.4243319034576 267.77374267578
67.847770690918 0.54833483695984 272.12274169922
68.577827453613 0.12615606188774 272.3115234375
69.305999755859 -0.30362838506699 272.48779296875
70.106323242188 -0.60612499713898 272.60913085938
70.898864746094 -0.90160995721817 272.7864074707
71.695106506348 -1.1903755664825 272.95779418945
72.512886047363 -1.4324287176132 273.09735107422
73.326438903809 -1.6699795722961 273.26629638672
74.148414611816 -1.8829220533371 273.42694091797
74.985168457031 -2.0475001335144 273.56689453125
75.818977355957 -2.2003540992737 273.73486328125
76.639724731445 -2.3636417388916 273.95028686523
77.468162536621 -2.4385788440704 274.18460083008
78.297714233398 -2.4762601852417 274.42388916016
79.119338989258 -2.4915421009064 274.69131469727
79.925689697266 -2.4852199554443 275.00213623047
80.734069824219 -2.4604017734528 275.30670166016
81.547294616699 -2.4000177383423 275.5927734375
82.350227355957 -2.2835218906403 275.89016723633
83.112968444824 -2.225784778595 276.29232788086
83.872245788574 -2.1198928356171 276.69125366211
84.642623901367 -1.9912112951279 277.06109619141
85.38892364502 -1.9177728891373 277.49063110352
86.121322631836 -1.8411735296249 277.94293212891
86.865592956543 -1.7871558666229 278.37884521484
