66.776588439941 30.168054580688 354.05969238281
78.29207611084 -2.9820265769958 368.21377563477
61.747425079346 0.53530949354172 363.38973999023
74.76496887207 0.71122109889984 350.88977050781
67.858757019043 30.087615966797 355.12390136719
68.85718536377 29.669815063477 356.13589477539
69.768020629883 28.923763275146 357.09106445312
70.393928527832 27.737730026245 357.8063659668
70.868583679199 26.432762145996 358.38439941406
71.211585998535 25.024940490723 358.84286499023
71.488784790039 23.584232330322 359.23992919922
71.825996398926 22.175413131714 359.69277954102
72.215042114258 20.794229507446 360.19384765625
72.623458862305 19.425270080566 360.71273803711
72.99690246582 18.035430908203 361.19934082031
73.34204864502 16.628677368164 361.65979003906
73.698310852051 15.228112220764 362.13055419922
74.054191589355 13.827325820923 362.60095214844
74.409973144531 12.426486968994 363.07125854492
74.767997741699 11.026916503906 363.54364013672
75.133529663086 9.6316928863525 364.02301025391
75.503555297852 8.2390747070312 364.50650024414
75.854972839355 6.8357720375061 364.97271728516
76.204193115234 5.4312505722046 365.43692016602
76.541030883789 4.020619392395 365.88958740234
76.793228149414 2.5690734386444 366.26312255859
77.093818664551 1.1421089172363 366.68185424805
77.493232727051 -0.23260293900967 367.19250488281
77.892654418945 -1.6073147058487 367.703125
66.109809875488 30.005966186523 355.15570068359
65.565734863281 29.592512130737 356.25329589844
65.050895690918 28.795278549194 357.13061523438
64.813095092773 27.717329025269 357.80233764648
64.614692687988 26.644552230835 358.49645996094
64.423683166504 25.571483612061 359.19223022461
64.140327453613 24.373121261597 359.58291625977
63.910621643066 23.141096115112 359.90097045898
63.77477645874 21.872367858887 360.10873413086
63.601367950439 20.596605300903 360.2272644043
63.419654846191 19.319063186646 360.31021118164
63.226440429688 18.040819168091 360.33587646484
63.045139312744 16.761180877686 360.37698364258
62.927661895752 15.480673789978 360.51040649414
62.816715240479 14.200210571289 360.65240478516
62.708984375 12.919876098633 360.79800415039
62.601501464844 11.639549255371 360.94387817383
62.410930633545 10.374196052551 361.12799072266
62.188961029053 9.1161775588989 361.32827758789
62.118621826172 7.8470783233643 361.56097412109
61.90115737915 6.5839824676514 361.63128662109
61.60994720459 5.3241276741028 361.62622070312
61.507656097412 4.1006259918213 361.87991333008
61.587577819824 2.9121873378754 362.38317871094
61.667503356934 1.7237483263016 362.88647460938
67.608627319336 29.76340675354 353.22201538086
68.596900939941 29.110847473145 352.82791137695
69.482795715332 28.244029998779 352.68029785156
70.362281799316 27.358833312988 352.70611572266
70.916603088379 26.244922637939 352.60662841797
71.53352355957 25.189029693604 352.35678100586
71.928550720215 24.047731399536 352.04174804688
72.058219909668 22.843063354492 351.74185180664
72.296447753906 21.642601013184 351.49673461914
72.484771728516 20.411527633667 351.41333007812
72.627128601074 19.172611236572 351.46646118164
72.771141052246 17.933881759644 351.51950073242
72.969192504883 16.702472686768 351.56857299805
73.155586242676 15.46889591217 351.60568237305
73.09309387207 14.227612495422 351.49029541016
73.047409057617 12.985119819641 351.38021850586
73.082931518555 11.740278244019 351.2958984375
73.119384765625 10.495425224304 351.21215820312
73.206954956055 9.2514171600342 351.15942382812
73.305236816406 8.0079460144043 351.11331176758
73.407524108887 6.7646207809448 351.072265625
73.526245117188 5.52223777771 351.05242919922
73.646202087402 4.2799863815308 351.03231811523
73.970283508301 3.0760288238525 350.97348022461
74.352012634277 1.8885492086411 350.92678833008
