100.34173583984 11.924971580505 340.31875610352
82.865615844727 -20.214782714844 328.64410400391
68.449150085449 -7.9107842445374 341.27182006836
72.249031066895 -2.6641454696655 318.87390136719
101.68792724609 11.047115325928 340.39950561523
102.3284072876 9.5767841339111 340.18096923828
102.76155090332 8.0428819656372 339.90142822266
102.90955352783 6.4700989723206 339.54995727539
102.79069519043 4.9087028503418 339.1428527832
102.38250732422 3.4100978374481 338.68756103516
101.7345123291 2.0085031986237 338.20346069336
100.86200714111 0.74032640457153 337.70266723633
99.825996398926 -0.39627015590668 337.1982421875
98.62451171875 -1.3602842092514 336.69967651367
97.470176696777 -2.3785614967346 336.19815063477
96.472785949707 -3.5499348640442 335.6936340332
95.53556060791 -4.7704973220825 335.19030761719
94.621376037598 -6.0087561607361 334.68780517578
93.710784912109 -7.2496571540833 334.18536376953
92.865135192871 -8.5368642807007 333.68585205078
91.939758300781 -9.7665767669678 333.18292236328
90.981521606445 -10.97047996521 332.67901611328
89.985412597656 -12.142994880676 332.17456054688
88.985137939453 -13.311939239502 331.67004394531
87.964469909668 -14.463043212891 331.16537475586
87.002166748047 -15.66370677948 330.66149902344
86.025161743164 -16.852291107178 330.15725708008
85.011688232422 -18.009759902954 329.6526184082
83.926208496094 -19.100248336792 329.14855957031
100.11566925049 11.188593864441 341.65933227539
99.597297668457 10.146703720093 342.67568969727
98.79566192627 8.9963111877441 343.32495117188
97.755630493164 7.8745679855347 343.55133056641
96.655364990234 6.7971353530884 343.69073486328
95.472221374512 5.8014130592346 343.69387817383
94.272651672363 4.8285565376282 343.77008056641
93.052841186523 3.8963551521301 343.95346069336
91.682968139648 3.1810681819916 344.00921630859
90.277587890625 2.5364999771118 344.00552368164
88.813293457031 2.0809671878815 343.80624389648
87.34912109375 1.625105381012 343.60684204102
85.911239624023 1.1041309833527 343.37780761719
84.47582244873 0.57751953601837 343.14617919922
83.043838500977 0.043267920613289 342.91088867188
81.620635986328 -0.51002275943756 342.66644287109
80.197471618652 -1.0633615255356 342.42190551758
78.769073486328 -1.6377401351929 342.27673339844
77.340370178223 -2.2219560146332 342.18267822266
75.912925720215 -2.8090326786041 342.08715820312
74.511436462402 -3.4488825798035 341.95397949219
73.110321044922 -4.0895023345947 341.82028198242
71.729331970215 -4.7635045051575 341.64733886719
70.429000854492 -5.5778522491455 341.45550537109
69.344390869141 -6.6520276069641 341.21286010742
100.60019683838 12.182317733765 338.79870605469
100.43816375732 11.879191398621 337.2712097168
100.00807189941 11.273336410522 335.89331054688
99.316856384277 10.462326049805 334.74334716797
98.524261474609 9.6304655075073 333.67697143555
97.581932067871 8.8245639801025 332.71813964844
96.491088867188 8.0742092132568 331.87866210938
95.324653625488 7.4545564651489 331.03356933594
94.143478393555 6.8645343780518 330.18997192383
92.833312988281 6.5505347251892 329.38772583008
91.513259887695 6.2381973266602 328.60165405273
90.174514770508 5.8169875144958 327.90231323242
88.835144042969 5.3946595191956 327.20498657227
87.474021911621 4.9331760406494 326.57806396484
86.102272033691 4.4497957229614 325.99212646484
84.723922729492 3.9430553913116 325.44250488281
83.343414306641 3.4274187088013 324.90673828125
81.967300415039 2.9028589725494 324.36846923828
80.636413574219 2.2924163341522 323.80737304688
79.306968688965 1.6804453134537 323.2451171875
78.151596069336 0.88141059875488 322.54843139648
76.997482299805 0.081349015235901 321.8508605957
75.753921508789 -0.59540694952011 321.17687988281
74.560432434082 -1.4308469295502 320.59713745117
73.402877807617 -2.0630650520325 319.74914550781
