141.34451293945 -4.5809874534607 591.11437988281
116.01122283936 -4.3888263702393 609.27716064453
110.40726470947 -18.741655349731 611.94714355469
118.14925384521 -6.8084692955017 625.93121337891
140.30686950684 -3.9773278236389 591.28198242188
139.23622131348 -3.6793673038483 591.76910400391
138.20011901855 -3.5425825119019 592.38732910156
137.17335510254 -3.4341607093811 593.02612304688
136.17901611328 -3.4097311496735 593.72253417969
135.20094299316 -3.4210689067841 594.44201660156
134.22984313965 -3.4470701217651 595.17047119141
133.26263427734 -3.4809651374817 595.90380859375
132.29429626465 -3.5125062465668 596.6357421875
131.32760620117 -3.5474791526794 597.36968994141
130.35939025879 -3.579386472702 598.10174560547
129.37197875977 -3.5703406333923 598.80828857422
128.41300964355 -3.6206059455872 599.55139160156
127.45134735107 -3.6654741764069 600.29138183594
126.47817230225 -3.6870861053467 601.01721191406
125.50756072998 -3.7141530513763 601.74633789062
124.53607177734 -3.739244222641 602.47430419922
123.56922912598 -3.7738881111145 603.20806884766
122.61544036865 -3.8340508937836 603.95709228516
121.65507507324 -3.8815770149231 604.69860839844
120.70827484131 -3.9549429416656 605.45526123047
119.76979064941 -4.0434436798096 606.22064208984
118.834815979 -4.1381516456604 606.98956298828
117.89387512207 -4.2222747802734 607.75244140625
116.94706726074 -4.2955403327942 608.50909423828
139.94725036621 -5.1507062911987 591.45977783203
138.69950866699 -5.77587890625 592.10180664062
137.49974060059 -6.4188404083252 592.83892822266
136.34448242188 -7.0562663078308 593.64819335938
135.19134521484 -7.6934280395508 594.4609375
134.04888916016 -8.3165578842163 595.29840087891
132.92242431641 -8.9186840057373 596.17291259766
131.78866577148 -9.5125894546509 597.04248046875
130.55865478516 -9.9980239868164 597.84722900391
129.41444396973 -10.523274421692 598.74072265625
128.3359375 -11.07900428772 599.70202636719
127.19758605957 -11.611183166504 600.59857177734
125.96280670166 -12.105407714844 601.39056396484
124.74609375 -12.591240882874 602.21435546875
123.56620025635 -13.077674865723 603.08679199219
122.52280426025 -13.612874984741 604.09729003906
121.36846923828 -14.086711883545 604.98596191406
120.03750610352 -14.462808609009 605.68115234375
118.73094177246 -14.850562095642 606.41516113281
117.48950958252 -15.299780845642 607.22033691406
116.29959869385 -15.788949012756 608.07751464844
115.18655395508 -16.337308883667 608.99700927734
113.92037200928 -16.854623794556 609.72064208984
112.80030059814 -17.29606628418 610.69274902344
111.64741516113 -17.92568397522 611.50848388672
140.64390563965 -3.8360939025879 592.37237548828
139.8412322998 -3.7348511219025 593.79144287109
139.06146240234 -3.8791298866272 595.21276855469
138.2889251709 -4.101146697998 596.634765625
137.51490783691 -4.321186542511 598.05615234375
136.62855529785 -4.3910527229309 599.42645263672
135.74156188965 -4.5077929496765 600.79211425781
134.82331848145 -4.6619596481323 602.13323974609
133.85687255859 -4.7810406684875 603.44470214844
132.89041137695 -4.9001216888428 604.75622558594
131.95594787598 -5.0253992080688 606.09014892578
131.0221862793 -5.1508150100708 607.42456054688
130.08787536621 -5.2760214805603 608.75854492188
129.11074829102 -5.3853244781494 610.06298828125
128.12530517578 -5.5331645011902 611.35638427734
127.12757110596 -5.7378368377686 612.63342285156
126.14588165283 -5.7333626747131 613.93389892578
125.1583404541 -5.7250642776489 615.23333740234
124.15782928467 -5.7882361412048 616.52301025391
123.21268463135 -5.9155850410461 617.84893798828
122.27688598633 -6.0436344146729 619.18133544922
121.40970611572 -6.0916600227356 620.56475830078
120.53211212158 -5.9895734786987 621.93395996094
119.7568359375 -5.9264535903931 623.36547851562
119.08643341064 -6.121223449707 624.78332519531
