90.977012634277 -0.90976911783218 338.21118164062
58.692459106445 -25.401031494141 342.58392333984
34.349952697754 -4.3050894737244 349.11279296875
41.380149841309 -14.884951591492 318.67785644531
90.997200012207 -2.4417908191681 338.72924804688
90.123542785645 -3.7631919384003 339.06927490234
89.178329467773 -5.040207862854 339.38583374023
88.05598449707 -6.1816973686218 339.6354675293
86.971588134766 -7.3558769226074 339.9006652832
85.894264221191 -8.5359315872192 340.16864013672
84.752426147461 -9.6597089767456 340.41003417969
83.57056427002 -10.745127677917 340.63369750977
82.394096374512 -11.83589553833 340.85977172852
81.218101501465 -12.927130699158 341.08605957031
79.882705688477 -13.83283996582 341.23083496094
78.588966369629 -14.793503761292 341.39907836914
77.284721374512 -15.740880012512 341.56155395508
75.971298217773 -16.676355361938 341.71896362305
74.620124816895 -17.560054779053 341.85440063477
73.244895935059 -18.408096313477 341.97497558594
71.860343933105 -19.241676330566 342.08953857422
70.474349975586 -20.07299041748 342.20318603516
69.019409179688 -20.782878875732 342.26766967773
67.643058776855 -21.629196166992 342.38751220703
66.193061828613 -22.34875869751 342.45587158203
64.692443847656 -22.959012985229 342.48132324219
63.21312713623 -23.618257522583 342.52587890625
61.715698242188 -24.236213684082 342.55432128906
60.212097167969 -24.839237213135 342.57702636719
89.66325378418 -1.0414340496063 340.08386230469
87.876434326172 -1.29232609272 341.49844360352
85.978828430176 -1.0320211648941 342.76324462891
84.001335144043 -0.61546885967255 343.85186767578
81.919738769531 -0.31518888473511 344.77075195312
79.731658935547 -0.11018115282059 345.43090820312
77.475517272949 -0.16584426164627 345.85235595703
75.208457946777 -0.31030496954918 346.1852722168
72.937339782715 -0.51484251022339 346.45294189453
70.663871765137 -0.75073552131653 346.67037963867
68.392021179199 -1.0177503824234 346.86331176758
66.157455444336 -1.500673532486 347.07559204102
63.929618835449 -1.9999015331268 347.31826782227
61.718803405762 -2.5345423221588 347.62594604492
59.457378387451 -2.9312353134155 347.62106323242
57.183460235596 -3.2470138072968 347.58950805664
54.898616790771 -3.4721524715424 347.5764465332
52.611083984375 -3.649222612381 347.66061401367
50.32689666748 -3.7510416507721 347.86862182617
48.05687713623 -3.7706413269043 348.21224975586
45.786396026611 -3.8846950531006 348.53393554688
43.508930206299 -3.9569494724274 348.81579589844
41.224308013916 -3.9555940628052 349.04382324219
38.932765960693 -4.0281925201416 349.1667175293
36.640186309814 -4.1533288955688 349.17114257812
89.99146270752 -2.2295708656311 336.78018188477
88.629241943359 -3.4232857227325 335.56567382812
87.165199279785 -4.1501965522766 334.11956787109
85.660552978516 -4.7176451683044 332.64407348633
84.033767700195 -5.2117757797241 331.27627563477
82.232406616211 -5.5898237228394 330.10443115234
80.272262573242 -5.9094152450562 329.1994934082
78.269409179688 -6.299289226532 328.42501831055
76.230590820312 -6.7461533546448 327.78726196289
74.168876647949 -7.2630281448364 327.29138183594
72.117546081543 -7.8489365577698 326.83059692383
70.101753234863 -8.539176940918 326.35739135742
68.101043701172 -9.2695617675781 325.88055419922
66.068321228027 -9.9447050094604 325.46099853516
64.025634765625 -10.603061676025 325.0637512207
61.967651367188 -11.238606452942 324.71185302734
59.851631164551 -11.619349479675 324.33605957031
57.73560333252 -11.931968688965 323.90219116211
55.657569885254 -12.235542297363 323.30767822266
53.589454650879 -12.55314540863 322.68670654297
51.592487335205 -12.956666946411 321.90368652344
49.591232299805 -13.348317146301 321.12561035156
47.573139190674 -13.691022872925 320.36822509766
45.537410736084 -14.066789627075 319.67651367188
43.506530761719 -14.558648109436 319.04611206055
