33.684135437012 -38.616500854492 334.64370727539
66.042549133301 16.708644866943 326.67514038086
71.865943908691 22.530927658081 350.16549682617
86.817588806152 11.326964378357 340.27920532227
32.153606414795 -38.458255767822 332.41452026367
31.540681838989 -36.997646331787 330.20965576172
31.67126083374 -34.933834075928 328.44897460938
32.434059143066 -32.5998878479 327.29409790039
33.768672943115 -30.264976501465 326.91564941406
35.396835327148 -28.090068817139 327.08648681641
37.052433013916 -25.941761016846 327.3196105957
38.705112457275 -23.790493011475 327.54598999023
40.316799163818 -21.601133346558 327.68087768555
41.993564605713 -19.475360870361 327.96389770508
43.658874511719 -17.33716583252 328.21969604492
45.281227111816 -15.156908035278 328.37762451172
46.877025604248 -12.953742027283 328.47790527344
48.433197021484 -10.720233917236 328.49584960938
49.960506439209 -8.4672040939331 328.45620727539
51.428928375244 -6.1800174713135 328.30444335938
52.868377685547 -3.878555059433 328.09991455078
54.305431365967 -1.5759830474854 327.89105224609
55.730777740479 0.73187494277954 327.66134643555
57.15230178833 3.0413858890533 327.42486572266
58.619876861572 5.3290214538574 327.27154541016
60.063743591309 7.6284065246582 327.0749206543
61.491245269775 9.9352979660034 326.84902954102
62.970134735107 12.216955184937 326.71673583984
64.540649414062 14.439967155457 326.76400756836
31.423532485962 -36.620918273926 335.68255615234
29.942960739136 -33.818866729736 336.0325012207
28.962217330933 -30.808446884155 336.34603881836
28.525381088257 -28.178865432739 338.07946777344
29.338247299194 -25.872272491455 340.123046875
30.734022140503 -23.818405151367 342.12210083008
32.523258209229 -21.780466079712 343.80017089844
34.378059387207 -19.648797988892 345.27850341797
36.353675842285 -17.465496063232 346.50152587891
38.623985290527 -15.393920898438 347.35375976562
40.941467285156 -13.364008903503 348.17657470703
43.337615966797 -11.29663848877 348.57189941406
45.757713317871 -9.2373132705688 348.84356689453
48.126708984375 -7.1041378974915 348.93539428711
50.299434661865 -4.78151512146 349.17211914062
52.611743927002 -2.5855002403259 349.19393920898
54.555965423584 -0.077834948897362 349.51559448242
56.619384765625 2.3502073287964 349.65335083008
58.658897399902 4.7863569259644 349.93203735352
60.543796539307 7.3150629997253 350.40609741211
62.472930908203 9.8043546676636 350.91003417969
64.541358947754 12.228001594543 351.04788208008
66.478660583496 14.761388778687 351.07217407227
68.181617736816 17.445310592651 350.8132019043
69.736343383789 20.159156799316 350.19021606445
36.000701904297 -39.961524963379 333.00305175781
38.73046875 -40.007411956787 331.45068359375
41.193016052246 -39.21715927124 329.67520141602
44.290023803711 -38.951065063477 329.23010253906
47.352222442627 -38.44108581543 329.69802856445
50.12487411499 -37.340698242188 330.68542480469
52.769050598145 -35.883293151855 331.55722045898
55.25452041626 -34.189418792725 332.46710205078
57.533958435059 -32.217262268066 333.35543823242
59.588138580322 -29.976808547974 334.15414428711
61.495040893555 -27.62246131897 334.98825073242
63.128787994385 -25.149234771729 336.03158569336
64.43684387207 -22.465648651123 337.01281738281
65.822692871094 -19.718685150146 337.65249633789
67.458320617676 -17.071029663086 338.09115600586
69.182060241699 -14.469025611877 338.46011352539
70.985427856445 -11.911606788635 338.75256347656
72.782447814941 -9.3542461395264 339.08224487305
74.554229736328 -6.7798218727112 339.41482543945
76.517074584961 -4.3415899276733 339.69769287109
78.363754272461 -1.8325304985046 340.1125793457
80.064903259277 0.76071041822433 340.62091064453
81.844329833984 3.3454596996307 340.79312133789
83.551200866699 5.9736099243164 340.55416870117
85.189292907715 8.6557188034058 340.58117675781
