60.987358093262 5.3824319839478 273.71438598633
66.796333312988 -3.9546015262604 273.53515625
71.56534576416 0.65098506212234 270.74087524414
70.755180358887 0.017647771164775 278.25640869141
60.998584747314 4.9511122703552 273.67254638672
61.059997558594 4.5234060287476 273.63763427734
61.142177581787 4.0989646911621 273.60571289062
61.246681213379 3.6792092323303 273.57727050781
61.349670410156 3.2591552734375 273.54849243164
61.52477645874 2.8629534244537 273.53158569336
61.716209411621 2.4742624759674 273.517578125
61.905391693115 2.0844886302948 273.50311279297
62.11100769043 1.7030243873596 273.49163818359
62.323741912842 1.3254497051239 273.48150634766
62.561664581299 0.96311354637146 273.47616577148
62.813026428223 0.6099396944046 273.47351074219
63.096012115479 0.2815705537796 273.47750854492
63.387424468994 -0.039317350834608 273.48330688477
63.697547912598 -0.34204688668251 273.4934387207
64.016181945801 -0.63572978973389 273.50549316406
64.316886901855 -0.94787359237671 273.51345825195
64.597663879395 -1.2781447172165 273.51690673828
64.875465393066 -1.6109217405319 273.51974487305
65.144409179688 -1.9509103298187 273.52069091797
65.416801452637 -2.2881381511688 273.52243041992
65.711326599121 -2.6061527729034 273.52893066406
66.006042480469 -2.9239945411682 273.53549194336
66.280067443848 -3.2598609924316 273.53753662109
66.518974304199 -3.6215538978577 273.53240966797
61.234390258789 5.1645245552063 273.36856079102
61.524536132812 4.8705687522888 273.14569091797
61.829532623291 4.5504078865051 272.96520996094
62.185977935791 4.2518920898438 272.8720703125
62.558048248291 3.9599521160126 272.80545043945
62.933094024658 3.6711852550507 272.74203491211
63.311672210693 3.3861844539642 272.68240356445
63.690250396729 3.1011834144592 272.6227722168
64.070617675781 2.8191695213318 272.56259155273
64.489372253418 2.6011292934418 272.49041748047
64.908126831055 2.3830890655518 272.4182434082
65.326881408691 2.1650485992432 272.34609985352
65.745635986328 1.9470083713531 272.27392578125
66.188789367676 1.8072810173035 272.16821289062
66.635093688965 1.6776612997055 272.05813598633
67.075843811035 1.5637655258179 271.9169921875
67.507720947266 1.4542180299759 271.74649047852
67.922538757324 1.3132991790771 271.55792236328
68.365364074707 1.1946412324905 271.42398071289
68.807487487793 1.0756186246872 271.28814697266
69.249122619629 0.95403492450714 271.1530456543
69.70923614502 0.86827445030212 271.08200073242
70.161308288574 0.78712713718414 270.96771240234
70.634056091309 0.76834559440613 270.90405273438
71.102058410645 0.72742009162903 270.82821655273
61.111038208008 5.133282661438 274.11206054688
61.339851379395 4.8069744110107 274.3766784668
61.620525360107 4.4690861701965 274.56982421875
61.954601287842 4.1366209983826 274.68548583984
62.306564331055 3.8139426708221 274.77008056641
62.654926300049 3.4902980327606 274.86154174805
62.974941253662 3.1545746326447 275.00436401367
63.350185394287 2.8629446029663 275.10140991211
63.729251861572 2.5768039226532 275.20111083984
64.123329162598 2.3169367313385 275.31011962891
64.529640197754 2.0791413784027 275.42785644531
64.930488586426 1.8398506641388 275.56042480469
65.321594238281 1.6059560775757 275.72689819336
65.736938476562 1.4290475845337 275.90496826172
66.161567687988 1.2741473913193 276.08151245117
66.580421447754 1.1296751499176 276.27932739258
66.971374511719 0.97151058912277 276.51751708984
67.369819641113 0.81318318843842 276.744140625
67.778388977051 0.64908868074417 276.94812011719
68.22225189209 0.50657606124878 277.08062744141
68.631271362305 0.36799517273903 277.29391479492
68.98193359375 0.24899196624756 277.60626220703
69.387184143066 0.11869326233864 277.826171875
69.843765258789 0.015085482038558 277.94174194336
70.306945800781 -0.0036928413901478 278.07162475586
