86.53825378418 7.9153056144714 324.87704467773
59.200885772705 -25.021398544312 323.78863525391
54.222270965576 -11.276950836182 334.64810180664
52.242195129395 -9.6765003204346 317.26007080078
87.148612976074 6.168267250061 324.56716918945
87.132278442383 4.3062958717346 324.31860351562
86.872077941895 2.4587261676788 324.10168457031
86.3515625 0.66220116615295 323.92358398438
85.728149414062 -1.1024250984192 323.76235961914
84.905769348145 -2.7869539260864 323.63619995117
83.966171264648 -4.4107718467712 323.53259277344
82.976615905762 -6.0052914619446 323.43905639648
81.991081237793 -7.6022281646729 323.34469604492
80.971809387207 -9.1782217025757 323.25726318359
80.01488494873 -10.791480064392 323.1637878418
79.41276550293 -12.566269874573 323.12060546875
79.076805114746 -14.412203788757 323.13055419922
78.526580810547 -16.204624176025 323.14624023438
77.772972106934 -17.897888183594 322.89068603516
76.635940551758 -19.362564086914 322.64950561523
75.253959655762 -20.589872360229 322.52111816406
73.649017333984 -21.566719055176 322.54064941406
71.932975769043 -22.320669174194 322.61682128906
70.18782043457 -23.003950119019 322.72576904297
68.405906677246 -23.566835403442 322.92172241211
66.598937988281 -24.059734344482 323.06091308594
64.763778686523 -24.428323745728 323.20147705078
62.914024353027 -24.72046661377 323.35266113281
61.058410644531 -24.939262390137 323.53240966797
86.308883666992 6.5289659500122 325.45108032227
85.78450012207 5.0729236602783 325.67175292969
84.958671569824 3.7711796760559 325.91540527344
83.947250366211 2.6175570487976 326.21746826172
82.835594177246 1.5480719804764 326.47967529297
81.706634521484 0.5033888220787 326.76678466797
80.544769287109 -0.51926499605179 326.99273681641
79.306480407715 -1.4320992231369 327.25869750977
78.033279418945 -2.2860305309296 327.57131958008
76.762954711914 -3.1334829330444 327.90991210938
75.426155090332 -3.8740270137787 328.24597167969
74.070159912109 -4.5666213035583 328.60043334961
72.686767578125 -5.1907896995544 328.98123168945
71.287353515625 -5.7751197814941 329.36492919922
69.876434326172 -6.3308520317078 329.7507019043
68.435264587402 -6.8057823181152 330.13217163086
66.992805480957 -7.2772741317749 330.51342773438
65.554885864258 -7.7192144393921 330.94320678711
64.118728637695 -8.1463956832886 331.3932800293
62.686378479004 -8.5318412780762 331.89141845703
61.250015258789 -8.8985691070557 332.39151000977
59.806728363037 -9.2329702377319 332.89495849609
58.369487762451 -9.4914197921753 333.4548034668
56.958118438721 -9.9796485900879 333.88946533203
55.555446624756 -10.561460494995 334.26644897461
86.111877441406 6.6213688850403 324.16497802734
85.42903137207 5.2742786407471 323.74172973633
84.462196350098 4.0856122970581 323.39202880859
83.375686645508 2.9919109344482 323.07763671875
82.244689941406 1.9404008388519 322.76876831055
81.074981689453 0.93144685029984 322.47137451172
79.802612304688 0.027270905673504 322.26110839844
78.515144348145 -0.84705775976181 322.01947021484
77.189186096191 -1.6641331911087 321.79937744141
75.814483642578 -2.4099595546722 321.61328125
74.410095214844 -3.0718941688538 321.34866333008
73.004409790039 -3.7200334072113 321.05895996094
71.579109191895 -4.317223072052 320.76129150391
70.118225097656 -4.8414726257324 320.49359130859
68.61296081543 -5.2231478691101 320.24111938477
67.096992492676 -5.570463180542 319.99234008789
65.604629516602 -5.9799828529358 319.70288085938
64.11727142334 -6.4016494750977 319.40286254883
62.610980987549 -6.7670493125916 319.12313842773
61.091583251953 -7.0686964988708 318.83883666992
59.562515258789 -7.3459334373474 318.58438110352
58.027683258057 -7.6090922355652 318.34896850586
56.510383605957 -7.8877377510071 318.03140258789
55.023258209229 -8.3320093154907 317.76867675781
53.570011138916 -8.9202547073364 317.63159179688
