132.39639282227 5.0301723480225 643.27954101562
139.40299987793 -11.437812805176 646.07678222656
131.76919555664 -18.173000335693 653.20690917969
133.98658752441 -18.314563751221 639.26824951172
133.11309814453 5.001012802124 643.40167236328
133.71015930176 4.5951023101807 643.54119873047
134.26977539062 4.1384725570679 643.67950439453
134.7943572998 3.6418671607971 643.81610107422
135.26176452637 3.0898065567017 643.94848632812
135.68748474121 2.5041000843048 644.07733154297
136.083984375 1.8977242708206 644.20349121094
136.43246459961 1.2614377737045 644.32446289062
136.75845336914 0.61289578676224 644.44293212891
137.05749511719 -0.049074903130531 644.55822753906
137.3253326416 -0.72491747140884 644.66979980469
137.5736541748 -1.4085737466812 644.77880859375
137.79429626465 -2.1022338867188 644.88427734375
138.0027923584 -2.7998666763306 644.98803710938
138.18695068359 -3.5047967433929 645.08856201172
138.33744812012 -4.2183399200439 645.18432617188
138.4775390625 -4.9341855049133 645.27850341797
138.58306884766 -5.6566038131714 645.36761474609
138.70536804199 -6.3760552406311 645.45928955078
138.84265136719 -7.0925030708313 645.55310058594
138.94590759277 -7.815290927887 645.64190673828
139.04000854492 -8.5394973754883 645.72924804688
139.150390625 -9.2610960006714 645.81909179688
139.22961425781 -9.9873456954956 645.90423583984
139.30953979492 -10.713510513306 645.98950195312
132.79577636719 4.3369526863098 643.87152099609
132.71643066406 3.4289901256561 644.01690673828
133.21633911133 2.6195352077484 644.38098144531
133.6058807373 1.7970726490021 644.83355712891
133.88856506348 0.90075820684433 645.22613525391
134.04209899902 -0.065173506736755 645.52362060547
134.18330383301 -1.0566138029099 645.59075927734
134.31903076172 -1.9461200237274 645.80877685547
134.41914367676 -2.7527766227722 646.36743164062
134.45918273926 -3.7319691181183 646.65826416016
134.40605163574 -4.7099108695984 646.93237304688
134.31085205078 -5.7270221710205 646.97106933594
134.20347595215 -6.7328186035156 647.0703125
134.06756591797 -7.7010555267334 647.36535644531
134.02416992188 -8.63694190979 647.77435302734
133.92427062988 -9.588677406311 648.13232421875
133.69404602051 -10.513110160828 648.501953125
133.46949768066 -11.397608757019 648.95391845703
133.25695800781 -12.244532585144 649.48553466797
133.04441833496 -13.091456413269 650.01715087891
132.8318939209 -13.938380241394 650.548828125
132.61935424805 -14.785304069519 651.08044433594
132.4068145752 -15.632228851318 651.61206054688
132.19427490234 -16.479152679443 652.14367675781
131.98173522949 -17.326076507568 652.67529296875
132.82180786133 4.4638242721558 642.6865234375
133.28652954102 3.6397910118103 642.68328857422
133.83363342285 2.8692326545715 642.62225341797
134.21391296387 1.9910136461258 642.58905029297
134.45735168457 1.0680847167969 642.54138183594
134.59016418457 0.12275867164135 642.50091552734
134.67184448242 -0.8308379650116 642.46588134766
134.85444641113 -1.769367814064 642.41552734375
135.07878112793 -2.699036359787 642.37493896484
135.16081237793 -3.6359236240387 642.34503173828
135.13404846191 -4.5888495445251 642.29351806641
135.06285095215 -5.5257768630981 642.33520507812
134.85758972168 -6.4413027763367 642.51281738281
134.84651184082 -7.3875360488892 642.36529541016
134.90399169922 -8.2748908996582 642.05151367188
135.0121307373 -9.1214513778687 641.619140625
135.05601501465 -10.039216995239 641.36950683594
134.99411010742 -10.986005783081 641.24859619141
134.87017822266 -11.919969558716 641.07659912109
134.74407958984 -12.834604263306 640.82299804688
134.61782836914 -13.747930526733 640.56384277344
134.49157714844 -14.661257743835 640.30474853516
134.36532592773 -15.574584007263 640.04559326172
134.23908996582 -16.487911224365 639.78649902344
134.11283874512 -17.401237487793 639.52734375
