112.53443145752 -11.200943946838 350.19784545898
88.216049194336 -40.372108459473 349.58856201172
81.40943145752 -23.582712173462 357.78085327148
84.191246032715 -24.27100944519 339.78985595703
113.39903259277 -12.48770236969 350.31463623047
113.69400787354 -14.011402130127 350.39886474609
113.49726867676 -15.552740097046 350.44741821289
112.99056243896 -17.022144317627 350.4700012207
112.02823638916 -18.242574691772 350.44860839844
110.90563964844 -19.317115783691 350.40936279297
109.6300201416 -20.203451156616 350.35104370117
108.30609130859 -21.015754699707 350.28610229492
107.0340423584 -21.9075756073 350.22827148438
105.82482910156 -22.883344650269 350.17852783203
104.63732147217 -23.885610580444 350.13150024414
103.47057342529 -24.912071228027 350.08697509766
102.34635162354 -25.985136032104 350.04751586914
101.24297332764 -27.079708099365 350.0104675293
100.14910888672 -28.183832168579 349.97454833984
99.104965209961 -29.335248947144 349.94427490234
98.016006469727 -30.444160461426 349.90893554688
96.911476135254 -31.537582397461 349.87176513672
95.766578674316 -32.588459014893 349.82989501953
94.655784606934 -33.675479888916 349.7919921875
93.551826477051 -34.769176483154 349.75491333008
92.54963684082 -35.957405090332 349.7292175293
91.396903991699 -36.996688842773 349.68627929688
90.182098388672 -37.965484619141 349.63586425781
89.164321899414 -39.140350341797 349.60845947266
111.90966033936 -11.140307426453 351.59088134766
111.28502655029 -11.086136817932 352.98168945312
110.68045043945 -12.008430480957 354.03924560547
109.96392822266 -12.891611099243 355.02215576172
108.81967926025 -13.6253490448 355.71990966797
107.51761627197 -14.238087654114 356.17279052734
106.12259674072 -14.779552459717 356.4814453125
104.63536834717 -15.079633712769 356.64584350586
103.1423034668 -15.36474609375 356.80044555664
101.6594543457 -15.727132797241 356.86663818359
100.176612854 -16.089519500732 356.93286132812
98.701278686523 -16.463771820068 357.05612182617
97.231735229492 -16.847177505493 357.22338867188
95.762191772461 -17.230581283569 357.39068603516
94.301147460938 -17.664487838745 357.36761474609
92.84252166748 -18.112783432007 357.29034423828
91.383895874023 -18.561080932617 357.21307373047
89.992637634277 -19.068044662476 356.87899780273
88.629035949707 -19.599084854126 356.43957519531
87.265426635742 -20.130125045776 356.00012207031
85.901817321777 -20.661165237427 355.56069946289
84.538215637207 -21.192207336426 355.12124633789
83.228950500488 -21.945360183716 355.09075927734
81.932609558105 -22.751321792603 355.15753173828
81.531890869141 -23.219491958618 356.30178833008
111.9963760376 -11.140718460083 348.90814208984
111.72770690918 -11.617597579956 347.63061523438
111.38740539551 -12.529217720032 346.63327026367
110.8709487915 -13.477416992188 345.77719116211
110.11749267578 -14.425644874573 345.08032226562
109.24057006836 -15.254917144775 344.37341308594
108.10846710205 -15.816151618958 343.92694091797
106.77642059326 -16.167358398438 343.6845703125
105.44438171387 -16.518564224243 343.44219970703
104.11233520508 -16.869771957397 343.19982910156
102.75614929199 -17.198650360107 343.16674804688
101.39569854736 -17.523582458496 343.17068481445
100.03524017334 -17.848512649536 343.17462158203
98.847709655762 -18.311193466187 342.59872436523
97.660385131836 -18.774044036865 342.02212524414
96.385192871094 -19.229677200317 341.71182250977
95.080497741699 -19.682886123657 341.49096679688
93.77579498291 -20.136096954346 341.27008056641
92.488410949707 -20.643905639648 341.07369995117
91.214332580566 -21.188760757446 340.96441650391
89.947868347168 -21.733638763428 341.20025634766
88.681411743164 -22.278516769409 341.43609619141
87.509971618652 -22.819675445557 341.41946411133
86.71849822998 -23.345962524414 340.39331054688
85.489234924316 -23.813125610352 340.03884887695
