57.359325408936 -1.3485283851624 272.50689697266
87.977081298828 -4.663610458374 272.05639648438
91.733879089355 1.3592437505722 266.23937988281
91.940269470215 0.066289357841015 279.34713745117
57.426773071289 -2.5420889854431 272.41314697266
58.619728088379 -2.8280317783356 272.38339233398
59.833740234375 -3.0028557777405 272.36212158203
61.05118560791 -3.1552217006683 272.34259033203
62.271183013916 -3.2856802940369 272.32476806641
63.489910125732 -3.4275135993958 272.30609130859
64.710891723633 -3.548300743103 272.28897094727
65.932281494141 -3.6654019355774 272.2721862793
67.152549743652 -3.7934257984161 272.25454711914
68.373260498047 -3.9172639846802 272.23724365234
69.595191955566 -4.0284900665283 272.22094726562
70.817764282227 -4.1326575279236 272.20516967773
72.041076660156 -4.2277536392212 272.19006347656
73.263832092285 -4.3295073509216 272.17446899414
74.48713684082 -4.4242882728577 272.15942382812
75.711883544922 -4.4984917640686 272.14599609375
76.937324523926 -4.5610504150391 272.13342285156
78.163047790527 -4.6180424690247 272.12130737305
79.38916015625 -4.6655774116516 272.10992431641
80.615699768066 -4.7009377479553 272.09948730469
81.842475891113 -4.7278923988342 272.08975219727
83.069404602051 -4.7410769462585 272.0810546875
84.296424865723 -4.7315034866333 272.07409667969
85.523338317871 -4.710196018219 272.06805419922
86.750205993652 -4.6869029998779 272.0622253418
58.633152008057 -1.2200517654419 272.04208374023
59.958377838135 -1.0835921764374 271.75839233398
61.292984008789 -0.94281393289566 271.52529907227
62.639694213867 -0.8572359085083 271.33993530273
63.986305236816 -0.77086651325226 271.15417480469
65.331405639648 -0.67457431554794 270.96246337891
66.676490783691 -0.57816988229752 270.77069091797
68.022201538086 -0.47050115466118 270.5895690918
69.368659973145 -0.33747592568398 270.43252563477
70.715133666992 -0.20385840535164 270.27606201172
72.056213378906 -0.063594207167625 270.08343505859
73.387817382812 0.086040057241917 269.83911132812
74.719078063965 0.23600181937218 269.59298706055
76.050346374512 0.38596281409264 269.34686279297
77.379516601562 0.52898263931274 269.08581542969
78.702178955078 0.65345305204391 268.78527832031
80.024490356445 0.77696049213409 268.4826965332
81.353927612305 0.84739249944687 268.19497680664
82.684623718262 0.90690553188324 267.91033935547
84.015380859375 0.96591395139694 267.62585449219
85.348136901855 1.0217710733414 267.35021972656
86.673362731934 1.0064815282822 267.03662109375
87.940574645996 0.89262098073959 266.55322265625
89.254043579102 0.78411942720413 266.21200561523
90.588638305664 0.72597754001617 265.94689941406
58.649261474609 -1.2811360359192 272.93563842773
59.970932006836 -1.1031194925308 273.20889282227
61.301811218262 -0.95100456476212 273.45040893555
62.641670227051 -0.94074821472168 273.69052124023
63.992206573486 -0.8743332028389 273.84811401367
65.343399047852 -0.83231401443481 274.00845336914
66.694671630859 -0.8086359500885 274.17102050781
68.042984008789 -0.67131298780441 274.29861450195
69.382820129395 -0.54091280698776 274.50119018555
70.725868225098 -0.43374615907669 274.69598388672
72.069602966309 -0.34599977731705 274.89566040039
73.41357421875 -0.28947371244431 275.1047668457
74.757301330566 -0.1845209300518 275.29544067383
76.071174621582 -0.045461859554052 275.62341308594
77.36750793457 0.10037759691477 276.01232910156
78.699104309082 0.19453966617584 276.27911376953
80.034271240234 0.23836468160152 276.54104614258
81.36890411377 0.26163044571877 276.8083190918
82.702606201172 0.28806391358376 277.07983398438
84.020439147949 0.26671075820923 277.42050170898
85.337120056152 0.21900616586208 277.7629699707
86.656120300293 0.17502801120281 278.09689331055
87.968772888184 0.13311260938644 278.45523071289
89.268989562988 0.06105013564229 278.85202026367
90.591423034668 0.012539079412818 279.17141723633
