71.433624267578 21.018892288208 316.58044433594
58.176216125488 -16.450525283813 347.43328857422
53.914882659912 -28.691598892212 341.99896240234
68.185699462891 -23.392036437988 354.05426025391
70.309761047363 21.099725723267 318.20004272461
69.632080078125 19.967905044556 319.56500244141
69.030937194824 18.626384735107 320.88061523438
68.446281433105 17.226930618286 322.14251708984
67.88688659668 15.786906242371 323.36889648438
67.342765808105 14.322373390198 324.57379150391
66.800025939941 12.856709480286 325.77792358398
66.261268615723 11.387762069702 326.97985839844
65.725517272949 9.9130916595459 328.17590332031
65.208473205566 8.4027471542358 329.33532714844
64.691429138184 6.8924036026001 330.49475097656
64.176910400391 5.3860030174255 331.66033935547
63.665519714355 3.8845043182373 332.83367919922
63.154132843018 2.3830056190491 334.00698852539
62.657772064209 0.87030202150345 335.17202758789
62.188842773438 -0.66285282373428 336.32192993164
61.725875854492 -2.1957585811615 337.47445678711
61.292728424072 -3.7274191379547 338.64025878906
60.892803192139 -5.2693867683411 339.80389404297
60.5029296875 -6.8298177719116 340.94583129883
60.07413482666 -8.4088439941406 342.04833984375
59.712074279785 -9.9930105209351 343.1672668457
59.352771759033 -11.588181495667 344.27127075195
58.975551605225 -13.193814277649 345.35382080078
58.575145721436 -14.821140289307 346.39474487305
70.50643157959 19.24960899353 317.62057495117
69.828773498535 17.316272735596 318.55596923828
69.140357971191 15.398516654968 319.51525878906
68.455345153809 13.488919258118 320.49310302734
67.806976318359 11.572768211365 321.48303222656
67.143775939941 9.6556348800659 322.46118164062
66.465774536133 7.7376441955566 323.42739868164
65.813468933105 5.8134212493896 324.39892578125
65.187118530273 3.8832056522369 325.37561035156
64.560760498047 1.9529787302017 326.3522644043
63.918663024902 0.027140107005835 327.32739257812
63.238433837891 -1.8876259326935 328.29843139648
62.53596496582 -3.7865426540375 329.28466796875
61.823532104492 -5.6801471710205 330.27392578125
61.192516326904 -7.6562542915344 331.15075683594
60.564937591553 -9.5866031646729 332.12637329102
59.848239898682 -11.50523853302 333.06295776367
59.089168548584 -13.416568756104 333.98089599609
58.352001190186 -15.330668449402 334.91082763672
57.675437927246 -17.246793746948 335.88174438477
56.997932434082 -19.156330108643 336.86492919922
56.381778717041 -21.040201187134 337.93420410156
55.76505279541 -22.953054428101 338.95040893555
55.148330688477 -24.865894317627 339.96661376953
54.531608581543 -26.778745651245 340.98278808594
71.369277954102 19.823049545288 318.47668457031
71.051490783691 18.316310882568 320.10833740234
70.937057495117 16.571624755859 321.51678466797
70.842849731445 14.806618690491 322.90118408203
70.731307983398 13.06937122345 324.3190612793
70.613739013672 11.342617034912 325.74917602539
70.504653930664 9.6183300018311 327.18298339844
70.406860351562 7.8880896568298 328.61038208008
70.328033447266 6.1461811065674 330.02462768555
70.173866271973 4.3959932327271 331.42233276367
70.117156982422 2.6174130439758 332.79132080078
70.089370727539 0.82075548171997 334.13735961914
69.993698120117 -0.93017935752869 335.53942871094
69.86116027832 -2.6599018573761 336.96447753906
69.785438537598 -4.4745154380798 338.28439331055
69.700736999512 -6.2550587654114 339.64938354492
69.638069152832 -8.001314163208 341.05914306641
69.570465087891 -9.7176685333252 342.50497436523
69.493614196777 -11.434763908386 343.94943237305
69.415802001953 -13.151156425476 345.39462280273
69.254486083984 -14.807129859924 346.90209960938
69.081787109375 -16.508693695068 348.35662841797
68.88623046875 -18.243679046631 349.76812744141
68.652717590332 -19.95979309082 351.19683837891
68.419204711914 -21.675922393799 352.62554931641
