75.641151428223 0.35885953903198 336.14376831055
39.970027923584 -7.9542226791382 332.27914428711
35.094799041748 -1.3081299066544 339.48345947266
32.203117370605 1.3206499814987 325.08731079102
74.706130981445 -0.72782105207443 335.94750976562
73.553070068359 -1.5818902254105 335.75863647461
72.325492858887 -2.3261694908142 335.57550048828
71.017280578613 -2.920521736145 335.40216064453
69.676223754883 -3.4384112358093 335.23440551758
68.329902648926 -3.9427864551544 335.06771850586
66.96565246582 -4.3978633880615 334.90493774414
65.594970703125 -4.8337526321411 334.74371337891
64.210235595703 -5.224217414856 334.58630371094
62.815395355225 -5.5783123970032 334.43200683594
61.41820526123 -5.9233694076538 334.27847290039
60.014923095703 -6.2438168525696 334.12716674805
58.603832244873 -6.5295567512512 333.97900390625
57.184574127197 -6.7738089561462 333.8346862793
55.758781433105 -6.9790868759155 333.69412231445
54.333763122559 -7.1893043518066 333.55303955078
52.901878356934 -7.3503322601318 333.41680908203
51.466766357422 -7.4823999404907 333.28341674805
50.036003112793 -7.6523241996765 333.14624023438
48.608867645264 -7.8476872444153 333.00665283203
47.168590545654 -7.7562828063965 332.89733886719
45.733421325684 -7.8877882957458 332.76397705078
44.291465759277 -7.8389067649841 332.64987182617
42.852199554443 -7.9215412139893 332.52151489258
41.412239074707 -7.9931774139404 332.39443969727
74.401023864746 -0.44668215513229 336.71072387695
72.867362976074 -0.75164860486984 337.01602172852
71.290245056152 -0.91368961334229 337.16854858398
69.711685180664 -1.0709836483002 337.31597900391
68.159248352051 -1.3188623189926 337.57049560547
66.609420776367 -1.5758144855499 337.83572387695
65.053314208984 -1.8436859846115 338.04483032227
63.494579315186 -2.1161477565765 338.23037719727
61.921878814697 -2.3035702705383 338.37255859375
60.334774017334 -2.403217792511 338.46997070312
58.747665405273 -2.5028653144836 338.56741333008
57.171871185303 -2.6880240440369 338.69790649414
55.596828460693 -2.8694939613342 338.82604980469
54.004901885986 -2.887510061264 338.88745117188
52.412971496582 -2.9055263996124 338.94888305664
50.821346282959 -2.9241507053375 339.01745605469
49.229564666748 -2.9374122619629 339.08212280273
47.637054443359 -2.928605556488 339.12872314453
46.045211791992 -2.9029426574707 339.16955566406
44.457622528076 -2.7692697048187 339.17367553711
42.870025634766 -2.6440114974976 339.18463134766
41.282318115234 -2.6658754348755 339.31518554688
39.738033294678 -2.3855528831482 339.34185791016
38.217967987061 -1.9164530038834 339.31295776367
36.656383514404 -1.6122914552689 339.39819335938
74.36434173584 -0.2686328291893 335.20419311523
72.745307922363 -0.55844032764435 334.59222412109
71.167930603027 -0.71600657701492 333.8291015625
69.516525268555 -0.76422208547592 333.23611450195
67.813011169434 -0.80042040348053 332.79159545898
66.113067626953 -0.87768161296844 332.33847045898
64.43367767334 -1.0264177322388 331.83477783203
62.747295379639 -1.1596776247025 331.34970092773
61.047981262207 -1.2538390159607 330.89739990234
59.343902587891 -1.3453795909882 330.46334838867
57.634464263916 -1.4339747428894 330.04974365234
55.928073883057 -1.4777995347977 329.61697387695
54.21955871582 -1.5051057338715 329.19232177734
52.503391265869 -1.484074473381 328.79806518555
50.78006362915 -1.4011042118073 328.45901489258
49.047046661377 -1.2343211174011 328.19458007812
47.311744689941 -1.0727075338364 327.94219970703
45.576194763184 -0.91165745258331 327.69116210938
43.842742919922 -0.72087728977203 327.45364379883
42.115989685059 -0.43510553240776 327.25936889648
40.404235839844 -0.19787476956844 326.93817138672
38.701740264893 0.009379219263792 326.53860473633
37.260833740234 0.259322732687 326.18408203125
35.574928283691 0.61309850215912 325.81848144531
33.889022827148 0.96687424182892 325.45291137695
