120.39073944092 -9.5477924346924 310.99737548828
101.91551971436 -22.166969299316 326.12927246094
96.79419708252 -6.4269704818726 325.28277587891
93.064971923828 -17.246202468872 311.93948364258
120.49741363525 -10.41993522644 311.69549560547
120.44410705566 -11.275310516357 312.41995239258
120.22164916992 -12.093111991882 313.15563964844
119.94040679932 -12.892846107483 313.89105224609
119.62348937988 -13.680276870728 314.62521362305
119.26226043701 -14.450937271118 315.35659790039
118.78067779541 -15.167640686035 316.07336425781
118.19052886963 -15.823579788208 316.7668762207
117.56757354736 -16.4583568573 317.45108032227
116.82179260254 -17.001573562622 318.08999633789
116.04193878174 -17.51496887207 318.71267700195
115.32488250732 -18.081705093384 319.36395263672
114.42562866211 -18.469358444214 319.91217041016
113.50579833984 -18.830934524536 320.44384765625
112.60205078125 -19.213024139404 320.98858642578
111.64971923828 -19.529516220093 321.49090576172
110.65640258789 -19.780336380005 321.94903564453
109.63403320312 -19.975912094116 322.36853027344
108.62767791748 -20.203130722046 322.81024169922
107.66775512695 -20.507553100586 323.30447387695
106.85479736328 -20.989715576172 323.90954589844
105.93424224854 -21.350008010864 324.44039916992
105.04608154297 -21.75110244751 324.99697875977
104.04415893555 -21.986207962036 325.44418334961
102.98838043213 -22.102687835693 325.80624389648
120.13592529297 -8.9888887405396 311.94076538086
119.61041259766 -9.1861200332642 312.92370605469
119.08250427246 -9.3833980560303 313.90512084961
118.40490722656 -9.5836181640625 314.78945922852
117.70553588867 -9.7834644317627 315.65655517578
116.8790435791 -9.9517955780029 316.41137695312
116.00221252441 -10.104873657227 317.11065673828
115.12462615967 -10.257126808167 317.80902099609
114.1661529541 -10.322113990784 318.40765380859
113.189453125 -10.363831520081 318.97817993164
112.17150878906 -10.327013015747 319.47183227539
111.13594055176 -10.247931480408 319.92196655273
110.10258483887 -10.122935295105 320.36669921875
109.08076477051 -9.8936195373535 320.79632568359
108.05894470215 -9.6643047332764 321.22592163086
107.03199768066 -9.4517469406128 321.65191650391
106.00325012207 -9.2453279495239 322.07659912109
105.02011108398 -8.893518447876 322.51336669922
104.04912567139 -8.5110816955566 322.95175170898
103.04769134521 -8.1507778167725 323.33715820312
102.03470611572 -7.7999787330627 323.70056152344
101.00484466553 -7.4962301254272 324.0588684082
99.949859619141 -7.2790904045105 324.40667724609
98.894958496094 -7.0819821357727 324.76669311523
97.827766418457 -6.7625360488892 324.96603393555
119.85250854492 -10.490403175354 310.580078125
119.12280273438 -11.366811752319 310.82196044922
118.39224243164 -12.242365837097 311.06396484375
117.55798339844 -13.014714241028 311.32177734375
116.66851806641 -13.71984577179 311.58721923828
115.68901824951 -14.273101806641 311.89306640625
114.69835662842 -14.803131103516 312.20401000977
113.67534637451 -15.283547401428 312.48919677734
112.55833435059 -15.564249992371 312.66961669922
111.44130706787 -15.844895362854 312.84997558594
110.30213928223 -16.060985565186 312.97103881836
109.15582275391 -16.250007629395 313.06741333008
107.99800109863 -16.383117675781 313.04037475586
106.83979034424 -16.507822036743 312.99517822266
105.70942687988 -16.775854110718 312.89868164062
104.57926940918 -17.040769577026 312.79089355469
103.44850158691 -17.295141220093 312.66558837891
102.30300140381 -17.480401992798 312.55383300781
101.14917755127 -17.612628936768 312.45281982422
99.989151000977 -17.591421127319 312.34121704102
98.835327148438 -17.474014282227 312.22372436523
97.673561096191 -17.407102584839 312.15466308594
96.50959777832 -17.346921920776 312.13027954102
95.350143432617 -17.233642578125 312.17166137695
94.200820922852 -17.05029296875 312.10797119141
