130.76264953613 3.4124991893768 665.98858642578
171.54699707031 -10.716051101685 645.34173583984
172.4009552002 -6.241819858551 641.65490722656
176.16619873047 -7.5165085792542 648.75933837891
132.09020996094 2.4124133586884 665.20660400391
133.65126037598 1.839514374733 664.40979003906
135.22024536133 1.287584900856 663.61370849609
136.77647399902 0.70224738121033 662.81646728516
138.34001159668 0.135837495327 662.01989746094
139.89595031738 -0.4501955807209 661.22259521484
141.45700073242 -1.0232065916061 660.42578125
143.01315307617 -1.60875415802 659.62860107422
144.58209228516 -2.1608517169952 658.83258056641
146.1492767334 -2.7176814079285 658.03637695312
147.72138977051 -3.2612891197205 657.24072265625
149.28900146484 -3.8168752193451 656.44451904297
150.86103820801 -4.3605818748474 655.64886474609
152.4532623291 -4.84685754776 654.85614013672
154.02767944336 -5.3839807510376 654.06072998047
155.61712646484 -5.8785285949707 653.267578125
157.21002197266 -6.3627753257751 652.47491455078
158.79650878906 -6.8659281730652 651.68121337891
160.38189697266 -7.3722395896912 650.88732910156
161.97418212891 -7.8582882881165 650.09460449219
163.57173156738 -8.3282918930054 649.30279541016
165.15863037109 -8.8303556442261 648.50921630859
166.75382995605 -9.3075227737427 647.71691894531
168.34786987305 -9.7882947921753 646.92449951172
169.94786071777 -10.25093460083 646.13323974609
132.37802124023 3.0873816013336 665.03369140625
133.99337768555 2.7622637748718 664.07879638672
135.60952758789 2.413850069046 663.13519287109
137.22943115234 1.9537445306778 662.24572753906
138.8493347168 1.4936388731003 661.35626220703
140.46923828125 1.0335332155228 660.466796875
142.09808349609 0.59604889154434 659.58227539062
143.72799682617 0.16125886142254 658.69836425781
145.34956359863 -0.25752183794975 657.79174804688
146.97026062012 -0.67461842298508 656.88275146484
148.60255432129 -1.1065225601196 656.00189208984
150.23661804199 -1.5308970212936 655.12072753906
151.87420654297 -1.9277375936508 654.23315429688
153.53118896484 -2.3168306350708 653.37878417969
155.18486022949 -2.7076258659363 652.51922607422
156.78210449219 -3.1275227069855 651.57086181641
158.42216491699 -3.4883666038513 650.67449951172
160.07376098633 -3.8256540298462 649.78857421875
161.70599365234 -4.1682143211365 648.86907958984
163.38706970215 -4.4297642707825 648.01440429688
164.99349975586 -4.7390131950378 647.04541015625
166.56913757324 -5.0706782341003 646.02850341797
168.15542602539 -5.3935966491699 645.02569580078
169.72164916992 -5.7238574028015 644.03887939453
171.36401367188 -6.0152659416199 643.20361328125
132.52777099609 2.8775854110718 665.44451904297
134.27851867676 2.422709941864 664.80230712891
136.01533508301 2.0138218402863 664.08575439453
137.74873352051 1.5743296146393 663.37872314453
139.470703125 1.1687690019608 662.62554931641
141.18685913086 0.77256333827972 661.85388183594
142.89450073242 0.37538135051727 661.06396484375
144.60789489746 -0.086146593093872 660.32379150391
146.32228088379 -0.55861836671829 659.59204101562
148.0329284668 -0.98841989040375 658.82659912109
149.74258422852 -1.406712770462 658.05206298828
151.45234680176 -1.8258830308914 657.27825927734
153.16290283203 -2.250953912735 656.50939941406
154.87344360352 -2.6760249137878 655.74053955078
156.59187316895 -3.0963981151581 654.98681640625
158.31518554688 -3.514436006546 654.24340820312
160.05682373047 -3.9239420890808 653.53851318359
161.79844665527 -4.333447933197 652.83367919922
163.55487060547 -4.7430958747864 652.1669921875
165.31544494629 -5.152783870697 651.51098632812
167.07229614258 -5.5761561393738 650.85382080078
168.84153747559 -6.0084919929504 650.23858642578
170.64007568359 -6.3977255821228 649.68109130859
172.4486541748 -6.7687497138977 649.14447021484
174.29930114746 -7.0555920600891 648.76654052734
