104.70086669922 -3.341872215271 327.95181274414
56.955963134766 -10.193698883057 332.94183349609
57.319904327393 -0.46215417981148 335.88882446289
57.496482849121 -3.9212217330933 325.02285766602
103.0258102417 -4.1006393432617 328.29544067383
101.21758270264 -4.5200252532959 328.5364074707
99.397308349609 -4.8927822113037 328.76290893555
97.574310302734 -5.2541909217834 328.98590087891
95.749588012695 -5.6082577705383 329.20660400391
93.921676635742 -5.9482879638672 329.42288208008
92.090515136719 -6.2734289169312 329.63452148438
90.25666809082 -6.5857663154602 329.84222412109
88.422019958496 -6.8941597938538 330.04861450195
86.585800170898 -7.1947755813599 330.25259399414
84.74299621582 -7.4602952003479 330.44552612305
82.901786804199 -7.7346968650818 330.64129638672
81.061454772949 -8.0138912200928 330.83850097656
79.216896057129 -8.2693738937378 331.02822875977
77.367950439453 -8.4978656768799 331.20950317383
75.522132873535 -8.7457876205444 331.39694213867
73.669937133789 -8.9521207809448 331.57116699219
71.809722900391 -9.092643737793 331.72451782227
69.946128845215 -9.195837020874 331.86587524414
68.098007202148 -9.429612159729 332.04876708984
66.250450134277 -9.6668138504028 332.23278808594
64.385147094727 -9.7462644577026 332.36654663086
62.543216705322 -10.016653060913 332.56103515625
60.693782806396 -10.241973876953 332.74130249023
58.824939727783 -10.221543312073 332.84274291992
102.9314956665 -3.3586111068726 328.47308349609
101.09077453613 -3.423495054245 328.73992919922
99.247467041016 -3.4866230487823 328.98812866211
97.40177154541 -3.5481193065643 329.21905517578
95.556694030762 -3.5717239379883 329.45971679688
93.711982727051 -3.5730395317078 329.70614624023
91.861961364746 -3.5240588188171 329.89794921875
90.010101318359 -3.4576578140259 330.07086181641
88.160507202148 -3.3872501850128 330.26306152344
86.315353393555 -3.3089590072632 330.49322509766
84.470207214355 -3.2306680679321 330.72341918945
82.624397277832 -3.1544945240021 330.94873046875
80.776016235352 -3.0865716934204 331.15505981445
78.927642822266 -3.0186488628387 331.36138916016
77.079635620117 -2.9453883171082 331.56900024414
75.233177185059 -2.8503222465515 331.78167724609
73.387550354004 -2.753427028656 331.9997253418
71.553108215332 -2.6319890022278 332.28912353516
69.718658447266 -2.5105509757996 332.57849121094
67.905624389648 -2.2883813381195 332.9342956543
66.093322753906 -2.0481970310211 333.28268432617
64.291534423828 -1.7708703279495 333.65441894531
62.515998840332 -1.4449933767319 334.10372924805
60.771606445312 -1.0949734449387 334.64834594727
59.041984558105 -0.77974903583527 335.25854492188
102.89521026611 -3.5234982967377 327.81039428711
101.07183074951 -3.6474823951721 327.80825805664
99.246635437012 -3.7436714172363 327.80590820312
97.420364379883 -3.8071808815002 327.83544921875
95.593620300293 -3.8543705940247 327.86965942383
93.766357421875 -3.8819451332092 327.9001159668
91.939933776855 -3.9312016963959 327.91473388672
90.116020202637 -4.0446639060974 327.8825378418
88.290496826172 -4.1165437698364 327.8544921875
86.463043212891 -4.1383743286133 327.83154296875
84.635589599609 -4.160204410553 327.80856323242
82.808036804199 -4.1834812164307 327.80453491211
80.980461120605 -4.2070574760437 327.8044128418
79.153167724609 -4.1764283180237 327.78076171875
77.325881958008 -4.1443862915039 327.75646972656
75.498794555664 -4.1524329185486 327.71389770508
73.67244720459 -4.1600637435913 327.65713500977
71.85245513916 -4.0784320831299 327.51031494141
70.033203125 -4.038595199585 327.34677124023
68.214874267578 -4.0514454841614 327.16204833984
66.398086547852 -4.0051393508911 326.97225952148
64.584121704102 -3.934093952179 326.76611328125
62.795825958252 -3.9075100421906 326.38943481445
61.015216827393 -3.9037103652954 325.97760009766
59.255268096924 -4.026472568512 325.50885009766
