73.965980529785 -8.0949993133545 269.24328613281
79.01343536377 9.5421676635742 270.65902709961
86.198722839355 4.9918804168701 273.67483520508
84.096374511719 6.1004414558411 265.1383972168
73.31665802002 -7.6976923942566 269.35507202148
72.906410217285 -7.0571565628052 269.46868896484
72.742607116699 -6.311448097229 269.56799316406
72.612693786621 -5.558732509613 269.66461181641
72.478378295898 -4.8069195747375 269.76150512695
72.428855895996 -4.0438227653503 269.8508605957
72.434028625488 -3.278546333313 269.93472290039
72.507133483887 -2.515946149826 270.01110839844
72.63703918457 -1.7602736949921 270.08081054688
72.814964294434 -1.0139230489731 270.14440917969
73.049354553223 -0.28270003199577 270.20050048828
73.321449279785 0.43575456738472 270.25122070312
73.61302947998 1.1466034650803 270.29904174805
74.001472473145 1.8103539943695 270.33154296875
74.491539001465 2.4040064811707 270.34564208984
74.859443664551 3.0792713165283 270.38153076172
75.212608337402 3.7623484134674 270.41989135742
75.587295532227 4.4340538978577 270.45468139648
75.963363647461 5.1049981117249 270.48928833008
76.370338439941 5.7579169273376 270.51864624023
76.783058166504 6.4072632789612 270.54696655273
77.224815368652 7.0374178886414 270.57022094727
77.677291870117 7.6599979400635 270.59143066406
78.137474060059 8.276951789856 270.61129760742
78.586837768555 8.9017581939697 270.63311767578
74.033798217773 -7.9078369140625 269.98217773438
74.146049499512 -7.3183374404907 270.44540405273
74.293159484863 -6.5786881446838 270.59051513672
74.463554382324 -5.8377685546875 270.69577026367
74.72484588623 -5.1231298446655 270.79989624023
75.024978637695 -4.42409324646 270.90576171875
75.346923828125 -3.7352049350739 271.0139465332
75.700492858887 -3.0629394054413 271.12243652344
76.160133361816 -2.4527339935303 271.20205688477
76.602439880371 -1.8321392536163 271.28915405273
77.003784179688 -1.2243928909302 271.53103637695
77.495590209961 -0.69383627176285 271.78912353516
78 -0.16872043907642 272.03268432617
78.551376342773 0.33954054117203 272.19833374023
79.142135620117 0.81152594089508 272.3330078125
79.754669189453 1.2617021799088 272.44241333008
80.385391235352 1.6724375486374 272.59545898438
81.022659301758 2.0846605300903 272.71350097656
81.663139343262 2.4866497516632 272.84826660156
82.306373596191 2.8765294551849 273.00387573242
82.937309265137 3.2746102809906 273.18658447266
83.511940002441 3.716851234436 273.43991088867
84.053199768066 4.2386040687561 273.59735107422
84.727424621582 4.5704660415649 273.75518798828
85.476768493652 4.7313032150269 273.70419311523
73.949592590332 -7.7292432785034 268.60995483398
73.979446411133 -7.1041970252991 268.22863769531
74.070190429688 -6.4026856422424 268.03530883789
74.213394165039 -5.6858787536621 267.97180175781
74.398765563965 -4.9762372970581 267.95071411133
74.629333496094 -4.2796516418457 267.94891357422
74.896705627441 -3.5971975326538 267.91372680664
75.155067443848 -2.912501335144 267.85989379883
75.437927246094 -2.2370612621307 267.81359863281
75.782005310059 -1.5906360149384 267.76953125
76.210655212402 -0.99831652641296 267.7092590332
76.611892700195 -0.40592062473297 267.5466003418
77.015357971191 0.16447952389717 267.32235717773
77.45783996582 0.719278216362 267.13577270508
77.942596435547 1.2464736700058 266.97622680664
78.480575561523 1.7191073894501 266.81616210938
79.010162353516 2.1811666488647 266.60525512695
79.555717468262 2.6437904834747 266.44149780273
80.097297668457 3.0987973213196 266.24624633789
80.622192382812 3.5688710212708 266.04147338867
81.19181060791 4.0068883895874 265.89263916016
81.771057128906 4.4281687736511 265.73303222656
82.341262817383 4.8654456138611 265.58432006836
82.894058227539 5.3368735313416 265.48123168945
83.474128723145 5.7560958862305 265.31927490234
