86.356788635254 -16.21039390564 296.78439331055
72.093925476074 6.0712161064148 334.26010131836
59.490837097168 -1.5875903367996 342.96105957031
76.230964660645 -1.2798204421997 347.82131958008
86.27806854248 -14.363223075867 296.72735595703
85.983940124512 -12.629468917847 297.30514526367
85.584617614746 -11.065361022949 298.21051025391
85.105087280273 -9.7103157043457 299.37762451172
84.588638305664 -8.4903116226196 300.67141723633
84.04761505127 -7.3821678161621 302.052734375
83.487983703613 -6.3759179115295 303.50296020508
82.914093017578 -5.4628086090088 305.00833129883
82.333068847656 -4.603687286377 306.54241943359
81.742057800293 -3.8316349983215 308.11846923828
81.149971008301 -3.0700378417969 309.69918823242
80.551742553711 -2.3737668991089 311.30749511719
79.95027923584 -1.7170224189758 312.93115234375
79.348922729492 -1.05879342556 314.55422973633
78.745567321777 -0.42716878652573 316.18710327148
78.138595581055 0.15012158453465 317.83865356445
77.536407470703 0.79727894067764 319.46588134766
76.935028076172 1.455028295517 321.08917236328
76.32780456543 2.0279934406281 322.74212646484
75.711982727051 2.3407282829285 324.45959472656
75.103042602539 2.8834962844849 326.1220703125
74.496124267578 3.4616630077362 327.77331542969
73.888671875 4.0305767059326 329.42761230469
73.279960632324 4.5775771141052 331.08880615234
72.680740356445 5.2604656219482 332.70199584961
85.258224487305 -14.408000946045 297.26651000977
84.233657836914 -13.023698806763 298.58432006836
83.227584838867 -12.082855224609 300.27334594727
82.355758666992 -11.35436630249 302.13467407227
81.437469482422 -10.679980278015 303.99383544922
80.472122192383 -9.9986934661865 305.82696533203
79.627250671387 -9.4615964889526 307.76278686523
78.800064086914 -8.945671081543 309.71368408203
77.940711975098 -8.4728860855103 311.66131591797
77.069122314453 -8.0165195465088 313.60772705078
76.169151306152 -7.5602235794067 315.54013061523
75.155090332031 -7.1042141914368 317.41632080078
74.14102935791 -6.6482048034668 319.29254150391
73.136734008789 -6.1959872245789 321.17449951172
72.234069824219 -5.7832045555115 323.11645507812
71.306777954102 -5.3744301795959 325.04669189453
70.259765625 -4.9851403236389 326.91979980469
69.164657592773 -4.5728178024292 328.75784301758
67.96622467041 -4.1110119819641 330.52047729492
66.727256774902 -3.7037150859833 332.2682800293
65.489738464355 -3.318427324295 334.02194213867
64.278457641602 -2.9891042709351 335.8053894043
63.067180633545 -2.6597812175751 337.5888671875
61.855903625488 -2.3304581642151 339.3723449707
60.670036315918 -1.9639065265656 341.16543579102
86.559844970703 -14.679525375366 298.21990966797
86.547203063965 -13.209288597107 299.7492980957
86.360694885254 -12.179943084717 301.59362792969
85.953170776367 -11.33056640625 303.4895324707
85.45418548584 -10.553956031799 305.39892578125
84.825019836426 -9.8861684799194 307.31271362305
84.202392578125 -9.2438220977783 309.23687744141
83.592361450195 -8.6505756378174 311.18118286133
82.982330322266 -8.0573301315308 313.12545776367
82.404151916504 -7.5821180343628 315.11138916016
81.816177368164 -7.1864500045776 317.10772705078
81.20076751709 -6.9986190795898 319.1301574707
80.701797485352 -6.5522584915161 321.14004516602
80.234588623047 -6.0692963600159 323.15292358398
79.790283203125 -5.6335158348083 325.18197631836
79.364219665527 -5.2152719497681 327.2184753418
78.951889038086 -4.8102202415466 329.26058959961
78.515869140625 -4.363564491272 331.28890991211
78.13623046875 -3.9501192569733 333.33419799805
77.815635681152 -3.5792515277863 335.3991394043
77.488288879395 -3.2108006477356 337.46347045898
77.211235046387 -2.8305902481079 339.53259277344
76.966163635254 -2.4428977966309 341.6047668457
76.721099853516 -2.0552053451538 343.67694091797
76.476028442383 -1.6675128936768 345.74914550781
