72.475547790527 -6.5920810699463 269.56085205078
80.670219421387 8.6591663360596 270.98049926758
88.63191986084 5.2196002006531 278.52789306641
88.516395568848 4.8989858627319 266.18319702148
71.984916687012 -6.0467600822449 269.51214599609
71.824081420898 -5.34219789505 269.50924682617
71.751571655273 -4.6113629341125 269.51818847656
71.715476989746 -3.8773903846741 269.53186035156
71.712768554688 -3.1430287361145 269.54977416992
71.763900756836 -2.4100732803345 269.57452392578
71.880462646484 -1.6849519014359 269.60733032227
72.049560546875 -0.97114646434784 269.64657592773
72.276229858398 -0.27444449067116 269.6926574707
72.556373596191 0.40249520540237 269.74502563477
72.882652282715 1.0584127902985 269.80276489258
73.259567260742 1.6864024400711 269.86627197266
73.681938171387 2.2839369773865 269.93475341797
74.164344787598 2.8314683437347 270.00961303711
74.680694580078 3.3486585617065 270.08804321289
75.215705871582 3.8460102081299 270.16833496094
75.775169372559 4.3156094551086 270.25103759766
76.202682495117 4.9096884727478 270.32006835938
76.732078552246 5.406482219696 270.39962768555
77.279365539551 5.8898239135742 270.48114013672
77.816856384277 6.3846921920776 270.56170654297
78.367469787598 6.8648910522461 270.64358520508
78.91773223877 7.3455047607422 270.72537231445
79.492462158203 7.7958917617798 270.80947875977
80.079124450684 8.2305393218994 270.89477539062
72.511001586914 -6.0991411209106 270.29345703125
72.674865722656 -5.3124651908875 270.68698120117
72.88249206543 -4.5146627426147 271.02633666992
73.323989868164 -3.7689654827118 271.24877929688
73.76146697998 -3.0070631504059 271.41632080078
74.23445892334 -2.2921690940857 271.67083740234
74.811859130859 -1.6391764879227 271.873046875
75.425094604492 -1.0225496292114 272.08297729492
76.094223022461 -0.47141686081886 272.30404663086
76.777671813965 0.02534044533968 272.59805297852
77.457862854004 0.47199890017509 272.97015380859
78.151031494141 0.86955416202545 273.37298583984
78.840255737305 1.2694972753525 273.78005981445
79.539085388184 1.6942431926727 274.14346313477
80.238189697266 2.1112630367279 274.51455688477
80.952980041504 2.440482378006 274.94033813477
81.630981445312 2.8328223228455 275.37283325195
82.350212097168 3.164929151535 275.78869628906
83.118064880371 3.4250600337982 276.16751098633
83.903961181641 3.6907906532288 276.50302124023
84.698165893555 3.937050819397 276.8337097168
85.492286682129 4.2223834991455 277.13143920898
86.27254486084 4.4584560394287 277.50057983398
87.066825866699 4.7252540588379 277.81481933594
87.85334777832 4.9790487289429 278.15805053711
72.616050720215 -6.1285347938538 268.91278076172
73.050956726074 -5.5748324394226 268.51504516602
73.320098876953 -4.8312177658081 268.32336425781
73.691780090332 -4.1113839149475 268.23687744141
74.118576049805 -3.4232485294342 268.14990234375
74.593307495117 -2.7609643936157 268.14642333984
75.09122467041 -2.1164877414703 268.1201171875
75.623390197754 -1.4997034072876 268.10134887695
76.18904876709 -0.91378879547119 268.0768737793
76.795715332031 -0.37195673584938 268.03167724609
77.455184936523 0.10472381860018 267.99264526367
78.151245117188 0.51919007301331 267.9049987793
78.866142272949 0.89428156614304 267.79412841797
79.587921142578 1.249890089035 267.66513061523
80.305725097656 1.6022737026215 267.50802612305
81.020881652832 1.9589210748672 267.34848022461
81.732513427734 2.3223853111267 267.1887512207
82.465179443359 2.6540071964264 267.05737304688
83.217109680176 2.9441893100739 266.93728637695
83.986709594727 3.1840057373047 266.81781005859
84.742828369141 3.4531483650208 266.67663574219
85.49877166748 3.7339746952057 266.55932617188
86.253234863281 4.0322051048279 266.482421875
86.9912109375 4.3505902290344 266.34783935547
87.747108459473 4.6375064849854 266.24591064453
