71.458518981934 14.214135169983 287.7829284668
52.618133544922 27.718446731567 338.01962280273
40.091976165771 15.719770431519 345.19799804688
59.912826538086 17.973140716553 352.29388427734
70.800392150879 15.750817298889 289.09872436523
70.065208435059 16.636121749878 290.91131591797
69.328567504883 17.403070449829 292.77697753906
68.592163085938 18.129192352295 294.65884399414
67.857009887695 18.771305084229 296.57162475586
67.123184204102 19.363264083862 298.50109863281
66.390258789062 19.929824829102 300.43838500977
65.659507751465 20.442367553711 302.39151000977
64.9267578125 21.004240036011 304.33026123047
64.19669342041 21.501539230347 306.28765869141
63.467761993408 21.976026535034 308.25106811523
62.74197769165 22.394092559814 310.22842407227
62.01293182373 22.870800018311 312.19128417969
61.287315368652 23.286861419678 314.16900634766
60.568801879883 23.599775314331 316.16818237305
59.841968536377 24.035684585571 318.1413269043
59.117713928223 24.429008483887 320.12438964844
58.393405914307 24.823066711426 322.10726928711
57.669570922852 25.209730148315 324.091796875
56.945858001709 25.594835281372 326.07666015625
56.222328186035 25.976955413818 328.06216430664
55.503360748291 26.295106887817 330.060546875
54.791023254395 26.533882141113 332.0719909668
54.06636428833 26.933416366577 334.05364990234
53.340152740479 27.358417510986 336.02944946289
69.905715942383 14.279691696167 289.76861572266
68.815628051758 14.567046165466 292.02685546875
67.750221252441 14.710101127625 294.31063842773
66.668281555176 14.773589134216 296.59014892578
65.47469329834 14.814598083496 298.81387329102
64.226058959961 14.829552650452 301.00744628906
62.953643798828 14.920701980591 303.18551635742
61.639804840088 15.007171630859 305.33892822266
60.402923583984 14.979208946228 307.5390625
59.176162719727 15.019564628601 309.74456787109
57.983150482178 15.199494361877 311.96170043945
56.798629760742 15.426546096802 314.17904663086
55.579711914062 15.618371963501 316.38098144531
54.420223236084 15.722484588623 318.62063598633
53.348388671875 15.806931495667 320.90432739258
52.291831970215 15.976993560791 323.19039916992
51.22380065918 16.115589141846 325.47323608398
50.157566070557 16.198209762573 327.75961303711
49.135974884033 16.151342391968 330.06732177734
48.075317382812 16.090021133423 332.35687255859
46.839469909668 16.1705493927 334.55618286133
45.536769866943 15.997428894043 336.71124267578
44.135410308838 15.82444858551 338.80352783203
42.715682983398 15.698443412781 340.88671875
41.394886016846 15.650737762451 343.03720092773
71.364410400391 14.56892490387 290.28930664062
70.782577514648 14.950899124146 292.72619628906
70.233184814453 15.33296585083 295.17007446289
69.727325439453 15.40198135376 297.65243530273
69.273864746094 15.484892845154 300.14447021484
68.897399902344 15.584644317627 302.64868164062
68.530212402344 15.684192657471 305.154296875
68.147613525391 15.822758674622 307.65557861328
67.853843688965 16.166513442993 310.14895629883
67.454917907715 16.251647949219 312.65020751953
67.049942016602 16.439743041992 315.14489746094
66.62663269043 16.690021514893 317.63101196289
66.124084472656 16.865018844604 320.10882568359
65.617782592773 17.157289505005 322.57479858398
65.073143005371 17.450147628784 325.03247070312
64.457939147949 17.597589492798 327.48657226562
63.836891174316 17.742784500122 329.93930053711
63.26713180542 18.023210525513 332.39273071289
62.559352874756 18.159736633301 334.82238769531
61.950038909912 18.276960372925 337.27954101562
61.489242553711 18.364410400391 339.77005004883
61.171943664551 18.293897628784 342.28344726562
60.931632995605 18.193449020386 344.80435180664
60.825889587402 18.061555862427 347.33303833008
60.572551727295 17.885828018188 349.84848022461
