77.697166442871 -1.662721157074 360.80056762695
64.03450012207 -22.292627334595 366.66360473633
52.552402496338 -15.064075469971 372.57275390625
55.568012237549 -18.70997428894 358.6413269043
77.950973510742 -2.6191582679749 361.08926391602
78.01390838623 -3.6010348796844 361.38186645508
77.966430664062 -4.5871605873108 361.67364501953
77.834938049316 -5.5666451454163 361.96185302734
77.619606018066 -6.5333428382874 362.24465942383
77.32405090332 -7.4815530776978 362.52047729492
77.044784545898 -8.43421459198 362.79791259766
76.609336853027 -9.3282403945923 363.05499267578
76.131530761719 -10.206287384033 363.30648803711
75.607131958008 -11.057034492493 363.54901123047
75.004844665527 -11.862038612366 363.77648925781
74.400871276855 -12.66588306427 364.00360107422
73.676460266113 -13.371920585632 364.19937133789
72.928230285645 -14.055194854736 364.38793945312
72.124588012695 -14.67443561554 364.55642700195
71.360824584961 -15.325915336609 364.73526000977
70.724487304688 -16.105737686157 364.95458984375
70.017364501953 -16.828298568726 365.15560913086
69.305213928223 -17.546316146851 365.35516357422
68.552589416504 -18.224498748779 365.54211425781
67.800651550293 -18.90390586853 365.72946166992
67.04907989502 -19.583457946777 365.91687011719
66.272415161133 -20.237043380737 366.09609985352
65.505172729492 -20.900819778442 366.27850341797
64.758819580078 -21.585889816284 366.46762084961
77.403907775879 -1.9685184955597 361.94055175781
76.814483642578 -2.7019577026367 362.67755126953
76.054183959961 -3.4470462799072 363.30026245117
75.277305603027 -4.1809139251709 363.91470336914
74.571235656738 -5.0137929916382 364.48583984375
73.677276611328 -5.7440252304077 364.91958618164
72.751770019531 -6.4617643356323 365.3059387207
71.889717102051 -7.2153196334839 365.75622558594
71.028816223145 -7.952531337738 366.21676635742
69.965614318848 -8.503378868103 366.5119934082
68.89387512207 -8.9698886871338 366.89416503906
67.81559753418 -9.393274307251 367.31677246094
66.732963562012 -9.8350505828857 367.70883178711
65.684440612793 -10.302575111389 368.15786743164
64.63264465332 -10.760875701904 368.60772705078
63.535522460938 -11.160431861877 369.00479125977
62.476299285889 -11.644477844238 369.40823364258
61.42057800293 -12.165964126587 369.77139282227
60.358581542969 -12.710109710693 370.08291625977
59.278594970703 -13.227000236511 370.37713623047
58.18729019165 -13.726737976074 370.66052246094
57.085289001465 -14.171980857849 370.98858642578
55.985000610352 -14.566258430481 371.37182617188
54.888862609863 -14.876149177551 371.84387207031
53.740528106689 -15.08113861084 372.24423217773
77.484519958496 -2.1950824260712 359.94638061523
77.039840698242 -3.1933398246765 359.69778442383
76.245063781738 -3.9510955810547 359.48724365234
75.73445892334 -4.946982383728 359.37133789062
75.078636169434 -5.8605632781982 359.2878112793
74.374824523926 -6.7389631271362 359.26049804688
73.601295471191 -7.5558557510376 359.30511474609
72.775802612305 -8.3113746643066 359.43591308594
71.93669128418 -9.050163269043 359.56484985352
71.185760498047 -9.889741897583 359.60809326172
70.289154052734 -10.547704696655 359.61456298828
69.29842376709 -11.080879211426 359.54977416992
68.338661193848 -11.656491279602 359.40930175781
67.370414733887 -12.214206695557 359.26025390625
66.375686645508 -12.716055870056 359.08453369141
65.369331359863 -13.219925880432 359.01470947266
64.362152099609 -13.724010467529 358.95455932617
63.354118347168 -14.228800773621 358.91897583008
62.34846496582 -14.738315582275 358.9001159668
61.349864959717 -15.261832237244 358.93075561523
60.379020690918 -15.833698272705 358.96890258789
59.418605804443 -16.423727035522 359.00988769531
58.455211639404 -17.010110855103 359.01217651367
57.491371154785 -17.59595489502 359.00875854492
56.529472351074 -18.155881881714 358.84329223633
