4.1106653213501 -4.7068576812744 -11.131789207458
3.4088981151581 20.13477897644 -12.377099990845
-4.4684019088745 11.730038642883 -17.894506454468
-3.5324792861938 12.30783367157 -4.9527869224548
5.2026391029358 -4.3286385536194 -11.233463287354
6.1173973083496 -3.6271576881409 -11.33873462677
6.9627780914307 -2.839670419693 -11.443296432495
7.7976503372192 -2.0409886837006 -11.547652244568
8.4730052947998 -1.1035919189453 -11.647290229797
9.0780744552612 -0.1185644492507 -11.744144439697
9.5824432373047 0.92203962802887 -11.836351394653
10.002222061157 1.9999152421951 -11.924157142639
10.350527763367 3.1032786369324 -12.007934570312
10.605995178223 4.2321305274963 -12.086081504822
10.816223144531 5.3705186843872 -12.161330223083
10.890513420105 6.5262312889099 -12.227289199829
10.898003578186 7.6846704483032 -12.288377761841
10.82316493988 8.8410196304321 -12.343179702759
10.644006729126 9.9862232208252 -12.389577865601
10.353464126587 11.108681678772 -12.426428794861
9.9733772277832 12.204321861267 -12.455163955688
9.5221967697144 13.272829055786 -12.477149963379
8.983470916748 14.300115585327 -12.490411758423
8.3992719650269 15.302319526672 -12.498952865601
7.6447086334229 16.183216094971 -12.48837852478
6.8412036895752 17.0198097229 -12.471815109253
5.9759316444397 17.79211807251 -12.447259902954
5.1744084358215 18.63062286377 -12.430948257446
4.3004426956177 19.393056869507 -12.405223846436
4.1674590110779 -4.1205053329468 -11.803281784058
4.7043981552124 -3.4713847637177 -12.116638183594
5.136570930481 -2.7292079925537 -12.382068634033
5.4601278305054 -1.929984331131 -12.636577606201
5.7263317108154 -1.0923084020615 -12.825434684753
5.8969779014587 -0.23393674194813 -13.03125667572
6.0195503234863 0.6111267209053 -13.312733650208
6.0929951667786 1.4606918096542 -13.597489356995
6.0362057685852 2.315744638443 -13.869646072388
5.9865188598633 3.177699804306 -14.118699073792
5.6047644615173 3.976898431778 -14.250445365906
4.8222599029541 4.4165306091309 -14.280634880066
3.9492084980011 4.6188807487488 -14.333360671997
3.1819579601288 5.0801959037781 -14.415940284729
2.4458405971527 5.5810117721558 -14.540184020996
1.762579202652 6.1284527778625 -14.743406295776
1.0207901000977 6.5580902099609 -15.013843536377
0.35784590244293 7.0858082771301 -15.314515113831
-0.29151567816734 7.6103258132935 -15.64856338501
-0.91772335767746 8.1399450302124 -16.017004013062
-1.5343360900879 8.6998891830444 -16.355592727661
-2.1450610160828 9.2842245101929 -16.662143707275
-2.7399325370789 9.8867921829224 -16.964521408081
-3.3564808368683 10.489972114563 -17.218343734741
-3.927140712738 11.107067108154 -17.537635803223
4.2996468544006 -4.0956792831421 -10.515865325928
4.8112831115723 -3.3602526187897 -10.401580810547
5.3231148719788 -2.6197831630707 -10.330574035645
5.756299495697 -1.8315500020981 -10.252901077271
6.0793528556824 -0.99195539951324 -10.18070602417
6.2756500244141 -0.12232507765293 -10.035714149475
6.4464292526245 0.75429749488831 -9.9029331207275
6.5099973678589 1.6503267288208 -9.813455581665
6.4617533683777 2.5295789241791 -9.6130342483521
6.3796892166138 3.4210376739502 -9.4983339309692
6.0685963630676 4.256000995636 -9.3870677947998
5.3195323944092 4.7371249198914 -9.2433071136475
4.4966521263123 5.0371403694153 -9.0228204727173
3.6624352931976 5.3240118026733 -8.8329181671143
2.8942804336548 5.7695298194885 -8.6770057678223
2.2423119544983 6.3343806266785 -8.4092741012573
1.5750691890717 6.8836445808411 -8.1474199295044
0.95355492830276 7.4467415809631 -7.8132305145264
0.41989144682884 8.0519895553589 -7.4084167480469
-0.21499674022198 8.574649810791 -7.0351905822754
-0.7834837436676 9.1542654037476 -6.6395583152771
-1.3255566358566 9.785343170166 -6.2878613471985
-1.8994837999344 10.400284767151 -5.9588098526001
-2.4659039974213 11.004794120789 -5.5989079475403
-2.9852676391602 11.644309043884 -5.2287154197693
