75.280769348145 -27.232404708862 345.89270019531
70.686576843262 16.231321334839 349.61080932617
49.82585144043 10.824257850647 344.68222045898
55.64017868042 8.1953916549683 364.95343017578
76.549194335938 -26.053037643433 345.55773925781
77.317291259766 -24.47119140625 345.40042114258
77.88525390625 -22.801952362061 345.31033325195
78.275390625 -21.08024597168 345.27865600586
78.581871032715 -19.341524124146 345.27401733398
78.708786010742 -17.581233978271 345.32666015625
78.762634277344 -15.818016052246 345.40234375
78.776107788086 -14.054754257202 345.49060058594
78.610221862793 -12.302820205688 345.63446044922
78.351188659668 -10.564813613892 345.80673217773
77.982376098633 -8.8503446578979 346.01202392578
77.58406829834 -7.1436018943787 346.22622680664
77.09447479248 -5.4645557403564 346.46752929688
76.389656066895 -3.8745634555817 346.771484375
75.492286682129 -2.3972356319427 347.12976074219
75.080963134766 -0.69404900074005 347.34780883789
74.75520324707 1.0305985212326 347.54022216797
74.446159362793 2.7588789463043 347.72760009766
74.114768981934 4.4822731018066 347.92169189453
73.706924438477 6.1864185333252 348.13876342773
73.210945129395 7.8634557723999 348.38192749023
72.720077514648 9.5422115325928 348.62356567383
72.25910949707 11.230667114258 348.85641479492
71.776847839355 12.912280082703 349.09552001953
71.231315612793 14.57164478302 349.35330200195
74.485054016113 -25.983198165894 344.88269042969
73.853515625 -24.318620681763 344.66036987305
73.089393615723 -22.696329116821 344.61026000977
72.62899017334 -20.973722457886 344.41122436523
71.994194030762 -19.297353744507 344.33624267578
71.177337646484 -17.700666427612 344.38922119141
70.352348327637 -16.107406616211 344.40826416016
69.479438781738 -14.539800643921 344.40213012695
68.540863037109 -13.011137962341 344.36361694336
67.493270874023 -11.555215835571 344.31579589844
66.403610229492 -10.130825996399 344.26290893555
65.444091796875 -8.6161127090454 344.19616699219
64.498237609863 -7.0928435325623 344.13006591797
63.616374969482 -5.5306191444397 344.0947265625
62.700252532959 -3.9883348941803 344.06814575195
61.620498657227 -2.5553765296936 344.08416748047
60.534481048584 -1.1275365352631 344.10440063477
59.315189361572 0.18405419588089 344.21646118164
58.085601806641 1.4856517314911 344.33062744141
56.765338897705 2.6956317424774 344.44174194336
55.436626434326 3.8965060710907 344.54852294922
54.115158081055 5.1022696495056 344.62847900391
52.977088928223 6.4894561767578 344.63137817383
51.956642150879 7.9587244987488 344.54125976562
50.963226318359 9.4505519866943 344.52679443359
75.287284851074 -26.026174545288 347.1809387207
75.095413208008 -24.476598739624 348.00415039062
74.827087402344 -22.863246917725 348.66806030273
74.413375854492 -21.271839141846 349.30993652344
73.892906188965 -19.705251693726 349.93496704102
73.333587646484 -18.169990539551 350.60272216797
72.743499755859 -16.649887084961 351.27862548828
72.102882385254 -15.153020858765 351.96035766602
71.398574829102 -13.704863548279 352.68322753906
70.656478881836 -12.288438796997 353.43075561523
69.932189941406 -10.866311073303 354.18490600586
69.242500305176 -9.43346118927 354.95108032227
68.551124572754 -7.9925446510315 355.70043945312
67.857109069824 -6.5439505577087 356.4323425293
67.121566772461 -5.1252613067627 357.18203735352
66.395111083984 -3.701700925827 357.93139648438
65.669586181641 -2.2724177837372 358.6706237793
64.708869934082 -0.97571063041687 359.38568115234
63.725399017334 0.28856062889099 360.12741088867
62.703151702881 1.4943306446075 360.91278076172
61.398830413818 2.4190473556519 361.66070556641
60.16134262085 3.4532964229584 362.37808227539
59.160255432129 4.7676539421082 362.99938964844
58.05738067627 5.9721684455872 363.66915893555
56.906925201416 7.1183857917786 364.36080932617
