115.5263671875 -2.4050686359406 341.8701171875
50.079391479492 -22.854135513306 336.79116821289
42.880523681641 -7.029736995697 341.28289794922
44.226955413818 -7.9198384284973 329.00735473633
116.50261688232 -5.0792336463928 341.98248291016
115.8053894043 -7.3784728050232 341.84439086914
113.2876739502 -8.5222225189209 341.51251220703
110.47588348389 -8.7796697616577 341.33013916016
107.65092468262 -9.0511951446533 341.16241455078
104.84449005127 -9.5009832382202 340.96633911133
102.03805541992 -9.9507713317871 340.7702331543
99.23161315918 -10.40055847168 340.57415771484
96.419311523438 -10.804850578308 340.36874389648
93.601257324219 -11.164556503296 340.15417480469
90.783203125 -11.524262428284 339.93963623047
87.960929870605 -11.847617149353 339.72769165039
85.131988525391 -12.113644599915 339.51989746094
82.303047180176 -12.379672050476 339.31210327148
79.482810974121 -12.709263801575 339.10659790039
76.688354492188 -13.227320671082 338.90789794922
73.893898010254 -13.745376586914 338.70922851562
71.129127502441 -14.382842063904 338.47668457031
68.416458129883 -15.212334632874 338.24472045898
65.735252380371 -16.142837524414 338.00018310547
63.080623626709 -17.149028778076 337.80172729492
60.500015258789 -18.343887329102 337.6848449707
57.918090820312 -19.526264190674 337.51287841797
55.288455963135 -20.597690582275 337.28259277344
52.683925628662 -21.725914001465 337.03686523438
115.18755340576 -3.9115791320801 344.64468383789
114.18347930908 -3.9512388706207 347.65008544922
112.46243286133 -3.3506057262421 350.24261474609
110.05688476562 -2.3264076709747 352.03533935547
107.25366973877 -1.1992636919022 352.98840332031
104.14433288574 -0.60088807344437 352.92333984375
101.09284210205 -0.79724621772766 352.07080078125
98.12141418457 -0.79005062580109 350.95300292969
95.081451416016 -0.6114359498024 350.06100463867
91.934349060059 -0.60331952571869 349.64215087891
88.806213378906 -0.82706636190414 349.14495849609
85.678062438965 -1.05051445961 348.64767456055
82.549461364746 -1.2600792646408 348.14819335938
79.418495178223 -1.2883545160294 347.62020874023
76.28751373291 -1.3173217773438 347.09240722656
73.155838012695 -1.3882735967636 346.57293701172
70.026344299316 -1.6076706647873 346.0827331543
66.934761047363 -2.0382492542267 345.50033569336
63.866268157959 -2.5653083324432 344.87655639648
60.798122406006 -2.7639679908752 344.08340454102
57.741802215576 -2.8293626308441 343.22491455078
54.64376449585 -3.2109432220459 342.64437866211
51.534156799316 -3.7197389602661 342.25274658203
48.420429229736 -4.1842966079712 341.83880615234
45.480621337891 -5.2094798088074 341.22180175781
115.7349395752 -4.296404838562 339.28701782227
115.64179992676 -4.6818838119507 336.11044311523
114.53712463379 -4.265293598175 333.13055419922
112.65256500244 -3.5314359664917 330.64358520508
110.0899887085 -2.6581716537476 328.92468261719
107.2060546875 -2.0133140087128 327.75967407227
104.03645324707 -2.4147343635559 328.05206298828
100.86312103271 -2.78173828125 328.3356628418
97.660385131836 -2.7760870456696 328.52401733398
94.457656860352 -2.7524268627167 328.71044921875
91.255790710449 -2.6569328308105 328.88931274414
88.053848266602 -2.5664300918579 329.05645751953
84.849647521973 -2.6135907173157 328.90176391602
81.645622253418 -2.6568984985352 328.74548339844
78.437721252441 -2.60777592659 328.74649047852
75.230072021484 -2.5611050128937 328.75308227539
72.034393310547 -2.6340615749359 329.02703857422
68.835876464844 -2.7988970279694 329.20907592773
65.654624938965 -3.198438167572 329.09552001953
62.466205596924 -3.5073232650757 328.91851806641
59.262496948242 -3.660630941391 328.84490966797
56.083251953125 -4.0789842605591 328.94686889648
52.901638031006 -4.4382901191711 329.14996337891
49.722484588623 -4.8691968917847 329.16354370117
46.663787841797 -5.8357152938843 329.11370849609
