75.805541992188 31.531122207642 329.17617797852
86.321441650391 -12.944581985474 323.37484741211
76.407287597656 -19.818477630615 336.83700561523
69.540771484375 -18.364946365356 323.07302856445
77.560623168945 31.626165390015 328.39996337891
79.144027709961 31.388374328613 327.69140625
79.985290527344 29.711757659912 327.27536010742
80.478775024414 27.9404296875 327.01116943359
80.424507141113 26.019937515259 326.98620605469
80.362297058105 24.099660873413 326.96475219727
80.291847229004 22.179613113403 326.9469909668
80.235717773438 20.259206771851 326.9228515625
80.189437866211 18.338552474976 326.89431762695
80.152236938477 16.417778015137 326.86172485352
80.119026184082 14.496949195862 326.82739257812
80.121078491211 12.576276779175 326.77743530273
80.132148742676 10.655643463135 326.72351074219
80.234550476074 8.7395668029785 326.62911987305
80.347473144531 6.8240351676941 326.53009033203
80.596832275391 4.92551612854 326.37100219727
80.861228942871 3.0302226543427 326.20529174805
81.252952575684 1.1622424125671 325.98379516602
81.660720825195 -0.69806241989136 325.73651123047
82.129302978516 -2.5292828083038 325.39166259766
82.597885131836 -4.3605031967163 325.04681396484
83.217887878418 -6.1596050262451 324.80340576172
83.869552612305 -7.9381394386292 324.50494384766
84.508880615234 -9.7154550552368 324.18615722656
85.231651306152 -11.41405582428 323.73010253906
76.980804443359 30.730865478516 330.75408935547
78.238388061523 29.472116470337 331.89956665039
78.60750579834 28.089653015137 333.46069335938
78.613784790039 26.146951675415 334.32339477539
78.504249572754 24.154954910278 335.05413818359
78.149543762207 22.106197357178 335.49584960938
77.743072509766 20.036424636841 335.75839233398
77.285469055176 17.961616516113 335.83029174805
76.83088684082 15.886288642883 335.90319824219
76.506782531738 13.788511276245 336.02008056641
76.214065551758 11.686722755432 336.14730834961
75.927764892578 9.5840702056885 336.27444458008
75.745483398438 7.4696893692017 336.39920043945
75.563209533691 5.3553094863892 336.52395629883
75.380928039551 3.2409288883209 336.6487121582
75.208305358887 1.1246103048325 336.75256347656
75.044212341309 -0.99320912361145 336.83804321289
74.880172729492 -3.1110410690308 336.92330932617
74.71614074707 -5.2288718223572 337.00863647461
74.604248046875 -7.3511543273926 337.06066894531
74.618392944336 -9.4766788482666 337.03247070312
74.635612487793 -11.60228061676 337.00228881836
74.711540222168 -13.724791526794 336.91101074219
74.976486206055 -15.831659317017 336.81622314453
75.775299072266 -17.794816970825 336.68997192383
75.349273681641 30.654235839844 327.34030151367
75.193237304688 29.634515762329 325.54281616211
74.105400085449 28.326900482178 324.34533691406
73.15217590332 26.602508544922 323.67135620117
72.52352142334 24.637237548828 323.37060546875
72.021644592285 22.617656707764 323.24526977539
71.659111022949 20.567152023315 323.36422729492
71.297622680664 18.518255233765 323.5100402832
70.94010925293 16.47632598877 323.73999023438
70.598449707031 14.432674407959 323.97525024414
70.478622436523 12.373363494873 324.27593994141
70.09504699707 10.324338912964 324.20849609375
69.710708618164 8.2757387161255 324.13632202148
69.448371887207 6.2077088356018 324.20425415039
69.186393737793 4.1396489143372 324.27233886719
69.018898010254 2.0631954669952 324.37466430664
68.867790222168 -0.014214082621038 324.48291015625
68.72395324707 -2.0931549072266 324.56945800781
68.598915100098 -4.174880027771 324.59991455078
68.48592376709 -6.2574162483215 324.62127685547
68.426719665527 -8.3421907424927 324.60397338867
68.429206848145 -10.427674293518 324.57507324219
68.502250671387 -12.511653900146 324.53359985352
68.629447937012 -14.580958366394 324.30856323242
68.856506347656 -16.630172729492 323.99447631836
