21.975076675415 -32.906734466553 322.95559692383
31.602983474731 2.0009613037109 320.87158203125
-1.6611769199371 35.510807037354 289.27688598633
-5.1090097427368 29.147254943848 327.30609130859
23.29948425293 -32.25072479248 323.1471862793
24.512012481689 -31.396678924561 323.29330444336
25.60200881958 -30.385503768921 323.39654541016
26.626768112183 -29.306493759155 323.47885131836
27.560024261475 -28.145769119263 323.53326416016
28.418184280396 -26.927757263184 323.56591796875
29.146133422852 -25.627262115479 323.56274414062
29.775423049927 -24.276556015015 323.5339050293
30.34482383728 -22.899934768677 323.49002075195
30.836536407471 -21.494409561157 323.42712402344
31.258081436157 -20.0671043396 323.34753417969
31.565755844116 -18.612657546997 323.24185180664
31.809804916382 -17.14727973938 323.12203979492
31.946455001831 -15.670065879822 322.97918701172
32.013072967529 -14.18950843811 322.82186889648
31.995471954346 -12.709451675415 322.64761352539
31.719833374023 -11.261843681335 322.42498779297
31.371290206909 -9.8321523666382 322.1897277832
31.33456993103 -8.3528928756714 322.01171875
31.383680343628 -6.8720335960388 321.85083007812
31.431394577026 -5.3911566734314 321.68966674805
31.51117515564 -3.9109699726105 321.53497314453
31.599973678589 -2.4310975074768 321.38220214844
31.708030700684 -0.9521022439003 321.2333984375
31.728298187256 0.52878278493881 321.0666809082
22.679754257202 -30.878974914551 320.94738769531
23.856035232544 -28.069953918457 319.84478759766
24.570545196533 -25.147258758545 318.76397705078
24.421592712402 -22.166776657104 317.4958190918
24.094087600708 -19.226886749268 316.17333984375
23.633108139038 -16.40810585022 314.64349365234
23.428241729736 -13.534184455872 313.15609741211
22.663635253906 -10.660244941711 311.88763427734
22.076654434204 -7.8108978271484 310.48092651367
21.201202392578 -4.9738130569458 309.21661376953
19.745656967163 -2.2958760261536 308.13748168945
18.745058059692 0.29783102869987 306.59832763672
17.62357711792 3.0386118888855 305.31988525391
16.705522537231 5.7585430145264 303.81994628906
15.448358535767 8.4321594238281 302.51614379883
13.958563804626 10.902158737183 301.05276489258
11.772197723389 12.77624797821 299.66369628906
9.2660350799561 14.568066596985 299.08151245117
8.2510395050049 17.090927124023 297.39270019531
7.3401284217834 19.819869995117 296.19274902344
5.5496125221252 22.276748657227 295.10571289062
3.9508898258209 24.807926177979 293.87686157227
2.1911458969116 27.344331741333 292.89511108398
0.9070383310318 30.06649017334 291.68905639648
-0.37706929445267 32.788646697998 290.48297119141
22.160861968994 -30.978197097778 324.92398071289
22.662464141846 -28.42834854126 325.7405090332
22.895093917847 -25.71422958374 326.15042114258
22.72442817688 -23.010301589966 326.46493530273
22.050830841064 -20.337493896484 326.28961181641
21.484645843506 -17.781795501709 327.12933349609
20.79109954834 -15.160739898682 327.49743652344
20.025337219238 -12.515316963196 327.66848754883
19.188280105591 -9.923020362854 328.12423706055
18.496915817261 -7.3192615509033 328.72958374023
17.432985305786 -4.7769136428833 328.8415222168
16.365774154663 -2.230676651001 328.9162902832
15.316719055176 0.32356315851212 328.97714233398
14.039160728455 2.7704079151154 328.95864868164
12.867594718933 5.2685570716858 329.00811767578
11.695895195007 7.7678689956665 329.06851196289
10.615006446838 10.303385734558 329.06616210938
9.2837924957275 12.66638469696 328.77261352539
7.4735188484192 14.747014045715 328.89886474609
5.6598410606384 16.825618743896 329.03430175781
3.7091963291168 18.769205093384 329.04907226562
1.8374367952347 20.699590682983 328.61325073242
0.06723353266716 22.736074447632 328.1770324707
-1.6581809520721 24.873134613037 327.88671875
-3.3835952281952 27.010194778442 327.5964050293
