80.822700500488 2.2400860786438 322.50680541992
94.580680847168 -22.653026580811 320.63177490234
84.904037475586 -31.509771347046 323.93511962891
85.874458312988 -29.992839813232 313.83404541016
81.80632019043 2.9070909023285 322.56259155273
82.999542236328 2.8543801307678 322.56338500977
84.092597961426 2.368262052536 322.53012084961
85.016426086426 1.6121516227722 322.47525024414
85.691886901855 0.6275207400322 322.4016418457
86.10912322998 -0.49072510004044 322.31655883789
86.332038879395 -1.6649595499039 322.22637939453
86.538505554199 -2.8421754837036 322.13592529297
86.828643798828 -4.0016770362854 322.0471496582
87.183204650879 -5.1433176994324 321.95999145508
87.519996643066 -6.2902846336365 321.87240600586
87.822784423828 -7.4466361999512 321.78393554688
88.128059387207 -8.6023292541504 321.69549560547
88.400970458984 -9.7660274505615 321.60629272461
88.720230102539 -10.91796207428 321.51824951172
89.080200195312 -12.057897567749 321.43127441406
89.500953674316 -13.176985740662 321.34619140625
89.959838867188 -14.281030654907 321.2624206543
90.491371154785 -15.352279663086 321.18148803711
91.036659240723 -16.416635513306 321.10113525391
91.596008300781 -17.473718643188 321.02139282227
92.192016601562 -18.510704040527 320.943359375
92.797805786133 -19.542043685913 320.86581420898
93.36011505127 -20.597562789917 320.78625488281
93.933464050293 -21.647005081177 320.70718383789
80.903221130371 1.6171361207962 323.7307434082
81.520881652832 0.77659696340561 324.61276245117
82.117485046387 -0.43913343548775 324.7900390625
82.10326385498 -1.7810645103455 325.03277587891
82.227935791016 -3.1492948532104 325.09741210938
82.411193847656 -4.5036940574646 325.25430297852
82.495910644531 -5.8711180686951 325.37615966797
82.581115722656 -7.2359442710876 325.25518798828
82.574684143066 -8.5985174179077 325.20788574219
82.453346252441 -9.9601936340332 325.27185058594
82.457740783691 -11.328251838684 325.126953125
82.476364135742 -12.69601726532 324.98043823242
82.573875427246 -14.059096336365 324.82522583008
82.761611938477 -15.411277770996 324.66064453125
82.818321228027 -16.733911514282 324.98202514648
83.017364501953 -18.080268859863 325.09197998047
83.236274719238 -19.411962509155 325.060546875
83.209030151367 -20.763784408569 325.21633911133
83.434173583984 -22.116239547729 325.24844360352
83.602096557617 -23.47354888916 325.10321044922
83.781929016113 -24.834632873535 325.01538085938
83.961761474609 -26.195714950562 324.92755126953
84.174049377441 -27.548252105713 324.80581665039
84.429801940918 -28.883092880249 324.60299682617
84.666923522949 -30.196432113647 324.26907348633
80.887161254883 1.7404847145081 321.26028442383
81.684577941895 1.0570060014725 320.43106079102
82.520919799805 0.16884481906891 320.04824829102
82.653266906738 -1.0804139375687 319.52557373047
82.947479248047 -2.2799334526062 318.95120239258
83.125762939453 -3.5623962879181 318.54586791992
83.208389282227 -4.8828535079956 318.23483276367
83.206390380859 -6.2217750549316 317.9846496582
83.146263122559 -7.561411857605 317.75500488281
83.020034790039 -8.9018621444702 317.54870605469
82.99853515625 -10.237236022949 317.31237792969
83.115882873535 -11.565880775452 317.03628540039
83.070014953613 -12.921565055847 316.91403198242
83.111831665039 -14.264765739441 316.7021484375
83.178031921387 -15.60448551178 316.46536254883
83.307594299316 -16.933908462524 316.20501708984
83.482864379883 -18.255903244019 315.92770385742
83.675430297852 -19.575618743896 315.65252685547
83.915626525879 -20.889165878296 315.38409423828
84.213584899902 -22.21137046814 315.24880981445
84.462524414062 -23.538814544678 315.08605957031
84.638603210449 -24.874048233032 314.88247680664
84.713890075684 -26.206336975098 314.6217956543
84.914390563965 -27.516704559326 314.3923034668
85.360084533691 -28.785713195801 314.19952392578
