78.723739624023 -11.885279655457 349.20022583008
64.21997833252 24.56166267395 351.56518554688
51.912879943848 5.2881145477295 348.40454101562
61.330455780029 6.5537452697754 364.27575683594
79.518051147461 -10.437079429626 348.7043762207
79.926063537598 -8.7977170944214 348.35446166992
80.266487121582 -7.1375498771667 348.03134155273
80.574394226074 -5.4685978889465 347.72143554688
80.745681762695 -3.7708220481873 347.46710205078
80.945388793945 -2.0779559612274 347.20114135742
81.071990966797 -0.37363821268082 346.96542358398
80.860984802246 1.3361845016479 346.87435913086
80.795288085938 3.0532596111298 346.72003173828
80.506637573242 4.7531666755676 346.66342163086
80.152740478516 6.4415016174316 346.63616943359
79.708953857422 8.1086254119873 346.64981079102
79.16040802002 9.7431354522705 346.71200561523
78.480834960938 11.323991775513 346.83633422852
77.961769104004 12.968557357788 346.884765625
77.067588806152 14.423954963684 347.11477661133
76.126113891602 15.847211837769 347.36856079102
75.057540893555 17.163198471069 347.68841552734
73.887367248535 18.374128341675 348.06317138672
72.619834899902 19.4626121521 348.49285888672
71.342506408691 20.537481307983 348.92822265625
70.020767211914 21.545608520508 349.38977050781
68.626159667969 22.425741195679 349.89624023438
67.178825378418 23.19281578064 350.43753051758
65.711647033691 23.911058425903 350.9924621582
78.28182220459 -11.573394775391 348.04861450195
77.579200744629 -10.629063606262 347.50820922852
77.03833770752 -9.5271310806274 347.09295654297
76.316284179688 -8.4806985855103 346.84167480469
75.452659606934 -7.515552520752 346.76852416992
74.516204833984 -6.6177926063538 346.78723144531
73.618286132812 -5.6888132095337 346.91094970703
72.712173461914 -4.7714996337891 347.05603027344
71.723838806152 -3.9401862621307 347.17602539062
70.644958496094 -3.2330055236816 347.31463623047
69.608222961426 -2.4547479152679 347.36877441406
68.516105651855 -1.7648869752884 347.49481201172
67.403015136719 -1.1063947677612 347.60400390625
66.267456054688 -0.48876914381981 347.71914672852
65.113731384277 0.077838480472565 347.89916992188
63.949264526367 0.61601001024246 348.09588623047
62.81632232666 1.2252764701843 348.26834106445
61.673271179199 1.8279329538345 348.38958740234
60.5114402771 2.4021348953247 348.45123291016
59.275150299072 2.7932531833649 348.50695800781
58.035652160645 3.1779191493988 348.49212646484
56.809410095215 3.5995581150055 348.43670654297
55.606758117676 4.0868797302246 348.40948486328
54.407665252686 4.5832772254944 348.42749023438
53.177593231201 4.9973392486572 348.42846679688
78.902565002441 -11.470588684082 350.31109619141
78.803131103516 -10.629342079163 351.15701293945
78.50276184082 -9.5474224090576 351.58062744141
77.989974975586 -8.5441780090332 351.99575805664
77.506195068359 -7.4964385032654 352.32775878906
77.035736083984 -6.4428496360779 352.6579284668
76.363906860352 -5.554723739624 353.10696411133
75.615852355957 -4.7073659896851 353.51147460938
74.931045532227 -3.7618415355682 353.79260253906
74.261383056641 -2.8164610862732 354.08203125
73.329879760742 -2.2773878574371 354.61239624023
72.494537353516 -1.5454708337784 355.06887817383
71.70824432373 -0.78166115283966 355.5588684082
70.979721069336 -0.0061467802152038 356.11471557617
70.170036315918 0.63690143823624 356.72528076172
69.305206298828 1.2255043983459 357.31484985352
68.411613464355 1.810107588768 357.86416625977
67.50260925293 2.3860723972321 358.39712524414
66.585845947266 2.9497134685516 358.92990112305
65.687652587891 3.4875750541687 359.51806640625
64.819282531738 3.9950869083405 360.1741027832
63.968585968018 4.4083976745605 360.91403198242
63.195568084717 4.8609747886658 361.71356201172
62.531398773193 5.4606013298035 362.51431274414
61.868793487549 5.9516282081604 363.38711547852
