67.455215454102 -2.6972124576569 358.52114868164
81.983169555664 -0.48666870594025 336.10656738281
71.242782592773 -8.5416173934937 329.34197998047
71.766860961914 9.3345851898193 331.91226196289
68.468147277832 -2.7947824001312 358.97494506836
69.576400756836 -2.8242423534393 358.85211181641
70.662460327148 -2.8367536067963 358.60073852539
71.608734130859 -2.8014528751373 358.01156616211
72.414306640625 -2.7383465766907 357.2451171875
72.998542785645 -2.6439411640167 356.29956054688
73.53687286377 -2.5444221496582 355.32791137695
73.937461853027 -2.4314789772034 354.29330444336
74.136444091797 -2.3034560680389 353.20318603516
74.368362426758 -2.1775553226471 352.11938476562
74.694953918457 -2.0584561824799 351.05944824219
75.09309387207 -1.9452583789825 350.02355957031
75.484222412109 -1.831503868103 348.98556518555
76.017417907715 -1.7313947677612 348.01086425781
76.555633544922 -1.6318329572678 347.03884887695
77.065361022949 -1.5292527675629 346.05194091797
77.55281829834 -1.4243998527527 345.05407714844
78.048370361328 -1.3203647136688 344.06008911133
78.536712646484 -1.215602517128 343.06265258789
79.047210693359 -1.1130965948105 342.07611083984
79.601608276367 -1.0153020620346 341.11306762695
80.09398651123 -0.91097033023834 340.11773681641
80.662887573242 -0.81481140851974 339.16311645508
81.119590759277 -0.70696848630905 338.15121459961
81.574783325195 -0.59896641969681 337.13854980469
67.51872253418 -3.8880176544189 358.20251464844
67.688102722168 -4.9510440826416 357.59878540039
68.166801452637 -5.7638478279114 356.80212402344
68.61595916748 -6.4193482398987 355.85766601562
68.989929199219 -6.8820109367371 354.77554321289
69.361221313477 -7.3424849510193 353.69201660156
69.55451965332 -7.6569232940674 352.513671875
69.682739257812 -7.9159932136536 351.3132019043
69.755599975586 -8.0978498458862 350.0940246582
69.778747558594 -8.2099161148071 348.86447143555
69.798187255859 -8.3143062591553 347.63421630859
69.776206970215 -8.3326635360718 346.39971923828
69.759048461914 -8.3434953689575 345.16500854492
69.783096313477 -8.2898530960083 343.93157958984
69.86304473877 -8.2828140258789 342.69934082031
69.978553771973 -8.305567741394 341.47012329102
70.024955749512 -8.2106018066406 340.23986816406
70.120277404785 -8.1766738891602 339.00918579102
70.242561340332 -8.1188917160034 337.78176879883
70.25235748291 -7.9266905784607 336.5622253418
70.274276733398 -7.8337173461914 335.33117675781
70.423049926758 -8.0055541992188 334.11801147461
70.429931640625 -8.0683422088623 332.88500976562
70.475921630859 -8.1352424621582 331.65310668945
70.82763671875 -8.3507814407349 330.48919677734
67.592948913574 -1.4856064319611 358.66299438477
68.025032043457 -0.41738665103912 358.24276733398
68.597801208496 0.4093317091465 357.53964233398
69.129959106445 1.0813574790955 356.66091918945
69.587364196777 1.7547832727432 355.74258422852
69.864517211914 2.537980556488 354.83938598633
70.157752990723 3.1227459907532 353.80056762695
70.448333740234 3.7047250270844 352.76007080078
70.542961120605 4.0817518234253 351.59567260742
70.528022766113 4.4276309013367 350.41796875
70.400436401367 4.7453150749207 349.23907470703
70.368682861328 5.0447216033936 348.04891967773
70.353546142578 5.3421545028687 346.85797119141
70.366264343262 5.6470651626587 345.66888427734
70.378982543945 5.9519758224487 344.47979736328
70.437561035156 6.1862878799438 343.27615356445
70.497627258301 6.4182825088501 342.07214355469
70.54801940918 6.6277031898499 340.8635559082
70.584434509277 6.8044123649597 339.64926147461
70.629066467285 7.0316634178162 338.44369506836
70.688804626465 7.3512325286865 337.25994873047
70.740089416504 7.6492781639099 336.07012939453
70.785827636719 7.9327816963196 334.87658691406
70.940704345703 8.1276111602783 333.67462158203
71.382431030273 8.3701610565186 332.55612182617
