88.353248596191 13.648509979248 329.87658691406
60.460746765137 -13.833739280701 336.26580810547
41.759170532227 -1.1207051277161 343.35580444336
42.104301452637 -7.4114351272583 321.62680053711
88.871131896973 12.162405967712 330.39053344727
88.787704467773 10.582454681396 330.88418579102
88.56014251709 9.012378692627 331.36273193359
88.083503723145 7.4881324768066 331.80609130859
87.499801635742 5.9960432052612 332.23034667969
86.791809082031 4.5515379905701 332.62915039062
85.951515197754 3.1709487438202 332.99673461914
85.060577392578 1.8191740512848 333.35101318359
84.039604187012 0.55242681503296 333.66751098633
82.964836120605 -0.67339509725571 333.96658325195
81.838218688965 -1.8561393022537 334.24771118164
80.654487609863 -2.9868462085724 334.50750732422
79.422027587891 -4.0687208175659 334.74789428711
78.138000488281 -5.0938792228699 334.96600341797
76.826156616211 -6.0859298706055 335.17126464844
75.481414794922 -7.0361518859863 335.36056518555
74.075401306152 -7.8997559547424 335.51736450195
72.654838562012 -8.7407283782959 335.66571044922
71.199127197266 -9.5230550765991 335.79257202148
69.711196899414 -10.245706558228 335.89788818359
68.214775085449 -10.951501846313 335.99713134766
66.707672119141 -11.635282516479 336.08850097656
65.173271179199 -12.258184432983 336.15829467773
63.618648529053 -12.830634117126 336.21044921875
62.052322387695 -13.371191978455 336.25155639648
87.432952880859 12.425443649292 331.08251953125
86.159507751465 11.055952072144 331.77536010742
84.626472473145 9.9055099487305 332.37005615234
83.058288574219 8.7925987243652 332.95596313477
81.401260375977 7.7879047393799 333.4811706543
79.705825805664 6.8299984931946 333.98016357422
77.898559570312 6.0468215942383 334.36761474609
76.068359375 5.2994828224182 334.73220825195
74.198692321777 4.6610817909241 335.08926391602
72.298606872559 4.1066770553589 335.44049072266
70.398513793945 3.5522720813751 335.79174804688
68.451118469238 3.1383690834045 336.06625366211
66.500259399414 2.7347278594971 336.33514404297
64.544715881348 2.3776984214783 336.63415527344
62.589107513428 2.0213186740875 336.93359375
60.644550323486 1.6964688301086 337.30804443359
58.722961425781 1.4371865987778 337.83847045898
56.806179046631 1.2167751789093 338.39474487305
54.909015655518 1.1550942659378 339.05657958984
53.036380767822 0.84868186712265 339.70974731445
51.169345855713 0.486452460289 340.36093139648
49.268939971924 0.16416549682617 340.93145751953
47.374500274658 -0.18717311322689 341.50213623047
45.501487731934 -0.63520061969757 342.07849121094
43.622917175293 -0.94643360376358 342.70193481445
87.829513549805 11.938380241394 329.34155273438
86.736404418945 10.216679573059 329.32217407227
85.338241577148 8.7078084945679 329.25268554688
83.759696960449 7.4148440361023 329.15173339844
82.04020690918 6.2905797958374 329.02618408203
80.269905090332 5.2468347549438 328.92944335938
78.480987548828 4.2325835227966 328.84323120117
76.632919311523 3.3406953811646 328.69375610352
74.763694763184 2.4989650249481 328.52575683594
72.840217590332 1.7967427968979 328.31719970703
70.909767150879 1.1183933019638 328.09799194336
68.964752197266 0.48989680409431 327.85656738281
67.001335144043 -0.084622427821159 327.63275146484
65.031845092773 -0.64136785268784 327.4147644043
63.090682983398 -1.2329074144363 327.07528686523
61.145874023438 -1.7904064655304 326.70516967773
59.169609069824 -2.2049808502197 326.30661010742
57.209976196289 -2.6448888778687 325.86560058594
55.300521850586 -3.1612136363983 325.2966003418
53.396564483643 -3.661899805069 324.69671630859
51.493427276611 -4.1791968345642 324.11322021484
49.581771850586 -4.7800912857056 323.64324951172
47.705486297607 -5.5811862945557 323.37188720703
45.876647949219 -6.3725075721741 322.86865234375
43.957809448242 -6.8741331100464 322.34246826172
