67.136825561523 6.1644940376282 270.29287719727
78.700965881348 -9.3273143768311 268.90127563477
86.358016967773 -5.9715685844421 262.76138305664
84.550796508789 -6.9815521240234 274.85415649414
66.833602905273 5.444525718689 270.20419311523
66.846015930176 4.6736440658569 270.11883544922
66.962440490723 3.9014883041382 270.03628540039
67.15438079834 3.1450877189636 269.95770263672
67.422294616699 2.4102554321289 269.88366699219
67.743133544922 1.6959764957428 269.81344604492
68.119895935059 1.0090199708939 269.74786376953
68.571578979492 0.36959591507912 269.68969726562
69.024864196777 -0.2699328660965 269.6315612793
69.480560302734 -0.90752857923508 269.57369995117
69.965240478516 -1.5241265296936 269.51898193359
70.464012145996 -2.1295862197876 269.46594238281
70.98021697998 -2.720404624939 269.4150390625
71.509506225586 -3.2996232509613 269.36575317383
72.057083129883 -3.8615660667419 269.31893920898
72.619522094727 -4.4091091156006 269.27410888672
73.18782043457 -4.9505524635315 269.23016357422
73.779853820801 -5.4663329124451 269.18975830078
74.322303771973 -6.0330543518066 269.14227294922
74.939086914062 -6.5106515884399 269.10684204102
75.603019714355 -6.9308114051819 269.07913208008
76.263427734375 -7.3557538986206 269.05075073242
76.897773742676 -7.8190603256226 269.01739501953
77.501976013184 -8.320652961731 268.97891235352
78.069763183594 -8.8597774505615 268.93524169922
67.376625061035 5.5490326881409 269.60339355469
67.787223815918 4.8152713775635 269.15051269531
68.330718994141 4.1170344352722 268.79083251953
68.913734436035 3.4222600460052 268.49133300781
69.535987854004 2.7479796409607 268.22592163086
70.197280883789 2.0961017608643 268.0022277832
70.897323608398 1.4705849885941 267.82626342773
71.622047424316 0.89466732740402 267.59085083008
72.354682922363 0.32412734627724 267.36712646484
73.098236083984 -0.2384265512228 267.15982055664
73.847755432129 -0.77444010972977 266.90835571289
74.586486816406 -1.3178938627243 266.64141845703
75.325836181641 -1.8700249195099 266.39477539062
76.085693359375 -2.3985333442688 266.15893554688
76.882110595703 -2.8698780536652 265.92260742188
77.710350036621 -3.3093929290771 265.7405090332
78.569511413574 -3.6778137683868 265.54458618164
79.42155456543 -4.0138254165649 265.27355957031
80.271705627441 -4.3409667015076 264.986328125
81.134506225586 -4.5913081169128 264.66192626953
82.002403259277 -4.8193202018738 264.3346862793
82.874847412109 -5.0266680717468 264.00576782227
83.750556945801 -5.2254314422607 263.68026733398
84.626342773438 -5.4279961585999 263.35733032227
85.492179870605 -5.6997838020325 263.05935668945
67.33667755127 5.4793863296509 270.8268737793
67.7021484375 4.7239060401917 271.12771606445
68.153984069824 3.9733781814575 271.29397583008
68.643310546875 3.2403972148895 271.4294128418
69.208824157715 2.5605962276459 271.54388427734
69.836074829102 1.9331229925156 271.6330871582
70.465446472168 1.3101359605789 271.73748779297
71.095397949219 0.69040405750275 271.85556030273
71.821472167969 0.17283596098423 271.84896850586
72.520088195801 -0.38044816255569 271.87945556641
73.216575622559 -0.9315288066864 271.95907592773
73.914321899414 -1.4755228757858 272.07012939453
74.609001159668 -2.0319647789001 272.12411499023
75.294227600098 -2.5785067081451 272.28799438477
75.971786499023 -3.1195142269135 272.49618530273
76.655532836914 -3.6489775180817 272.71362304688
77.400733947754 -4.12713098526 272.81887817383
78.174140930176 -4.5562357902527 272.93203735352
78.950645446777 -4.9637131690979 273.09359741211
79.738296508789 -5.3383717536926 273.27896118164
80.530334472656 -5.6426658630371 273.5530090332
81.296249389648 -5.9681172370911 273.87322998047
82.073265075684 -6.2872862815857 274.17239379883
82.889579772949 -6.5873351097107 274.36877441406
83.733978271484 -6.8207311630249 274.53466796875
