7.9139022827148 -8.585000038147 -26.229621887207
0.92199397087097 10.956669807434 -22.237838745117
-8.5630464553833 6.0989089012146 -32.387599945068
-10.841732978821 2.7903320789337 -17.372074127197
8.2029027938843 -7.7965364456177 -26.008455276489
8.4383239746094 -6.9901208877563 -25.78858757019
8.5811605453491 -6.1611304283142 -25.572996139526
8.6860389709473 -5.3258671760559 -25.359888076782
8.7116689682007 -4.4828081130981 -25.153234481812
8.7193622589111 -3.6389994621277 -24.948286056519
8.6687049865723 -2.7951889038086 -24.749475479126
8.5949020385742 -1.9524531364441 -24.553363800049
8.5046148300171 -1.1108655929565 -24.359266281128
8.3634948730469 -0.27476361393929 -24.171840667725
8.2022113800049 0.55829322338104 -23.987276077271
7.9524850845337 1.3723089694977 -23.816625595093
7.6628818511963 2.1744797229767 -23.653039932251
7.3355307579041 2.9634537696838 -23.496618270874
6.9470767974854 3.7267007827759 -23.352853775024
6.5210537910461 4.4712233543396 -23.217567443848
6.0980672836304 5.2173476219177 -23.081579208374
5.6380753517151 5.9428548812866 -22.954471588135
5.1502056121826 6.6511549949646 -22.834461212158
4.6064801216125 7.3201103210449 -22.729845046997
4.0408573150635 7.9716882705688 -22.631740570068
3.4306573867798 8.5838241577148 -22.547866821289
2.8464994430542 9.2196979522705 -22.455513000488
2.2441184520721 9.8391904830933 -22.369039535522
1.5988931655884 10.415962219238 -22.297412872314
7.71737241745 -7.8731746673584 -26.804738998413
7.5208425521851 -7.1613483428955 -27.379856109619
7.2764158248901 -6.3961997032166 -27.858953475952
6.9158964157104 -5.5474810600281 -28.018781661987
6.4055614471436 -4.7633261680603 -28.040687561035
5.8193006515503 -4.0361299514771 -27.981830596924
5.2375793457031 -3.3036375045776 -28.015268325806
4.659734249115 -2.5712513923645 -28.091260910034
4.0507912635803 -1.8672007322311 -28.189044952393
3.3873896598816 -1.2215486764908 -28.32728767395
2.7196366786957 -0.59560304880142 -28.523166656494
2.0207350254059 0.0016023219795898 -28.699089050293
1.2781382799149 0.56290549039841 -28.796552658081
0.62022113800049 1.1533291339874 -29.103132247925
-0.12686739861965 1.6805392503738 -29.302156448364
-0.94427418708801 2.1308915615082 -29.373598098755
-1.754497885704 2.5660903453827 -29.547433853149
-2.5577056407928 2.9952552318573 -29.763643264771
-3.3431525230408 3.4582114219666 -29.975328445435
-4.1322479248047 3.9155397415161 -30.185705184937
-4.9259099960327 4.3668012619019 -30.391960144043
-5.7043142318726 4.865611076355 -30.537654876709
-6.5350160598755 5.2639036178589 -30.702079772949
-7.315899848938 5.6128888130188 -31.078887939453
-7.9394731521606 5.8558988571167 -31.733243942261
7.5970010757446 -8.4146394729614 -25.344131469727
7.2029385566711 -7.9346580505371 -24.617677688599
6.8092403411865 -7.2428774833679 -24.088638305664
6.3403172492981 -6.5502939224243 -23.626066207886
5.7760224342346 -5.844132900238 -23.315605163574
5.2068204879761 -5.1650557518005 -22.957275390625
4.5877332687378 -4.5301456451416 -22.600694656372
3.9003143310547 -3.9274888038635 -22.321844100952
3.2223341464996 -3.341299533844 -21.989799499512
2.5432727336884 -2.7743244171143 -21.627925872803
1.7976397275925 -2.2597653865814 -21.323396682739
1.0087479352951 -1.7708942890167 -21.095045089722
0.20701950788498 -1.3074649572372 -20.858396530151
-0.59323382377625 -0.84988737106323 -20.605890274048
-1.3782479763031 -0.41548624634743 -20.276445388794
-2.2238523960114 -0.062610149383545 -20.004674911499
-3.0664839744568 0.26460662484169 -19.694152832031
-3.910471200943 0.60011297464371 -19.396390914917
-4.7906999588013 0.8948894739151 -19.168855667114
-5.6576018333435 1.1850410699844 -18.889902114868
-6.5025243759155 1.6038069725037 -18.734638214111
-7.3483533859253 2.0158295631409 -18.566255569458
-8.195969581604 2.3999483585358 -18.348258972168
-9.0951929092407 2.6349673271179 -18.125728607178
-9.9814453125 2.7477860450745 -17.786367416382
