74.429344177246 42.116054534912 325.35510253906
58.102035522461 18.8121509552 335.3479309082
50.811080932617 24.252786636353 339.85479736328
50.315948486328 19.065324783325 327.89950561523
74.920936584473 41.119232177734 325.79870605469
74.917533874512 40.020824432373 326.28018188477
74.697311401367 38.9404296875 326.7507019043
74.255706787109 37.916477203369 327.19354248047
73.759475708008 36.913734436035 327.62634277344
73.16089630127 35.958354949951 328.03698730469
72.537567138672 35.016277313232 328.44143676758
71.877990722656 34.094997406006 328.83627319336
71.201629638672 33.184043884277 329.22640991211
70.471450805664 32.308410644531 329.60028076172
69.735916137695 31.436538696289 329.97247314453
68.992553710938 30.570240020752 330.3420715332
68.220176696777 29.725442886353 330.70184326172
67.474327087402 28.860984802246 331.07064819336
66.68775177002 28.027244567871 331.42544555664
65.927589416504 27.17325592041 331.78942871094
65.124397277832 26.352886199951 332.13806152344
64.343795776367 25.514459609985 332.49499511719
63.546928405762 24.688938140869 332.8459777832
62.74015045166 23.871536254883 333.19332885742
61.917869567871 23.067182540894 333.53469848633
61.125492095947 22.238048553467 333.88735961914
60.319034576416 21.42039680481 334.23480224609
59.582397460938 20.549295425415 334.60659790039
58.844947814941 19.678785324097 334.97817993164
74.279762268066 41.110340118408 326.13775634766
73.832427978516 40.055965423584 326.73858642578
72.94181060791 39.237636566162 327.17642211914
72.022163391113 38.434761047363 327.60357666016
71.06071472168 37.696399688721 328.05032348633
70.074829101562 36.995758056641 328.5085144043
69.088935852051 36.295120239258 328.96670532227
68.117240905762 35.586288452148 329.44140625
67.168159484863 34.864406585693 329.94235229492
66.21907043457 34.142524719238 330.44326782227
65.242637634277 33.443439483643 330.92190551758
64.241493225098 32.764949798584 331.38034057617
63.237503051758 32.092334747314 331.8410949707
62.225967407227 31.435342788696 332.30798339844
61.242351531982 30.77522277832 332.82418823242
60.285430908203 30.112115859985 333.38757324219
59.301780700684 29.481636047363 333.94079589844
58.323970794678 28.873584747314 334.52377319336
57.432609558105 28.245527267456 335.21936035156
56.464378356934 27.646646499634 335.83261108398
55.495590209961 27.046804428101 336.44451904297
54.521286010742 26.46750831604 337.06616210938
53.586013793945 25.911725997925 337.75680541992
52.691986083984 25.318124771118 338.47396850586
51.675060272217 24.813678741455 339.07339477539
74.469848632812 40.809600830078 325.56134033203
74.293395996094 39.565181732178 325.95712280273
73.496437072754 38.618782043457 326.23739624023
72.484733581543 37.783031463623 326.42431640625
71.491897583008 36.908729553223 326.52438354492
70.484725952148 36.05521774292 326.64486694336
69.440376281738 35.255615234375 326.818359375
68.396018981934 34.45601272583 326.99185180664
67.357368469238 33.647930145264 327.15942382812
66.329574584961 32.823726654053 327.31579589844
65.301773071289 31.999521255493 327.47216796875
64.274597167969 31.17449760437 327.62832641602
63.248538970947 30.348030090332 327.7841796875
62.222476959229 29.521564483643 327.94000244141
61.214023590088 28.66835975647 328.02215576172
60.228645324707 27.780128479004 328.00778198242
59.20947265625 26.933269500732 328.04251098633
58.177028656006 26.104286193848 328.12258911133
57.169002532959 25.248622894287 328.21170043945
56.135356903076 24.437185287476 328.17776489258
55.076652526855 23.645376205444 328.22482299805
54.072883605957 22.784034729004 328.13650512695
53.074359893799 21.913059234619 328.09124755859
52.126708984375 20.988103866577 328.06109619141
51.250148773193 19.999412536621 328.0139465332
