150.40916442871 -10.254916191101 647.68536376953
139.18092346191 10.544828414917 648.62750244141
151.22860717773 14.46102809906 657.41455078125
150.02235412598 14.440602302551 638.21142578125
149.52159118652 -9.9313364028931 647.78491210938
148.73484802246 -9.4053192138672 647.86853027344
147.98498535156 -8.8271932601929 647.94683837891
147.27745056152 -8.1972160339355 648.01916503906
146.59141540527 -7.5435876846313 648.08837890625
145.93881225586 -6.8561124801636 648.15307617188
145.30239868164 -6.1534323692322 648.21551513672
144.69482421875 -5.4253540039062 648.27398681641
144.16004943848 -4.641565322876 648.32275390625
143.61473083496 -3.8651692867279 648.37298583984
143.1213684082 -3.0543768405914 648.41632080078
142.68971252441 -2.2087376117706 648.45172119141
142.25788879395 -1.3631764650345 648.48699951172
141.8233795166 -0.5190098285675 648.52270507812
141.46989440918 0.36246564984322 648.54815673828
141.17581176758 1.2657195329666 648.56604003906
140.9164276123 2.179630279541 648.57940673828
140.70478820801 3.1058213710785 648.58715820312
140.53343200684 4.0403356552124 648.58984375
140.34440612793 4.9714293479919 648.59466552734
140.19038391113 5.9089584350586 648.59521484375
140.05838012695 6.8498392105103 648.59313964844
139.89405822754 7.7856192588806 648.59490966797
139.669921875 8.708854675293 648.60412597656
139.41734313965 9.6246786117554 648.61688232422
150.6282043457 -9.9237422943115 648.66571044922
150.58737182617 -9.0291242599487 649.20184326172
150.11033630371 -8.0943241119385 649.42395019531
149.61840820312 -7.1528944969177 649.57415771484
149.22584533691 -6.1697630882263 649.73846435547
148.97415161133 -5.1422319412231 649.91998291016
148.73481750488 -4.1152930259705 650.11553955078
148.57543945312 -3.0936150550842 650.40124511719
148.48411560059 -2.0829296112061 650.75012207031
148.48796081543 -1.0736951828003 651.10430908203
148.71583557129 -0.088342256844044 651.4638671875
148.9462890625 0.89218443632126 651.83349609375
149.19589233398 1.8372339010239 652.27697753906
149.45030212402 2.7817583084106 652.71862792969
149.74673461914 3.7233047485352 653.14019775391
150.04585266113 4.6641702651978 653.56140136719
150.33236694336 5.6013531684875 653.99920654297
150.6058807373 6.536048412323 654.45037841797
150.83798217773 7.4809651374817 654.90350341797
151.04023742676 8.4331951141357 655.35534667969
151.18829345703 9.414342880249 655.7646484375
151.31518554688 10.407552719116 656.15112304688
151.41937255859 11.42377948761 656.48052978516
151.50302124023 12.429328918457 656.84643554688
151.4903717041 13.442526817322 657.19946289062
150.32225036621 -9.7639503479004 646.75476074219
150.16868591309 -8.8417043685913 646.26538085938
149.6767578125 -7.9260873794556 646.05419921875
149.25216674805 -6.9533524513245 646.02258300781
148.87719726562 -5.9637303352356 645.93878173828
148.5817565918 -4.9568328857422 645.77557373047
148.29591369629 -3.9492709636688 645.60705566406
148.20816040039 -2.9285223484039 645.32769775391
148.16102600098 -1.9109233617783 645.02770996094
148.14306640625 -0.89606285095215 644.71795654297
148.314453125 0.085136286914349 644.349609375
148.48583984375 1.066335439682 643.98132324219
148.65760803223 2.0463860034943 643.61065673828
148.84794616699 2.9703500270844 643.12298583984
149.04360961914 3.8743095397949 642.60113525391
149.25193786621 4.7964601516724 642.11743164062
149.47871398926 5.7430639266968 641.69287109375
149.66665649414 6.6699390411377 641.20977783203
149.80419921875 7.5655784606934 640.65600585938
149.94995117188 8.4830436706543 640.14147949219
150.10699462891 9.4288206100464 639.68481445312
150.07261657715 10.368375778198 639.19165039062
150.08883666992 11.358151435852 638.8076171875
150.26580810547 12.374084472656 638.55541992188
150.26191711426 13.414790153503 638.34503173828
