57.907424926758 1.6646897792816 272.09588623047
65.64022064209 -0.41949683427811 270.04705810547
67.271537780762 1.6095223426819 269.84747314453
67.856910705566 -0.75290781259537 272.11944580078
58.079776763916 1.4602459669113 271.90588378906
58.312343597412 1.2913249731064 271.74710083008
58.55570602417 1.1308709383011 271.59591674805
58.80973815918 0.97970235347748 271.45303344727
59.079032897949 0.84352725744247 271.32354736328
59.358699798584 0.71912986040115 271.20465087891
59.646690368652 0.60537594556808 271.09530639648
59.934703826904 0.49167439341545 270.98599243164
60.228271484375 0.38581177592278 270.8837890625
60.524238586426 0.28364169597626 270.7848815918
60.829730987549 0.19758147001266 270.70059204102
61.13537979126 0.11186533421278 270.61657714844
61.446990966797 0.038347501307726 270.54357910156
61.756988525391 -0.038670118898153 270.46740722656
62.072856903076 -0.1019227579236 270.40371704102
62.392158508301 -0.15541306138039 270.34887695312
62.716541290283 -0.18997605144978 270.31121826172
63.042007446289 -0.21904447674751 270.27862548828
63.368186950684 -0.24381701648235 270.24987792969
63.693374633789 -0.27436289191246 270.21597290039
64.021347045898 -0.28301697969437 270.20193481445
64.349456787109 -0.28923904895782 270.19012451172
64.677787780762 -0.28602302074432 270.18698120117
65.004943847656 -0.30258697271347 270.1657409668
65.323051452637 -0.3597030043602 270.10760498047
58.216979980469 1.760684132576 271.90463256836
58.557983398438 1.7117776870728 271.7526550293
58.89533996582 1.604144692421 271.62448120117
59.235496520996 1.5034106969833 271.49813842773
59.578010559082 1.4077544212341 271.37448120117
59.942741394043 1.3406976461411 271.30892944336
60.310558319092 1.3001927137375 271.2424621582
60.682399749756 1.2798467874527 271.18746948242
61.056350708008 1.2634780406952 271.14736938477
61.428375244141 1.2560181617737 271.10012817383
61.786376953125 1.2664114236832 270.98889160156
62.12756729126 1.2982771396637 270.83306884766
62.473899841309 1.3086459636688 270.685546875
62.825874328613 1.3148418664932 270.55532836914
63.195350646973 1.3278920650482 270.48458862305
63.56449508667 1.3598229885101 270.41723632812
63.934162139893 1.3742671012878 270.34710693359
64.298934936523 1.421858549118 270.27081298828
64.667617797852 1.4565014839172 270.2096862793
65.040000915527 1.479340672493 270.16021728516
65.411094665527 1.5130051374435 270.10757446289
65.783554077148 1.514230132103 270.05282592773
66.158676147461 1.5266201496124 270.02206420898
66.530158996582 1.552330493927 269.96731567383
66.900848388672 1.5809264183044 269.90740966797
58.212146759033 1.4603914022446 272.25588989258
58.583324432373 1.3235319852829 272.19088745117
58.948223114014 1.2250642776489 272.05694580078
59.321441650391 1.1293767690659 271.94586181641
59.700771331787 1.0360127687454 271.85540771484
60.084957122803 0.9398056268692 271.79260253906
60.47106552124 0.84258466959 271.74502563477
60.85551071167 0.73848289251328 271.69860839844
61.236034393311 0.61518943309784 271.67041015625
61.618450164795 0.49544587731361 271.65603637695
61.993267059326 0.35333889722824 271.66644287109
62.358947753906 0.19202859699726 271.69857788086
62.743110656738 0.07922650128603 271.720703125
63.130653381348 -0.018729394301772 271.75244140625
63.518527984619 -0.10433641821146 271.80740356445
63.906803131104 -0.17914508283138 271.87405395508
64.296615600586 -0.25208494067192 271.93334960938
64.69261932373 -0.31255918741226 271.95098876953
65.090354919434 -0.35971760749817 271.93200683594
65.480712890625 -0.44053265452385 271.97543334961
65.868690490723 -0.51858592033386 272.04000854492
66.26628112793 -0.5697910785675 272.04968261719
66.662391662598 -0.63178777694702 272.0569152832
67.059135437012 -0.68651312589645 272.07669067383
67.458618164062 -0.71984779834747 272.08682250977
