112.91830444336 -9.7707109451294 313.96154785156
43.580383300781 23.896512985229 318.20608520508
28.71453666687 12.186210632324 306.82113647461
30.208274841309 12.262805938721 331.78366088867
110.92230224609 -7.5715403556824 314.10989379883
108.35926055908 -6.0610136985779 314.27243041992
105.74237823486 -4.6458148956299 314.43572998047
103.09226226807 -3.2938454151154 314.5993347168
100.43439483643 -1.9572337865829 314.76306152344
97.75186920166 -0.67078739404678 314.92691040039
95.070182800293 0.61738067865372 315.09072875977
92.37174987793 1.8700892925262 315.25469970703
89.666915893555 3.1088726520538 315.41870117188
86.939674377441 4.2975182533264 315.58279418945
84.241004943848 5.5497169494629 315.74670410156
81.52806854248 6.7706809043884 315.91079711914
78.801155090332 7.9600648880005 316.07479858398
76.106491088867 9.2207927703857 316.23876953125
73.372863769531 10.394700050354 316.40280151367
70.646347045898 11.585034370422 316.56692504883
67.923980712891 12.784832000732 316.73095703125
65.187789916992 13.952739715576 316.89505004883
62.433151245117 15.076387405396 317.05911254883
59.725715637207 16.309501647949 317.22311401367
56.994716644287 17.489356994629 317.38720703125
54.354858398438 18.86123085022 317.55068969727
51.649608612061 20.099103927612 317.71469116211
49.020492553711 21.491479873657 317.87808227539
46.33177947998 22.764881134033 318.0419921875
109.63887786865 -9.9065084457397 313.16882324219
106.33121490479 -9.2251853942871 313.25637817383
103.07403564453 -8.3288249969482 313.24847412109
99.847602844238 -7.328950881958 313.1926574707
96.632682800293 -6.2944664955139 313.10958862305
93.406204223633 -5.297532081604 313.01617431641
90.129104614258 -4.4899187088013 312.87130737305
86.851783752441 -3.683144569397 312.72619628906
83.584098815918 -2.8435282707214 312.55291748047
80.326950073242 -1.9701478481293 312.35052490234
77.070014953613 -1.0960969924927 312.14758300781
73.824722290039 -0.18482567369938 311.92309570312
70.579643249512 0.72712844610214 311.69821166992
67.330680847168 1.6212003231049 311.45809936523
64.077377319336 2.4942681789398 311.2001953125
60.823959350586 3.3667798042297 310.94183349609
57.58540725708 4.2883353233337 310.66763305664
54.350059509277 5.2201614379883 310.39013671875
51.113361358643 6.1375436782837 310.08203125
47.874378204346 7.0133218765259 309.68908691406
44.697776794434 8.0296421051025 309.15322875977
41.531398773193 9.0259084701538 308.52563476562
38.31672668457 9.8259057998657 307.86483764648
35.204723358154 10.963019371033 307.21032714844
32.084506988525 12.24192905426 307.02868652344
109.75597381592 -9.6330156326294 315.14151000977
106.48072814941 -8.9306011199951 315.60028076172
103.24243164062 -8.0231523513794 315.94967651367
100.04381561279 -7.0144104957581 316.37838745117
96.865989685059 -5.9590573310852 316.8469543457
93.639320373535 -5.0739002227783 317.33428955078
90.39461517334 -4.2629947662354 317.83102416992
87.170310974121 -3.4356188774109 318.42422485352
83.950645446777 -2.5979955196381 319.02798461914
80.764556884766 -1.6669375896454 319.67184448242
77.578109741211 -0.73681491613388 320.31512451172
74.35262298584 0.093735627830029 320.89736938477
71.12442779541 0.91691589355469 321.47500610352
67.896697998047 1.7421364784241 322.05236816406
64.67578125 2.5969107151031 322.62475585938
61.453521728516 3.4416930675507 323.2043762207
58.223560333252 4.2213430404663 323.83050537109
55.036109924316 5.0946173667908 324.54470825195
51.873382568359 6.0195260047913 325.30249023438
48.732131958008 6.9998426437378 326.07971191406
45.626026153564 8.0029191970825 326.96197509766
42.566307067871 9.0294885635376 327.97027587891
39.652927398682 10.078654289246 329.32760620117
36.712139129639 11.277843475342 330.48751831055
33.509521484375 12.195688247681 331.05871582031
