82.072685241699 -6.1945071220398 339.31286621094
61.619407653809 7.7310438156128 334.14672851562
52.882713317871 -1.5277349948883 326.3395690918
51.371070861816 1.1338398456573 342.95623779297
82.240646362305 -5.1821165084839 339.14282226562
81.941963195801 -4.2071199417114 338.92184448242
81.517105102539 -3.2816467285156 338.69458007812
80.990631103516 -2.4103860855103 338.46490478516
80.432037353516 -1.5596272945404 338.23516845703
79.771705627441 -0.78444737195969 338.00692749023
79.109031677246 -0.011412505060434 337.77890014648
78.369522094727 0.68991386890411 337.55474853516
77.590728759766 1.3484613895416 337.33386230469
76.787666320801 1.9780570268631 337.11541748047
75.958015441895 2.5733382701874 336.9001159668
75.149307250977 3.1947576999664 336.68246459961
74.222244262695 3.6313381195068 336.48498535156
73.330436706543 4.1328225135803 336.27969360352
72.416511535645 4.5949063301086 336.0791015625
71.484313964844 5.0210099220276 335.88293457031
70.547004699707 5.4361577033997 335.68823242188
69.568756103516 5.7513194084167 335.50732421875
68.640312194824 6.1845607757568 335.31030273438
67.637420654297 6.4186182022095 335.14166259766
66.658866882324 6.7329134941101 334.96087646484
65.668128967285 7.0094475746155 334.78564453125
64.641548156738 7.1228294372559 334.63674926758
63.653553009033 7.4087090492249 334.46017456055
62.647872924805 7.6317987442017 334.29318237305
81.668792724609 -5.3334884643555 338.43203735352
80.875389099121 -4.3980007171631 337.99691772461
79.944755554199 -3.6261842250824 337.51361083984
78.915031433105 -2.9635996818542 337.07104492188
77.817245483398 -2.4409425258636 336.6051940918
76.647399902344 -2.0233552455902 336.2138671875
75.507736206055 -1.6132645606995 335.736328125
74.292823791504 -1.3153220415115 335.37335205078
73.082542419434 -1.0260212421417 334.98913574219
71.897994995117 -0.76877480745316 334.51254272461
70.697204589844 -0.56435072422028 334.05249023438
69.445739746094 -0.4668750166893 333.70529174805
68.221565246582 -0.36893633008003 333.27130126953
66.997398376465 -0.2709983587265 332.83728027344
65.774391174316 -0.17806801199913 332.40023803711
64.589042663574 -0.24695356190205 331.86477661133
63.408309936523 -0.34561201930046 331.32382202148
62.227752685547 -0.49288019537926 330.79360961914
61.050384521484 -0.6142246723175 330.24990844727
59.876205444336 -0.71542394161224 329.6953125
58.715564727783 -0.86454182863235 329.12335205078
57.567268371582 -1.1038366556168 328.55709838867
56.427616119385 -1.2964630126953 327.95657348633
55.280162811279 -1.4207166433334 327.35296630859
54.081436157227 -1.4742257595062 326.84628295898
81.320495605469 -5.1886692047119 339.50537109375
80.461074829102 -4.2541813850403 339.45394897461
79.429054260254 -3.5162062644958 339.38403320312
78.313812255859 -2.9089775085449 339.33831787109
77.175712585449 -2.3451247215271 339.30096435547
76.006904602051 -1.8468339443207 339.28741455078
74.832130432129 -1.362634062767 339.2815246582
73.636894226074 -0.93295723199844 339.31884765625
72.423751831055 -0.55632019042969 339.35079956055
71.18977355957 -0.25432014465332 339.3766784668
69.956298828125 0.041286669671535 339.45254516602
68.72705078125 0.34616842865944 339.55545043945
67.499847412109 0.64424908161163 339.69583129883
66.250152587891 0.83758622407913 339.82019042969
64.99991607666 1.0239286422729 339.94964599609
63.751136779785 1.0664526224136 340.18060302734
62.50227355957 1.1119215488434 340.41052246094
61.25284576416 1.1921014785767 340.62753295898
60.004650115967 1.2268005609512 340.86288452148
58.763668060303 1.1784880161285 341.13165283203
57.538619995117 1.1453558206558 341.46743774414
56.312824249268 1.1122695207596 341.80047607422
55.074886322021 1.0698416233063 342.08386230469
53.842697143555 1.0378977060318 342.39254760742
52.612285614014 1.0197674036026 342.70932006836
