88.169937133789 -0.96974337100983 328.11297607422
66.202781677246 8.0623331069946 327.23190307617
61.690292358398 1.9164332151413 324.86502075195
63.797805786133 7.5819053649902 334.95330810547
87.699081420898 -0.24262337386608 327.77172851562
87.001167297363 0.31585764884949 327.57968139648
86.21427154541 0.79528790712357 327.45394897461
85.401428222656 1.238478064537 327.35546875
84.5810546875 1.6695679426193 327.26593017578
83.748085021973 2.0787150859833 327.19223022461
82.9140625 2.486171245575 327.11978149414
82.081741333008 2.8966996669769 327.04513549805
81.250602722168 3.3093349933624 326.96893310547
80.402114868164 3.6887645721436 326.91644287109
79.544776916504 4.0493454933167 326.87716674805
78.681327819824 4.3963346481323 326.8473815918
77.81462097168 4.7355918884277 326.82293701172
76.941040039062 5.0573792457581 326.81051635742
76.064582824707 5.3713846206665 326.80337524414
75.183876037598 5.6730570793152 326.80456542969
74.297691345215 5.9583554267883 326.81680297852
73.408981323242 6.235372543335 326.83453369141
72.519760131836 6.5106906890869 326.85342407227
71.625312805176 6.7655448913574 326.88580322266
70.723434448242 6.9908905029297 326.93753051758
69.818778991699 7.2025656700134 326.99807739258
68.914428710938 7.4157733917236 327.05764770508
68.010955810547 7.6334319114685 327.11434936523
67.107124328613 7.8490409851074 327.17236328125
87.175765991211 -0.97383689880371 327.82797241211
86.171058654785 -0.89629942178726 327.59408569336
85.161994934082 -0.76935368776321 327.40441894531
84.158950805664 -0.59030455350876 327.22436523438
83.149925231934 -0.4222526550293 327.06893920898
82.134170532227 -0.27570670843124 326.93713378906
81.115524291992 -0.14658883213997 326.81008911133
80.098701477051 -0.047055020928383 326.64663696289
79.083511352539 0.033571973443031 326.46578979492
78.057312011719 0.13735799491405 326.38366699219
77.030403137207 0.24602773785591 326.31964111328
76.007881164551 0.35472810268402 326.20458984375
74.984413146973 0.47103089094162 326.10830688477
73.958206176758 0.59663587808609 326.08135986328
72.93773651123 0.66730159521103 325.92553710938
71.916023254395 0.73124849796295 325.77578735352
70.88826751709 0.8142431974411 325.69012451172
69.856567382812 0.88235867023468 325.65396118164
68.834754943848 1.0309537649155 325.58807373047
67.822189331055 1.2216575145721 325.49371337891
66.800094604492 1.3595155477524 325.41064453125
65.777435302734 1.4682228565216 325.29699707031
64.75838470459 1.5437524318695 325.13488769531
63.74195098877 1.7098915576935 325.03552246094
62.716697692871 1.8285759687424 324.96203613281
87.411766052246 -0.53278130292892 328.65731811523
86.519432067871 -0.13088612258434 328.98468017578
85.604476928711 0.24943089485168 329.27307128906
84.668869018555 0.58716779947281 329.54791259766
83.714752197266 0.88169395923615 329.80862426758
82.761512756348 1.1770941019058 330.07135009766
81.830017089844 1.4936677217484 330.3830871582
80.898170471191 1.8098503351212 330.69390869141
79.943740844727 2.1035776138306 330.9543762207
78.978813171387 2.3850109577179 331.18838500977
78.007232666016 2.6521201133728 331.41143798828
77.032814025879 2.9129230976105 331.62948608398
76.066703796387 3.1946096420288 331.85806274414
75.124046325684 3.5287339687347 332.11267089844
74.180374145508 3.8660523891449 332.35919189453
73.234970092773 4.2081427574158 332.59210205078
72.279998779297 4.5211853981018 332.82681274414
71.318161010742 4.8109712600708 333.06323242188
70.381607055664 5.1530151367188 333.32958984375
69.446754455566 5.4859991073608 333.61273193359
68.497299194336 5.7537941932678 333.91580200195
67.567123413086 6.0877828598022 334.21292114258
66.622413635254 6.408344745636 334.47708129883
65.680488586426 6.7903456687927 334.65570068359
64.740516662598 7.1846098899841 334.81719970703
