67.868659973145 3.6618592739105 269.07391357422
78.61979675293 -5.8030786514282 269.84356689453
83.029197692871 -0.083310194313526 268.14910888672
80.076133728027 -3.3915143013 276.66683959961
68.17357635498 3.1984174251556 269.03872680664
68.517112731934 2.7617013454437 269.02407836914
68.895469665527 2.3545081615448 269.02951049805
69.272422790527 1.945999622345 269.03405761719
69.66088104248 1.5485731363297 269.04571533203
70.049285888672 1.1510791778564 269.05728149414
70.433547973633 0.74951964616776 269.06625366211
70.832054138184 0.36240300536156 269.08422851562
71.231239318848 -0.023990584537387 269.10256958008
71.638900756836 -0.40112954378128 269.12640380859
72.048957824707 -0.77555918693542 269.15182495117
72.44970703125 -1.1602835655212 269.17120361328
72.861434936523 -1.5327939987183 269.19772338867
73.264175415039 -1.9153650999069 269.21838378906
73.670547485352 -2.2939410209656 269.24139404297
74.096260070801 -2.6495478153229 269.27746582031
74.513000488281 -3.0161883831024 269.30737304688
74.937614440918 -3.3731784820557 269.34271240234
75.366523742676 -3.7246825695038 269.38104248047
75.817985534668 -4.0442819595337 269.43612670898
76.273963928223 -4.3567447662354 269.49475097656
76.734672546387 -4.6614327430725 269.55722045898
77.193626403809 -4.9690508842468 269.61825561523
77.664672851562 -5.2554521560669 269.68948364258
78.140632629395 -5.5324711799622 269.76504516602
68.463478088379 3.5946915149689 268.96569824219
69.041679382324 3.4053266048431 268.98168945312
69.62296295166 3.2382690906525 269.04959106445
70.207054138184 3.0672295093536 269.0530090332
70.772407531738 2.8425734043121 269.03472900391
71.317047119141 2.5711362361908 269.0436706543
71.889358520508 2.3690395355225 269.08898925781
72.473571777344 2.2138719558716 269.16033935547
73.061943054199 2.0787999629974 269.23638916016
73.632598876953 1.8678122758865 269.21911621094
74.212753295898 1.6838177442551 269.22583007812
74.796058654785 1.5099501609802 269.22326660156
75.379623413086 1.3381345272064 269.20303344727
75.967994689941 1.1857445240021 269.17022705078
76.561897277832 1.0600370168686 269.1262512207
77.162162780762 0.978051841259 269.0676574707
77.764198303223 0.8905713558197 269.04803466797
78.366363525391 0.80229991674423 269.03854370117
78.969741821289 0.72222101688385 269.03973388672
79.572212219238 0.63688164949417 269.02578735352
80.163917541504 0.5260471701622 268.93585205078
80.753540039062 0.41083365678787 268.83810424805
81.340293884277 0.29013302922249 268.73028564453
81.909690856934 0.18933689594269 268.54025268555
82.471748352051 0.070191986858845 268.33929443359
68.252670288086 3.3697648048401 269.46560668945
68.748886108398 3.0809502601624 269.70498657227
69.26000213623 2.8103740215302 269.93411254883
69.784683227539 2.5346474647522 270.12289428711
70.303031921387 2.2576887607574 270.32675170898
70.838119506836 2.0122954845428 270.52777099609
71.349349975586 1.7309062480927 270.74322509766
71.850250244141 1.4410989284515 270.9714050293
72.360420227051 1.1820998191833 271.21557617188
72.868545532227 0.92107683420181 271.46182250977
73.373039245605 0.65659070014954 271.71182250977
73.852836608887 0.37220665812492 271.98727416992
74.323616027832 0.091536425054073 272.28146362305
74.772239685059 -0.17819328606129 272.61752319336
75.253257751465 -0.40859559178352 272.93768310547
75.735649108887 -0.65802145004272 273.24108886719
76.218315124512 -0.91388523578644 273.53863525391
76.700988769531 -1.1697466373444 273.83618164062
77.132369995117 -1.3819123506546 274.23095703125
77.562805175781 -1.643618106842 274.59591674805
77.994415283203 -1.9423753023148 274.92971801758
78.438446044922 -2.1725158691406 275.29965209961
78.882995605469 -2.4010705947876 275.669921875
79.336059570312 -2.6702108383179 276.00045776367
79.772010803223 -2.9631478786469 276.3337097168
