81.291564941406 23.126003265381 318.95883178711
96.016670227051 -17.741157531738 328.71539306641
77.910652160645 -17.113584518433 335.626953125
79.137901306152 -20.552167892456 319.30642700195
82.942764282227 22.612968444824 319.22103881836
84.106071472168 21.355386734009 319.5888671875
85.031875610352 19.918355941772 319.97082519531
85.696762084961 18.343463897705 320.35614013672
86.20189666748 16.709299087524 320.73831176758
86.610397338867 15.047439575195 321.1169128418
86.951759338379 13.3697681427 321.49237060547
87.263145446777 11.685913085938 321.86618041992
87.547348022461 9.9969348907471 322.2385559082
87.920150756836 8.3263158798218 322.61557006836
88.336265563965 6.6663918495178 322.99447631836
88.71728515625 4.9977164268494 323.37185668945
89.068511962891 3.3222000598907 323.74783325195
89.484428405762 1.66224360466 324.12683105469
89.858001708984 -0.0081588327884674 324.50384521484
90.407287597656 -1.6278419494629 324.88723754883
90.934875488281 -3.2548451423645 325.27011108398
91.411155700684 -4.8979735374451 325.6513671875
91.845573425293 -6.5530219078064 326.03100585938
92.371467590332 -8.1805934906006 326.41381835938
92.848831176758 -9.823371887207 326.79513549805
93.469383239746 -11.416757583618 327.1799621582
93.998870849609 -13.0431432724 327.56283569336
94.497398376465 -14.67924785614 327.94476318359
95.210380554199 -16.23327255249 328.3303527832
81.038673400879 23.027412414551 320.72933959961
81.087768554688 22.542585372925 322.43774414062
80.752517700195 21.42583656311 323.78973388672
79.998962402344 20.097513198853 324.6950378418
79.211555480957 18.510137557983 324.95123291016
78.885047912598 16.764007568359 325.197265625
78.915565490723 15.004016876221 325.56723022461
79.077026367188 13.250417709351 325.93728637695
79.238311767578 11.500228881836 326.32302856445
79.329750061035 9.7550792694092 326.73818969727
79.134872436523 8.0538082122803 327.28872680664
78.795463562012 6.36834192276 327.81787109375
78.520881652832 4.6375422477722 328.22644042969
78.227882385254 2.9053440093994 328.61291503906
77.985260009766 1.2084733247757 329.15948486328
77.626617431641 -0.45220777392387 329.75119018555
77.14070892334 -2.0855889320374 330.32867431641
76.745704650879 -3.7289543151855 330.94543457031
76.478073120117 -5.4120907783508 331.52185058594
76.370597839355 -7.1165437698364 332.08819580078
76.386154174805 -8.8132772445679 332.68728637695
76.459671020508 -10.507488250732 333.28927612305
76.561561584473 -12.205076217651 333.87683105469
76.885299682617 -13.884022712708 334.43759155273
77.292358398438 -15.54351234436 335.00201416016
81.346420288086 22.363819122314 317.35458374023
81.851501464844 21.386548995972 315.96786499023
81.878158569336 19.89489364624 315.0595703125
81.242561340332 18.2578125 314.70816040039
80.496070861816 16.624223709106 314.78451538086
79.999244689941 14.941404342651 315.11364746094
79.984214782715 13.176814079285 315.47991943359
80.095153808594 11.426073074341 315.90045166016
80.176467895508 9.6728010177612 316.31552124023
80.178169250488 7.8994274139404 316.623046875
80.04052734375 6.1052260398865 316.73861694336
79.827934265137 4.3240656852722 316.92218017578
79.563369750977 2.5464172363281 317.03411865234
79.21443939209 0.81072449684143 317.38006591797
78.835914611816 -0.92824918031693 317.66748046875
78.447273254395 -2.685444355011 317.77578735352
78.235832214355 -4.4756369590759 317.8369140625
78.12149810791 -6.2754068374634 317.8688659668
78.056846618652 -8.0730504989624 318.00192260742
78.107482910156 -9.871467590332 318.13272094727
78.216087341309 -11.669571876526 318.22247314453
78.235626220703 -13.45848274231 318.45309448242
78.386154174805 -15.247056007385 318.63296508789
78.64185333252 -17.009492874146 318.92068481445
78.767547607422 -18.7926902771 319.1630859375
