69.463905334473 -6.5568161010742 268.91729736328
71.310638427734 6.3019642829895 265.40356445312
78.275421142578 9.3725852966309 274.61441040039
81.867263793945 4.9064130783081 261.21307373047
69.11735534668 -6.1846766471863 268.69250488281
68.859046936035 -5.7439079284668 268.47302246094
68.675186157227 -5.2626428604126 268.26364135742
68.511054992676 -4.7728409767151 268.05764770508
68.349983215332 -4.2818994522095 267.85223388672
68.254592895508 -3.7688608169556 267.65997314453
68.166015625 -3.2541348934174 267.46932983398
68.148834228516 -2.725962638855 267.29635620117
68.064605712891 -2.2103796005249 267.10675048828
68.137168884277 -1.6788077354431 266.96032714844
68.125930786133 -1.1498771905899 266.78894042969
68.196800231934 -0.6182427406311 266.64196777344
68.3193359375 -0.091481417417526 266.51245117188
68.429527282715 0.43694204092026 266.3786315918
68.547096252441 0.96439826488495 266.24737548828
68.717964172363 1.4817105531693 266.13571166992
68.870025634766 2.0032937526703 266.01696777344
69.088279724121 2.5063581466675 265.92440795898
69.295150756836 3.0133328437805 265.82717895508
69.519439697266 3.5142090320587 265.73721313477
69.782676696777 3.9986414909363 265.66445922852
70.051559448242 4.4803652763367 265.59429931641
70.340293884277 4.9517545700073 265.53350830078
70.652206420898 5.4095239639282 265.48419189453
70.990730285645 5.8493208885193 265.44876098633
69.382568359375 -5.8189425468445 269.11758422852
69.284576416016 -5.0708837509155 268.96633911133
69.627952575684 -4.3865294456482 269.04580688477
70.038215637207 -3.8172795772552 269.32266235352
70.063056945801 -3.0559947490692 269.38821411133
70.37370300293 -2.370121717453 269.54666137695
70.581474304199 -1.6271758079529 269.56539916992
70.862762451172 -0.93684589862823 269.69052124023
71.379722595215 -0.41785815358162 269.91830444336
71.830078125 0.20207187533379 270.01025390625
72.298843383789 0.7962247133255 270.16143798828
72.773956298828 1.3701540231705 270.36431884766
73.22477722168 1.9555566310883 270.58709716797
73.620613098145 2.5749022960663 270.82281494141
74.008293151855 3.170166015625 271.12042236328
74.486625671387 3.6596608161926 271.47647094727
75.006607055664 4.1274371147156 271.79803466797
75.426582336426 4.6921963691711 272.11587524414
75.788452148438 5.2799816131592 272.44302368164
75.895736694336 5.9209380149841 272.85369873047
76.184257507324 6.501368522644 273.27304077148
76.450653076172 7.1197152137756 273.64944458008
76.843757629395 7.6985373497009 273.97085571289
77.411010742188 8.1902303695679 274.14694213867
77.804618835449 8.7851285934448 274.4421081543
69.707374572754 -6.0442156791687 268.44128417969
69.694023132324 -5.3715543746948 268.13256835938
70.022346496582 -4.804434299469 267.79016113281
70.630638122559 -4.472647190094 267.54010009766
70.85424041748 -3.8880710601807 267.15112304688
71.340530395508 -3.3570203781128 266.99575805664
71.642807006836 -2.8164319992065 266.59362792969
72.087554931641 -2.2637357711792 266.3879699707
72.654449462891 -1.8308919668198 266.20071411133
73.064964294434 -1.2832556962967 265.91778564453
73.514778137207 -0.75929433107376 265.65139770508
74.037696838379 -0.28788995742798 265.42190551758
74.591178894043 0.13408498466015 265.16891479492
75.178337097168 0.51664930582047 264.92913818359
75.777420043945 0.88640367984772 264.69900512695
76.362953186035 1.2631298303604 264.44641113281
76.945739746094 1.6230268478394 264.16488647461
77.55509185791 1.9278044700623 263.87438964844
78.173377990723 2.235830783844 263.60708618164
78.775848388672 2.5677289962769 263.33309936523
79.310859680176 2.9371011257172 262.97836303711
79.829887390137 3.2724919319153 262.5700378418
80.332946777344 3.5998768806458 262.13619995117
80.84268951416 3.9964454174042 261.77362060547
81.355888366699 4.4376640319824 261.47268676758
