-6.0679097175598 -19.964105606079 -19.938915252686
2.5867049694061 -0.050159610807896 -16.326051712036
-7.5894756317139 -0.9563512802124 -23.373983383179
-7.7587323188782 -3.4862003326416 -11.030914306641
-5.0832242965698 -19.975345611572 -19.880006790161
-4.1509861946106 -19.67479133606 -19.776103973389
-3.2518486976624 -19.285778045654 -19.660562515259
-2.3857789039612 -18.830009460449 -19.536729812622
-1.5674697160721 -18.295478820801 -19.403657913208
-0.77389919757843 -17.725690841675 -19.266654968262
-0.031246582046151 -17.092504501343 -19.122989654541
0.67267262935638 -16.417356491089 -18.975219726562
1.3127573728561 -15.682536125183 -18.822151184082
1.8995914459229 -14.905158042908 -18.665782928467
2.4198956489563 -14.082363128662 -18.506483078003
2.8928115367889 -13.23166847229 -18.345790863037
3.2978978157043 -12.34689617157 -18.184005737305
3.6405823230743 -11.436152458191 -18.022048950195
3.9102792739868 -10.501075744629 -17.860822677612
4.1585907936096 -9.5599794387817 -17.699979782104
4.2483277320862 -8.5902471542358 -17.544479370117
4.2867465019226 -7.6164450645447 -17.391510009766
4.2652082443237 -6.6415891647339 -17.242069244385
4.17462682724 -5.6700029373169 -17.097387313843
4.0194926261902 -4.7058563232422 -16.957830429077
3.8545000553131 -3.7431855201721 -16.819114685059
3.5670037269592 -2.8082418441772 -16.692226409912
3.3333520889282 -1.8590303659439 -16.559814453125
3.0025856494904 -0.937728703022 -16.437704086304
-5.4983425140381 -19.467956542969 -20.364835739136
-4.8636479377747 -18.887434005737 -20.507154464722
-4.2528653144836 -18.265214920044 -20.534097671509
-3.7156732082367 -17.578989028931 -20.574115753174
-3.250185251236 -16.842527389526 -20.624494552612
-2.8156294822693 -16.086742401123 -20.664186477661
-2.4083952903748 -15.315460205078 -20.695070266724
-2.0146532058716 -14.537712097168 -20.735122680664
-1.6904664039612 -13.735271453857 -20.815059661865
-2.1483476161957 -13.012904167175 -20.867959976196
-2.8685877323151 -12.526222229004 -20.884418487549
-3.4757597446442 -11.903105735779 -20.953317642212
-4.0604476928711 -11.265950202942 -21.037139892578
-4.477650642395 -10.524580001831 -21.231966018677
-4.8812613487244 -9.7778587341309 -21.434900283813
-5.2828693389893 -9.0339908599854 -21.650300979614
-5.6705794334412 -8.3102874755859 -21.946296691895
-6.0561323165894 -7.5850954055786 -22.241247177124
-6.3996348381042 -6.8321886062622 -22.515752792358
-6.6072959899902 -6.0096316337585 -22.719696044922
-6.770167350769 -5.1610569953918 -22.842405319214
-6.9227638244629 -4.3080353736877 -22.945810317993
-7.1295485496521 -3.4703359603882 -23.076824188232
-7.3893909454346 -2.6522746086121 -23.23473739624
-7.6034760475159 -1.8276808261871 -23.421602249146
-5.6351246833801 -19.653638839722 -19.291200637817
-5.0444178581238 -19.11590385437 -19.009546279907
-4.4899516105652 -18.534288406372 -18.741579055786
-3.9659655094147 -17.92068862915 -18.483860015869
-3.4896605014801 -17.27826499939 -18.205337524414
-3.1114330291748 -16.588788986206 -17.89041519165
-2.7335162162781 -15.898966789246 -17.575918197632
-2.3762316703796 -15.186587333679 -17.288814544678
-2.0909743309021 -14.440635681152 -17.00777053833
-2.306770324707 -13.689785957336 -16.716474533081
-2.9276907444 -13.134436607361 -16.566976547241
-3.6156203746796 -12.650218963623 -16.468141555786
-4.2641582489014 -12.13848400116 -16.317195892334
-4.6757698059082 -11.518418312073 -15.912591934204
-5.0872850418091 -10.8985414505 -15.507604598999
-5.4963665008545 -10.283408164978 -15.093431472778
-5.887592792511 -9.702618598938 -14.616739273071
-6.2788190841675 -9.1218299865723 -14.140047073364
-6.6683821678162 -8.5388555526733 -13.665011405945
-7.0027689933777 -7.8838119506836 -13.244905471802
-7.2867007255554 -7.1761174201965 -12.875916481018
-7.5546598434448 -6.4584989547729 -12.514225959778
-7.7916536331177 -5.7269730567932 -12.158883094788
-7.8863959312439 -4.9583082199097 -11.81568145752
-7.9514083862305 -4.20228099823 -11.439131736755
