70.138122558594 10.28607749939 284.50335693359
67.839775085449 -4.0330023765564 283.43463134766
75.35033416748 -1.5305284261703 280.14303588867
73.083450317383 -1.9873428344727 289.35311889648
69.584159851074 10.019940376282 284.36703491211
69.09105682373 9.6496124267578 284.24060058594
68.62858581543 9.24001121521 284.11965942383
68.19115447998 8.8024978637695 284.00335693359
67.794731140137 8.3256855010986 283.89486694336
67.433036804199 7.8205666542053 283.79327392578
67.109306335449 7.2889246940613 283.69931030273
66.825065612793 6.7338471412659 283.61343383789
66.574264526367 6.1618719100952 283.53451538086
66.35962677002 5.5743942260742 283.46325683594
66.183303833008 4.9733834266663 283.40020751953
66.064208984375 4.3573293685913 283.349609375
65.974052429199 3.7358791828156 283.30541992188
65.908149719238 3.1110339164734 283.2666015625
65.861404418945 2.4842092990875 283.23211669922
65.867477416992 1.8551489114761 283.20953369141
65.907447814941 1.2270886898041 283.19473266602
65.988037109375 0.6027911901474 283.18930053711
66.11637878418 -0.013456501998007 283.1950378418
66.282135009766 -0.62056624889374 283.20971679688
66.458862304688 -1.224513053894 283.22698974609
66.688873291016 -1.8096956014633 283.2571105957
66.942848205566 -2.3845689296722 283.29309082031
67.30135345459 -2.8980767726898 283.3551940918
67.560791015625 -3.4702677726746 283.39251708984
70.056449890137 9.8417148590088 284.11291503906
69.808204650879 9.3562164306641 283.85931396484
69.571258544922 8.8406400680542 283.6591796875
69.337982177734 8.3156890869141 283.48071289062
69.144912719727 7.7671480178833 283.32626342773
68.974105834961 7.210813999176 283.17449951172
68.870300292969 6.6465926170349 282.99319458008
68.79997253418 6.0754251480103 282.81762695312
68.769317626953 5.4986939430237 282.64932250977
68.816871643066 4.924084186554 282.48587036133
69.190994262695 4.4759402275085 282.35284423828
69.69580078125 4.170569896698 282.23553466797
70.216239929199 3.8980312347412 282.11267089844
70.664588928223 3.5032064914703 282.04083251953
71.114295959473 3.1099538803101 281.96929931641
71.583587646484 2.7398543357849 281.90020751953
72.042808532715 2.367559671402 281.78839111328
72.489555358887 1.994821190834 281.6350402832
72.920745849609 1.6150715351105 281.45639038086
73.33837890625 1.2303280830383 281.25735473633
73.756019592285 0.84558457136154 281.0583190918
74.055641174316 0.36192017793655 280.86270141602
74.394721984863 -0.089997708797455 280.65576171875
74.713569641113 -0.5811739563942 280.51797485352
75.023170471191 -1.0641542673111 280.33666992188
69.938064575195 9.8832960128784 284.87600708008
69.589889526367 9.4050121307373 284.95004272461
69.30908203125 8.8796253204346 284.98693847656
69.059455871582 8.3389835357666 285.02874755859
68.812408447266 7.798403263092 285.08441162109
68.574989318848 7.2527265548706 285.12628173828
68.409866333008 6.682541847229 285.18786621094
68.296180725098 6.1020178794861 285.26702880859
68.234550476074 5.515417098999 285.35800170898
68.234405517578 4.9267382621765 285.45397949219
68.344955444336 4.3768720626831 285.61947631836
68.780563354492 4.0787258148193 285.89779663086
69.235298156738 3.8238084316254 286.18734741211
69.652816772461 3.4784617424011 286.43502807617
69.976058959961 3.0307598114014 286.66168212891
70.282066345215 2.5659072399139 286.87677001953
70.645484924316 2.1485209465027 287.09951782227
71.001174926758 1.7711870670319 287.39529418945
71.351608276367 1.3883919715881 287.69012451172
71.661338806152 0.98552149534225 288.00329589844
71.944473266602 0.5530766248703 288.3017578125
72.211807250977 0.08310029655695 288.5544128418
72.425140380859 -0.43410724401474 288.76260375977
72.627166748047 -0.9656223654747 288.94442749023
72.82950592041 -1.4968832731247 289.12652587891
