88.729827880859 -11.553812980652 412.19412231445
103.268699646 3.4221343994141 410.24215698242
109.44855499268 1.5507699251175 415.9443359375
110.10849761963 -0.2981470823288 406.19787597656
88.527420043945 -10.742520332336 412.08901977539
88.613639831543 -9.9101362228394 411.98095703125
88.844871520996 -9.1053676605225 411.87637329102
89.186157226562 -8.3399381637573 411.77685546875
89.607368469238 -7.6146602630615 411.68246459961
90.089370727539 -6.9276261329651 411.5930480957
90.623329162598 -6.2793550491333 411.50863647461
91.182685852051 -5.6525325775146 411.42697143555
91.775825500488 -5.0569915771484 411.34930419922
92.378723144531 -4.4711833000183 411.27297973633
93.00700378418 -3.9121873378754 411.20007324219
93.62841796875 -3.3459179401398 411.12619018555
94.296157836914 -2.8338983058929 411.05935668945
94.975936889648 -2.3376874923706 410.99453735352
95.64868927002 -1.8321495056152 410.92852783203
96.323371887207 -1.3291516304016 410.86285400391
97.007720947266 -0.83916312456131 410.79891967773
97.676216125488 -0.32811427116394 410.73217773438
98.363105773926 0.158363327384 410.66860961914
99.062919616699 0.62637740373611 410.60748291016
99.755531311035 1.1048189401627 410.544921875
100.4436416626 1.5896112918854 410.48165893555
101.13964080811 2.0631814002991 410.41976928711
101.85875701904 2.5014629364014 410.36245727539
102.5622253418 2.9640572071075 410.3020324707
89.07559967041 -10.653921127319 412.38977050781
89.523056030273 -9.7773427963257 412.39920043945
90.063011169434 -8.9554929733276 412.43106079102
90.739669799805 -8.2418203353882 412.4716796875
91.454383850098 -7.5702557563782 412.55541992188
92.218246459961 -6.9512991905212 412.60299682617
93.021209716797 -6.3823175430298 412.62536621094
93.824287414551 -5.8147993087769 412.66967773438
94.647979736328 -5.2774829864502 412.7121887207
95.483024597168 -4.7583441734314 412.75875854492
96.329307556152 -4.2614336013794 412.83529663086
97.186882019043 -3.7880823612213 412.93280029297
98.054107666016 -3.3342151641846 413.03729248047
98.929481506348 -2.9000024795532 413.15631103516
99.803321838379 -2.4751036167145 413.31396484375
100.66930389404 -2.043913602829 413.49594116211
101.54476165771 -1.6458750963211 413.7060546875
102.41239929199 -1.2372832298279 413.9280090332
103.28249359131 -0.82593059539795 414.13473510742
104.1527633667 -0.4123914539814 414.33624267578
105.01312255859 0.012927976436913 414.55505371094
105.89162445068 0.40367379784584 414.76617431641
106.77297973633 0.77150481939316 415.00473022461
107.65003967285 1.1279712915421 415.27432250977
108.5386428833 1.3963812589645 415.60195922852
89.128776550293 -10.76836681366 411.75009155273
89.586944580078 -9.9335145950317 411.49172973633
90.170471191406 -9.1982202529907 411.18725585938
90.863578796387 -8.5405683517456 410.93963623047
91.620079040527 -7.9389371871948 410.73950195312
92.423751831055 -7.3905200958252 410.57260131836
93.229598999023 -6.8439965248108 410.41009521484
94.046257019043 -6.3116502761841 410.25479125977
94.888397216797 -5.8202834129333 410.10034179688
95.738189697266 -5.3456320762634 409.9358215332
96.585609436035 -4.8726716041565 409.75503540039
97.441299438477 -4.4184679985046 409.56576538086
98.338760375977 -4.0490536689758 409.38525390625
99.24195098877 -3.6982636451721 409.19635009766
100.13473510742 -3.3373186588287 408.9792175293
101.0193939209 -2.9763550758362 408.73104858398
101.90587615967 -2.6267464160919 408.47341918945
102.76125335693 -2.256639957428 408.14819335938
103.66481018066 -1.9422878026962 407.90475463867
104.55696105957 -1.6031363010406 407.65277099609
105.48497009277 -1.3325316905975 407.45257568359
106.39128875732 -1.0237767696381 407.21228027344
107.27597045898 -0.68586111068726 406.93371582031
108.19177246094 -0.47883483767509 406.62887573242
109.14312744141 -0.35537955164909 406.39608764648
