134.86889648438 -8.0094814300537 612.49188232422
141.96708679199 6.5974946022034 583.736328125
141.34130859375 -0.080353438854218 580.02716064453
134.83807373047 6.519745349884 581.26226806641
135.68804931641 -7.0645098686218 612.02941894531
136.40461730957 -6.1670122146606 611.35174560547
137.07032775879 -5.2988142967224 610.58929443359
137.69990539551 -4.4530320167542 609.77301025391
138.27149963379 -3.6454331874847 608.87902832031
138.8042755127 -2.8648545742035 607.93823242188
139.29309082031 -2.1159732341766 606.94903564453
139.7613067627 -1.3823531866074 605.93878173828
140.15444946289 -0.70630139112473 604.85864257812
140.52352905273 -0.049283411353827 603.75854492188
140.84785461426 0.57166010141373 602.62396240234
141.1311340332 1.1586782932281 601.46063232422
141.36897277832 1.7073181867599 600.26879882812
141.57073974609 2.2249319553375 599.05657958984
141.72813415527 2.7036254405975 597.82202148438
141.83277893066 3.1351532936096 596.56463623047
141.91323852539 3.5446577072144 595.29815673828
141.96925354004 3.9317281246185 594.02331542969
141.98724365234 4.2834181785583 592.73712158203
141.97090148926 4.6027255058289 591.44250488281
141.94482421875 4.9127497673035 590.14581298828
141.86932373047 5.1752281188965 588.84057617188
141.81678771973 5.4599113464355 587.53887939453
141.76542663574 5.7457160949707 586.23736572266
141.75849914551 6.073956489563 584.94488525391
135.58714294434 -7.2143197059631 611.53253173828
136.2666015625 -6.3940086364746 610.56652832031
136.9246673584 -5.5727844238281 609.58642578125
137.56488037109 -4.7685332298279 608.5810546875
138.13195800781 -3.9822778701782 607.51940917969
138.78398132324 -3.1893267631531 606.51208496094
139.26651000977 -2.4794015884399 605.35870361328
139.7110748291 -1.801337480545 604.171875
140.12771606445 -1.1479161977768 602.96026611328
140.29823303223 -0.63116192817688 601.63220214844
140.4814453125 -0.12349772453308 600.30114746094
140.81089782715 0.39952939748764 599.00256347656
140.94996643066 0.8109090924263 597.64691162109
140.93438720703 1.1315931081772 596.24499511719
140.94927978516 1.4394783973694 594.84027099609
140.97085571289 1.7375693321228 593.43371582031
140.9591217041 1.9305030107498 592.00848388672
141.01396179199 2.0464730262756 590.57983398438
141.13865661621 2.0816926956177 589.14739990234
141.22311401367 1.9721887111664 587.71612548828
141.18084716797 1.8458387851715 586.28820800781
141.04476928711 1.7103329896927 584.86285400391
141.58325195312 1.224769949913 583.78228759766
141.85270690918 0.84942990541458 582.43902587891
141.4705657959 0.64288014173508 581.09613037109
135.41864013672 -7.0389986038208 611.59271240234
135.96839904785 -6.0685157775879 610.69354248047
136.55821228027 -5.1478028297424 609.80804443359
137.03617858887 -4.306245803833 608.76965332031
137.51463317871 -3.4750216007233 607.70941162109
137.95695495605 -2.6664943695068 606.61267089844
138.38916015625 -1.8491152524948 605.51837158203
138.83032226562 -1.0270403623581 604.43249511719
139.10719299316 -0.3587997853756 603.19580078125
139.37980651855 0.28588306903839 601.94592285156
139.57611083984 0.84871906042099 600.64764404297
139.79614257812 1.4913363456726 599.39190673828
139.8430480957 1.926295876503 598.02917480469
139.87846374512 2.3743886947632 596.66888427734
139.88397216797 2.8301765918732 595.31066894531
139.84251403809 3.2520139217377 593.94250488281
139.72883605957 3.6185057163239 592.56573486328
139.50952148438 3.9028036594391 591.17877197266
139.16822814941 4.1988973617554 589.82043457031
138.72416687012 4.5299324989319 588.50311279297
138.18336486816 4.9160485267639 587.23443603516
137.65281677246 5.4098982810974 585.99865722656
137.1996307373 5.6388893127441 584.66638183594
136.64503479004 6.0326743125916 583.41827392578
135.76856994629 6.2983732223511 582.32891845703
