66.328315734863 -13.548250198364 339.23608398438
30.239786148071 -0.77390855550766 340.22131347656
34.247497558594 8.1615829467773 351.83139038086
37.10294342041 12.599418640137 338.69476318359
65.358428955078 -14.581254959106 338.6676940918
63.893802642822 -14.89933013916 338.34616088867
62.371509552002 -14.758700370789 338.21557617188
60.908737182617 -14.307448387146 338.22677612305
59.557125091553 -13.591264724731 338.36642456055
58.188041687012 -12.906064033508 338.49053955078
56.77416229248 -12.313356399536 338.56893920898
55.428890228271 -11.586394309998 338.71405029297
54.040168762207 -10.939121246338 338.81930541992
52.711154937744 -10.185565948486 338.97793579102
51.393196105957 -9.414719581604 339.14547729492
50.085395812988 -8.6284894943237 339.32086181641
48.795227050781 -7.8166213035583 339.50964355469
47.429862976074 -7.125009059906 339.63693237305
46.082973480225 -6.4008069038391 339.78067016602
44.6969871521 -5.7476215362549 339.88876342773
43.310096740723 -5.0962200164795 339.99600219727
41.884788513184 -4.5276055335999 340.06256103516
40.443283081055 -3.9992806911469 340.10974121094
38.970848083496 -3.5620157718658 340.11367797852
37.484764099121 -3.1741416454315 340.09457397461
36.015712738037 -2.725822687149 340.10363769531
34.5940284729 -2.148695230484 340.17440795898
33.206676483154 -1.4982659816742 340.28115844727
31.757175445557 -0.99188780784607 340.31777954102
65.865478515625 -13.759042739868 340.86968994141
65.160430908203 -13.86018371582 342.4348449707
64.583862304688 -13.841736793518 344.04571533203
63.862354278564 -12.983431816101 345.30169677734
62.957588195801 -11.928839683533 346.29974365234
61.966285705566 -10.82710647583 347.17681884766
60.833946228027 -9.7822961807251 347.90780639648
59.518840789795 -8.8030338287354 348.43273925781
58.20280456543 -7.783266544342 348.87307739258
56.878284454346 -6.7717785835266 349.306640625
55.539356231689 -5.7743530273438 349.72875976562
54.156150817871 -4.8149857521057 350.07693481445
52.718048095703 -3.903240442276 350.33407592773
51.177722930908 -3.1612575054169 350.54055786133
49.684535980225 -2.3186604976654 350.68704223633
48.205326080322 -1.4462338685989 350.81576538086
46.685970306396 -0.71299195289612 351.15216064453
45.231418609619 0.1815544962883 351.35012817383
43.803260803223 1.1266741752625 351.52655029297
42.417385101318 2.1295394897461 351.72402954102
41.063747406006 3.1664597988129 351.96533203125
39.64905166626 4.141508102417 352.02905273438
38.203186035156 5.050754070282 352.19982910156
36.801742553711 6.0297937393188 352.35647583008
35.457141876221 7.1018633842468 352.44427490234
66.322891235352 -12.78490447998 337.7878112793
65.939865112305 -11.757882118225 336.58200073242
65.603157043457 -10.539626121521 335.54138183594
65.193656921387 -9.0305261611938 335.09033203125
64.586334228516 -7.5152339935303 334.96603393555
63.664733886719 -6.1870579719543 335.08532714844
62.516738891602 -5.0054564476013 335.1181640625
61.37984085083 -3.8120932579041 335.11065673828
60.217826843262 -2.6582815647125 335.27285766602
58.989288330078 -1.5723769664764 335.42837524414
57.659492492676 -0.6150369644165 335.60385131836
56.324794769287 0.34194475412369 335.7333984375
54.992225646973 1.3002325296402 335.86730957031
53.660575866699 2.2483522891998 336.07638549805
52.26118850708 3.1103048324585 336.19793701172
50.800037384033 3.8692500591278 336.25564575195
49.36646270752 4.6699213981628 336.39880371094
48.015613555908 5.5753865242004 336.64999389648
46.588485717773 6.3907098770142 336.77352905273
45.24390411377 7.3254380226135 336.91058349609
43.912242889404 8.2705936431885 337.11672973633
42.540912628174 9.1510362625122 337.3620300293
41.170249938965 10.01238155365 337.66647338867
39.841346740723 10.883608818054 338.0998840332
38.515419006348 11.773464202881 338.49621582031
