105.2615737915 -28.158672332764 332.90637207031
37.254047393799 20.716079711914 307.8059387207
27.865594863892 -6.5017347335815 300.31652832031
26.734764099121 5.8321218490601 330.23690795898
107.0025177002 -24.887086868286 331.94137573242
108.19943237305 -21.569747924805 330.48394775391
107.88920593262 -18.04931640625 329.06274414062
107.42024993896 -14.68280506134 327.4352722168
105.66577148438 -11.738941192627 325.7326965332
103.71895599365 -8.8373908996582 324.20202636719
101.41846466064 -6.0537614822388 322.9225769043
98.878631591797 -3.4545621871948 321.70993041992
96.152931213379 -1.1671589612961 320.28552246094
93.210029602051 1.0102248191833 319.15182495117
90.185707092285 3.0359225273132 317.95416259766
87.068885803223 4.9679746627808 316.85092163086
83.859588623047 6.8226766586304 315.87564086914
80.567581176758 8.5064630508423 314.87130737305
77.254302978516 10.146277427673 313.85946655273
73.84888458252 11.587519645691 312.86688232422
70.383567810059 12.899648666382 311.88681030273
66.839172363281 14.163990974426 311.17031860352
63.278591156006 15.41855430603 310.50775146484
59.678722381592 16.543004989624 309.85177612305
56.000568389893 17.408166885376 309.20889282227
52.322410583496 18.273326873779 308.56600952148
48.594066619873 19.007595062256 308.10272216797
44.830615997314 19.650300979614 307.76504516602
41.052051544189 20.226179122925 307.64532470703
105.14241790771 -25.605062484741 330.38815307617
104.90972900391 -22.51531791687 328.58312988281
103.47547149658 -19.93892288208 326.55493164062
100.75300598145 -18.301071166992 324.88372802734
97.711784362793 -17.0749168396 323.41906738281
94.597160339355 -15.791932106018 322.17462158203
91.333152770996 -14.795289039612 321.05688476562
88.161560058594 -13.501145362854 319.97924804688
84.983032226562 -12.476141929626 318.65966796875
81.755294799805 -11.255199432373 317.66494750977
78.469131469727 -10.24794960022 316.62417602539
75.117607116699 -9.5678577423096 315.52709960938
71.802825927734 -8.6845407485962 314.46374511719
68.569190979004 -7.7507553100586 313.21069335938
65.247627258301 -7.0143704414368 312.05996704102
61.870868682861 -6.3369617462158 311.04113769531
58.488773345947 -5.8090415000916 309.95407104492
55.116878509521 -5.4867558479309 308.75985717773
51.732082366943 -5.2731347084045 307.57791137695
48.290321350098 -5.0335783958435 306.57958984375
44.865219116211 -4.8773093223572 305.50997924805
41.409336090088 -4.9041657447815 304.53225708008
38.086578369141 -5.1819243431091 303.19750976562
34.678546905518 -5.7691378593445 302.228515625
31.405378341675 -6.4516630172729 300.91717529297
104.54235076904 -24.69330406189 332.58044433594
103.80898284912 -21.371992111206 331.53921508789
102.5397644043 -18.256767272949 330.44662475586
99.96346282959 -15.962689399719 329.64199829102
96.760208129883 -14.663591384888 328.79656982422
93.639671325684 -13.153535842896 327.99322509766
90.600242614746 -11.557194709778 327.08807373047
87.215805053711 -10.591401100159 326.60018920898
84.075759887695 -9.1248111724854 325.80792236328
80.713005065918 -8.1381187438965 325.18975830078
77.380256652832 -6.9896745681763 324.71350097656
74.180946350098 -5.482515335083 324.32138061523
70.864158630371 -4.2351350784302 323.99374389648
67.496994018555 -3.094765663147 323.8327331543
64.096656799316 -2.0442552566528 323.85098266602
60.679744720459 -1.0519859790802 323.76702880859
57.258365631104 -0.080778114497662 323.666015625
53.853542327881 0.91101270914078 323.966796875
50.438354492188 1.8629515171051 324.27838134766
47.012535095215 2.7470617294312 324.65582275391
43.601253509521 3.3961801528931 325.43606567383
40.182716369629 4.0291018486023 326.19760131836
36.746856689453 4.6184797286987 326.91418457031
33.299339294434 4.9456305503845 327.73547363281
29.882383346558 5.2367687225342 328.68606567383
