66.554244995117 1.7326948642731 269.43408203125
80.950004577637 -5.3708190917969 270.73510742188
85.344192504883 3.4573736190796 264.15243530273
84.315078735352 3.8035502433777 278.55169677734
66.670516967773 1.094336271286 269.43539428711
66.99080657959 0.52995252609253 269.45791625977
67.395530700684 0.02303608506918 269.48968505859
67.83576965332 -0.45303332805634 269.52532958984
68.32633972168 -0.87659984827042 269.56677246094
68.838973999023 -1.2728841304779 269.61090087891
69.376487731934 -1.6343748569489 269.65795898438
69.920463562012 -1.9859179258347 269.7057800293
70.486991882324 -2.2994210720062 269.75643920898
71.062271118164 -2.5963642597198 269.80822753906
71.644752502441 -2.8787426948547 269.86099243164
72.23193359375 -3.151115655899 269.91424560547
72.82763671875 -3.4040324687958 269.96881103516
73.42805480957 -3.6454169750214 270.02392578125
74.035514831543 -3.868241071701 270.07998657227
74.644630432129 -4.0864424705505 270.13635253906
75.259559631348 -4.2874298095703 270.19354248047
75.88215637207 -4.4628481864929 270.25192260742
76.504760742188 -4.6382641792297 270.31024169922
77.128387451172 -4.809937953949 270.36877441406
77.754768371582 -4.9711093902588 270.427734375
78.384979248047 -5.1163535118103 270.4873046875
79.018493652344 -5.2461776733398 270.54742431641
79.658966064453 -5.3345813751221 270.60891723633
80.303741455078 -5.3810319900513 270.67150878906
67.153366088867 1.3401902914047 269.11953735352
67.753517150879 0.85066074132919 269.01104736328
68.493026733398 0.64682102203369 268.85815429688
69.252349853516 0.59085655212402 268.67581176758
70.010589599609 0.54422014951706 268.4928894043
70.742378234863 0.74553364515305 268.30633544922
71.509368896484 0.86700409650803 268.27621459961
72.271125793457 0.71299713850021 268.19866943359
73.05143737793 0.73156237602234 268.14505004883
73.819404602051 0.81107068061829 268.0163269043
74.575721740723 0.94407773017883 267.86441040039
75.32275390625 1.1211674213409 267.71203613281
76.050369262695 1.3207887411118 267.50305175781
76.772987365723 1.5309128761292 267.28713989258
77.491622924805 1.750291466713 267.06732177734
78.217109680176 1.9752159118652 266.8776550293
78.931221008301 2.2069108486176 266.65560913086
79.637825012207 2.4421801567078 266.41418457031
80.33349609375 2.6778178215027 266.14324951172
81.015586853027 2.9104676246643 265.837890625
81.733940124512 3.0473308563232 265.55828857422
82.451866149902 3.154981136322 265.26525878906
83.150001525879 3.2371513843536 264.92065429688
83.866653442383 3.3559229373932 264.62866210938
84.588256835938 3.4855380058289 264.35424804688
67.049156188965 1.2560292482376 269.85192871094
67.644393920898 0.76323330402374 270.07421875
68.328536987305 0.43678817152977 270.31970214844
69.047409057617 0.56207954883575 270.65774536133
69.766662597656 0.6860111951828 270.9953918457
70.49462890625 0.77312821149826 271.32357788086
71.237808227539 0.6802567243576 271.61581420898
72.006462097168 0.59161001443863 271.83221435547
72.767150878906 0.64477878808975 272.08755493164
73.518829345703 0.73201668262482 272.35934448242
74.255599975586 0.88599288463593 272.64233398438
74.969451904297 1.0713520050049 272.96282958984
75.663917541504 1.2740117311478 273.31384277344
76.326194763184 1.5156110525131 273.70080566406
76.980751037598 1.7420068979263 274.10949707031
77.631202697754 1.9626487493515 274.52774047852
78.267791748047 2.2143528461456 274.94979858398
78.902900695801 2.4732813835144 275.36972045898
79.540679931641 2.7295999526978 275.78649902344
80.210075378418 2.8312866687775 276.2204284668
80.887268066406 2.9477734565735 276.63824462891
81.570922851562 3.0831716060638 277.03952026367
82.254859924316 3.2219755649567 277.43908691406
82.941596984863 3.4158325195312 277.80996704102
83.628341674805 3.6096930503845 278.18081665039
