149.48554992676 10.798669815063 645.18475341797
151.95701599121 -10.604148864746 650.78198242188
146.0419921875 -11.039620399475 650.66778564453
152.14872741699 -10.936343193054 645.08239746094
149.77799987793 10.100214958191 645.58544921875
149.90838623047 9.2888917922974 645.83544921875
150.01907348633 8.4689865112305 646.06634521484
150.12672424316 7.64786195755 646.29431152344
150.24192810059 6.8298568725586 646.52966308594
150.34687805176 6.0076584815979 646.75500488281
150.44401550293 5.1824822425842 646.97271728516
150.56149291992 4.3654794692993 647.21014404297
150.64993286133 3.537121295929 647.41937255859
150.75180053711 2.7137186527252 647.64172363281
150.84657287598 1.8876188993454 647.85705566406
150.94641113281 1.063418507576 648.07739257812
151.04232788086 0.23777550458908 648.29400634766
151.13562011719 -0.58887714147568 648.50787353516
151.22650146484 -1.4164025783539 648.71942138672
151.31413269043 -2.245058298111 648.92785644531
151.40760803223 -3.071624994278 649.14202880859
151.49255371094 -3.9012222290039 649.34777832031
151.56120300293 -4.7361488342285 649.53753662109
151.62860107422 -5.571439743042 649.72607421875
151.6916809082 -6.4080228805542 649.91027832031
151.76748657227 -7.2406916618347 650.10711669922
151.82064819336 -8.0800409317017 650.28161621094
151.86859130859 -8.9207820892334 650.45092773438
151.90991210938 -9.7631845474243 650.61358642578
149.22688293457 10.179306983948 645.18011474609
149.19856262207 9.3436279296875 645.49145507812
149.20556640625 8.5071878433228 645.80541992188
149.12635803223 7.6419105529785 646.00726318359
149.03677368164 6.7731642723083 646.19555664062
148.94718933105 5.904417514801 646.38391113281
148.85845947266 5.0302424430847 646.54321289062
148.77052307129 4.151074886322 646.67565917969
148.68840026855 3.2716662883759 646.80963134766
148.6424407959 2.3893759250641 646.93939208984
148.6322479248 1.4999845027924 647.02368164062
148.56172180176 0.64018285274506 647.24444580078
148.49496459961 -0.22196671366692 647.46826171875
148.427734375 -1.0828087329865 647.69555664062
148.33277893066 -1.9245783090591 647.9794921875
148.23115539551 -2.7750678062439 648.23010253906
148.08399963379 -3.6375524997711 648.41088867188
147.93684387207 -4.5000371932983 648.59167480469
147.78829956055 -5.3476371765137 648.83160400391
147.61044311523 -6.1753039360046 649.11431884766
147.41520690918 -6.9954586029053 649.40802001953
147.20736694336 -7.8405966758728 649.60772705078
146.88618469238 -8.6514663696289 649.80151367188
146.59034729004 -9.4528942108154 650.05584716797
146.31616210938 -10.246257781982 650.36181640625
149.46278381348 10.130429267883 644.90539550781
149.57621765137 9.281964302063 644.96832275391
149.68380737305 8.4316549301147 645.01135253906
149.7434387207 7.5781970024109 645.03820800781
149.71279907227 6.7206153869629 645.05639648438
149.76821899414 5.8678636550903 645.10437011719
149.83776855469 5.0164456367493 645.17205810547
149.82733154297 4.1620316505432 645.25317382812
149.95347595215 3.3195526599884 645.35729980469
150.00660705566 2.4674973487854 645.43786621094
150.05113220215 1.6142561435699 645.51489257812
150.18347167969 0.7717952132225 645.61218261719
150.17395019531 -0.078841783106327 645.623046875
150.16105651855 -0.92829746007919 645.61346435547
150.3618927002 -1.7607544660568 645.67175292969
150.51760864258 -2.5995538234711 645.70782470703
150.54006958008 -3.4570791721344 645.67846679688
150.59831237793 -4.3086218833923 645.66009521484
150.8522644043 -5.1274399757385 645.70208740234
151.09284973145 -5.9491868019104 645.65551757812
151.32238769531 -6.7737326622009 645.59429931641
151.50833129883 -7.6097140312195 645.53704833984
151.64041137695 -8.454176902771 645.48394775391
151.74836730957 -9.2983140945435 645.40399169922
151.94854736328 -10.117328643799 645.24322509766
