53.794292449951 61.00484085083 376.21978759766
77.884147644043 -25.85432434082 330.79263305664
110.05500030518 -25.933757781982 286.66082763672
109.03884124756 -58.668403625488 356.34365844727
50.08277130127 59.450107574463 375.47338867188
48.485420227051 56.007217407227 373.93118286133
48.892490386963 52.372718811035 372.15158081055
49.417110443115 48.726985931396 370.35806274414
51.450492858887 45.584045410156 368.70175170898
53.500057220459 42.44649887085 367.04693603516
55.549621582031 39.308948516846 365.39212036133
57.326908111572 36.044258117676 363.68615722656
58.939781188965 32.702796936035 361.94931030273
60.55265045166 29.361331939697 360.21246337891
62.165523529053 26.019866943359 358.47564697266
63.778396606445 22.678401947021 356.73880004883
65.229499816895 19.278036117554 354.97985839844
66.566261291504 15.836037635803 353.20529174805
67.903015136719 12.394039154053 351.43072509766
69.239776611328 8.9520397186279 349.65615844727
70.576538085938 5.5100402832031 347.88159179688
71.666007995605 1.9970767498016 346.08276367188
72.682678222656 -1.5367809534073 344.27676391602
73.876502990723 -4.9769053459167 342.42834472656
75.433334350586 -8.2786083221436 340.57580566406
76.805305480957 -11.708400726318 338.80575561523
77.690551757812 -15.171538352966 336.81704711914
77.915145874023 -18.676380157471 334.71029663086
77.810249328613 -22.206090927124 332.65420532227
54.108661651611 61.76065826416 370.83831787109
54.574047088623 60.259372711182 365.62774658203
56.192108154297 57.627342224121 361.14379882812
58.758338928223 54.875694274902 357.20568847656
60.788524627686 51.941986083984 353.09106445312
63.423133850098 48.680694580078 349.61352539062
66.113342285156 45.295112609863 346.30258178711
68.324119567871 41.367069244385 343.24417114258
70.451095581055 37.391075134277 340.18826293945
72.482406616211 33.362216949463 337.13650512695
74.484092712402 29.309135437012 334.09725952148
76.467674255371 25.241098403931 331.06616210938
78.40412902832 21.099657058716 328.10537719727
80.074768066406 16.592422485352 325.54376220703
82.13306427002 12.452508926392 322.66375732422
84.409172058105 8.5554084777832 319.61370849609
86.811531066895 4.6950216293335 316.61416625977
89.203804016113 0.90795511007309 313.51480102539
91.495025634766 -2.8019926548004 310.25018310547
93.732376098633 -6.4497952461243 306.8798828125
95.970039367676 -10.097585678101 303.509765625
98.298294067383 -13.74144077301 300.197265625
100.77703857422 -17.192251205444 296.78866577148
103.52434539795 -20.420700073242 293.36807250977
106.58100891113 -23.515495300293 290.08932495117
54.305408477783 57.432399749756 380.1201171875
55.284618377686 52.617961883545 382.1335144043
57.495311737061 47.81534576416 382.69430541992
60.037956237793 43.148155212402 382.50204467773
62.633960723877 38.518146514893 382.17633056641
65.273536682129 33.951683044434 381.49664306641
67.675445556641 29.31093788147 380.50973510742
69.941360473633 24.736907958984 379.01699829102
72.059188842773 20.138740539551 377.38723754883
73.996940612793 15.461936950684 375.7571105957
75.784896850586 10.749064445496 374.06094360352
77.681182861328 6.1024127006531 372.30099487305
79.662437438965 1.5481233596802 370.39910888672
81.766716003418 -2.8403692245483 368.25622558594
83.963897705078 -7.4912476539612 366.90460205078
86.163238525391 -12.139741897583 365.54827880859
88.364677429199 -16.785484313965 364.18603515625
90.397933959961 -21.472078323364 362.70721435547
92.407859802246 -26.16672706604 361.22207641602
94.615821838379 -30.825916290283 359.91748046875
96.804901123047 -35.538471221924 358.78396606445
99.241958618164 -40.147811889648 357.73541259766
101.99671173096 -44.554836273193 356.60678100586
104.92626953125 -48.898128509521 355.69128417969
107.17237091064 -53.715641021729 355.82250976562
