80.526031494141 -19.046846389771 339.66595458984
72.020439147949 14.159235954285 331.84301757812
61.475105285645 7.1595134735107 320.58993530273
56.785842895508 10.288638114929 338.1003112793
81.030876159668 -17.729021072388 339.56500244141
81.350601196289 -16.359579086304 339.40914916992
81.624641418457 -14.981779098511 339.24053955078
81.809463500977 -13.592342376709 339.04766845703
81.955017089844 -12.199712753296 338.84451293945
82.113037109375 -10.80809879303 338.64462280273
82.072074890137 -9.4159860610962 338.39517211914
82.083351135254 -8.0213270187378 338.15823364258
81.899078369141 -6.6471996307373 337.8762512207
81.608955383301 -5.2962489128113 337.57186889648
81.335655212402 -3.9410269260406 337.27093505859
81.007255554199 -2.6006348133087 336.95892333984
80.60676574707 -1.2833642959595 336.63290405273
80.191253662109 0.02853680215776 336.30407714844
79.69083404541 1.3064332008362 335.95993041992
79.148330688477 2.5650877952576 335.60870361328
78.561431884766 3.8015785217285 335.25018310547
77.945358276367 5.022439956665 334.88711547852
77.286109924316 6.2185478210449 334.51751708984
76.613914489746 7.4068627357483 334.14611816406
75.890296936035 8.5622568130493 333.76754760742
75.092346191406 9.6643724441528 333.3796081543
74.306373596191 10.775589942932 332.9931640625
73.492095947266 11.865041732788 332.60339355469
72.762420654297 13.016351699829 332.22402954102
80.465240478516 -18.739768981934 338.17105102539
80.028739929199 -17.710733413696 337.12969970703
79.337036132812 -16.548986434937 336.4186706543
79.252639770508 -15.17582988739 335.75338745117
79.090888977051 -13.77244758606 335.17068481445
78.847114562988 -12.351267814636 334.66482543945
78.330276489258 -11.014221191406 334.13705444336
77.75040435791 -9.7016983032227 333.61151123047
77.040855407715 -8.450665473938 333.09591674805
76.19766998291 -7.3186326026917 332.51202392578
75.291297912598 -6.2544054985046 331.89501953125
74.368957519531 -5.2348909378052 331.22802734375
73.431678771973 -4.276403427124 330.49490356445
72.482566833496 -3.3314733505249 329.75903320312
71.473785400391 -2.4383769035339 329.0383605957
70.458702087402 -1.550749540329 328.3193359375
69.524612426758 -0.60853749513626 327.56201171875
68.625495910645 0.35568469762802 326.78936767578
67.773277282715 1.3590675592422 326.013671875
66.987457275391 2.4147715568542 325.2375793457
65.827018737793 3.2199132442474 324.69882202148
64.987251281738 4.2947945594788 324.03930664062
64.789543151855 5.5817885398865 323.2419128418
63.804134368896 6.3593196868896 322.38107299805
62.670230865479 6.8804817199707 321.50024414062
79.730125427246 -18.272718429565 340.60601806641
79.135856628418 -16.897541046143 340.81845092773
78.598114013672 -15.493634223938 340.95526123047
78.235717773438 -14.025388717651 340.93551635742
77.819152832031 -12.576912879944 340.80191040039
77.343368530273 -11.154796600342 340.61608886719
76.682571411133 -9.8111438751221 340.39712524414
76.001251220703 -8.4789991378784 340.17166137695
75.253280639648 -7.1882619857788 339.93014526367
74.32137298584 -6.0253024101257 339.66873168945
73.325057983398 -4.9167776107788 339.40869140625
72.270820617676 -3.8501262664795 339.20684814453
71.190773010254 -2.8057951927185 339.02676391602
70.072120666504 -1.7974175214767 338.8821105957
69.009056091309 -0.72395670413971 338.79724121094
67.993370056152 0.39639049768448 338.74584960938
67.03392791748 1.5625551939011 338.67810058594
65.91609954834 2.5618526935577 338.47436523438
64.846450805664 3.618332862854 338.30233764648
63.808925628662 4.7092504501343 338.15020751953
62.720237731934 5.741982460022 337.9548034668
61.60640335083 6.7432327270508 337.73831176758
60.47700881958 7.7339191436768 337.55880737305
59.279365539551 8.6583347320557 337.57391357422
58.055072784424 9.5095729827881 337.83172607422
