132.63031005859 6.5779285430908 644.98767089844
135.68389892578 -6.6631927490234 639.642578125
138.52264404297 -11.539613723755 648.95538330078
127.62017822266 -13.654856681824 644.44970703125
132.86366271973 6.4783158302307 644.42974853516
133.08856201172 6.228545665741 643.9169921875
133.30659484863 5.9267311096191 643.42999267578
133.51530456543 5.5740551948547 642.97393798828
133.7276763916 5.2398309707642 642.50604248047
133.91749572754 4.8131833076477 642.10876464844
134.09423828125 4.3485236167908 641.74993896484
134.26275634766 3.8636448383331 641.41473388672
134.42565917969 3.366379737854 641.09521484375
134.57548522949 2.8435437679291 640.81219482422
134.71591186523 2.3051161766052 640.55474853516
134.84214782715 1.7465559244156 640.33575439453
134.96157836914 1.1797664165497 640.134765625
135.07136535645 0.60271108150482 639.95910644531
135.17720031738 0.021873146295547 639.79382324219
135.2673034668 -0.57168030738831 639.66937255859
135.35209655762 -1.1687027215958 639.55859375
135.42196655273 -1.7734504938126 639.48577880859
135.47859191895 -2.3826539516449 639.44616699219
135.52272033691 -2.994117975235 639.43780517578
135.55317687988 -3.6059522628784 639.46307373047
135.57734680176 -4.2172322273254 639.50384521484
135.60083007812 -4.8284268379211 639.54620361328
135.62660217285 -5.4398884773254 639.58306884766
135.65864562988 -6.0517864227295 639.6044921875
133.06312561035 5.9609603881836 644.75103759766
133.44622802734 5.4070415496826 644.33905029297
133.7718963623 4.7267065048218 644.08306884766
134.10061645508 4.0455002784729 643.83862304688
134.36129760742 3.3098292350769 643.68792724609
134.55654907227 2.5412018299103 643.61358642578
134.75880432129 1.7738306522369 643.56231689453
134.90142822266 0.99142175912857 643.60034179688
135.0542755127 0.21638964116573 643.69885253906
135.16439819336 -0.55671054124832 643.85461425781
135.30480957031 -1.3113939762115 644.06500244141
135.51808166504 -2.0296800136566 644.33172607422
135.83222961426 -2.7000138759613 644.62487792969
136.08131408691 -3.3992190361023 644.91394042969
136.3267364502 -4.0905051231384 645.22436523438
136.55828857422 -4.7763590812683 645.55670166016
136.76591491699 -5.4650559425354 645.89874267578
137.01686096191 -6.1517415046692 646.21490478516
137.23962402344 -6.8403072357178 646.54711914062
137.54597473145 -7.5293278694153 646.80255126953
137.82920837402 -8.2603416442871 646.94128417969
138.0499420166 -8.9794130325317 647.203125
138.26420593262 -9.6693315505981 647.53857421875
138.42320251465 -10.351629257202 647.91760253906
138.51396179199 -11.003524780273 648.36627197266
132.34414672852 5.9154386520386 644.54663085938
132.48252868652 5.3106083869934 643.95953369141
132.58488464355 4.6493449211121 643.43005371094
132.63423156738 3.8865067958832 643.05352783203
132.67440795898 3.04514503479 642.91174316406
132.70845031738 2.2211766242981 642.68920898438
132.7134552002 1.3772615194321 642.55786132812
132.6887512207 0.52381813526154 642.52703857422
132.64500427246 -0.32916390895844 642.54412841797
132.54182434082 -1.1746433973312 642.61022949219
132.36657714844 -2.0080342292786 642.67352294922
132.06730651855 -2.7967228889465 642.80865478516
131.6999206543 -3.5572273731232 642.93597412109
131.447265625 -4.3664326667786 643.04235839844
131.14468383789 -5.1568894386292 643.15911865234
130.82879638672 -5.9444236755371 643.25927734375
130.51551818848 -6.7275857925415 643.39538574219
130.17784118652 -7.5059580802917 643.49353027344
129.82685852051 -8.2801542282104 643.40826416016
129.57542419434 -9.0933828353882 643.33477783203
129.31982421875 -9.9084167480469 643.33862304688
129.0113067627 -10.688684463501 643.49993896484
128.70462036133 -11.46301651001 643.69067382812
128.36622619629 -12.216207504272 643.91027832031
128.00035095215 -12.9477186203 644.15734863281
