90.744575500488 -1.9131478071213 319.39611816406
66.248748779297 6.4720973968506 327.10043334961
53.28430557251 4.7896666526794 319.95617675781
57.51541519165 -1.2649164199829 331.13134765625
90.411674499512 -1.0031443834305 319.86700439453
90.058235168457 -0.10575842857361 320.33529663086
89.315505981445 0.5523789525032 320.75469970703
88.548561096191 1.1779831647873 321.16290283203
87.584037780762 1.5382122993469 321.48007202148
86.613800048828 1.8850522041321 321.79196166992
85.602325439453 2.1351408958435 322.06588745117
84.590454101562 2.3840873241425 322.33932495117
83.571327209473 2.6119043827057 322.60418701172
82.552406311035 2.8403384685516 322.86929321289
81.537254333496 3.0799310207367 323.1389465332
80.522468566895 3.3205380439758 323.40902709961
79.51969909668 3.5941348075867 323.69235229492
78.516548156738 3.8666462898254 323.97525024414
77.499183654785 4.0997529029846 324.24224853516
76.481552124023 4.3320317268372 324.50894165039
75.457145690918 4.54332447052 324.76702880859
74.432884216309 4.7550845146179 325.02529907227
73.415840148926 4.9891600608826 325.29266357422
72.398529052734 5.2223720550537 325.55972290039
71.368843078613 5.4160509109497 325.81051635742
70.339210510254 5.609899520874 326.06140136719
69.315093994141 5.8221340179443 326.31985473633
68.290977478027 6.03435754776 326.57833862305
67.273880004883 6.2631497383118 326.84329223633
89.738082885742 -1.0577117204666 318.82165527344
88.447639465332 -0.33775812387466 319.01470947266
87.081809997559 0.20040984451771 319.28176879883
85.669067382812 0.61702799797058 319.52200317383
84.225090026855 0.93513607978821 319.72845458984
82.770721435547 1.213852763176 319.91903686523
81.313377380371 1.4876080751419 320.09332275391
79.852325439453 1.7501904964447 320.25253295898
78.386054992676 1.9775800704956 320.41802978516
76.919136047363 2.221568107605 320.55151367188
75.455001831055 2.477557182312 320.69229125977
73.995758056641 2.7398998737335 320.86822509766
72.532592773438 2.9965174198151 321.01739501953
71.061714172363 3.2337303161621 321.11141967773
69.583358764648 3.4418883323669 321.12609863281
68.103286743164 3.6365134716034 321.09918212891
66.622009277344 3.8208990097046 321.06820678711
65.136962890625 3.9705009460449 321.03015136719
63.653263092041 4.1252737045288 320.96771240234
62.169998168945 4.2762713432312 320.89227294922
60.689533233643 4.3408126831055 320.70989990234
59.209117889404 4.3834571838379 320.5207824707
57.725101470947 4.4049596786499 320.35818481445
56.23876953125 4.459547996521 320.22760009766
54.764835357666 4.6243515014648 320.05557250977
90.005027770996 -2.0013272762299 320.53134155273
89.00114440918 -1.5556565523148 321.36477661133
87.786293029785 -1.2271896600723 321.93856811523
86.485908508301 -0.99823302030563 322.35931396484
85.176818847656 -0.78970396518707 322.76333618164
83.86483001709 -0.62537395954132 323.17572021484
82.550979614258 -0.56394070386887 323.61169433594
81.234840393066 -0.44442155957222 324.02868652344
79.915588378906 -0.30088511109352 324.4274597168
78.581962585449 -0.20146119594574 324.79077148438
77.256446838379 -0.095498293638229 325.18106079102
75.934776306152 0.016182359308004 325.58261108398
74.61450958252 0.13476338982582 325.98645019531
73.290145874023 0.19776023924351 326.38970947266
71.966346740723 0.25534078478813 326.79556274414
70.644561767578 0.33552792668343 327.20364379883
69.310897827148 0.34213975071907 327.58026123047
67.976097106934 0.33824291825294 327.9528503418
66.642875671387 0.3263022005558 328.33053588867
65.303031921387 0.24705529212952 328.67520141602
63.983322143555 0.10857011377811 329.07473754883
62.675773620605 -0.089558221399784 329.48834228516
61.395446777344 -0.41990911960602 329.90325927734
60.107513427734 -0.70724833011627 330.32656860352
58.81563949585 -0.96650815010071 330.75595092773
